F80T1QL1_4B
Channel Interleaving, Puncturing and Mapping to QPSK
User data=1056, with flush=1060, Channel Symbols=640, Channel Bits=1280, Parity=220, p=q=110, Coding Rate=0.825000
D=1056, FECSy=640, DF=1060, N=1280, P=220, p=110, distep=657, dd=0, pistep=67, pp=109, ppstep=9.636364, ppstart=1060.500000, qpstart=2125.318115, k=-420, mx=1.523810

Symbol   I0    Q0  Pattern= . =data, + =p parity, - =q parity
-------------------------------------------------------------
    0     0   657 ..
    1   254  2110 .+
    2   911   508 ..
    3   105  2125 .-
    4   762   359 ..
    5  1016   613 ..
    6   210  1696 .+
    7   867   464 ..
    8    61   718 ..
    9   315  2539 .-
   10   972   569 ..
   11   166   823 ..
   12   420  1282 .+
   13    17   674 ..
   14   271   928 ..
   15   525  2954 .-
   16   122   779 ..
   17   376  1033 ..
   18   630  1927 .+
   19   227   884 ..
   20   481    78 ..
   21   735  2308 .-
   22   332   989 ..
   23   586   183 ..
   24   840  1513 .+
   25   437    34 ..
   26   691   288 ..
   27   945  2722 .-
   28   542   139 ..
   29   796   393 ..
   30  1050  1099 .+
   31   647   244 ..
   32   901  3137 .-
   33   498    95 ..
   34   752   349 ..
   35  1006  1744 .+
   36   603   200 ..
   37   857   454 ..
   38    51  2491 .-
   39   708   305 ..
   40   962   559 ..
   41   156  1330 .+
   42   813   410 ..
   43     7   664 ..
   44   261  2905 .-
   45   918   515 ..
   46   112   769 ..
   47   366  1975 .+
   48  1023   620 ..
   49   217   874 ..
   50   471  2260 .-
   51    68   725 ..
   52   322   979 ..
   53   576  1561 .+
   54   173   830 ..
   55   427    24 ..
   56   681  2674 .-
   57   278   935 ..
   58   532   129 ..
   59   786  1147 .+
   60   383  1040 ..
   61   637   234 ..
   62   891  3088 .-
   63   488    85 ..
   64   742  1792 .+
   65   339   996 ..
   66   593   190 ..
   67   847  2443 .-
   68   444    41 ..
   69   698   295 ..
   70   952  1378 .+
   71   549   146 ..
   72   803   400 ..
   73  1057  2857 .-
   74   654   251 ..
   75   908   505 ..
   76   102  2024 .+
   77   759   356 ..
   78  1013   610 ..
   79   207  2212 .-
   80   864   461 ..
   81    58   715 ..
   82   312  1609 .+
   83   969   566 ..
   84   163   820 ..
   85   417  2626 .-
   86    14   671 ..
   87   268   925 ..
   88   522  1195 .+
   89   119   776 ..
   90   373  1030 ..
   91   627  3040 .-
   92   224   881 ..
   93   478    75 ..
   94   732  1841 .+
   95   329   986 ..
   96   583  2395 .-
   97   180   837 ..
   98   434    31 ..
   99   688  1426 .+
  100   285   942 ..
  101   539   136 ..
  102   793  2809 .-
  103   390  1047 ..
  104   644   241 ..
  105   898  2072 .+
  106   495    92 ..
  107   749   346 ..
  108  1003  2163 .-
  109   600   197 ..
  110   854   451 ..
  111    48  1657 .+
  112   705   302 ..
  113   959   556 ..
  114   153  2578 .-
  115   810   407 ..
  116     4   661 ..
  117   258  1243 .+
  118   915   512 ..
  119   109   766 ..
  120   363  2992 .-
  121  1020   617 ..
  122   214   871 ..
  123   468  1889 .+
  124    65   722 ..
  125   319   976 ..
  126   573  2346 .-
  127   170   827 ..
  128   424  1474 .+
  129    21   678 ..
  130   275   932 ..
  131   529  2761 .-
  132   126   783 ..
  133   380  1037 ..
  134   634  1060 .+
  135   231   888 ..
  136   485    82 ..
  137   739  3175 .-
  138   336   993 ..
  139   590   187 ..
  140   844  1706 .+
  141   441    38 ..
  142   695   292 ..
  143   949  2530 .-
  144   546   143 ..
  145   800   397 ..
  146  1054  1291 .+
  147   651   248 ..
  148   905   502 ..
  149    99  2944 .-
  150   756   353 ..
  151  1010   607 ..
  152   204  1937 .+
  153   861   458 ..
  154    55   712 ..
  155   309  2298 .-
  156   966   563 ..
  157   160   817 ..
  158   414  1523 .+
  159    11   668 ..
  160   265  2713 .-
  161   922   519 ..
  162   116   773 ..
  163   370  1108 .+
  164  1027   624 ..
  165   221   878 ..
  166   475  3127 .-
  167    72   729 ..
  168   326   983 ..
  169   580  1754 .+
  170   177   834 ..
  171   431    28 ..
  172   685  2481 .-
  173   282   939 ..
  174   536   133 ..
  175   790  1339 .+
  176   387  1044 ..
  177   641   238 ..
  178   895  2896 .-
  179   492    89 ..
  180   746   343 ..
  181  1000  1985 .+
  182   597   194 ..
  183   851   448 ..
  184    45  2250 .-
  185   702   299 ..
  186   956   553 ..
  187   150  1571 .+
  188   807   404 ..
  189     1   658 ..
  190   255  2664 .-
  191   912   509 ..
  192   106  1156 .+
  193   763   360 ..
  194  1017   614 ..
  195   211  3079 .-
  196   868   465 ..
  197    62   719 ..
  198   316  1802 .+
  199   973   570 ..
  200   167   824 ..
  201   421  2433 .-
  202    18   675 ..
  203   272   929 ..
  204   526  1388 .+
  205   123   780 ..
  206   377  1034 ..
  207   631  2848 .-
  208   228   885 ..
  209   482    79 ..
  210   736  2033 .+
  211   333   990 ..
  212   587   184 ..
  213   841  2202 .-
  214   438    35 ..
  215   692   289 ..
  216   946  1619 .+
  217   543   140 ..
  218   797   394 ..
  219  1051  2616 .-
  220   648   245 ..
  221   902   499 ..
  222    96  1205 .+
  223   753   350 ..
  224  1007  3031 .-
  225   604   201 ..
  226   858   455 ..
  227    52  1850 .+
  228   709   306 ..
  229   963   560 ..
  230   157  2385 .-
  231   814   411 ..
  232     8   665 ..
  233   262  1436 .+
  234   919   516 ..
  235   113   770 ..
  236   367  2799 .-
  237  1024   621 ..
  238   218   875 ..
  239   472  2081 .+
  240    69   726 ..
  241   323   980 ..
  242   577  2154 .-
  243   174   831 ..
  244   428    25 ..
  245   682  1667 .+
  246   279   936 ..
  247   533   130 ..
  248   787  2568 .-
  249   384  1041 ..
  250   638   235 ..
  251   892  1253 .+
  252   489    86 ..
  253   743   340 ..
  254   997  2982 .-
  255   594   191 ..
  256   848  1898 .+
  257   445    42 ..
  258   699   296 ..
  259   953  2337 .-
  260   550   147 ..
  261   804   401 ..
  262  1058  1484 .+
  263   655   252 ..
  264   909   506 ..
  265   103  2751 .-
  266   760   357 ..
  267  1014   611 ..
  268   208  1070 .+
  269   865   462 ..
  270    59   716 ..
  271   313  3166 .-
  272   970   567 ..
  273   164   821 ..
  274   418  1715 .+
  275    15   672 ..
  276   269   926 ..
  277   523  2520 .-
  278   120   777 ..
  279   374  1031 ..
  280   628  1301 .+
  281   225   882 ..
  282   479    76 ..
  283   733  2934 .-
  284   330   987 ..
  285   584   181 ..
  286   838  1947 .+
  287   435    32 ..
  288   689  2289 .-
  289   286   943 ..
  290   540   137 ..
  291   794  1532 .+
  292   391  1048 ..
  293   645   242 ..
  294   899  2703 .-
  295   496    93 ..
  296   750   347 ..
  297  1004  1118 .+
  298   601   198 ..
  299   855   452 ..
  300    49  3117 .-
  301   706   303 ..
  302   960   557 ..
  303   154  1763 .+
  304   811   408 ..
  305     5   662 ..
  306   259  2472 .-
  307   916   513 ..
  308   110   767 ..
  309   364  1349 .+
  310  1021   618 ..
  311   215   872 ..
  312   469  2886 .-
  313    66   723 ..
  314   320   977 ..
  315   574  1995 .+
  316   171   828 ..
  317   425    22 ..
  318   679  2240 .-
  319   276   933 ..
  320   530  1580 .+
  321   127   784 ..
  322   381  1038 ..
  323   635  2655 .-
  324   232   889 ..
  325   486    83 ..
  326   740  1166 .+
  327   337   994 ..
  328   591   188 ..
  329   845  3069 .-
  330   442    39 ..
  331   696   293 ..
  332   950  1812 .+
  333   547   144 ..
  334   801   398 ..
  335  1055  2424 .-
  336   652   249 ..
  337   906   503 ..
  338   100  1397 .+
  339   757   354 ..
  340  1011   608 ..
  341   205  2838 .-
  342   862   459 ..
  343    56   713 ..
  344   310  2043 .+
  345   967   564 ..
  346   161   818 ..
  347   415  2192 .-
  348    12   669 ..
  349   266   923 ..
  350   520  1629 .+
  351   117   774 ..
  352   371  2607 .-
  353  1028   625 ..
  354   222   879 ..
  355   476  1214 .+
  356    73   730 ..
  357   327   984 ..
  358   581  3021 .-
  359   178   835 ..
  360   432    29 ..
  361   686  1860 .+
  362   283   940 ..
  363   537   134 ..
  364   791  2375 .-
  365   388  1045 ..
  366   642   239 ..
  367   896  1445 .+
  368   493    90 ..
  369   747   344 ..
  370  1001  2790 .-
  371   598   195 ..
  372   852   449 ..
  373    46  2091 .+
  374   703   300 ..
  375   957   554 ..
  376   151  2144 .-
  377   808   405 ..
  378     2   659 ..
  379   256  1677 .+
  380   913   510 ..
  381   107   764 ..
  382   361  2558 .-
  383  1018   615 ..
  384   212  1262 .+
  385   869   466 ..
  386    63   720 ..
  387   317  2973 .-
  388   974   571 ..
  389   168   825 ..
  390   422  1908 .+
  391    19   676 ..
  392   273   930 ..
  393   527  2327 .-
  394   124   781 ..
  395   378  1035 ..
  396   632  1494 .+
  397   229   886 ..
  398   483    80 ..
  399   737  2742 .-
  400   334   991 ..
  401   588   185 ..
  402   842  1079 .+
  403   439    36 ..
  404   693   290 ..
  405   947  3156 .-
  406   544   141 ..
  407   798   395 ..
  408  1052  1725 .+
  409   649   246 ..
  410   903   500 ..
  411    97  2510 .-
  412   754   351 ..
  413  1008   605 ..
  414   202  1311 .+
  415   859   456 ..
  416    53  2925 .-
  417   710   307 ..
  418   964   561 ..
  419   158  1956 .+
  420   815   412 ..
  421     9   666 ..
  422   263  2279 .-
  423   920   517 ..
  424   114   771 ..
  425   368  1542 .+
  426  1025   622 ..
  427   219   876 ..
  428   473  2693 .-
  429    70   727 ..
  430   324   981 ..
  431   578  1127 .+
  432   175   832 ..
  433   429    26 ..
  434   683  3108 .-
  435   280   937 ..
  436   534   131 ..
  437   788  1773 .+
  438   385  1042 ..
  439   639   236 ..
  440   893  2462 .-
  441   490    87 ..
  442   744   341 ..
  443   998  1359 .+
  444   595   192 ..
  445   849   446 ..
  446    43  2876 .-
  447   700   297 ..
  448   954  2004 .+
  449   551   148 ..
  450   805   402 ..
  451  1059  2231 .-
  452   656   253 ..
  453   910   507 ..
  454   104  1590 .+
  455   761   358 ..
  456  1015   612 ..
  457   209  2645 .-
  458   866   463 ..
  459    60   717 ..
  460   314  1176 .+
  461   971   568 ..
  462   165   822 ..
  463   419  3060 .-
  464    16   673 ..
  465   270   927 ..
  466   524  1821 .+
  467   121   778 ..
  468   375  1032 ..
  469   629  2414 .-
  470   226   883 ..
  471   480    77 ..
  472   734  1407 .+
  473   331   988 ..
  474   585   182 ..
  475   839  2828 .-
  476   436    33 ..
  477   690   287 ..
  478   944  2053 .+
  479   541   138 ..
  480   795  2183 .-
  481   392  1049 ..
  482   646   243 ..
  483   900  1638 .+
  484   497    94 ..
  485   751   348 ..
  486  1005  2597 .-
  487   602   199 ..
  488   856   453 ..
  489    50  1224 .+
  490   707   304 ..
  491   961   558 ..
  492   155  3011 .-
  493   812   409 ..
  494     6   663 ..
  495   260  1869 .+
  496   917   514 ..
  497   111   768 ..
  498   365  2366 .-
  499  1022   619 ..
  500   216   873 ..
  501   470  1455 .+
  502    67   724 ..
  503   321   978 ..
  504   575  2780 .-
  505   172   829 ..
  506   426    23 ..
  507   680  2101 .+
  508   277   934 ..
  509   531   128 ..
  510   785  2134 .-
  511   382  1039 ..
  512   636  1686 .+
  513   233   890 ..
  514   487    84 ..
  515   741  2549 .-
  516   338   995 ..
  517   592   189 ..
  518   846  1272 .+
  519   443    40 ..
  520   697   294 ..
  521   951  2963 .-
  522   548   145 ..
  523   802   399 ..
  524  1056  1918 .+
  525   653   250 ..
  526   907   504 ..
  527   101  2318 .-
  528   758   355 ..
  529  1012   609 ..
  530   206  1503 .+
  531   863   460 ..
  532    57   714 ..
  533   311  2732 .-
  534   968   565 ..
  535   162   819 ..
  536   416  1089 .+
  537    13   670 ..
  538   267   924 ..
  539   521  3146 .-
  540   118   775 ..
  541   372  1029 ..
  542   626  1735 .+
  543   223   880 ..
  544   477  2501 .-
  545    74   731 ..
  546   328   985 ..
  547   582  1320 .+
  548   179   836 ..
  549   433    30 ..
  550   687  2915 .-
  551   284   941 ..
  552   538   135 ..
  553   792  1966 .+
  554   389  1046 ..
  555   643   240 ..
  556   897  2269 .-
  557   494    91 ..
  558   748   345 ..
  559  1002  1551 .+
  560   599   196 ..
  561   853   450 ..
  562    47  2684 .-
  563   704   301 ..
  564   958   555 ..
  565   152  1137 .+
  566   809   406 ..
  567     3   660 ..
  568   257  3098 .-
  569   914   511 ..
  570   108   765 ..
  571   362  1783 .+
  572  1019   616 ..
  573   213   870 ..
  574   467  2452 .-
  575    64   721 ..
  576   318  1368 .+
  577   975   572 ..
  578   169   826 ..
  579   423  2867 .-
  580    20   677 ..
  581   274   931 ..
  582   528  2014 .+
  583   125   782 ..
  584   379  1036 ..
  585   633  2221 .-
  586   230   887 ..
  587   484    81 ..
  588   738  1600 .+
  589   335   992 ..
  590   589   186 ..
  591   843  2636 .-
  592   440    37 ..
  593   694   291 ..
  594   948  1185 .+
  595   545   142 ..
  596   799   396 ..
  597  1053  3050 .-
  598   650   247 ..
  599   904   501 ..
  600    98  1831 .+
  601   755   352 ..
  602  1009   606 ..
  603   203  2404 .-
  604   860   457 ..
  605    54   711 ..
  606   308  1417 .+
  607   965   562 ..
  608   159  2819 .-
  609   816   413 ..
  610    10   667 ..
  611   264  2062 .+
  612   921   518 ..
  613   115   772 ..
  614   369  2173 .-
  615  1026   623 ..
  616   220   877 ..
  617   474  1648 .+
  618    71   728 ..
  619   325   982 ..
  620   579  2587 .-
  621   176   833 ..
  622   430    27 ..
  623   684  1233 .+
  624   281   938 ..
  625   535   132 ..
  626   789  3002 .-
  627   386  1043 ..
  628   640   237 ..
  629   894  1879 .+
  630   491    88 ..
  631   745   342 ..
  632   999  2356 .-
  633   596   193 ..
  634   850   447 ..
  635    44  1465 .+
  636   701   298 ..
  637   955   552 ..
  638   149  2770 .-
  639   806   403 ..
Total data plus flush bits=1060, p-parity bits=110, q-parity=110, Errors=0, Repetition=0
