F80T1QRE_4B
Channel Interleaving, Puncturing and Mapping to QPSK
User data=1112, with flush=1116, Channel Symbols=640, Channel Bits=1280, Parity=164, p=q=82, Coding Rate=0.868750
D=1112, FECSy=640, DF=1116, N=1280, P=164, p=82, distep=689, dd=0, pistep=51, pp=81, ppstep=13.609756, ppstart=1116.500000, qpstart=2239.304932, k=-476, mx=1.344538

Symbol   I0    Q0  Pattern= . =data, + =p parity, - =q parity
-------------------------------------------------------------
    0     0   689 ..
    1   262  2218 .+
    2   951   524 ..
    3    97   786 ..
    4   359  2239 .-
    5  1048   621 ..
    6   194   883 ..
    7   456    29 ..
    8   718  1796 .+
    9   291   980 ..
   10   553   126 ..
   11   815   388 ..
   12  1077  2661 .-
   13   650   223 ..
   14   912   485 ..
   15    58   747 ..
   16   320  1375 .+
   17  1009   582 ..
   18   155   844 ..
   19   417  1106 ..
   20   679  3083 .-
   21   252   941 ..
   22   514    87 ..
   23   776   349 ..
   24  1038  2069 .+
   25   611   184 ..
   26   873   446 ..
   27    19   708 ..
   28   281  2389 .-
   29   970   543 ..
   30   116   805 ..
   31   378  1067 ..
   32   640  1647 .+
   33   213   902 ..
   34   475    48 ..
   35   737   310 ..
   36   999  2810 .-
   37   572   145 ..
   38   834   407 ..
   39  1096   669 ..
   40   242  1225 .+
   41   931   504 ..
   42    77   766 ..
   43   339  3232 .-
   44  1028   601 ..
   45   174   863 ..
   46   436     9 ..
   47   698  1919 .+
   48   271   960 ..
   49   533   106 ..
   50   795   368 ..
   51  1057  2538 .-
   52   630   203 ..
   53   892   465 ..
   54    38   727 ..
   55   300  1497 .+
   56   989   562 ..
   57   135   824 ..
   58   397  1086 ..
   59   659  2960 .-
   60   232   921 ..
   61   494    67 ..
   62   756   329 ..
   63  1018  2191 .+
   64   591   164 ..
   65   853   426 ..
   66  1115   688 ..
   67   261  2266 .-
   68   950   523 ..
   69    96   785 ..
   70   358  1047 ..
   71   620  1769 .+
   72   193   882 ..
   73   455    28 ..
   74   717   290 ..
   75   979  2688 .-
   76   552   125 ..
   77   814   387 ..
   78  1076   649 ..
   79   222  1347 .+
   80   911   484 ..
   81    57   746 ..
   82   319  3110 .-
   83  1008   581 ..
   84   154   843 ..
   85   416  1105 ..
   86   678  2041 .+
   87   251   940 ..
   88   513    86 ..
   89   775   348 ..
   90  1037  2416 .-
   91   610   183 ..
   92   872   445 ..
   93    18   707 ..
   94   280  1620 .+
   95   969   542 ..
   96   115   804 ..
   97   377  1066 ..
   98   639  2838 .-
   99   212   901 ..
  100   474    47 ..
  101   736   309 ..
  102   998  1198 .+
  103   571   144 ..
  104   833   406 ..
  105  1095   668 ..
  106   241  3260 .-
  107   930   503 ..
  108    76   765 ..
  109   338  1027 ..
  110   600  1892 .+
  111   173   862 ..
  112   435     8 ..
  113   697   270 ..
  114   959  2565 .-
  115   532   105 ..
  116   794   367 ..
  117  1056   629 ..
  118   202  1470 .+
  119   891   464 ..
  120    37   726 ..
  121   299  2987 .-
  122   988   561 ..
  123   134   823 ..
  124   396  1085 ..
  125   658  2164 .+
  126   231   920 ..
  127   493    66 ..
  128   755   328 ..
  129  1017  2293 .-
  130   590   163 ..
  131   852   425 ..
  132  1114   687 ..
  133   260  1742 .+
  134   949   522 ..
  135    95   784 ..
  136   357  1046 ..
  137   619  2715 .-
  138   192   881 ..
  139   454    27 ..
  140   716   289 ..
  141   978  1320 .+
  142   551   124 ..
  143   813   386 ..
  144  1075   648 ..
  145   221  3137 .-
  146   910   483 ..
  147    56   745 ..
  148   318  1007 ..
  149   580  2014 .+
  150   153   842 ..
  151   415  1104 ..
  152   677   250 ..
  153   939  2443 .-
  154   512    85 ..
  155   774   347 ..
  156  1036   609 ..
  157   182  1592 .+
  158   871   444 ..
  159    17   706 ..
  160   279  2865 .-
  161   968   541 ..
  162   114   803 ..
  163   376  1065 ..
  164   638  1170 .+
  165   211   900 ..
  166   473    46 ..
  167   735   308 ..
  168   997  3287 .-
  169   570   143 ..
  170   832   405 ..
  171  1094   667 ..
  172   240  1865 .+
  173   929   502 ..
  174    75   764 ..
  175   337  1026 ..
  176   599  2593 .-
  177   172   861 ..
  178   434     7 ..
  179   696   269 ..
  180   958  1443 .+
  181   531   104 ..
  182   793   366 ..
  183  1055   628 ..
  184   201  3015 .-
  185   890   463 ..
  186    36   725 ..
  187   298   987 ..
  188   560  2137 .+
  189   133   822 ..
  190   395  1084 ..
  191   657   230 ..
  192   919  2320 .-
  193   492    65 ..
  194   754   327 ..
  195  1016   589 ..
  196   162  1715 .+
  197   851   424 ..
  198  1113   686 ..
  199   259   948 ..
  200   521  2742 .-
  201    94   783 ..
  202   356  1045 ..
  203   618  1293 .+
  204   191   880 ..
  205   453    26 ..
  206   715   288 ..
  207   977  3164 .-
  208   550   123 ..
  209   812   385 ..
  210  1074   647 ..
  211   220  1987 .+
  212   909   482 ..
  213    55   744 ..
  214   317  1006 ..
  215   579  2470 .-
  216   152   841 ..
  217   414  1103 ..
  218   676   249 ..
  219   938  1565 .+
  220   511    84 ..
  221   773   346 ..
  222  1035   608 ..
  223   181  2892 .-
  224   870   443 ..
  225    16   705 ..
  226   278   967 ..
  227   540  1143 .+
  228   113   802 ..
  229   375  1064 ..
  230   637   210 ..
  231   899  3314 .-
  232   472    45 ..
  233   734   307 ..
  234   996   569 ..
  235   142  1837 .+
  236   831   404 ..
  237  1093   666 ..
  238   239   928 ..
  239   501  2620 .-
  240    74   763 ..
  241   336  1025 ..
  242   598  1415 .+
  243   171   860 ..
  244   433     6 ..
  245   695   268 ..
  246   957  3042 .-
  247   530   103 ..
  248   792   365 ..
  249  1054   627 ..
  250   200  2110 .+
  251   889   462 ..
  252    35   724 ..
  253   297   986 ..
  254   559  2348 .-
  255   132   821 ..
  256   394  1083 ..
  257   656   229 ..
  258   918  1688 .+
  259   491    64 ..
  260   753   326 ..
  261  1015   588 ..
  262   161  2770 .-
  263   850   423 ..
  264  1112   685 ..
  265   258   947 ..
  266   520  1266 .+
  267    93   782 ..
  268   355  1044 ..
  269   617   190 ..
  270   879  3191 .-
  271   452    25 ..
  272   714   287 ..
  273   976   549 ..
  274   122  1960 .+
  275   811   384 ..
  276  1073   646 ..
  277   219   908 ..
  278   481  2497 .-
  279    54   743 ..
  280   316  1005 ..
  281   578  1538 .+
  282   151   840 ..
  283   413  1102 ..
  284   675   248 ..
  285   937  2919 .-
  286   510    83 ..
  287   772   345 ..
  288  1034   607 ..
  289   180  1116 .+
  290   869   442 ..
  291    15   704 ..
  292   277   966 ..
  293   539  3341 .-
  294   112   801 ..
  295   374  1063 ..
  296   636   209 ..
  297   898  1810 .+
  298   471    44 ..
  299   733   306 ..
  300   995   568 ..
  301   141  2647 .-
  302   830   403 ..
  303  1092   665 ..
  304   238   927 ..
  305   500  1388 .+
  306    73   762 ..
  307   335  1024 ..
  308   597   170 ..
  309   859  3069 .-
  310   432     5 ..
  311   694   267 ..
  312   956   529 ..
  313   102  2082 .+
  314   791   364 ..
  315  1053   626 ..
  316   199   888 ..
  317   461  2375 .-
  318    34   723 ..
  319   296   985 ..
  320   558  1660 .+
  321   131   820 ..
  322   393  1082 ..
  323   655   228 ..
  324   917  2797 .-
  325   490    63 ..
  326   752   325 ..
  327  1014   587 ..
  328   160  1238 .+
  329   849   422 ..
  330  1111   684 ..
  331   257   946 ..
  332   519  3219 .-
  333    92   781 ..
  334   354  1043 ..
  335   616   189 ..
  336   878  1933 .+
  337   451    24 ..
  338   713   286 ..
  339   975   548 ..
  340   121  2525 .-
  341   810   383 ..
  342  1072   645 ..
  343   218   907 ..
  344   480  1511 .+
  345    53   742 ..
  346   315  1004 ..
  347   577   150 ..
  348   839  2947 .-
  349   412  1101 ..
  350   674   247 ..
  351   936   509 ..
  352    82  2205 .+
  353   771   344 ..
  354  1033   606 ..
  355   179   868 ..
  356   441  2252 .-
  357    14   703 ..
  358   276   965 ..
  359   538   111 ..
  360   800  1783 .+
  361   373  1062 ..
  362   635   208 ..
  363   897  2674 .-
  364   470    43 ..
  365   732   305 ..
  366   994   567 ..
  367   140  1361 .+
  368   829   402 ..
  369  1091   664 ..
  370   237   926 ..
  371   499  3096 .-
  372    72   761 ..
  373   334  1023 ..
  374   596   169 ..
  375   858  2055 .+
  376   431     4 ..
  377   693   266 ..
  378   955   528 ..
  379   101  2402 .-
  380   790   363 ..
  381  1052   625 ..
  382   198   887 ..
  383   460  1633 .+
  384    33   722 ..
  385   295   984 ..
  386   557   130 ..
  387   819  2824 .-
  388   392  1081 ..
  389   654   227 ..
  390   916   489 ..
  391    62  1211 .+
  392   751   324 ..
  393  1013   586 ..
  394   159   848 ..
  395   421  3246 .-
  396  1110   683 ..
  397   256   945 ..
  398   518    91 ..
  399   780  1905 .+
  400   353  1042 ..
  401   615   188 ..
  402   877  2552 .-
  403   450    23 ..
  404   712   285 ..
  405   974   547 ..
  406   120  1483 .+
  407   809   382 ..
  408  1071   644 ..
  409   217   906 ..
  410   479  2974 .-
  411    52   741 ..
  412   314  1003 ..
  413   576   149 ..
  414   838  2178 .+
  415   411  1100 ..
  416   673   246 ..
  417   935   508 ..
  418    81  2280 .-
  419   770   343 ..
  420  1032   605 ..
  421   178   867 ..
  422   440  1756 .+
  423    13   702 ..
  424   275   964 ..
  425   537   110 ..
  426   799  2702 .-
  427   372  1061 ..
  428   634   207 ..
  429   896   469 ..
  430    42  1334 .+
  431   731   304 ..
  432   993   566 ..
  433   139   828 ..
  434   401  3123 .-
  435  1090   663 ..
  436   236   925 ..
  437   498    71 ..
  438   760  2028 .+
  439   333  1022 ..
  440   595   168 ..
  441   857  2429 .-
  442   430     3 ..
  443   692   265 ..
  444   954   527 ..
  445   100  1606 .+
  446   789   362 ..
  447  1051   624 ..
  448   197   886 ..
  449   459  2851 .-
  450    32   721 ..
  451   294   983 ..
  452   556   129 ..
  453   818  1184 .+
  454   391  1080 ..
  455   653   226 ..
  456   915   488 ..
  457    61  3273 .-
  458   750   323 ..
  459  1012   585 ..
  460   158   847 ..
  461   420  1878 .+
  462  1109   682 ..
  463   255   944 ..
  464   517    90 ..
  465   779  2579 .-
  466   352  1041 ..
  467   614   187 ..
  468   876   449 ..
  469    22  1456 .+
  470   711   284 ..
  471   973   546 ..
  472   119   808 ..
  473   381  3001 .-
  474  1070   643 ..
  475   216   905 ..
  476   478    51 ..
  477   740  2150 .+
  478   313  1002 ..
  479   575   148 ..
  480   837  2307 .-
  481   410  1099 ..
  482   672   245 ..
  483   934   507 ..
  484    80  1728 .+
  485   769   342 ..
  486  1031   604 ..
  487   177   866 ..
  488   439  2729 .-
  489    12   701 ..
  490   274   963 ..
  491   536   109 ..
  492   798  1307 .+
  493   371  1060 ..
  494   633   206 ..
  495   895   468 ..
  496    41  3151 .-
  497   730   303 ..
  498   992   565 ..
  499   138   827 ..
  500   400  2001 .+
  501  1089   662 ..
  502   235   924 ..
  503   497    70 ..
  504   759  2457 .-
  505   332  1021 ..
  506   594   167 ..
  507   856   429 ..
  508     2  1579 .+
  509   691   264 ..
  510   953   526 ..
  511    99   788 ..
  512   361  2878 .-
  513  1050   623 ..
  514   196   885 ..
  515   458    31 ..
  516   720  1157 .+
  517   293   982 ..
  518   555   128 ..
  519   817   390 ..
  520  1079  3300 .-
  521   652   225 ..
  522   914   487 ..
  523    60  1851 .+
  524   749   322 ..
  525  1011   584 ..
  526   157   846 ..
  527   419  2606 .-
  528  1108   681 ..
  529   254   943 ..
  530   516    89 ..
  531   778  1429 .+
  532   351  1040 ..
  533   613   186 ..
  534   875   448 ..
  535    21  3028 .-
  536   710   283 ..
  537   972   545 ..
  538   118   807 ..
  539   380  2123 .+
  540  1069   642 ..
  541   215   904 ..
  542   477    50 ..
  543   739  2334 .-
  544   312  1001 ..
  545   574   147 ..
  546   836   409 ..
  547  1098  1701 .+
  548   671   244 ..
  549   933   506 ..
  550    79   768 ..
  551   341  2756 .-
  552  1030   603 ..
  553   176   865 ..
  554   438    11 ..
  555   700  1279 .+
  556   273   962 ..
  557   535   108 ..
  558   797   370 ..
  559  1059  3178 .-
  560   632   205 ..
  561   894   467 ..
  562    40  1973 .+
  563   729   302 ..
  564   991   564 ..
  565   137   826 ..
  566   399  2484 .-
  567  1088   661 ..
  568   234   923 ..
  569   496    69 ..
  570   758  1552 .+
  571   331  1020 ..
  572   593   166 ..
  573   855   428 ..
  574     1  2906 .-
  575   690   263 ..
  576   952   525 ..
  577    98   787 ..
  578   360  1130 .+
  579  1049   622 ..
  580   195   884 ..
  581   457    30 ..
  582   719  3328 .-
  583   292   981 ..
  584   554   127 ..
  585   816   389 ..
  586  1078  1824 .+
  587   651   224 ..
  588   913   486 ..
  589    59   748 ..
  590   321  2633 .-
  591  1010   583 ..
  592   156   845 ..
  593   418  1107 ..
  594   680  1402 .+
  595   253   942 ..
  596   515    88 ..
  597   777   350 ..
  598  1039  3055 .-
  599   612   185 ..
  600   874   447 ..
  601    20  2096 .+
  602   709   282 ..
  603   971   544 ..
  604   117   806 ..
  605   379  2361 .-
  606  1068   641 ..
  607   214   903 ..
  608   476    49 ..
  609   738  1674 .+
  610   311  1000 ..
  611   573   146 ..
  612   835   408 ..
  613  1097  2783 .-
  614   670   243 ..
  615   932   505 ..
  616    78   767 ..
  617   340  1252 .+
  618  1029   602 ..
  619   175   864 ..
  620   437    10 ..
  621   699  3205 .-
  622   272   961 ..
  623   534   107 ..
  624   796   369 ..
  625  1058  1946 .+
  626   631   204 ..
  627   893   466 ..
  628    39   728 ..
  629   301  2511 .-
  630   990   563 ..
  631   136   825 ..
  632   398  1087 ..
  633   660  1524 .+
  634   233   922 ..
  635   495    68 ..
  636   757   330 ..
  637  1019  2933 .-
  638   592   165 ..
  639   854   427 ..
Total data plus flush bits=1116, p-parity bits=82, q-parity=82, Errors=0, Repetition=0
