F80T025QL6
Channel Interleaving, Puncturing and Mapping to QPSK
User data=552, with flush=556, Channel Symbols=544, Channel Bits=1088, Parity=532, p=q=266, Coding Rate=0.507353
D=552, FECSy=544, DF=556, N=1088, P=532, p=266, distep=343, dd=0, pistep=165, pp=265, ppstep=2.090225, ppstart=556.500000, qpstart=1113.545166, k=-12, mx=45.333332

Symbol   I0    Q0  Pattern= . =data, + =p parity, - =q parity
-------------------------------------------------------------
    0     0   343 ..
    1   130  1110 .+
    2   473  1113 .-
    3   260   899 .+
    4    47  1324 .-
    5   390   688 .+
    6   177  1535 .-
    7   520  1033 .+
    8   307  1190 .-
    9    94   821 .+
   10   437  1401 .-
   11   224   610 .+
   12    11  1613 .-
   13   354   955 .+
   14   141  1268 .-
   15   484   744 .+
   16   271  1479 .-
   17    58  1089 .+
   18   401  1134 .-
   19   188   878 .+
   20   531  1345 .-
   21   318   667 .+
   22   105  1556 .-
   23   448  1012 .+
   24   235  1211 .-
   25    22   801 .+
   26   365  1422 .-
   27   152   589 .+
   28   495  1634 .-
   29   282   934 .+
   30    69  1289 .-
   31   412   723 .+
   32   199  1500 .-
   33   542  1068 .+
   34   329  1155 .-
   35   116   857 .+
   36   459  1366 .-
   37   246   646 .+
   38    33  1577 .-
   39   376   991 .+
   40   163  1232 .-
   41   506   780 .+
   42   293  1443 .-
   43    80   569 .+
   44   423  1654 .-
   45   210   913 .+
   46   553   340 ..
   47   127  1310 .-
   48   470   702 .+
   49   257  1521 .-
   50    44  1047 .+
   51   387  1176 .-
   52   174   836 .+
   53   517  1387 .-
   54   304   625 .+
   55    91  1598 .-
   56   434   970 .+
   57   221  1253 .-
   58     8   759 .+
   59   351  1464 .-
   60   138  1104 .+
   61   481  1119 .-
   62   268   893 .+
   63    55  1330 .-
   64   398   681 .+
   65   185  1542 .-
   66   528  1026 .+
   67   315  1197 .-
   68   102   815 .+
   69   445  1408 .-
   70   232   604 .+
   71    19  1619 .-
   72   362   949 .+
   73   149  1274 .-
   74   492   738 .+
   75   279  1485 .-
   76    66  1083 .+
   77   409  1140 .-
   78   196   872 .+
   79   539  1351 .-
   80   326   661 .+
   81   113  1562 .-
   82   456  1005 .+
   83   243  1218 .-
   84    30   794 .+
   85   373  1429 .-
   86   160   583 .+
   87   503  1640 .-
   88   290   928 .+
   89    77  1295 .-
   90   420   717 .+
   91   207   550 ..
   92   337  1506 .-
   93   124  1062 .+
   94   467  1161 .-
   95   254   851 .+
   96    41  1372 .-
   97   384   640 .+
   98   171  1583 .-
   99   514   984 .+
  100   301  1238 .-
  101    88   773 .+
  102   431  1450 .-
  103   218   562 .+
  104     5  1661 .-
  105   348   907 .+
  106   135  1316 .-
  107   478   696 .+
  108   265  1527 .-
  109    52  1041 .+
  110   395  1182 .-
  111   182   830 .+
  112   525  1393 .-
  113   312   619 .+
  114    99  1604 .-
  115   442   964 .+
  116   229  1259 .-
  117    16   752 .+
  118   359  1470 .-
  119   146  1097 .+
  120   489  1126 .-
  121   276   886 .+
  122    63  1337 .-
  123   406   675 .+
  124   193  1548 .-
  125   536  1020 .+
  126   323  1203 .-
  127   110   809 .+
  128   453  1414 .-
  129   240   598 .+
  130    27  1625 .-
  131   370   943 .+
  132   157  1280 .-
  133   500   732 .+
  134   287  1491 .-
  135    74  1076 .+
  136   417   204 ..
  137   547  1146 .-
  138   334   865 .+
  139   121  1358 .-
  140   464   654 .+
  141   251  1569 .-
  142    38   999 .+
  143   381  1224 .-
  144   168   788 .+
  145   511  1435 .-
  146   298   577 .+
  147    85  1646 .-
  148   428   922 .+
  149   215  1301 .-
  150     2   711 .+
  151   345  1512 .-
  152   132  1056 .+
  153   475  1167 .-
  154   262   844 .+
  155    49  1379 .-
  156   392   633 .+
  157   179  1590 .-
  158   522   978 .+
  159   309  1245 .-
  160    96   767 .+
  161   439  1456 .-
  162   226   556 .+
  163    13  1667 .-
  164   356   901 .+
  165   143  1322 .-
  166   486   690 .+
  167   273  1533 .-
  168    60  1035 .+
  169   403  1188 .-
  170   190   824 .+
  171   533  1399 .-
  172   320   612 .+
  173   107  1611 .-
  174   450   957 .+
  175   237  1266 .-
  176    24   746 .+
  177   367  1477 .-
  178   154  1091 .+
  179   497  1132 .-
  180   284   880 .+
  181    71  1343 .-
  182   414   201 ..
  183   544   669 .+
  184   331  1554 .-
  185   118  1014 .+
  186   461  1209 .-
  187   248   803 .+
  188    35  1420 .-
  189   378   592 .+
  190   165  1631 .-
  191   508   936 .+
  192   295  1287 .-
  193    82   725 .+
  194   425  1498 .-
  195   212  1070 .+
  196   555  1153 .-
  197   342   859 .+
  198   129  1364 .-
  199   472   648 .+
  200   259  1575 .-
  201    46   993 .+
  202   389  1230 .-
  203   176   782 .+
  204   519  1441 .-
  205   306   571 .+
  206    93  1652 .-
  207   436   916 .+
  208   223  1307 .-
  209    10   704 .+
  210   353  1519 .-
  211   140  1049 .+
  212   483  1174 .-
  213   270   838 .+
  214    57  1385 .-
  215   400   627 .+
  216   187  1596 .-
  217   530   972 .+
  218   317  1251 .-
  219   104   761 .+
  220   447  1462 .-
  221   234  1106 .+
  222    21  1117 .-
  223   364   895 .+
  224   151  1328 .-
  225   494   684 .+
  226   281  1539 .-
  227    68   411 ..
  228   198  1028 .+
  229   541  1195 .-
  230   328   817 .+
  231   115  1406 .-
  232   458   606 .+
  233   245  1617 .-
  234    32   951 .+
  235   375  1272 .-
  236   162   740 .+
  237   505  1483 .-
  238   292  1085 .+
  239    79  1138 .-
  240   422   874 .+
  241   209  1349 .-
  242   552   663 .+
  243   339  1560 .-
  244   126  1007 .+
  245   469  1215 .-
  246   256   796 .+
  247    43  1427 .-
  248   386   585 .+
  249   173  1638 .-
  250   516   930 .+
  251   303  1293 .-
  252    90   719 .+
  253   433  1504 .-
  254   220  1064 .+
  255     7  1159 .-
  256   350   853 .+
  257   137  1370 .-
  258   480   642 .+
  259   267  1581 .-
  260    54   987 .+
  261   397  1236 .-
  262   184   775 .+
  263   527  1447 .-
  264   314   564 .+
  265   101  1659 .-
  266   444   909 .+
  267   231  1314 .-
  268    18   698 .+
  269   361  1525 .-
  270   148  1043 .+
  271   491  1180 .-
  272   278    65 ..
  273   408   832 .+
  274   195  1391 .-
  275   538   621 .+
  276   325  1602 .-
  277   112   966 .+
  278   455  1257 .-
  279   242   755 .+
  280    29  1468 .-
  281   372  1099 .+
  282   159  1123 .-
  283   502   888 .+
  284   289  1335 .-
  285    76   677 .+
  286   419  1546 .-
  287   206  1022 .+
  288   549  1201 .-
  289   336   811 .+
  290   123  1412 .-
  291   466   600 .+
  292   253  1623 .-
  293    40   945 .+
  294   383  1278 .-
  295   170   734 .+
  296   513  1489 .-
  297   300  1079 .+
  298    87  1144 .-
  299   430   867 .+
  300   217  1356 .-
  301     4   656 .+
  302   347  1567 .-
  303   134  1001 .+
  304   477  1222 .-
  305   264   790 .+
  306    51  1433 .-
  307   394   579 .+
  308   181  1644 .-
  309   524   924 .+
  310   311  1299 .-
  311    98   713 .+
  312   441  1510 .-
  313   228  1058 .+
  314    15  1165 .-
  315   358   847 .+
  316   145  1376 .-
  317   488   635 .+
  318   275    62 ..
  319   405  1588 .-
  320   192   980 .+
  321   535  1243 .-
  322   322   769 .+
  323   109  1454 .-
  324   452   558 .+
  325   239  1665 .-
  326    26   903 .+
  327   369  1320 .-
  328   156   692 .+
  329   499  1531 .-
  330   286  1037 .+
  331    73  1186 .-
  332   416   826 .+
  333   203  1397 .-
  334   546   615 .+
  335   333  1608 .-
  336   120   959 .+
  337   463  1264 .-
  338   250   748 .+
  339    37  1475 .-
  340   380  1093 .+
  341   167  1130 .-
  342   510   882 .+
  343   297  1341 .-
  344    84   671 .+
  345   427  1552 .-
  346   214  1016 .+
  347     1  1207 .-
  348   344   805 .+
  349   131  1418 .-
  350   474   594 .+
  351   261  1629 .-
  352    48   939 .+
  353   391  1284 .-
  354   178   727 .+
  355   521  1496 .-
  356   308  1072 .+
  357    95  1151 .-
  358   438   861 .+
  359   225  1362 .-
  360    12   650 .+
  361   355  1573 .-
  362   142   995 .+
  363   485   272 ..
  364    59  1228 .-
  365   402   784 .+
  366   189  1439 .-
  367   532   573 .+
  368   319  1650 .-
  369   106   918 .+
  370   449  1305 .-
  371   236   706 .+
  372    23  1516 .-
  373   366  1051 .+
  374   153  1172 .-
  375   496   840 .+
  376   283  1383 .-
  377    70   629 .+
  378   413  1594 .-
  379   200   974 .+
  380   543  1249 .-
  381   330   763 .+
  382   117  1460 .-
  383   460  1108 .+
  384   247  1115 .-
  385    34   897 .+
  386   377  1326 .-
  387   164   686 .+
  388   507  1537 .-
  389   294  1030 .+
  390    81  1192 .-
  391   424   819 .+
  392   211  1404 .-
  393   554   608 .+
  394   341  1615 .-
  395   128   953 .+
  396   471  1270 .-
  397   258   742 .+
  398    45  1481 .-
  399   388  1087 .+
  400   175  1136 .-
  401   518   876 .+
  402   305  1347 .-
  403    92   665 .+
  404   435  1558 .-
  405   222  1010 .+
  406     9  1213 .-
  407   352   798 .+
  408   139   482 ..
  409   269  1424 .-
  410    56   587 .+
  411   399  1636 .-
  412   186   932 .+
  413   529  1291 .-
  414   316   721 .+
  415   103  1502 .-
  416   446  1066 .+
  417   233  1157 .-
  418    20   855 .+
  419   363  1368 .-
  420   150   644 .+
  421   493  1579 .-
  422   280   989 .+
  423    67  1234 .-
  424   410   778 .+
  425   197  1445 .-
  426   540   566 .+
  427   327  1657 .-
  428   114   911 .+
  429   457  1312 .-
  430   244   700 .+
  431    31  1523 .-
  432   374  1045 .+
  433   161  1178 .-
  434   504   834 .+
  435   291  1389 .-
  436    78   623 .+
  437   421  1600 .-
  438   208   968 .+
  439   551  1255 .-
  440   338   757 .+
  441   125  1466 .-
  442   468  1102 .+
  443   255  1121 .-
  444    42   890 .+
  445   385  1333 .-
  446   172   679 .+
  447   515  1544 .-
  448   302  1024 .+
  449    89  1199 .-
  450   432   813 .+
  451   219  1410 .-
  452     6   602 .+
  453   349  1621 .-
  454   136   479 ..
  455   266   947 .+
  456    53  1276 .-
  457   396   736 .+
  458   183  1487 .-
  459   526  1081 .+
  460   313  1142 .-
  461   100   870 .+
  462   443  1353 .-
  463   230   658 .+
  464    17  1565 .-
  465   360  1003 .+
  466   147  1220 .-
  467   490   792 .+
  468   277  1431 .-
  469    64   581 .+
  470   407  1642 .-
  471   194   926 .+
  472   537  1297 .-
  473   324   715 .+
  474   111  1508 .-
  475   454  1060 .+
  476   241  1163 .-
  477    28   849 .+
  478   371  1374 .-
  479   158   638 .+
  480   501  1585 .-
  481   288   982 .+
  482    75  1241 .-
  483   418   771 .+
  484   205  1452 .-
  485   548   560 .+
  486   335  1663 .-
  487   122   905 .+
  488   465  1318 .-
  489   252   694 .+
  490    39  1529 .-
  491   382  1039 .+
  492   169  1184 .-
  493   512   828 .+
  494   299  1395 .-
  495    86   617 .+
  496   429  1606 .-
  497   216   962 .+
  498     3  1261 .-
  499   346   133 ..
  500   476   750 .+
  501   263  1473 .-
  502    50  1095 .+
  503   393  1128 .-
  504   180   884 .+
  505   523  1339 .-
  506   310   673 .+
  507    97  1550 .-
  508   440  1018 .+
  509   227  1205 .-
  510    14   807 .+
  511   357  1416 .-
  512   144   596 .+
  513   487  1627 .-
  514   274   941 .+
  515    61  1282 .-
  516   404   729 .+
  517   191  1493 .-
  518   534  1074 .+
  519   321  1149 .-
  520   108   863 .+
  521   451  1360 .-
  522   238   652 .+
  523    25  1571 .-
  524   368   997 .+
  525   155  1226 .-
  526   498   786 .+
  527   285  1437 .-
  528    72   575 .+
  529   415  1648 .-
  530   202   920 .+
  531   545  1303 .-
  532   332   709 .+
  533   119  1514 .-
  534   462  1053 .+
  535   249  1169 .-
  536    36   842 .+
  537   379  1381 .-
  538   166   631 .+
  539   509  1592 .-
  540   296   976 .+
  541    83  1247 .-
  542   426   765 .+
  543   213  1458 .-
Total data plus flush bits=556, p-parity bits=266, q-parity=266, Errors=0, Repetition=0
