F80T45XH3
Channel Interleaving, Puncturing and Mapping to 16-QAM
User data=4224, with flush=4228, Channel Symbols=1496, Channel Bits=5984, Parity=1756, p=q=878, Coding Rate=0.705882
D=4224, FECSy=1496, DF=4228, N=5984, P=1756, p=878, distep=2613, dd=0, pistep=543, pp=877, ppstep=4.815490, ppstart=4228.500000, qpstart=8458.908203, k=-618, mx=2.420712

Symbol   I1    I0    Q1    Q0  Pattern= . =data, + =p parity, - =q parity
-------------------------------------------------------------------------
    0     0   998  2613  3611 ....
    1  1996  8451   381  8458 .+.-
    2  2994  6838  1379 10072 .+.-
    3  3992   762  2377  3375 ....
    4  1760  5225   145 11685 .+.-
    5  2758  3756  1143  2141 ....
    6   526  7840  3139  9070 .+.-
    7  1524  6226  4137 10683 .+.-
    8  2522  3520   907  1905 ....
    9   290  4613  2903 12296 .+.-
   10  1288  2286  3901   671 ....
   11  3284  7228  1669  9682 .+.-
   12    54  5615  2667 11295 .+.-
   13  1052  2050  3665   435 ....
   14  3048  8230  1433  8680 .+.-
   15  4046   816  2431  3429 ....
   16  1814  6616   199 10293 .+.-
   17  2812  3810  1197  2195 ....
   18   580  5003  3193 11906 .+.-
   19  1578  7618  4191  9291 .+.-
   20  2576  3574   961  1959 ....
   21   344  6005  2957 10905 .+.-
   22  1342  2340  3955   725 ....
   23  3338  4392  1723 12518 .+.-
   24   108  7007  2721  9903 .+.-
   25  1106  2104  3719   489 ....
   26  3102  5393  1487 11516 .+.-
   27  4100   870  2485  3483 ....
   28  1868  8008   253  8901 .+.-
   29  2866  6395  1251 10515 .+.-
   30  3864   634  2249  3247 ....
   31  1632  4782    17 12128 .+.-
   32  2630  3628  1015  2013 ....
   33   398  7397  3011  9513 .+.-
   34  1396  2394  4009   779 ....
   35  3392  5783  1777 11126 .+.-
   36   162  8398  2775  8511 .+.-
   37  1160  2158  3773   543 ....
   38  3156  6785  1541 10125 .+.-
   39  4154   924  2539  3537 ....
   40  1922  5172   307 11738 .+.-
   41  2920  7787  1305  9123 .+.-
   42  3918   688  2303  3301 ....
   43  1686  6173    71 10736 .+.-
   44  2684  3682  1069  2067 ....
   45   452  4560  3065 12349 .+.-
   46  1450  2448  4063   833 ....
   47  3446  7175  1831  9735 .+.-
   48   216  5562  2829 11348 .+.-
   49  1214  2212  3827   597 ....
   50  3210  8177  1595  8733 .+.-
   51  4208   978  2593  3591 ....
   52  1976  6564   361 10346 .+.-
   53  2974  4950  1359 11959 .+.-
   54  3972   742  2357  3355 ....
   55  1740  7565   125  9344 .+.-
   56  2738  3736  1123  2121 ....
   57   506  5952  3119 10958 .+.-
   58  1504  4339  4117 12571 .+.-
   59  2502  3500   887  1885 ....
   60   270  6954  2883  9956 .+.-
   61  1268  2266  3881   651 ....
   62  3264  5340  1649 11569 .+.-
   63    34  1032  2647  3645 ....
   64  2030  7955   415  8954 .+.-
   65  3028  6342  1413 10568 .+.-
   66  4026   796  2411  3409 ....
   67  1794  4729   179 12181 .+.-
   68  2792  3790  1177  2175 ....
   69   560  7344  3173  9566 .+.-
   70  1558  5730  4171 11179 .+.-
   71  2556  3554   941  1939 ....
   72   324  8345  2937  8564 .+.-
   73  1322  2320  3935   705 ....
   74  3318  6732  1703 10178 .+.-
   75    88  5119  2701 11791 .+.-
   76  1086  2084  3699   469 ....
   77  3082  7734  1467  9176 .+.-
   78  4080   850  2465  3463 ....
   79  1848  6120   233 10789 .+.-
   80  2846  3844  1231  2229 ....
   81   614  4507  3227 12402 .+.-
   82  1612  7122  4225  9787 .+.-
   83  2610  3608   995  1993 ....
   84   378  5509  2991 11401 .+.-
   85  1376  2374  3989   759 ....
   86  3372  8124  1757  8786 .+.-
   87   142  6511  2755 10399 .+.-
   88  1140  2138  3753   523 ....
   89  3136  4897  1521 12012 .+.-
   90  4134   904  2519  3517 ....
   91  1902  7512   287  9397 .+.-
   92  2900  3898  1285  2283 ....
   93   668  5899  3281 11011 .+.-
   94  1666  4286    51 12624 .+.-
   95  2664  3662  1049  2047 ....
   96   432  6901  3045 10009 .+.-
   97  1430  2428  4043   813 ....
   98  3426  5287  1811 11622 .+.-
   99   196  7902  2809  9007 .+.-
  100  1194  2192  3807   577 ....
  101  3190  6289  1575 10621 .+.-
  102  4188   958  2573  3571 ....
  103  1956  4676   341 12234 .+.-
  104  2954  7291  1339  9619 .+.-
  105  3952   722  2337  3335 ....
  106  1720  5677   105 11232 .+.-
  107  2718  3716  1103  2101 ....
  108   486  8292  3099  8617 .+.-
  109  1484  2482  4097   867 ....
  110  3480  6679  1865 10231 .+.-
  111   250  5066  2863 11844 .+.-
  112  1248  2246  3861   631 ....
  113  3244  7681  1629  9229 .+.-
  114    14  1012  2627  3625 ....
  115  2010  6068   395 10842 .+.-
  116  3008  4454  1393 12455 .+.-
  117  4006   776  2391  3389 ....
  118  1774  7069   159  9840 .+.-
  119  2772  3770  1157  2155 ....
  120   540  5456  3153 11454 .+.-
  121  1538  8071  4151  8839 .+.-
  122  2536  3534   921  1919 ....
  123   304  6458  2917 10452 .+.-
  124  1302  2300  3915   685 ....
  125  3298  4844  1683 12065 .+.-
  126    68  1066  2681  3679 ....
  127  2064  7459   449  9450 .+.-
  128  3062  5846  1447 11064 .+.-
  129  4060   830  2445  3443 ....
  130  1828  4233   213 12677 .+.-
  131  2826  3824  1211  2209 ....
  132   594  6848  3207 10062 .+.-
  133  1592  5234  4205 11675 .+.-
  134  2590  3588   975  1973 ....
  135   358  7849  2971  9060 .+.-
  136  1356  2354  3969   739 ....
  137  3352  6236  1737 10674 .+.-
  138   122  1120  2735  3733 ....
  139  2118  4623   503 12287 .+.-
  140  3116  7238  1501  9672 .+.-
  141  4114   884  2499  3497 ....
  142  1882  5624   267 11285 .+.-
  143  2880  3878  1265  2263 ....
  144   648  8239  3261  8670 .+.-
  145  1646  6626    31 10283 .+.-
  146  2644  3642  1029  2027 ....
  147   412  5013  3025 11897 .+.-
  148  1410  2408  4023   793 ....
  149  3406  7628  1791  9282 .+.-
  150   176  6015  2789 10895 .+.-
  151  1174  2172  3787   557 ....
  152  3170  4401  1555 12508 .+.-
  153  4168   938  2553  3551 ....
  154  1936  7016   321  9893 .+.-
  155  2934  3932  1319  2317 ....
  156   702  5403  3315 11507 .+.-
  157  1700  8018    85  8892 .+.-
  158  2698  3696  1083  2081 ....
  159   466  6405  3079 10505 .+.-
  160  1464  2462  4077   847 ....
  161  3460  4791  1845 12118 .+.-
  162   230  7406  2843  9503 .+.-
  163  1228  2226  3841   611 ....
  164  3224  5793  1609 11117 .+.-
  165  4222   992  2607  3605 ....
  166  1990  8408   375  8502 .+.-
  167  2988  6795  1373 10115 .+.-
  168  3986   756  2371  3369 ....
  169  1754  5181   139 11728 .+.-
  170  2752  3750  1137  2135 ....
  171   520  7796  3133  9113 .+.-
  172  1518  2516  4131   901 ....
  173  3514  6183  1899 10727 .+.-
  174   284  4570  2897 12340 .+.-
  175  1282  2280  3895   665 ....
  176  3278  7185  1663  9725 .+.-
  177    48  1046  2661  3659 ....
  178  2044  5572   429 11338 .+.-
  179  3042  8186  1427  8723 .+.-
  180  4040   810  2425  3423 ....
  181  1808  6573   193 10336 .+.-
  182  2806  3804  1191  2189 ....
  183   574  4960  3187 11950 .+.-
  184  1572  2570  4185   955 ....
  185  3568  7575  1953  9335 .+.-
  186   338  5962  2951 10948 .+.-
  187  1336  2334  3949   719 ....
  188  3332  4348  1717 12561 .+.-
  189   102  1100  2715  3713 ....
  190  2098  6963   483  9946 .+.-
  191  3096  5350  1481 11560 .+.-
  192  4094   864  2479  3477 ....
  193  1862  7965   247  8945 .+.-
  194  2860  3858  1245  2243 ....
  195   628  6352  3241 10558 .+.-
  196  1626  4738    11 12171 .+.-
  197  2624  3622  1009  2007 ....
  198   392  7353  3005  9556 .+.-
  199  1390  2388  4003   773 ....
  200  3386  5740  1771 11170 .+.-
  201   156  1154  2769  3767 ....
  202  2152  8355   537  8555 .+.-
  203  3150  6742  1535 10168 .+.-
  204  4148   918  2533  3531 ....
  205  1916  5128   301 11781 .+.-
  206  2914  3912  1299  2297 ....
  207   682  7743  3295  9166 .+.-
  208  1680  6130    65 10779 .+.-
  209  2678  3676  1063  2061 ....
  210   446  4517  3059 12393 .+.-
  211  1444  2442  4057   827 ....
  212  3440  7132  1825  9778 .+.-
  213   210  5519  2823 11391 .+.-
  214  1208  2206  3821   591 ....
  215  3204  8133  1589  8776 .+.-
  216  4202   972  2587  3585 ....
  217  1970  6520   355 10389 .+.-
  218  2968  3966  1353  2351 ....
  219   736  4907  3349 12003 .+.-
  220  1734  7522   119  9388 .+.-
  221  2732  3730  1117  2115 ....
  222   500  5909  3113 11001 .+.-
  223  1498  2496  4111   881 ....
  224  3494  4295  1879 12614 .+.-
  225   264  6910  2877  9999 .+.-
  226  1262  2260  3875   645 ....
  227  3258  5297  1643 11613 .+.-
  228    28  1026  2641  3639 ....
  229  2024  7912   409  8998 .+.-
  230  3022  4020  1407  2405 ....
  231   790  6299  3403 10611 .+.-
  232  1788  4685   173 12224 .+.-
  233  2786  3784  1171  2169 ....
  234   554  7300  3167  9609 .+.-
  235  1552  2550  4165   935 ....
  236  3548  5687  1933 11222 .+.-
  237   318  8302  2931  8608 .+.-
  238  1316  2314  3929   699 ....
  239  3312  6689  1697 10221 .+.-
  240    82  1080  2695  3693 ....
  241  2078  5076   463 11834 .+.-
  242  3076  7690  1461  9219 .+.-
  243  4074   844  2459  3457 ....
  244  1842  6077   227 10832 .+.-
  245  2840  3838  1225  2223 ....
  246   608  4464  3221 12446 .+.-
  247  1606  2604  4219   989 ....
  248  3602  7079  1987  9831 .+.-
  249   372  5466  2985 11444 .+.-
  250  1370  2368  3983   753 ....
  251  3366  8080  1751  8829 .+.-
  252   136  1134  2749  3747 ....
  253  2132  6467   517 10442 .+.-
  254  3130  4854  1515 12056 .+.-
  255  4128   898  2513  3511 ....
  256  1896  7469   281  9441 .+.-
  257  2894  3892  1279  2277 ....
  258   662  5856  3275 11054 .+.-
  259  1660  4242    45 12667 .+.-
  260  2658  3656  1043  2041 ....
  261   426  6857  3039 10052 .+.-
  262  1424  2422  4037   807 ....
  263  3420  5244  1805 11666 .+.-
  264   190  1188  2803  3801 ....
  265  2186  7859   571  9051 .+.-
  266  3184  6246  1569 10664 .+.-
  267  4182   952  2567  3565 ....
  268  1950  4633   335 12277 .+.-
  269  2948  3946  1333  2331 ....
  270   716  7247  3329  9662 .+.-
  271  1714  5634    99 11275 .+.-
  272  2712  3710  1097  2095 ....
  273   480  8249  3093  8661 .+.-
  274  1478  2476  4091   861 ....
  275  3474  6636  1859 10274 .+.-
  276   244  1242  2857  3855 ....
  277  2240  5023   625 11887 .+.-
  278  3238  7637  1623  9272 .+.-
  279     8  1006  2621  3619 ....
  280  2004  6024   389 10885 .+.-
  281  3002  4000  1387  2385 ....
  282   770  4411  3383 12499 .+.-
  283  1768  7026   153  9884 .+.-
  284  2766  3764  1151  2149 ....
  285   534  5413  3147 11497 .+.-
  286  1532  2530  4145   915 ....
  287  3528  8027  1913  8882 .+.-
  288   298  6414  2911 10495 .+.-
  289  1296  2294  3909   679 ....
  290  3292  4801  1677 12109 .+.-
  291    62  1060  2675  3673 ....
  292  2058  7416   443  9494 .+.-
  293  3056  4054  1441  2439 ....
  294   824  5803  3437 11107 .+.-
  295  1822  8417   207  8492 .+.-
  296  2820  3818  1205  2203 ....
  297   588  6804  3201 10105 .+.-
  298  1586  2584  4199   969 ....
  299  3582  5191  1967 11718 .+.-
  300   352  7806  2965  9104 .+.-
  301  1350  2348  3963   733 ....
  302  3346  6193  1731 10717 .+.-
  303   116  1114  2729  3727 ....
  304  2112  4580   497 12330 .+.-
  305  3110  7194  1495  9715 .+.-
  306  4108   878  2493  3491 ....
  307  1876  5581   261 11328 .+.-
  308  2874  3872  1259  2257 ....
  309   642  8196  3255  8714 .+.-
  310  1640  2638    25  1023 ....
  311  3636  6583  2021 10327 .+.-
  312   406  4970  3019 11940 .+.-
  313  1404  2402  4017   787 ....
  314  3400  7584  1785  9325 .+.-
  315   170  1168  2783  3781 ....
  316  2166  5971   551 10938 .+.-
  317  3164  4358  1549 12552 .+.-
  318  4162   932  2547  3545 ....
  319  1930  6973   315  9937 .+.-
  320  2928  3926  1313  2311 ....
  321   696  5360  3309 11550 .+.-
  322  1694  2692    79  1077 ....
  323  3690  7974  2075  8935 .+.-
  324   460  6361  3073 10548 .+.-
  325  1458  2456  4071   841 ....
  326  3454  4748  1839 12162 .+.-
  327   224  1222  2837  3835 ....
  328  2220  7363   605  9547 .+.-
  329  3218  5750  1603 11160 .+.-
  330  4216   986  2601  3599 ....
  331  1984  8365   369  8545 .+.-
  332  2982  3980  1367  2365 ....
  333   750  6751  3363 10158 .+.-
  334  1748  5138   133 11771 .+.-
  335  2746  3744  1131  2129 ....
  336   514  7753  3127  9157 .+.-
  337  1512  2510  4125   895 ....
  338  3508  6140  1893 10770 .+.-
  339   278  1276  2891  3889 ....
  340  2274  4527   659 12383 .+.-
  341  3272  7141  1657  9768 .+.-
  342    42  1040  2655  3653 ....
  343  2038  5528   423 11381 .+.-
  344  3036  4034  1421  2419 ....
  345   804  8143  3417  8767 .+.-
  346  1802  6530   187 10380 .+.-
  347  2800  3798  1185  2183 ....
  348   568  4917  3181 11993 .+.-
  349  1566  2564  4179   949 ....
  350  3562  7531  1947  9378 .+.-
  351   332  5918  2945 10991 .+.-
  352  1330  2328  3943   713 ....
  353  3326  4305  1711 12605 .+.-
  354    96  1094  2709  3707 ....
  355  2092  6920   477  9990 .+.-
  356  3090  4088  1475  2473 ....
  357   858  5307  3471 11603 .+.-
  358  1856  7921   241  8988 .+.-
  359  2854  3852  1239  2237 ....
  360   622  6308  3235 10601 .+.-
  361  1620  2618     5  1003 ....
  362  3616  4695  2001 12214 .+.-
  363   386  7310  2999  9600 .+.-
  364  1384  2382  3997   767 ....
  365  3380  5697  1765 11213 .+.-
  366   150  1148  2763  3761 ....
  367  2146  8312   531  8598 .+.-
  368  3144  4142  1529  2527 ....
  369   912  6698  3525 10211 .+.-
  370  1910  5085   295 11824 .+.-
  371  2908  3906  1293  2291 ....
  372   676  7700  3289  9210 .+.-
  373  1674  2672    59  1057 ....
  374  3670  6087  2055 10823 .+.-
  375   440  4474  3053 12436 .+.-
  376  1438  2436  4051   821 ....
  377  3434  7088  1819  9821 .+.-
  378   204  1202  2817  3815 ....
  379  2200  5475   585 11434 .+.-
  380  3198  8090  1583  8820 .+.-
  381  4196   966  2581  3579 ....
  382  1964  6477   349 10433 .+.-
  383  2962  3960  1347  2345 ....
  384   730  4864  3343 12046 .+.-
  385  1728  2726   113  1111 ....
  386  3724  7478  2109  9431 .+.-
  387   494  5865  3107 11044 .+.-
  388  1492  2490  4105   875 ....
  389  3488  4252  1873 12658 .+.-
  390   258  1256  2871  3869 ....
  391  2254  6867   639 10043 .+.-
  392  3252  5254  1637 11656 .+.-
  393    22  1020  2635  3633 ....
  394  2018  7869   403  9041 .+.-
  395  3016  4014  1401  2399 ....
  396   784  6255  3397 10654 .+.-
  397  1782  2780   167  1165 ....
  398  3778  4642  2163 12267 .+.-
  399   548  7257  3161  9653 .+.-
  400  1546  2544  4159   929 ....
  401  3542  5644  1927 11266 .+.-
  402   312  1310  2925  3923 ....
  403  2308  8259   693  8651 .+.-
  404  3306  6645  1691 10264 .+.-
  405    76  1074  2689  3687 ....
  406  2072  5032   457 11877 .+.-
  407  3070  4068  1455  2453 ....
  408   838  7647  3451  9263 .+.-
  409  1836  6034   221 10876 .+.-
  410  2834  3832  1219  2217 ....
  411   602  4421  3215 12489 .+.-
  412  1600  2598  4213   983 ....
  413  3596  7035  1981  9874 .+.-
  414   366  1364  2979  3977 ....
  415  2362  5422   747 11487 .+.-
  416  3360  8037  1745  8873 .+.-
  417   130  1128  2743  3741 ....
  418  2126  6424   511 10486 .+.-
  419  3124  4122  1509  2507 ....
  420   892  4811  3505 12099 .+.-
  421  1890  7425   275  9484 .+.-
  422  2888  3886  1273  2271 ....
  423   656  5812  3269 11097 .+.-
  424  1654  2652    39  1037 ....
  425  3650  8427  2035  8482 .+.-
  426   420  6814  3033 10096 .+.-
  427  1418  2416  4031   801 ....
  428  3414  5201  1799 11709 .+.-
  429   184  1182  2797  3795 ....
  430  2180  7816   565  9094 .+.-
  431  3178  4176  1563  2561 ....
  432   946  6202  3559 10707 .+.-
  433  1944  4589   329 12320 .+.-
  434  2942  3940  1327  2325 ....
  435   710  7204  3323  9706 .+.-
  436  1708  2706    93  1091 ....
  437  3704  5591  2089 11319 .+.-
  438   474  8206  3087  8704 .+.-
  439  1472  2470  4085   855 ....
  440  3468  6592  1853 10317 .+.-
  441   238  1236  2851  3849 ....
  442  2234  4979   619 11930 .+.-
  443  3232     2  1617  2615 ....
  444  1000  7594  3613  9316 .+.-
  445  1998  5981   383 10929 .+.-
  446  2996  3994  1381  2379 ....
  447   764  4368  3377 12542 .+.-
  448  1762  2760   147  1145 ....
  449  3758  6982  2143  9927 .+.-
  450   528  5369  3141 11540 .+.-
  451  1526  2524  4139   909 ....
  452  3522  7984  1907  8926 .+.-
  453   292  1290  2905  3903 ....
  454  2288  6371   673 10539 .+.-
  455  3286  4758  1671 12152 .+.-
  456    56  1054  2669  3667 ....
  457  2052  7373   437  9537 .+.-
  458  3050  4048  1435  2433 ....
  459   818  5759  3431 11150 .+.-
  460  1816  2814   201  1199 ....
  461  3812  8374  2197  8535 .+.-
  462   582  6761  3195 10149 .+.-
  463  1580  2578  4193   963 ....
  464  3576  5148  1961 11762 .+.-
  465   346  1344  2959  3957 ....
  466  2342  7763   727  9147 .+.-
  467  3340  6149  1725 10760 .+.-
  468   110  1108  2723  3721 ....
  469  2106  4536   491 12373 .+.-
  470  3104  4102  1489  2487 ....
  471   872  7151  3485  9759 .+.-
  472  1870  5538   255 11372 .+.-
  473  2868  3866  1253  2251 ....
  474   636  8153  3249  8757 .+.-
  475  1634  2632    19  1017 ....
  476  3630  6539  2015 10370 .+.-
  477   400  1398  3013  4011 ....
  478  2396  4926   781 11983 .+.-
  479  3394  7541  1779  9369 .+.-
  480   164  1162  2777  3775 ....
  481  2160  5928   545 10982 .+.-
  482  3158  4156  1543  2541 ....
  483   926  4315  3539 12595 .+.-
  484  1924  6929   309  9980 .+.-
  485  2922  3920  1307  2305 ....
  486   690  5316  3303 11593 .+.-
  487  1688  2686    73  1071 ....
  488  3684  7931  2069  8978 .+.-
  489   454  1452  3067  4065 ....
  490  2450  6318   835 10592 .+.-
  491  3448  4705  1833 12205 .+.-
  492   218  1216  2831  3829 ....
  493  2214  7320   599  9590 .+.-
  494  3212  4210  1597  2595 ....
  495   980  5706  3593 11203 .+.-
  496  1978  8321   363  8588 .+.-
  497  2976  3974  1361  2359 ....
  498   744  6708  3357 10202 .+.-
  499  1742  2740   127  1125 ....
  500  3738  5095  2123 11815 .+.-
  501   508  7710  3121  9200 .+.-
  502  1506  2504  4119   889 ....
  503  3502  6096  1887 10813 .+.-
  504   272  1270  2885  3883 ....
  505  2268  4483   653 12426 .+.-
  506  3266    36  1651  2649 ....
  507  1034  7098  3647  9812 .+.-
  508  2032  5485   417 11425 .+.-
  509  3030  4028  1415  2413 ....
  510   798  8100  3411  8810 .+.-
  511  1796  2794   181  1179 ....
  512  3792  6486  2177 10423 .+.-
  513   562  4873  3175 12036 .+.-
  514  1560  2558  4173   943 ....
  515  3556  7488  1941  9422 .+.-
  516   326  1324  2939  3937 ....
  517  2322  5875   707 11035 .+.-
  518  3320  4262  1705 12648 .+.-
  519    90  1088  2703  3701 ....
  520  2086  6877   471 10033 .+.-
  521  3084  4082  1469  2467 ....
  522   852  5263  3465 11646 .+.-
  523  1850  2848   235  1233 ....
  524  3846  7878  2231  9031 .+.-
  525   616  6265  3229 10645 .+.-
  526  1614  2612  4227   997 ....
  527  3610  4652  1995 12258 .+.-
  528   380  1378  2993  3991 ....
  529  2376  7267   761  9643 .+.-
  530  3374  5653  1759 11256 .+.-
  531   144  1142  2757  3755 ....
  532  2140  8268   525  8641 .+.-
  533  3138  4136  1523  2521 ....
  534   906  6655  3519 10255 .+.-
  535  1904  2902   289  1287 ....
  536  3900  5042  2285 11868 .+.-
  537   670  7657  3283  9253 .+.-
  538  1668  2666    53  1051 ....
  539  3664  6043  2049 10866 .+.-
  540   434  1432  3047  4045 ....
  541  2430  4430   815 12479 .+.-
  542  3428  7045  1813  9865 .+.-
  543   198  1196  2811  3809 ....
  544  2194  5432   579 11478 .+.-
  545  3192  4190  1577  2575 ....
  546   960  8047  3573  8863 .+.-
  547  1958  6433   343 10476 .+.-
  548  2956  3954  1341  2339 ....
  549   724  4820  3337 12089 .+.-
  550  1722  2720   107  1105 ....
  551  3718  7435  2103  9474 .+.-
  552   488  1486  3101  4099 ....
  553  2484  5822   869 11088 .+.-
  554  3482  8437  1867  8473 .+.-
  555   252  1250  2865  3863 ....
  556  2248  6824   633 10086 .+.-
  557  3246    16  1631  2629 ....
  558  1014  5210  3627 11699 .+.-
  559  2012  7825   397  9084 .+.-
  560  3010  4008  1395  2393 ....
  561   778  6212  3391 10698 .+.-
  562  1776  2774   161  1159 ....
  563  3772  4599  2157 12311 .+.-
  564   542  7214  3155  9696 .+.-
  565  1540  2538  4153   923 ....
  566  3536  5600  1921 11309 .+.-
  567   306  1304  2919  3917 ....
  568  2302  8215   687  8694 .+.-
  569  3300    70  1685  2683 ....
  570  1068  6602  3681 10308 .+.-
  571  2066  4989   451 11921 .+.-
  572  3064  4062  1449  2447 ....
  573   832  7604  3445  9306 .+.-
  574  1830  2828   215  1213 ....
  575  3826  5990  2211 10919 .+.-
  576   596  4377  3209 12532 .+.-
  577  1594  2592  4207   977 ....
  578  3590  6992  1975  9918 .+.-
  579   360  1358  2973  3971 ....
  580  2356  5379   741 11531 .+.-
  581  3354   124  1739  2737 ....
  582  1122  7994  3735  8916 .+.-
  583  2120  6381   505 10529 .+.-
  584  3118  4116  1503  2501 ....
  585   886  4767  3499 12142 .+.-
  586  1884  2882   269  1267 ....
  587  3880  7382  2265  9527 .+.-
  588   650  5769  3263 11141 .+.-
  589  1648  2646    33  1031 ....
  590  3644  8384  2029  8526 .+.-
  591   414  1412  3027  4025 ....
  592  2410  6771   795 10139 .+.-
  593  3408  5157  1793 11752 .+.-
  594   178  1176  2791  3789 ....
  595  2174  7772   559  9137 .+.-
  596  3172  4170  1557  2555 ....
  597   940  6159  3553 10751 .+.-
  598  1938  2936   323  1321 ....
  599  3934  4546  2319 12364 .+.-
  600   704  7161  3317  9749 .+.-
  601  1702  2700    87  1085 ....
  602  3698  5547  2083 11362 .+.-
  603   468  1466  3081  4079 ....
  604  2464  8162   849  8747 .+.-
  605  3462  6549  1847 10361 .+.-
  606   232  1230  2845  3843 ....
  607  2228  4936   613 11974 .+.-
  608  3226  4224  1611  2609 ....
  609   994  7551  3607  9359 .+.-
  610  1992  5937   377 10972 .+.-
  611  2990  3988  1375  2373 ....
  612   758  4324  3371 12585 .+.-
  613  1756  2754   141  1139 ....
  614  3752  6939  2137  9970 .+.-
  615   522  1520  3135  4133 ....
  616  2518  5326   903 11584 .+.-
  617  3516  7941  1901  8969 .+.-
  618   286  1284  2899  3897 ....
  619  2282  6328   667 10582 .+.-
  620  3280    50  1665  2663 ....
  621  1048  4714  3661 12195 .+.-
  622  2046  7329   431  9580 .+.-
  623  3044  4042  1429  2427 ....
  624   812  5716  3425 11194 .+.-
  625  1810  2808   195  1193 ....
  626  3806  8331  2191  8579 .+.-
  627   576  1574  3189  4187 ....
  628  2572  6718   957 10192 .+.-
  629  3570  5104  1955 11805 .+.-
  630   340  1338  2953  3951 ....
  631  2336  7719   721  9190 .+.-
  632  3334   104  1719  2717 ....
  633  1102  6106  3715 10804 .+.-
  634  2100  4493   485 12417 .+.-
  635  3098  4096  1483  2481 ....
  636   866  7108  3479  9802 .+.-
  637  1864  2862   249  1247 ....
  638  3860  5494  2245 11415 .+.-
  639   630  8109  3243  8800 .+.-
  640  1628  2626    13  1011 ....
  641  3624  6496  2009 10413 .+.-
  642   394  1392  3007  4005 ....
  643  2390  4883   775 12027 .+.-
  644  3388   158  1773  2771 ....
  645  1156  7498  3769  9412 .+.-
  646  2154  5885   539 11025 .+.-
  647  3152  4150  1537  2535 ....
  648   920  4271  3533 12638 .+.-
  649  1918  2916   303  1301 ....
  650  3914  6886  2299 10023 .+.-
  651   684  5273  3297 11637 .+.-
  652  1682  2680    67  1065 ....
  653  3678  7888  2063  9022 .+.-
  654   448  1446  3061  4059 ....
  655  2444  6275   829 10635 .+.-
  656  3442  4661  1827 12248 .+.-
  657   212  1210  2825  3823 ....
  658  2208  7276   593  9633 .+.-
  659  3206  4204  1591  2589 ....
  660   974  5663  3587 11247 .+.-
  661  1972  2970   357  1355 ....
  662  3968  8278  2353  8632 .+.-
  663   738  6665  3351 10245 .+.-
  664  1736  2734   121  1119 ....
  665  3732  5051  2117 11858 .+.-
  666   502  1500  3115  4113 ....
  667  2498  7666   883  9243 .+.-
  668  3496  6053  1881 10857 .+.-
  669   266  1264  2879  3877 ....
  670  2262  4440   647 12470 .+.-
  671  3260    30  1645  2643 ....
  672  1028  7055  3641  9855 .+.-
  673  2026  3024   411  1409 ....
  674  4022  5442  2407 11468 .+.-
  675   792  8056  3405  8853 .+.-
  676  1790  2788   175  1173 ....
  677  3786  6443  2171 10466 .+.-
  678   556  1554  3169  4167 ....
  679  2552  4830   937 12080 .+.-
  680  3550  7445  1935  9465 .+.-
  681   320  1318  2933  3931 ....
  682  2316  5832   701 11078 .+.-
  683  3314    84  1699  2697 ....
  684  1082  8446  3695  8463 .+.-
  685  2080  6833   465 10076 .+.-
  686  3078  4076  1463  2461 ....
  687   846  5220  3459 11690 .+.-
  688  1844  2842   229  1227 ....
  689  3840  7835  2225  9075 .+.-
  690   610  1608  3223  4221 ....
  691  2606  6222   991 10688 .+.-
  692  3604  4608  1989 12301 .+.-
  693   374  1372  2987  3985 ....
  694  2370  7223   755  9686 .+.-
  695  3368   138  1753  2751 ....
  696  1136  5610  3749 11300 .+.-
  697  2134  8225   519  8685 .+.-
  698  3132  4130  1517  2515 ....
  699   900  6612  3513 10298 .+.-
  700  1898  2896   283  1281 ....
  701  3894  4998  2279 11911 .+.-
  702   664  7613  3277  9296 .+.-
  703  1662  2660    47  1045 ....
  704  3658  6000  2043 10909 .+.-
  705   428  1426  3041  4039 ....
  706  2424  4387   809 12523 .+.-
  707  3422   192  1807  2805 ....
  708  1190  7002  3803  9908 .+.-
  709  2188  5389   573 11521 .+.-
  710  3186  4184  1571  2569 ....
  711   954  8003  3567  8906 .+.-
  712  1952  2950   337  1335 ....
  713  3948  6390  2333 10519 .+.-
  714   718  4777  3331 12133 .+.-
  715  1716  2714   101  1099 ....
  716  3712  7392  2097  9518 .+.-
  717   482  1480  3095  4093 ....
  718  2478  5779   863 11131 .+.-
  719  3476   246  1861  2859 ....
  720  1244  8393  3857  8516 .+.-
  721  2242  6780   627 10129 .+.-
  722  3240    10  1625  2623 ....
  723  1008  5167  3621 11743 .+.-
  724  2006  3004   391  1389 ....
  725  4002  7782  2387  9128 .+.-
  726   772  6169  3385 10741 .+.-
  727  1770  2768   155  1153 ....
  728  3766  4555  2151 12354 .+.-
  729   536  1534  3149  4147 ....
  730  2532  7170   917  9739 .+.-
  731  3530  5557  1915 11353 .+.-
  732   300  1298  2913  3911 ....
  733  2296  8172   681  8738 .+.-
  734  3294    64  1679  2677 ....
  735  1062  6559  3675 10351 .+.-
  736  2060  3058   445  1443 ....
  737  4056  4946  2441 11964 .+.-
  738   826  7560  3439  9349 .+.-
  739  1824  2822   209  1207 ....
  740  3820  5947  2205 10962 .+.-
  741   590  1588  3203  4201 ....
  742  2586  4334   971 12576 .+.-
  743  3584  6949  1969  9961 .+.-
  744   354  1352  2967  3965 ....
  745  2350  5336   735 11574 .+.-
  746  3348   118  1733  2731 ....
  747  1116  7950  3729  8959 .+.-
  748  2114  6337   499 10572 .+.-
  749  3112  4110  1497  2495 ....
  750   880  4724  3493 12186 .+.-
  751  1878  2876   263  1261 ....
  752  3874  7339  2259  9571 .+.-
  753   644  1642  3257    27 ....
  754  2640  5726  1025 11184 .+.-
  755  3638  8340  2023  8569 .+.-
  756   408  1406  3021  4019 ....
  757  2404  6727   789 10182 .+.-
  758  3402   172  1787  2785 ....
  759  1170  5114  3783 11796 .+.-
  760  2168  7729   553  9181 .+.-
  761  3166  4164  1551  2549 ....
  762   934  6116  3547 10794 .+.-
  763  1932  2930   317  1315 ....
  764  3928  4502  2313 12407 .+.-
  765   698  1696  3311    81 ....
  766  2694  7117  1079  9792 .+.-
  767  3692  5504  2077 11405 .+.-
  768   462  1460  3075  4073 ....
  769  2458  8119   843  8791 .+.-
  770  3456   226  1841  2839 ....
  771  1224  6506  3837 10404 .+.-
  772  2222  4893   607 12017 .+.-
  773  3220  4218  1605  2603 ....
  774   988  7507  3601  9402 .+.-
  775  1986  2984   371  1369 ....
  776  3982  5894  2367 11015 .+.-
  777   752  4281  3365 12629 .+.-
  778  1750  2748   135  1133 ....
  779  3746  6896  2131 10014 .+.-
  780   516  1514  3129  4127 ....
  781  2512  5283   897 11627 .+.-
  782  3510   280  1895  2893 ....
  783  1278  7897  3891  9012 .+.-
  784  2276  6284   661 10625 .+.-
  785  3274    44  1659  2657 ....
  786  1042  4671  3655 12239 .+.-
  787  2040  3038   425  1423 ....
  788  4036  7286  2421  9624 .+.-
  789   806  5673  3419 11237 .+.-
  790  1804  2802   189  1187 ....
  791  3800  8287  2185  8622 .+.-
  792   570  1568  3183  4181 ....
  793  2566  6674   951 10235 .+.-
  794  3564   334  1949  2947 ....
  795  1332  5061  3945 11849 .+.-
  796  2330  7676   715  9234 .+.-
  797  3328    98  1713  2711 ....
  798  1096  6063  3709 10847 .+.-
  799  2094  3092   479  1477 ....
  800  4090  4450  2475 12460 .+.-
  801   860  7064  3473  9845 .+.-
  802  1858  2856   243  1241 ....
  803  3854  5451  2239 11458 .+.-
  804   624  1622  3237     7 ....
  805  2620  8066  1005  8844 .+.-
  806  3618  6453  2003 10457 .+.-
  807   388  1386  3001  3999 ....
  808  2384  4840   769 12070 .+.-
  809  3382   152  1767  2765 ....
  810  1150  7454  3763  9455 .+.-
  811  2148  3146   533  1531 ....
  812  4144  5841  2529 11068 .+.-
  813   914  4228  3527 12682 .+.-
  814  1912  2910   297  1295 ....
  815  3908  6843  2293 10067 .+.-
  816   678  1676  3291    61 ....
  817  2674  5230  1059 11680 .+.-
  818  3672  7844  2057  9065 .+.-
  819   442  1440  3055  4053 ....
  820  2438  6231   823 10678 .+.-
  821  3436   206  1821  2819 ....
  822  1204  4618  3817 12292 .+.-
  823  2202  7233   587  9677 .+.-
  824  3200  4198  1585  2583 ....
  825   968  5620  3581 11290 .+.-
  826  1966  2964   351  1349 ....
  827  3962  8234  2347  8675 .+.-
  828   732  1730  3345   115 ....
  829  2728  6621  1113 10288 .+.-
  830  3726  5008  2111 11901 .+.-
  831   496  1494  3109  4107 ....
  832  2492  7623   877  9287 .+.-
  833  3490   260  1875  2873 ....
  834  1258  6010  3871 10900 .+.-
  835  2256  4397   641 12513 .+.-
  836  3254    24  1639  2637 ....
  837  1022  7011  3635  9898 .+.-
  838  2020  3018   405  1403 ....
  839  4016  5398  2401 11511 .+.-
  840   786  1784  3399   169 ....
  841  2782  8013  1167  8897 .+.-
  842  3780  6400  2165 10510 .+.-
  843   550  1548  3163  4161 ....
  844  2546  4787   931 12123 .+.-
  845  3544   314  1929  2927 ....
  846  1312  7401  3925  9508 .+.-
  847  2310  5788   695 11121 .+.-
  848  3308    78  1693  2691 ....
  849  1076  8403  3689  8507 .+.-
  850  2074  3072   459  1457 ....
  851  4070  6790  2455 10120 .+.-
  852   840  5177  3453 11733 .+.-
  853  1838  2836   223  1221 ....
  854  3834  7791  2219  9118 .+.-
  855   604  1602  3217  4215 ....
  856  2600  6178   985 10731 .+.-
  857  3598   368  1983  2981 ....
  858  1366  4565  3979 12345 .+.-
  859  2364  7180   749  9730 .+.-
  860  3362   132  1747  2745 ....
  861  1130  5567  3743 11343 .+.-
  862  2128  3126   513  1511 ....
  863  4124  8182  2509  8728 .+.-
  864   894  6568  3507 10341 .+.-
  865  1892  2890   277  1275 ....
  866  3888  4955  2273 11954 .+.-
  867   658  1656  3271    41 ....
  868  2654  7570  1039  9340 .+.-
  869  3652  5957  2037 10953 .+.-
  870   422  1420  3035  4033 ....
  871  2418  4344   803 12566 .+.-
  872  3416   186  1801  2799 ....
  873  1184  6958  3797  9951 .+.-
  874  2182  3180   567  1565 ....
  875  4178  5345  2563 11564 .+.-
  876   948  7960  3561  8950 .+.-
  877  1946  2944   331  1329 ....
  878  3942  6347  2327 10563 .+.-
  879   712  1710  3325    95 ....
  880  2708  4734  1093 12176 .+.-
  881  3706  7348  2091  9561 .+.-
  882   476  1474  3089  4087 ....
  883  2472  5735   857 11174 .+.-
  884  3470   240  1855  2853 ....
  885  1238  8350  3851  8560 .+.-
  886  2236  3234   621  1619 ....
  887     4  6737  2617 10173 .+.-
  888  1002  5124  3615 11786 .+.-
  889  2000  2998   385  1383 ....
  890  3996  7738  2381  9171 .+.-
  891   766  1764  3379   149 ....
  892  2762  6125  1147 10784 .+.-
  893  3760  4512  2145 12397 .+.-
  894   530  1528  3143  4141 ....
  895  2526  7127   911  9783 .+.-
  896  3524   294  1909  2907 ....
  897  1292  5514  3905 11396 .+.-
  898  2290  8129   675  8781 .+.-
  899  3288    58  1673  2671 ....
  900  1056  6515  3669 10394 .+.-
  901  2054  3052   439  1437 ....
  902  4050  4902  2435 12007 .+.-
  903   820  1818  3433   203 ....
  904  2816  7517  1201  9393 .+.-
  905  3814  5904  2199 11006 .+.-
  906   584  1582  3197  4195 ....
  907  2580  4291   965 12619 .+.-
  908  3578   348  1963  2961 ....
  909  1346  6905  3959 10004 .+.-
  910  2344  5292   729 11617 .+.-
  911  3342   112  1727  2725 ....
  912  1110  7907  3723  9003 .+.-
  913  2108  3106   493  1491 ....
  914  4104  6294  2489 10616 .+.-
  915   874  4681  3487 12229 .+.-
  916  1872  2870   257  1255 ....
  917  3868  7295  2253  9614 .+.-
  918   638  1636  3251    21 ....
  919  2634  5682  1019 11227 .+.-
  920  3632   402  2017  3015 ....
  921  1400  8297  4013  8613 .+.-
  922  2398  6684   783 10226 .+.-
  923  3396   166  1781  2779 ....
  924  1164  5071  3777 11839 .+.-
  925  2162  3160   547  1545 ....
  926  4158  7686  2543  9224 .+.-
  927   928  6072  3541 10837 .+.-
  928  1926  2924   311  1309 ....
  929  3922  4459  2307 12450 .+.-
  930   692  1690  3305    75 ....
  931  2688  7074  1073  9836 .+.-
  932  3686   456  2071  3069 ....
  933  1454  5461  4067 11449 .+.-
  934  2452  8076   837  8834 .+.-
  935  3450   220  1835  2833 ....
  936  1218  6462  3831 10447 .+.-
  937  2216  3214   601  1599 ....
  938  4212  4849  2597 12060 .+.-
  939   982  7464  3595  9446 .+.-
  940  1980  2978   365  1363 ....
  941  3976  5851  2361 11059 .+.-
  942   746  1744  3359   129 ....
  943  2742  4238  1127 12672 .+.-
  944  3740  6852  2125 10057 .+.-
  945   510  1508  3123  4121 ....
  946  2506  5239   891 11670 .+.-
  947  3504   274  1889  2887 ....
  948  1272  7854  3885  9056 .+.-
  949  2270  3268   655  1653 ....
  950    38  6241  2651 10669 .+.-
  951  1036  4628  3649 12282 .+.-
  952  2034  3032   419  1417 ....
  953  4030  7242  2415  9667 .+.-
  954   800  1798  3413   183 ....
  955  2796  5629  1181 11280 .+.-
  956  3794  8244  2179  8665 .+.-
  957   564  1562  3177  4175 ....
  958  2560  6631   945 10279 .+.-
  959  3558   328  1943  2941 ....
  960  1326  5018  3939 11892 .+.-
  961  2324  7633   709  9277 .+.-
  962  3322    92  1707  2705 ....
  963  1090  6019  3703 10890 .+.-
  964  2088  3086   473  1471 ....
  965  4084  4406  2469 12503 .+.-
  966   854  1852  3467   237 ....
  967  2850  7021  1235  9889 .+.-
  968  3848  5408  2233 11502 .+.-
  969   618  1616  3231     1 ....
  970  2614  8023   999  8887 .+.-
  971  3612   382  1997  2995 ....
  972  1380  6409  3993 10500 .+.-
  973  2378  4796   763 12113 .+.-
  974  3376   146  1761  2759 ....
  975  1144  7411  3757  9499 .+.-
  976  2142  3140   527  1525 ....
  977  4138  5798  2523 11112 .+.-
  978   908  1906  3521   291 ....
  979  2904  8413  1289  8497 .+.-
  980  3902  6799  2287 10110 .+.-
  981   672  1670  3285    55 ....
  982  2668  5186  1053 11723 .+.-
  983  3666   436  2051  3049 ....
  984  1434  7801  4047  9108 .+.-
  985  2432  6188   817 10722 .+.-
  986  3430   200  1815  2813 ....
  987  1198  4575  3811 12335 .+.-
  988  2196  3194   581  1579 ....
  989  4192  7190  2577  9720 .+.-
  990   962  5576  3575 11333 .+.-
  991  1960  2958   345  1343 ....
  992  3956  8191  2341  8718 .+.-
  993   726  1724  3339   109 ....
  994  2722  6578  1107 10332 .+.-
  995  3720   490  2105  3103 ....
  996  1488  4965  4101 11945 .+.-
  997  2486  7580   871  9330 .+.-
  998  3484   254  1869  2867 ....
  999  1252  5966  3865 10943 .+.-
 1000  2250  3248   635  1633 ....
 1001    18  4353  2631 12556 .+.-
 1002  1016  6968  3629  9942 .+.-
 1003  2014  3012   399  1397 ....
 1004  4010  5355  2395 11555 .+.-
 1005   780  1778  3393   163 ....
 1006  2776  7970  1161  8940 .+.-
 1007  3774  6356  2159 10553 .+.-
 1008   544  1542  3157  4155 ....
 1009  2540  4743   925 12166 .+.-
 1010  3538   308  1923  2921 ....
 1011  1306  7358  3919  9552 .+.-
 1012  2304  3302   689  1687 ....
 1013    72  5745  2685 11165 .+.-
 1014  1070  8360  3683  8550 .+.-
 1015  2068  3066   453  1451 ....
 1016  4064  6747  2449 10163 .+.-
 1017   834  1832  3447   217 ....
 1018  2830  5133  1215 11776 .+.-
 1019  3828  7748  2213  9161 .+.-
 1020   598  1596  3211  4209 ....
 1021  2594  6135   979 10775 .+.-
 1022  3592   362  1977  2975 ....
 1023  1360  4522  3973 12388 .+.-
 1024  2358  3356   743  1741 ....
 1025   126  7137  2739  9773 .+.-
 1026  1124  5523  3737 11386 .+.-
 1027  2122  3120   507  1505 ....
 1028  4118  8138  2503  8771 .+.-
 1029   888  1886  3501   271 ....
 1030  2884  6525  1269 10385 .+.-
 1031  3882  4912  2267 11998 .+.-
 1032   652  1650  3265    35 ....
 1033  2648  7527  1033  9383 .+.-
 1034  3646   416  2031  3029 ....
 1035  1414  5913  4027 10996 .+.-
 1036  2412  4300   797 12609 .+.-
 1037  3410   180  1795  2793 ....
 1038  1178  6915  3791  9995 .+.-
 1039  2176  3174   561  1559 ....
 1040  4172  5302  2557 11608 .+.-
 1041   942  1940  3555   325 ....
 1042  2938  7917  1323  8993 .+.-
 1043  3936  6303  2321 10606 .+.-
 1044   706  1704  3319    89 ....
 1045  2702  4690  1087 12219 .+.-
 1046  3700   470  2085  3083 ....
 1047  1468  7305  4081  9604 .+.-
 1048  2466  5692   851 11218 .+.-
 1049  3464   234  1849  2847 ....
 1050  1232  8307  3845  8603 .+.-
 1051  2230  3228   615  1613 ....
 1052  4226  6694  2611 10216 .+.-
 1053   996  5080  3609 11829 .+.-
 1054  1994  2992   379  1377 ....
 1055  3990  7695  2375  9214 .+.-
 1056   760  1758  3373   143 ....
 1057  2756  6082  1141 10828 .+.-
 1058  3754   524  2139  3137 ....
 1059  1522  4469  4135 12441 .+.-
 1060  2520  7084   905  9826 .+.-
 1061  3518   288  1903  2901 ....
 1062  1286  5470  3899 11439 .+.-
 1063  2284  3282   669  1667 ....
 1064    52  8085  2665  8824 .+.-
 1065  1050  6472  3663 10438 .+.-
 1066  2048  3046   433  1431 ....
 1067  4044  4859  2429 12051 .+.-
 1068   814  1812  3427   197 ....
 1069  2810  7474  1195  9436 .+.-
 1070  3808   578  2193  3191 ....
 1071  1576  5860  4189 11049 .+.-
 1072  2574  4247   959 12662 .+.-
 1073  3572   342  1957  2955 ....
 1074  1340  6862  3953 10048 .+.-
 1075  2338  3336   723  1721 ....
 1076   106  5249  2719 11661 .+.-
 1077  1104  7864  3717  9046 .+.-
 1078  2102  3100   487  1485 ....
 1079  4098  6251  2483 10659 .+.-
 1080   868  1866  3481   251 ....
 1081  2864  4637  1249 12272 .+.-
 1082  3862  7252  2247  9657 .+.-
 1083   632  1630  3245    15 ....
 1084  2628  5639  1013 11271 .+.-
 1085  3626   396  2011  3009 ....
 1086  1394  8254  4007  8656 .+.-
 1087  2392  3390   777  1775 ....
 1088   160  6641  2773 10269 .+.-
 1089  1158  5027  3771 11882 .+.-
 1090  2156  3154   541  1539 ....
 1091  4152  7642  2537  9267 .+.-
 1092   922  1920  3535   305 ....
 1093  2918  6029  1303 10881 .+.-
 1094  3916  4416  2301 12494 .+.-
 1095   686  1684  3299    69 ....
 1096  2682  7031  1067  9879 .+.-
 1097  3680   450  2065  3063 ....
 1098  1448  5417  4061 11492 .+.-
 1099  2446  8032   831  8877 .+.-
 1100  3444   214  1829  2827 ....
 1101  1212  6419  3825 10491 .+.-
 1102  2210  3208   595  1593 ....
 1103  4206  4806  2591 12104 .+.-
 1104   976  1974  3589   359 ....
 1105  2972  7421  1357  9489 .+.-
 1106  3970  5807  2355 11102 .+.-
 1107   740  1738  3353   123 ....
 1108  2736  8422  1121  8487 .+.-
 1109  3734   504  2119  3117 ....
 1110  1502  6809  4115 10100 .+.-
 1111  2500  5196   885 11714 .+.-
 1112  3498   268  1883  2881 ....
 1113  1266  7811  3879  9099 .+.-
 1114  2264  3262   649  1647 ....
 1115    32  6198  2645 10712 .+.-
 1116  1030  2028  3643   413 ....
 1117  3026  4584  1411 12325 .+.-
 1118  4024  7199  2409  9710 .+.-
 1119   794  1792  3407   177 ....
 1120  2790  5586  1175 11324 .+.-
 1121  3788   558  2173  3171 ....
 1122  1556  8201  4169  8709 .+.-
 1123  2554  6588   939 10322 .+.-
 1124  3552   322  1937  2935 ....
 1125  1320  4974  3933 11935 .+.-
 1126  2318  3316   703  1701 ....
 1127    86  7589  2699  9320 .+.-
 1128  1084  5976  3697 10934 .+.-
 1129  2082  3080   467  1465 ....
 1130  4078  4363  2463 12547 .+.-
 1131   848  1846  3461   231 ....
 1132  2844  6978  1229  9932 .+.-
 1133  3842   612  2227  3225 ....
 1134  1610  5364  4223 11545 .+.-
 1135  2608  7979   993  8930 .+.-
 1136  3606   376  1991  2989 ....
 1137  1374  6366  3987 10544 .+.-
 1138  2372  3370   757  1755 ....
 1139   140  4753  2753 12157 .+.-
 1140  1138  7368  3751  9542 .+.-
 1141  2136  3134   521  1519 ....
 1142  4132  5755  2517 11155 .+.-
 1143   902  1900  3515   285 ....
 1144  2898  8369  1283  8540 .+.-
 1145  3896   666  2281  3279 ....
 1146  1664  6756    49 10153 .+.-
 1147  2662  5143  1047 11767 .+.-
 1148  3660   430  2045  3043 ....
 1149  1428  7758  4041  9152 .+.-
 1150  2426  3424   811  1809 ....
 1151   194  6145  2807 10765 .+.-
 1152  1192  4531  3805 12378 .+.-
 1153  2190  3188   575  1573 ....
 1154  4186  7146  2571  9763 .+.-
 1155   956  1954  3569   339 ....
 1156  2952  5533  1337 11377 .+.-
 1157  3950  8148  2335  8762 .+.-
 1158   720  1718  3333   103 ....
 1159  2716  6535  1101 10375 .+.-
 1160  3714   484  2099  3097 ....
 1161  1482  4921  4095 11988 .+.-
 1162  2480  3478   865  1863 ....
 1163   248  7536  2861  9373 .+.-
 1164  1246  5923  3859 10987 .+.-
 1165  2244  3242   629  1627 ....
 1166    12  4310  2625 12600 .+.-
 1167  1010  2008  3623   393 ....
 1168  3006  6925  1391  9985 .+.-
 1169  4004  5311  2389 11598 .+.-
 1170   774  1772  3387   157 ....
 1171  2770  7926  1155  8983 .+.-
 1172  3768   538  2153  3151 ....
 1173  1536  6313  4149 10596 .+.-
 1174  2534  4700   919 12210 .+.-
 1175  3532   302  1917  2915 ....
 1176  1300  7315  3913  9595 .+.-
 1177  2298  3296   683  1681 ....
 1178    66  5702  2679 11208 .+.-
 1179  1064  2062  3677   447 ....
 1180  3060  8316  1445  8593 .+.-
 1181  4058  6703  2443 10206 .+.-
 1182   828  1826  3441   211 ....
 1183  2824  5090  1209 11820 .+.-
 1184  3822   592  2207  3205 ....
 1185  1590  7705  4203  9205 .+.-
 1186  2588  6092   973 10818 .+.-
 1187  3586   356  1971  2969 ....
 1188  1354  4478  3967 12431 .+.-
 1189  2352  3350   737  1735 ....
 1190   120  7093  2733  9816 .+.-
 1191  1118  2116  3731   501 ....
 1192  3114  5480  1499 11430 .+.-
 1193  4112  8095  2497  8815 .+.-
 1194   882  1880  3495   265 ....
 1195  2878  6482  1263 10428 .+.-
 1196  3876   646  2261  3259 ....
 1197  1644  4868    29 12041 .+.-
 1198  2642  7483  1027  9426 .+.-
 1199  3640   410  2025  3023 ....
 1200  1408  5870  4021 11040 .+.-
 1201  2406  3404   791  1789 ....
 1202   174  4257  2787 12653 .+.-
 1203  1172  6872  3785 10038 .+.-
 1204  2170  3168   555  1553 ....
 1205  4166  5259  2551 11651 .+.-
 1206   936  1934  3549   319 ....
 1207  2932  7873  1317  9036 .+.-
 1208  3930   700  2315  3313 ....
 1209  1698  6260    83 10649 .+.-
 1210  2696  4647  1081 12263 .+.-
 1211  3694   464  2079  3077 ....
 1212  1462  7262  4075  9648 .+.-
 1213  2460  3458   845  1843 ....
 1214   228  5649  2841 11261 .+.-
 1215  1226  8263  3839  8646 .+.-
 1216  2224  3222   609  1607 ....
 1217  4220  6650  2605 10259 .+.-
 1218   990  1988  3603   373 ....
 1219  2986  5037  1371 11873 .+.-
 1220  3984  7652  2369  9258 .+.-
 1221   754  1752  3367   137 ....
 1222  2750  6039  1135 10871 .+.-
 1223  3748   518  2133  3131 ....
 1224  1516  4425  4129 12484 .+.-
 1225  2514  3512   899  1897 ....
 1226   282  7040  2895  9869 .+.-
 1227  1280  5427  3893 11483 .+.-
 1228  2278  3276   663  1661 ....
 1229    46  8042  2659  8868 .+.-
 1230  1044  2042  3657   427 ....
 1231  3040  6429  1425 10481 .+.-
 1232  4038  4815  2423 12094 .+.-
 1233   808  1806  3421   191 ....
 1234  2804  7430  1189  9479 .+.-
 1235  3802   572  2187  3185 ....
 1236  1570  5817  4183 11092 .+.-
 1237  2568  3566   953  1951 ....
 1238   336  8432  2949  8478 .+.-
 1239  1334  6819  3947 10091 .+.-
 1240  2332  3330   717  1715 ....
 1241   100  5206  2713 11704 .+.-
 1242  1098  2096  3711   481 ....
 1243  3094  7820  1479  9089 .+.-
 1244  4092  6207  2477 10702 .+.-
 1245   862  1860  3475   245 ....
 1246  2858  4594  1243 12316 .+.-
 1247  3856   626  2241  3239 ....
 1248  1624  7209     9  9701 .+.-
 1249  2622  5596  1007 11314 .+.-
 1250  3620   390  2005  3003 ....
 1251  1388  8210  4001  8699 .+.-
 1252  2386  3384   771  1769 ....
 1253   154  6597  2767 10312 .+.-
 1254  1152  2150  3765   535 ....
 1255  3148  4984  1533 11926 .+.-
 1256  4146  7599  2531  9311 .+.-
 1257   916  1914  3529   299 ....
 1258  2912  5986  1297 10924 .+.-
 1259  3910   680  2295  3293 ....
 1260  1678  4372    63 12537 .+.-
 1261  2676  6987  1061  9922 .+.-
 1262  3674   444  2059  3057 ....
 1263  1442  5374  4055 11536 .+.-
 1264  2440  3438   825  1823 ....
 1265   208  7989  2821  8921 .+.-
 1266  1206  6376  3819 10534 .+.-
 1267  2204  3202   589  1587 ....
 1268  4200  4763  2585 12147 .+.-
 1269   970  1968  3583   353 ....
 1270  2966  7377  1351  9532 .+.-
 1271  3964   734  2349  3347 ....
 1272  1732  5764   117 11145 .+.-
 1273  2730  8379  1115  8531 .+.-
 1274  3728   498  2113  3111 ....
 1275  1496  6766  4109 10144 .+.-
 1276  2494  3492   879  1877 ....
 1277   262  5153  2875 11757 .+.-
 1278  1260  7767  3873  9142 .+.-
 1279  2258  3256   643  1641 ....
 1280    26  6154  2639 10755 .+.-
 1281  1024  2022  3637   407 ....
 1282  3020  4541  1405 12369 .+.-
 1283  4018   788  2403  3401 ....
 1284  1786  7156   171  9754 .+.-
 1285  2784  5543  1169 11367 .+.-
 1286  3782   552  2167  3165 ....
 1287  1550  8157  4163  8752 .+.-
 1288  2548  3546   933  1931 ....
 1289   316  6544  2929 10365 .+.-
 1290  1314  4931  3927 11979 .+.-
 1291  2312  3310   697  1695 ....
 1292    80  7546  2693  9364 .+.-
 1293  1078  2076  3691   461 ....
 1294  3074  5933  1459 10977 .+.-
 1295  4072  4319  2457 12590 .+.-
 1296   842  1840  3455   225 ....
 1297  2838  6934  1223  9975 .+.-
 1298  3836   606  2221  3219 ....
 1299  1604  5321  4217 11588 .+.-
 1300  2602  3600   987  1985 ....
 1301   370  7936  2983  8974 .+.-
 1302  1368  6323  3981 10587 .+.-
 1303  2366  3364   751  1749 ....
 1304   134  4710  2747 12200 .+.-
 1305  1132  2130  3745   515 ....
 1306  3128  7324  1513  9585 .+.-
 1307  4126  5711  2511 11198 .+.-
 1308   896  1894  3509   279 ....
 1309  2892  8326  1277  8584 .+.-
 1310  3890   660  2275  3273 ....
 1311  1658  6713    43 10197 .+.-
 1312  2656  5100  1041 11810 .+.-
 1313  3654   424  2039  3037 ....
 1314  1422  7714  4035  9195 .+.-
 1315  2420  3418   805  1803 ....
 1316   188  6101  2801 10808 .+.-
 1317  1186  2184  3799   569 ....
 1318  3182  4488  1567 12422 .+.-
 1319  4180  7103  2565  9807 .+.-
 1320   950  1948  3563   333 ....
 1321  2946  5490  1331 11420 .+.-
 1322  3944   714  2329  3327 ....
 1323  1712  8104    97  8805 .+.-
 1324  2710  6491  1095 10418 .+.-
 1325  3708   478  2093  3091 ....
 1326  1476  4878  4089 12032 .+.-
 1327  2474  3472   859  1857 ....
 1328   242  7493  2855  9417 .+.-
 1329  1240  2238  3853   623 ....
 1330  3236  5880  1621 11030 .+.-
 1331     6  4267  2619 12643 .+.-
 1332  1004  2002  3617   387 ....
 1333  3000  6881  1385 10028 .+.-
 1334  3998   768  2383  3381 ....
 1335  1766  5268   151 11641 .+.-
 1336  2764  7883  1149  9027 .+.-
 1337  3762   532  2147  3145 ....
 1338  1530  6270  4143 10640 .+.-
 1339  2528  3526   913  1911 ....
 1340   296  4657  2909 12253 .+.-
 1341  1294  7271  3907  9638 .+.-
 1342  2292  3290   677  1675 ....
 1343    60  5658  2673 11251 .+.-
 1344  1058  2056  3671   441 ....
 1345  3054  8273  1439  8637 .+.-
 1346  4052   822  2437  3435 ....
 1347  1820  6660   205 10250 .+.-
 1348  2818  5047  1203 11863 .+.-
 1349  3816   586  2201  3199 ....
 1350  1584  7661  4197  9248 .+.-
 1351  2582  3580   967  1965 ....
 1352   350  6048  2963 10861 .+.-
 1353  1348  4435  3961 12475 .+.-
 1354  2346  3344   731  1729 ....
 1355   114  7050  2727  9860 .+.-
 1356  1112  2110  3725   495 ....
 1357  3108  5437  1493 11473 .+.-
 1358  4106  8051  2491  8858 .+.-
 1359   876  1874  3489   259 ....
 1360  2872  6438  1257 10471 .+.-
 1361  3870   640  2255  3253 ....
 1362  1638  4825    23 12084 .+.-
 1363  2636  3634  1021  2019 ....
 1364   404  7440  3017  9470 .+.-
 1365  1402  5827  4015 11083 .+.-
 1366  2400  3398   785  1783 ....
 1367   168  8442  2781  8468 .+.-
 1368  1166  2164  3779   549 ....
 1369  3162  6828  1547 10081 .+.-
 1370  4160  5215  2545 11694 .+.-
 1371   930  1928  3543   313 ....
 1372  2926  7830  1311  9080 .+.-
 1373  3924   694  2309  3307 ....
 1374  1692  6217    77 10693 .+.-
 1375  2690  3688  1075  2073 ....
 1376   458  4604  3071 12306 .+.-
 1377  1456  7218  4069  9691 .+.-
 1378  2454  3452   839  1837 ....
 1379   222  5605  2835 11304 .+.-
 1380  1220  2218  3833   603 ....
 1381  3216  8220  1601  8690 .+.-
 1382  4214  6607  2599 10303 .+.-
 1383   984  1982  3597   367 ....
 1384  2980  4994  1365 11916 .+.-
 1385  3978   748  2363  3361 ....
 1386  1746  7608   131  9301 .+.-
 1387  2744  5995  1129 10914 .+.-
 1388  3742   512  2127  3125 ....
 1389  1510  4382  4123 12527 .+.-
 1390  2508  3506   893  1891 ....
 1391   276  6997  2889  9913 .+.-
 1392  1274  2272  3887   657 ....
 1393  3270  5384  1655 11526 .+.-
 1394    40  7999  2653  8911 .+.-
 1395  1038  2036  3651   421 ....
 1396  3034  6385  1419 10524 .+.-
 1397  4032   802  2417  3415 ....
 1398  1800  4772   185 12137 .+.-
 1399  2798  7387  1183  9523 .+.-
 1400  3796   566  2181  3179 ....
 1401  1564  5774  4177 11136 .+.-
 1402  2562  3560   947  1945 ....
 1403   330  8389  2943  8521 .+.-
 1404  1328  6775  3941 10134 .+.-
 1405  2326  3324   711  1709 ....
 1406    94  5162  2707 11747 .+.-
 1407  1092  2090  3705   475 ....
 1408  3088  7777  1473  9133 .+.-
 1409  4086   856  2471  3469 ....
 1410  1854  6164   239 10746 .+.-
 1411  2852  4551  1237 12359 .+.-
 1412  3850   620  2235  3233 ....
 1413  1618  7165     3  9744 .+.-
 1414  2616  3614  1001  1999 ....
 1415   384  5552  2997 11357 .+.-
 1416  1382  8167  3995  8743 .+.-
 1417  2380  3378   765  1763 ....
 1418   148  6554  2761 10356 .+.-
 1419  1146  2144  3759   529 ....
 1420  3142  4941  1527 11969 .+.-
 1421  4140   910  2525  3523 ....
 1422  1908  7556   293  9354 .+.-
 1423  2906  5942  1291 10967 .+.-
 1424  3904   674  2289  3287 ....
 1425  1672  4329    57 12580 .+.-
 1426  2670  3668  1055  2053 ....
 1427   438  6944  3051  9966 .+.-
 1428  1436  5331  4049 11579 .+.-
 1429  2434  3432   819  1817 ....
 1430   202  7946  2815  8964 .+.-
 1431  1200  2198  3813   583 ....
 1432  3196  6332  1581 10577 .+.-
 1433  4194  4719  2579 12190 .+.-
 1434   964  1962  3577   347 ....
 1435  2960  7334  1345  9576 .+.-
 1436  3958   728  2343  3341 ....
 1437  1726  5721   111 11189 .+.-
 1438  2724  3722  1109  2107 ....
 1439   492  8336  3105  8574 .+.-
 1440  1490  6722  4103 10187 .+.-
 1441  2488  3486   873  1871 ....
 1442   256  5109  2869 11800 .+.-
 1443  1254  2252  3867   637 ....
 1444  3250  7724  1635  9186 .+.-
 1445    20  6111  2633 10799 .+.-
 1446  1018  2016  3631   401 ....
 1447  3014  4498  1399 12412 .+.-
 1448  4012   782  2397  3395 ....
 1449  1780  7112   165  9797 .+.-
 1450  2778  5499  1163 11410 .+.-
 1451  3776   546  2161  3159 ....
 1452  1544  8114  4157  8795 .+.-
 1453  2542  3540   927  1925 ....
 1454   310  6501  2923 10409 .+.-
 1455  1308  2306  3921   691 ....
 1456  3304  4888  1689 12022 .+.-
 1457    74  7503  2687  9407 .+.-
 1458  1072  2070  3685   455 ....
 1459  3068  5889  1453 11020 .+.-
 1460  4066   836  2451  3449 ....
 1461  1834  4276   219 12633 .+.-
 1462  2832  6891  1217 10019 .+.-
 1463  3830   600  2215  3213 ....
 1464  1598  5278  4211 11632 .+.-
 1465  2596  3594   981  1979 ....
 1466   364  7893  2977  9017 .+.-
 1467  1362  2360  3975   745 ....
 1468  3358  6279  1743 10630 .+.-
 1469   128  4666  2741 12243 .+.-
 1470  1126  2124  3739   509 ....
 1471  3122  7281  1507  9629 .+.-
 1472  4120   890  2505  3503 ....
 1473  1888  5668   273 11242 .+.-
 1474  2886  8283  1271  8627 .+.-
 1475  3884   654  2269  3267 ....
 1476  1652  6669    37 10240 .+.-
 1477  2650  3648  1035  2033 ....
 1478   418  5056  3031 11853 .+.-
 1479  1416  7671  4029  9239 .+.-
 1480  2414  3412   799  1797 ....
 1481   182  6058  2795 10852 .+.-
 1482  1180  2178  3793   563 ....
 1483  3176  4445  1561 12465 .+.-
 1484  4174   944  2559  3557 ....
 1485  1942  7060   327  9850 .+.-
 1486  2940  5446  1325 11463 .+.-
 1487  3938   708  2323  3321 ....
 1488  1706  8061    91  8848 .+.-
 1489  2704  3702  1089  2087 ....
 1490   472  6448  3085 10462 .+.-
 1491  1470  4835  4083 12075 .+.-
 1492  2468  3466   853  1851 ....
 1493   236  7450  2849  9460 .+.-
 1494  1234  2232  3847   617 ....
 1495  3230  5836  1615 11073 .+.-
Total data plus flush bits=4228, p-parity bits=878, q-parity=878, Errors=0, Repetition=0
