F80T1QL4_4B
Channel Interleaving, Puncturing and Mapping to QPSK
User data=800, with flush=804, Channel Symbols=640, Channel Bits=1280, Parity=476, p=q=238, Coding Rate=0.625000
D=800, FECSy=640, DF=804, N=1280, P=476, p=238, distep=497, dd=0, pistep=149, pp=237, ppstep=3.378151, ppstart=804.500000, qpstart=1610.189087, k=-164, mx=3.902439

Symbol   I0    Q0  Pattern= . =data, + =p parity, - =q parity
-------------------------------------------------------------
    0     0   497 ..
    1   190  1605 .+
    2   687  1610 .-
    3   380  1304 .+
    4    73   570 ..
    5   263  1910 .-
    6   760  1003 .+
    7   453  2211 .-
    8   146   643 ..
    9   336  1507 .+
   10    29  1708 .-
   11   526  1206 .+
   12   219   716 ..
   13   409  2008 .-
   14   102   905 .+
   15   599  2309 .-
   16   292   789 ..
   17   482  1409 .+
   18   175  1806 .-
   19   672  1108 .+
   20   365    58 ..
   21   555  2106 .-
   22   248   807 .+
   23   745  2407 .-
   24   438   131 ..
   25   628  1311 .+
   26   321  1904 .-
   27    14  1010 .+
   28   511   204 ..
   29   701  2204 .-
   30   394  1513 .+
   31    87  1701 .-
   32   584   277 ..
   33   774  1213 .+
   34   467  2002 .-
   35   160   912 .+
   36   657   350 ..
   37    43  2302 .-
   38   540  1415 .+
   39   233  1799 .-
   40   730   423 ..
   41   116  1115 .+
   42   613  2100 .-
   43   306   803 ..
   44   496   814 .+
   45   189  2400 .-
   46   686  1317 .+
   47   379    72 ..
   48   569  1897 .-
   49   262  1017 .+
   50   759  2197 .-
   51   452   145 ..
   52   642  1520 .+
   53   335  1694 .-
   54    28  1220 .+
   55   525   218 ..
   56   715  1995 .-
   57   408   919 .+
   58   101  2295 .-
   59   598   291 ..
   60   788  1422 .+
   61   481  1792 .-
   62   174  1122 .+
   63   671   364 ..
   64    57  2093 .-
   65   554   821 .+
   66   247  2393 .-
   67   744   437 ..
   68   130  1324 .+
   69   627  1890 .-
   70   320  1024 .+
   71    13   510 ..
   72   203  2191 .-
   73   700  1527 .+
   74   393  1687 .-
   75    86   583 ..
   76   276  1226 .+
   77   773  1988 .-
   78   466   926 .+
   79   159   656 ..
   80   349  2289 .-
   81    42  1429 .+
   82   539   232 ..
   83   729  1785 .-
   84   422  1128 .+
   85   115  2086 .-
   86   612   305 ..
   87   802   828 .+
   88   495  2387 .-
   89   188  1331 .+
   90   685   378 ..
   91    71  1883 .-
   92   568  1030 .+
   93   261  2184 .-
   94   758   451 ..
   95   144  1534 .+
   96   641  1681 .-
   97   334  1233 .+
   98    27   524 ..
   99   217  1981 .-
  100   714   932 .+
  101   407  2282 .-
  102   100   597 ..
  103   290  1436 .+
  104   787  1779 .-
  105   480  1135 .+
  106   173   670 ..
  107   363  2079 .-
  108    56   834 .+
  109   553  2380 .-
  110   246   743 ..
  111   436  1338 .+
  112   129  1877 .-
  113   626  1037 .+
  114   319    12 ..
  115   509  2177 .-
  116   202  1540 .+
  117   699  1674 .-
  118   392    85 ..
  119   582  1240 .+
  120   275  1975 .-
  121   772   465 ..
  122   158   939 .+
  123   655  2275 .-
  124   348  1442 .+
  125    41   538 ..
  126   231  1772 .-
  127   728  1142 .+
  128   421  2072 .-
  129   114   611 ..
  130   304   841 .+
  131   801  2373 .-
  132   494  1345 .+
  133   187   684 ..
  134   377  1870 .-
  135    70  1044 .+
  136   567  2170 .-
  137   260   757 ..
  138   450  1547 .+
  139   143  1667 .-
  140   640  1247 .+
  141   333    26 ..
  142   523  1968 .-
  143   216   946 .+
  144   713  2268 .-
  145   406    99 ..
  146   596  1449 .+
  147   289  1765 .-
  148   786  1149 .+
  149   479   172 ..
  150   669  2066 .-
  151   362   848 .+
  152    55  2366 .-
  153   552   245 ..
  154   742  1351 .+
  155   435  1863 .-
  156   128  1051 .+
  157   625   318 ..
  158    11  2164 .-
  159   508  1554 .+
  160   201  1660 .-
  161   698   391 ..
  162    84  1253 .+
  163   581  1961 .-
  164   274   771 ..
  165   464   953 .+
  166   157  2262 .-
  167   654  1456 .+
  168   347    40 ..
  169   537  1758 .-
  170   230  1155 .+
  171   727  2059 .-
  172   420   113 ..
  173   610   855 .+
  174   303  2360 .-
  175   800  1358 .+
  176   493   186 ..
  177   683  1856 .-
  178   376  1057 .+
  179    69  2157 .-
  180   566   259 ..
  181   756  1561 .+
  182   449  1654 .-
  183   142  1260 .+
  184   639   332 ..
  185    25  1954 .-
  186   522   959 .+
  187   215  2255 .-
  188   712   405 ..
  189    98  1463 .+
  190   595  1752 .-
  191   288  1162 .+
  192   785   478 ..
  193   171  2052 .-
  194   668   861 .+
  195   361  2353 .-
  196    54   551 ..
  197   244  1365 .+
  198   741  1850 .-
  199   434  1064 .+
  200   127   624 ..
  201   317  2150 .-
  202    10  1567 .+
  203   507   200 ..
  204   697  1647 .-
  205   390  1267 .+
  206    83  1948 .-
  207   580   273 ..
  208   770   966 .+
  209   463  2248 .-
  210   156  1469 .+
  211   653   346 ..
  212    39  1745 .-
  213   536  1169 .+
  214   229  2045 .-
  215   726   419 ..
  216   112   868 .+
  217   609  2346 .-
  218   302  1372 .+
  219   799   492 ..
  220   185  1843 .-
  221   682  1071 .+
  222   375  2143 .-
  223    68   565 ..
  224   258  1574 .+
  225   755  1640 .-
  226   448  1274 .+
  227   141   638 ..
  228   331  1941 .-
  229    24   973 .+
  230   521  2241 .-
  231   214   711 ..
  232   404  1476 .+
  233    97  1738 .-
  234   594  1176 .+
  235   287   784 ..
  236   477  2039 .-
  237   170   875 .+
  238   667  2339 .-
  239   360    53 ..
  240   550  1378 .+
  241   243  1836 .-
  242   740   433 ..
  243   126  1078 .+
  244   623  2137 .-
  245   316  1581 .+
  246     9   506 ..
  247   199  1633 .-
  248   696  1280 .+
  249   389  1934 .-
  250    82   579 ..
  251   272   980 .+
  252   769  2235 .-
  253   462  1483 .+
  254   155   652 ..
  255   345  1731 .-
  256    38  1182 .+
  257   535  2032 .-
  258   228   725 ..
  259   418   882 .+
  260   111  2333 .-
  261   608  1385 .+
  262   301   798 ..
  263   491  1829 .-
  264   184  1084 .+
  265   681  2130 .-
  266   374    67 ..
  267   564  1588 .+
  268   257  1627 .-
  269   754  1287 .+
  270   447   140 ..
  271   637  1927 .-
  272   330   986 .+
  273    23  2228 .-
  274   520   213 ..
  275   710  1490 .+
  276   403  1725 .-
  277    96  1189 .+
  278   593   286 ..
  279   783  2025 .-
  280   476   888 .+
  281   169   666 ..
  282   359  2326 .-
  283    52  1392 .+
  284   549  1823 .-
  285   242   739 ..
  286   432  1091 .+
  287   125  2123 .-
  288   622  1594 .+
  289   315     8 ..
  290   505  1620 .-
  291   198  1294 .+
  292   695  1920 .-
  293   388    81 ..
  294   578   993 .+
  295   271  2221 .-
  296   768  1497 .+
  297   461   154 ..
  298   651  1718 .-
  299   344  1196 .+
  300    37  2018 .-
  301   534   227 ..
  302   724   895 .+
  303   417  2319 .-
  304   110  1399 .+
  305   607   300 ..
  306   797  1816 .-
  307   490  1098 .+
  308   183  2116 .-
  309   680   373 ..
  310    66  1601 .+
  311   563  1613 .-
  312   256  1301 .+
  313   753   446 ..
  314   139  1914 .-
  315   636  1000 .+
  316   329  2214 .-
  317    22   519 ..
  318   212  1503 .+
  319   709  1711 .-
  320   402  1203 .+
  321    95   592 ..
  322   285  2012 .-
  323   782   902 .+
  324   475   168 ..
  325   665  2312 .-
  326   358  1405 .+
  327    51  1809 .-
  328   548   241 ..
  329   738  1105 .+
  330   431  2110 .-
  331   124   804 .+
  332   621   314 ..
  333     7  2410 .-
  334   504  1307 .+
  335   197  1907 .-
  336   694   387 ..
  337    80  1007 .+
  338   577  2208 .-
  339   270  1510 .+
  340   767   460 ..
  341   153  1704 .-
  342   650  1209 .+
  343   343  2005 .-
  344    36   533 ..
  345   226   909 .+
  346   723  2306 .-
  347   416  1412 .+
  348   109   606 ..
  349   299  1802 .-
  350   796  1111 .+
  351   489  2103 .-
  352   182   679 ..
  353   372   811 .+
  354    65  2404 .-
  355   562  1314 .+
  356   255   752 ..
  357   445  1900 .-
  358   138  1013 .+
  359   635  2201 .-
  360   328    21 ..
  361   518  1517 .+
  362   211  1698 .-
  363   708   401 ..
  364    94  1216 .+
  365   591  1998 .-
  366   284   915 .+
  367   781   474 ..
  368   167  2299 .-
  369   664  1419 .+
  370   357  1795 .-
  371    50   547 ..
  372   240  1118 .+
  373   737  2096 .-
  374   430   818 .+
  375   123   620 ..
  376   313  2397 .-
  377     6  1321 .+
  378   503  1893 .-
  379   196   693 ..
  380   386  1020 .+
  381    79  2194 .-
  382   576  1524 .+
  383   269   766 ..
  384   459  1691 .-
  385   152  1223 .+
  386   649  1991 .-
  387   342    35 ..
  388   532   922 .+
  389   225  2292 .-
  390   722  1426 .+
  391   415   108 ..
  392   605  1789 .-
  393   298  1125 .+
  394   795  2089 .-
  395   488   181 ..
  396   678   824 .+
  397   371  2390 .-
  398    64  1328 .+
  399   561   254 ..
  400   751  1887 .-
  401   444  1027 .+
  402   137   634 ..
  403   327  2187 .-
  404    20  1530 .+
  405   517  1684 .-
  406   210   707 ..
  407   400  1230 .+
  408    93  1985 .-
  409   590   929 .+
  410   283   780 ..
  411   473  2285 .-
  412   166  1432 .+
  413   663  1782 .-
  414   356    49 ..
  415   546  1132 .+
  416   239  2083 .-
  417   736   831 .+
  418   429   122 ..
  419   619  2383 .-
  420   312  1334 .+
  421     5  1880 .-
  422   502   195 ..
  423   692  1034 .+
  424   385  2181 .-
  425    78  1537 .+
  426   575   268 ..
  427   765  1677 .-
  428   458  1236 .+
  429   151  1978 .-
  430   648   341 ..
  431    34   936 .+
  432   531  2279 .-
  433   224  1439 .+
  434   721   414 ..
  435   107  1775 .-
  436   604  1138 .+
  437   297  2076 .-
  438   794   487 ..
  439   180   838 .+
  440   677  2377 .-
  441   370    63 ..
  442   560  1341 .+
  443   253  1873 .-
  444   750  1040 .+
  445   443   136 ..
  446   633  2174 .-
  447   326  1544 .+
  448    19  1670 .-
  449   516   209 ..
  450   706  1243 .+
  451   399  1971 .-
  452    92   943 .+
  453   589   282 ..
  454   779  2272 .-
  455   472  1446 .+
  456   165  1768 .-
  457   662   355 ..
  458    48  1145 .+
  459   545  2069 .-
  460   238   845 .+
  461   735   428 ..
  462   121  2370 .-
  463   618  1348 .+
  464   311  1866 .-
  465     4   501 ..
  466   194  1047 .+
  467   691  2167 .-
  468   384  1551 .+
  469    77   574 ..
  470   267  1664 .-
  471   764  1250 .+
  472   457  1964 .-
  473   150   647 ..
  474   340   949 .+
  475    33  2265 .-
  476   530  1453 .+
  477   223   720 ..
  478   413  1762 .-
  479   106  1152 .+
  480   603  2062 .-
  481   296   793 ..
  482   486   851 .+
  483   179  2363 .-
  484   676   369 ..
  485    62  1355 .+
  486   559  1860 .-
  487   252  1054 .+
  488   749   442 ..
  489   135  2160 .-
  490   632  1557 .+
  491   325  1657 .-
  492    18   515 ..
  493   208  1257 .+
  494   705  1958 .-
  495   398   956 .+
  496    91   588 ..
  497   281  2258 .-
  498   778  1459 .+
  499   471  1755 .-
  500   164   661 ..
  501   354  1159 .+
  502    47  2056 .-
  503   544   858 .+
  504   237   734 ..
  505   427  2356 .-
  506   120  1361 .+
  507   617  1853 .-
  508   310     3 ..
  509   500  1061 .+
  510   193  2154 .-
  511   690  1564 .+
  512   383    76 ..
  513   573  1650 .-
  514   266  1263 .+
  515   763  1951 .-
  516   456   149 ..
  517   646   963 .+
  518   339  2252 .-
  519    32  1466 .+
  520   529   222 ..
  521   719  1748 .-
  522   412  1165 .+
  523   105   602 ..
  524   295  2049 .-
  525   792   865 .+
  526   485  2350 .-
  527   178   675 ..
  528   368  1368 .+
  529    61  1846 .-
  530   558  1067 .+
  531   251   748 ..
  532   441  2147 .-
  533   134  1571 .+
  534   631  1643 .-
  535   324    17 ..
  536   514  1270 .+
  537   207  1944 .-
  538   704   970 .+
  539   397    90 ..
  540   587  2245 .-
  541   280  1473 .+
  542   777  1741 .-
  543   470   163 ..
  544   660  1172 .+
  545   353  2042 .-
  546    46   872 .+
  547   543   236 ..
  548   733  2343 .-
  549   426  1375 .+
  550   119  1839 .-
  551   616   309 ..
  552     2  1074 .+
  553   499  2140 .-
  554   192  1578 .+
  555   689   382 ..
  556    75  1637 .-
  557   572  1277 .+
  558   265  1937 .-
  559   762   455 ..
  560   148   976 .+
  561   645  2238 .-
  562   338    31 ..
  563   528  1480 .+
  564   221  1735 .-
  565   718  1179 .+
  566   411   104 ..
  567   601  2035 .-
  568   294   878 .+
  569   791  2336 .-
  570   484   177 ..
  571   674  1382 .+
  572   367  1833 .-
  573    60  1081 .+
  574   557   250 ..
  575   747  2133 .-
  576   440  1584 .+
  577   133  1630 .-
  578   630   323 ..
  579    16  1284 .+
  580   513  1931 .-
  581   206   983 .+
  582   703   396 ..
  583    89  2231 .-
  584   586  1486 .+
  585   279  1728 .-
  586   776   469 ..
  587   162  1186 .+
  588   659  2029 .-
  589   352   885 .+
  590    45   542 ..
  591   235  2329 .-
  592   732  1388 .+
  593   425  1826 .-
  594   118   615 ..
  595   308  1088 .+
  596     1  2127 .-
  597   498  1591 .+
  598   191   688 ..
  599   381  1623 .-
  600    74  1290 .+
  601   571   264 ..
  602   761  1924 .-
  603   454   990 .+
  604   147  2225 .-
  605   644   337 ..
  606    30  1493 .+
  607   527  1721 .-
  608   220  1192 .+
  609   717   410 ..
  610   103  2022 .-
  611   600   892 .+
  612   293  2322 .-
  613   790   483 ..
  614   176  1395 .+
  615   673  1819 .-
  616   366  1095 .+
  617    59   556 ..
  618   249  2120 .-
  619   746  1598 .+
  620   439  1616 .-
  621   132   629 ..
  622   322  1297 .+
  623    15  1917 .-
  624   512   997 .+
  625   205   702 ..
  626   395  2218 .-
  627    88  1500 .+
  628   585  1714 .-
  629   278   775 ..
  630   468  1199 .+
  631   161  2015 .-
  632   658   899 .+
  633   351    44 ..
  634   541  2316 .-
  635   234  1402 .+
  636   731  1812 .-
  637   424   117 ..
  638   614  1101 .+
  639   307  2113 .-
Total data plus flush bits=804, p-parity bits=238, q-parity=238, Errors=0, Repetition=0
