F80T1XH1_4B
Channel Interleaving, Puncturing and Mapping to 16-QAM
User data=1480, with flush=1484, Channel Symbols=640, Channel Bits=2560, Parity=1076, p=q=538, Coding Rate=0.578125
D=1480, FECSy=640, DF=1484, N=2560, P=1076, p=538, distep=919, dd=0, pistep=333, pp=537, ppstep=2.758364, ppstart=1484.500000, qpstart=2969.879150, k=-102, mx=6.274510

Symbol   I1    I0    Q1    Q0  Pattern= . =data, + =p parity, - =q parity
-------------------------------------------------------------------------
    0     0   354   919  1273 ....
    1   708  2965   143  2969 .+.-
    2  1062  2400   497  3535 .+.-
    3  1416  1834   851  4100 .+.-
    4   286  2753  1205  3182 .+.-
    5   640  2187    75  3747 .+.-
    6   994  1622   429  4313 .+.-
    7  1348   218   783  1137 ....
    8   572  2540     7  3394 .+.-
    9   926  1975   361  3960 .+.-
   10  1280  2894   715  3041 .+.-
   11   150  2328  1069  3607 .+.-
   12   504  1763  1423  4172 .+.-
   13   858  1212   293   647 ....
   14    82  2681  1001  3253 .+.-
   15   436  2116  1355  3819 .+.-
   16   790  1550   225  4384 .+.-
   17  1144  2469   579  3466 .+.-
   18    14  1903   933  4031 .+.-
   19   368   722  1287   157 ....
   20  1076  2822   511  3113 .+.-
   21  1430  2256   865  3678 .+.-
   22   300  1691  1219  4244 .+.-
   23   654  2609    89  3325 .+.-
   24  1008  2044   443  3891 .+.-
   25  1362  2962   797  2972 .+.-
   26   232   586  1151    21 ....
   27   940  2397   375  3538 .+.-
   28  1294  1832   729  4103 .+.-
   29   164  2750  1083  3185 .+.-
   30   518  2185  1437  3750 .+.-
   31   872  1619   307  4315 .+.-
   32  1226    96   661  1015 ....
   33   450  2538  1369  3397 .+.-
   34   804  1972   239  3962 .+.-
   35  1158  2891   593  3044 .+.-
   36    28  2325   947  3609 .+.-
   37   382  1760  1301  4175 .+.-
   38   736  1090   171   525 ....
   39  1444  2678   879  3256 .+.-
   40   314  2113  1233  3822 .+.-
   41   668  1547   103  4387 .+.-
   42  1022  2466   457  3469 .+.-
   43  1376  1901   811  4034 .+.-
   44   246   600  1165    35 ....
   45   954  2819   389  3116 .+.-
   46  1308  2254   743  3681 .+.-
   47   178  1688  1097  4247 .+.-
   48   532  2607  1451  3328 .+.-
   49   886  2041   321  3893 .+.-
   50  1240  2960   675  2975 .+.-
   51   110   464  1029  1383 ....
   52   818  2394   253  3540 .+.-
   53  1172  1829   607  4106 .+.-
   54    42  2747   961  3187 .+.-
   55   396  2182  1315  3753 .+.-
   56   750  1616   185  4318 .+.-
   57  1104  1458   539   893 ....
   58   328  2535  1247  3400 .+.-
   59   682  1969   117  3965 .+.-
   60  1036  2888   471  3047 .+.-
   61  1390  2323   825  3612 .+.-
   62   260  1757  1179  4178 .+.-
   63   614   968    49   403 ....
   64  1322  2676   757  3259 .+.-
   65   192  2110  1111  3824 .+.-
   66   546  1545  1465  4390 .+.-
   67   900  2463   335  3471 .+.-
   68  1254  1898   689  4037 .+.-
   69   124  2816  1043  3118 .+.-
   70   478   832  1397   267 ....
   71  1186  2251   621  3684 .+.-
   72    56  1685   975  4249 .+.-
   73   410  2604  1329  3331 .+.-
   74   764  2038   199  3896 .+.-
   75  1118  2957   553  2978 .+.-
   76  1472   342   907  1261 ....
   77   696  2392   131  3543 .+.-
   78  1050  1826   485  4109 .+.-
   79  1404  2745   839  3190 .+.-
   80   274  2179  1193  3756 .+.-
   81   628  1614    63  4321 .+.-
   82   982  1336   417   771 ....
   83   206  2532  1125  3402 .+.-
   84   560  1967  1479  3968 .+.-
   85   914  2885   349  3049 .+.-
   86  1268  2320   703  3615 .+.-
   87   138  1754  1057  4180 .+.-
   88   492   846  1411   281 ....
   89  1200  2673   635  3262 .+.-
   90    70  2107   989  3827 .+.-
   91   424  1542  1343  4393 .+.-
   92   778  2460   213  3474 .+.-
   93  1132  1895   567  4040 .+.-
   94     2  2814   921  3121 .+.-
   95   356   710  1275   145 ....
   96  1064  2248   499  3687 .+.-
   97  1418  1683   853  4252 .+.-
   98   288  2601  1207  3333 .+.-
   99   642  2036    77  3899 .+.-
  100   996  2954   431  2980 .+.-
  101  1350   220   785  1139 ....
  102   574  2389     9  3546 .+.-
  103   928  1823   363  4111 .+.-
  104  1282  2742   717  3193 .+.-
  105   152  2176  1071  3758 .+.-
  106   506  1611  1425  4324 .+.-
  107   860  1214   295   649 ....
  108    84  2529  1003  3405 .+.-
  109   438  1964  1357  3971 .+.-
  110   792  2882   227  3052 .+.-
  111  1146  2317   581  3618 .+.-
  112    16  1752   935  4183 .+.-
  113   370   724  1289   159 ....
  114  1078  2670   513  3265 .+.-
  115  1432  2105   867  3830 .+.-
  116   302  1539  1221  4395 .+.-
  117   656  2458    91  3477 .+.-
  118  1010  1892   445  4042 .+.-
  119  1364  2811   799  3124 .+.-
  120   234   588  1153    23 ....
  121   942  2245   377  3689 .+.-
  122  1296  1680   731  4255 .+.-
  123   166  2598  1085  3336 .+.-
  124   520  2033  1439  3902 .+.-
  125   874  2951   309  2983 .+.-
  126  1228    98   663  1017 ....
  127   452  2386  1371  3549 .+.-
  128   806  1821   241  4114 .+.-
  129  1160  2739   595  3196 .+.-
  130    30  2174   949  3761 .+.-
  131   384  1608  1303  4326 .+.-
  132   738  1092   173   527 ....
  133  1446  2527   881  3408 .+.-
  134   316  1961  1235  3973 .+.-
  135   670  2880   105  3055 .+.-
  136  1024  2314   459  3620 .+.-
  137  1378  1749   813  4186 .+.-
  138   248  2667  1167  3267 .+.-
  139   602   956    37   391 ....
  140  1310  2102   745  3833 .+.-
  141   180  1536  1099  4398 .+.-
  142   534  2455  1453  3480 .+.-
  143   888  1889   323  4045 .+.-
  144  1242  2808   677  3127 .+.-
  145   112   466  1031  1385 ....
  146   820  2243   255  3692 .+.-
  147  1174  1677   609  4258 .+.-
  148    44  2596   963  3339 .+.-
  149   398  2030  1317  3904 .+.-
  150   752  2949   187  2986 .+.-
  151  1106  1460   541   895 ....
  152   330  2383  1249  3551 .+.-
  153   684  1818   119  4117 .+.-
  154  1038  2736   473  3198 .+.-
  155  1392  2171   827  3764 .+.-
  156   262  1605  1181  4329 .+.-
  157   616   970    51   405 ....
  158  1324  2524   759  3411 .+.-
  159   194  1958  1113  3976 .+.-
  160   548  2877  1467  3058 .+.-
  161   902  2312   337  3623 .+.-
  162  1256  1746   691  4189 .+.-
  163   126  2665  1045  3270 .+.-
  164   480   834  1399   269 ....
  165  1188  2099   623  3836 .+.-
  166    58  1534   977  4401 .+.-
  167   412  2452  1331  3482 .+.-
  168   766  1887   201  4048 .+.-
  169  1120  2805   555  3129 .+.-
  170  1474   344   909  1263 ....
  171   698  2240   133  3695 .+.-
  172  1052  1674   487  4260 .+.-
  173  1406  2593   841  3342 .+.-
  174   276  2027  1195  3907 .+.-
  175   630  2946    65  2989 .+.-
  176   984  1338   419   773 ....
  177   208  2380  1127  3554 .+.-
  178   562  1815  1481  4120 .+.-
  179   916  2734   351  3201 .+.-
  180  1270  2168   705  3767 .+.-
  181   140  1603  1059  4332 .+.-
  182   494   848  1413   283 ....
  183  1202  2521   637  3413 .+.-
  184    72  1956   991  3979 .+.-
  185   426  2874  1345  3060 .+.-
  186   780  2309   215  3626 .+.-
  187  1134  1743   569  4191 .+.-
  188     4  2662   923  3273 .+.-
  189   358   712  1277   147 ....
  190  1066  2096   501  3838 .+.-
  191  1420  1531   855  4404 .+.-
  192   290  2449  1209  3485 .+.-
  193   644  1884    79  4051 .+.-
  194   998  2802   433  3132 .+.-
  195  1352   222   787  1141 ....
  196   576  2237    11  3698 .+.-
  197   930  1672   365  4263 .+.-
  198  1284  2590   719  3345 .+.-
  199   154  2025  1073  3910 .+.-
  200   508  2943  1427  2991 .+.-
  201   862  1216   297   651 ....
  202    86  2378  1005  3557 .+.-
  203   440  1812  1359  4122 .+.-
  204   794  2731   229  3204 .+.-
  205  1148  2165   583  3769 .+.-
  206    18  1600   937  4335 .+.-
  207   372  2518  1291  3416 .+.-
  208   726  1080   161   515 ....
  209  1434  1953   869  3982 .+.-
  210   304  2871  1223  3063 .+.-
  211   658  2306    93  3629 .+.-
  212  1012  1741   447  4194 .+.-
  213  1366  2659   801  3276 .+.-
  214   236   590  1155    25 ....
  215   944  2094   379  3841 .+.-
  216  1298  1528   733  4406 .+.-
  217   168  2447  1087  3488 .+.-
  218   522  1881  1441  4053 .+.-
  219   876  2800   311  3135 .+.-
  220  1230   100   665  1019 ....
  221   454  2234  1373  3700 .+.-
  222   808  1669   243  4266 .+.-
  223  1162  2587   597  3347 .+.-
  224    32  2022   951  3913 .+.-
  225   386  2940  1305  2994 .+.-
  226   740  1094   175   529 ....
  227  1448  2375   883  3560 .+.-
  228   318  1809  1237  4125 .+.-
  229   672  2728   107  3207 .+.-
  230  1026  2163   461  3772 .+.-
  231  1380  1597   815  4338 .+.-
  232   250  2516  1169  3419 .+.-
  233   604   958    39   393 ....
  234  1312  1950   747  3984 .+.-
  235   182  2869  1101  3066 .+.-
  236   536  2303  1455  3631 .+.-
  237   890  1738   325  4197 .+.-
  238  1244  2656   679  3278 .+.-
  239   114   468  1033  1387 ....
  240   822  2091   257  3844 .+.-
  241  1176  1525   611  4409 .+.-
  242    46  2444   965  3491 .+.-
  243   400  1878  1319  4056 .+.-
  244   754  2797   189  3138 .+.-
  245  1108  1462   543   897 ....
  246   332  2232  1251  3703 .+.-
  247   686  1666   121  4269 .+.-
  248  1040  2585   475  3350 .+.-
  249  1394  2019   829  3915 .+.-
  250   264  2938  1183  2997 .+.-
  251   618   972    53   407 ....
  252  1326  2372   761  3562 .+.-
  253   196  1807  1115  4128 .+.-
  254   550  2725  1469  3209 .+.-
  255   904  2160   339  3775 .+.-
  256  1258  1594   693  4340 .+.-
  257   128  2513  1047  3422 .+.-
  258   482   836  1401   271 ....
  259  1190  1947   625  3987 .+.-
  260    60  2866   979  3069 .+.-
  261   414  2300  1333  3634 .+.-
  262   768  1735   203  4200 .+.-
  263  1122  2654   557  3281 .+.-
  264  1476   346   911  1265 ....
  265   700  2088   135  3847 .+.-
  266  1054  1523   489  4412 .+.-
  267  1408  2441   843  3493 .+.-
  268   278  1876  1197  4059 .+.-
  269   632  2794    67  3140 .+.-
  270   986  1340   421   775 ....
  271   210  2229  1129  3706 .+.-
  272   564  1663  1483  4271 .+.-
  273   918  2582   353  3353 .+.-
  274  1272  2016   707  3918 .+.-
  275   142  2935  1061  3000 .+.-
  276   496  2369  1415  3565 .+.-
  277   850  1204   285   639 ....
  278    74  1804   993  4131 .+.-
  279   428  2723  1347  3212 .+.-
  280   782  2157   217  3778 .+.-
  281  1136  1592   571  4343 .+.-
  282     6  2510   925  3425 .+.-
  283   360   714  1279   149 ....
  284  1068  1945   503  3990 .+.-
  285  1422  2863   857  3071 .+.-
  286   292  2298  1211  3637 .+.-
  287   646  1732    81  4202 .+.-
  288  1000  2651   435  3284 .+.-
  289  1354   224   789  1143 ....
  290   578  2085    13  3849 .+.-
  291   932  1520   367  4415 .+.-
  292  1286  2438   721  3496 .+.-
  293   156  1873  1075  4062 .+.-
  294   510  2791  1429  3143 .+.-
  295   864  1218   299   653 ....
  296    88  2226  1007  3709 .+.-
  297   442  1661  1361  4274 .+.-
  298   796  2579   231  3356 .+.-
  299  1150  2014   585  3921 .+.-
  300    20  2932   939  3002 .+.-
  301   374  2367  1293  3568 .+.-
  302   728  1082   163   517 ....
  303  1436  1801   871  4133 .+.-
  304   306  2720  1225  3215 .+.-
  305   660  2154    95  3780 .+.-
  306  1014  1589   449  4346 .+.-
  307  1368  2507   803  3427 .+.-
  308   238   592  1157    27 ....
  309   946  1942   381  3993 .+.-
  310  1300  2860   735  3074 .+.-
  311   170  2295  1089  3640 .+.-
  312   524  1729  1443  4205 .+.-
  313   878  2648   313  3287 .+.-
  314  1232   102   667  1021 ....
  315   456  2083  1375  3852 .+.-
  316   810  1517   245  4418 .+.-
  317  1164  2436   599  3499 .+.-
  318    34  1870   953  4064 .+.-
  319   388  2789  1307  3146 .+.-
  320   742  2223   177  3711 .+.-
  321  1096  1450   531   885 ....
  322   320  1658  1239  4277 .+.-
  323   674  2576   109  3358 .+.-
  324  1028  2011   463  3924 .+.-
  325  1382  2929   817  3005 .+.-
  326   252  2364  1171  3571 .+.-
  327   606   960    41   395 ....
  328  1314  1798   749  4136 .+.-
  329   184  2717  1103  3218 .+.-
  330   538  2152  1457  3783 .+.-
  331   892  1586   327  4349 .+.-
  332  1246  2505   681  3430 .+.-
  333   116   470  1035  1389 ....
  334   824  1939   259  3995 .+.-
  335  1178  2858   613  3077 .+.-
  336    48  2292   967  3642 .+.-
  337   402  1727  1321  4208 .+.-
  338   756  2645   191  3289 .+.-
  339  1110  1464   545   899 ....
  340   334  2080  1253  3855 .+.-
  341   688  1514   123  4420 .+.-
  342  1042  2433   477  3502 .+.-
  343  1396  1867   831  4067 .+.-
  344   266  2786  1185  3149 .+.-
  345   620  2220    55  3714 .+.-
  346   974  1328   409   763 ....
  347   198  1655  1117  4280 .+.-
  348   552  2574  1471  3361 .+.-
  349   906  2008   341  3927 .+.-
  350  1260  2927   695  3008 .+.-
  351   130  2361  1049  3573 .+.-
  352   484   838  1403   273 ....
  353  1192  1796   627  4139 .+.-
  354    62  2714   981  3220 .+.-
  355   416  2149  1335  3786 .+.-
  356   770  1583   205  4351 .+.-
  357  1124  2502   559  3433 .+.-
  358  1478   348   913  1267 ....
  359   702  1936   137  3998 .+.-
  360  1056  2855   491  3080 .+.-
  361  1410  2289   845  3645 .+.-
  362   280  1724  1199  4211 .+.-
  363   634  2643    69  3292 .+.-
  364   988  1342   423   777 ....
  365   212  2077  1131  3858 .+.-
  366   566  1512     1  4423 .+.-
  367   920  2430   355  3505 .+.-
  368  1274  1865   709  4070 .+.-
  369   144  2783  1063  3151 .+.-
  370   498  2218  1417  3717 .+.-
  371   852  1206   287   641 ....
  372    76  1652   995  4282 .+.-
  373   430  2571  1349  3364 .+.-
  374   784  2005   219  3929 .+.-
  375  1138  2924   573  3011 .+.-
  376     8  2358   927  3576 .+.-
  377   362   716  1281   151 ....
  378  1070  1793   505  4142 .+.-
  379  1424  2711   859  3223 .+.-
  380   294  2146  1213  3789 .+.-
  381   648  1581    83  4354 .+.-
  382  1002  2499   437  3436 .+.-
  383  1356   226   791  1145 ....
  384   580  1934    15  4001 .+.-
  385   934  2852   369  3082 .+.-
  386  1288  2287   723  3648 .+.-
  387   158  1721  1077  4213 .+.-
  388   512  2640  1431  3295 .+.-
  389   866  2074   301  3860 .+.-
  390  1220    90   655  1009 ....
  391   444  1509  1363  4426 .+.-
  392   798  2427   233  3507 .+.-
  393  1152  1862   587  4073 .+.-
  394    22  2780   941  3154 .+.-
  395   376  2215  1295  3720 .+.-
  396   730  1084   165   519 ....
  397  1438  1650   873  4285 .+.-
  398   308  2568  1227  3367 .+.-
  399   662  2003    97  3932 .+.-
  400  1016  2921   451  3014 .+.-
  401  1370  2356   805  3579 .+.-
  402   240   594  1159    29 ....
  403   948  1790   383  4144 .+.-
  404  1302  2709   737  3226 .+.-
  405   172  2143  1091  3791 .+.-
  406   526  1578  1445  4357 .+.-
  407   880  2496   315  3438 .+.-
  408  1234   104   669  1023 ....
  409   458  1931  1377  4004 .+.-
  410   812  2849   247  3085 .+.-
  411  1166  2284   601  3651 .+.-
  412    36  1718   955  4216 .+.-
  413   390  2637  1309  3298 .+.-
  414   744  2072   179  3863 .+.-
  415  1098  1452   533   887 ....
  416   322  1506  1241  4429 .+.-
  417   676  2425   111  3510 .+.-
  418  1030  1859   465  4075 .+.-
  419  1384  2778   819  3157 .+.-
  420   254  2212  1173  3722 .+.-
  421   608   962    43   397 ....
  422  1316  1647   751  4288 .+.-
  423   186  2565  1105  3369 .+.-
  424   540  2000  1459  3935 .+.-
  425   894  2918   329  3016 .+.-
  426  1248  2353   683  3582 .+.-
  427   118   472  1037  1391 ....
  428   826  1787   261  4147 .+.-
  429  1180  2706   615  3229 .+.-
  430    50  2140   969  3794 .+.-
  431   404  1575  1323  4360 .+.-
  432   758  2494   193  3441 .+.-
  433  1112  1466   547   901 ....
  434   336  1928  1255  4007 .+.-
  435   690  2847   125  3088 .+.-
  436  1044  2281   479  3653 .+.-
  437  1398  1716   833  4219 .+.-
  438   268  2634  1187  3300 .+.-
  439   622  2069    57  3866 .+.-
  440   976  1330   411   765 ....
  441   200  1503  1119  4431 .+.-
  442   554  2422  1473  3513 .+.-
  443   908  1856   343  4078 .+.-
  444  1262  2775   697  3160 .+.-
  445   132  2209  1051  3725 .+.-
  446   486   840  1405   275 ....
  447  1194  1644   629  4291 .+.-
  448    64  2563   983  3372 .+.-
  449   418  1997  1337  3938 .+.-
  450   772  2916   207  3019 .+.-
  451  1126  2350   561  3584 .+.-
  452  1480   350   915  1269 ....
  453   704  1785   139  4150 .+.-
  454  1058  2703   493  3231 .+.-
  455  1412  2138   847  3797 .+.-
  456   282  1572  1201  4362 .+.-
  457   636  2491    71  3444 .+.-
  458   990  1925   425  4009 .+.-
  459  1344   214   779  1133 ....
  460   568  2844     3  3091 .+.-
  461   922  2278   357  3656 .+.-
  462  1276  1713   711  4222 .+.-
  463   146  2631  1065  3303 .+.-
  464   500  2066  1419  3869 .+.-
  465   854  1208   289   643 ....
  466    78  1501   997  4434 .+.-
  467   432  2419  1351  3516 .+.-
  468   786  1854   221  4081 .+.-
  469  1140  2772   575  3162 .+.-
  470    10  2207   929  3728 .+.-
  471   364   718  1283   153 ....
  472  1072  1641   507  4293 .+.-
  473  1426  2560   861  3375 .+.-
  474   296  1994  1215  3940 .+.-
  475   650  2913    85  3022 .+.-
  476  1004  2347   439  3587 .+.-
  477  1358   228   793  1147 ....
  478   582  1782    17  4153 .+.-
  479   936  2700   371  3234 .+.-
  480  1290  2135   725  3800 .+.-
  481   160  1570  1079  4365 .+.-
  482   514  2488  1433  3447 .+.-
  483   868  1923   303  4012 .+.-
  484  1222    92   657  1011 ....
  485   446  2841  1365  3094 .+.-
  486   800  2276   235  3659 .+.-
  487  1154  1710   589  4224 .+.-
  488    24  2629   943  3306 .+.-
  489   378  2063  1297  3871 .+.-
  490   732  1086   167   521 ....
  491  1440  1498   875  4437 .+.-
  492   310  2416  1229  3518 .+.-
  493   664  1851    99  4084 .+.-
  494  1018  2769   453  3165 .+.-
  495  1372  2204   807  3731 .+.-
  496   242   596  1161    31 ....
  497   950  1638   385  4296 .+.-
  498  1304  2557   739  3378 .+.-
  499   174  1992  1093  3943 .+.-
  500   528  2910  1447  3025 .+.-
  501   882  2345   317  3590 .+.-
  502  1236   106   671  1025 ....
  503   460  1779  1379  4155 .+.-
  504   814  2698   249  3237 .+.-
  505  1168  2132   603  3802 .+.-
  506    38  1567   957  4368 .+.-
  507   392  2485  1311  3449 .+.-
  508   746  1920   181  4015 .+.-
  509  1100  1454   535   889 ....
  510   324  2838  1243  3096 .+.-
  511   678  2273   113  3662 .+.-
  512  1032  1707   467  4227 .+.-
  513  1386  2626   821  3309 .+.-
  514   256  2060  1175  3874 .+.-
  515   610   964    45   399 ....
  516  1318  1495   753  4440 .+.-
  517   188  2414  1107  3521 .+.-
  518   542  1848  1461  4087 .+.-
  519   896  2767   331  3168 .+.-
  520  1250  2201   685  3733 .+.-
  521   120   474  1039  1393 ....
  522   828  1636   263  4299 .+.-
  523  1182  2554   617  3380 .+.-
  524    52  1989   971  3946 .+.-
  525   406  2907  1325  3027 .+.-
  526   760  2342   195  3593 .+.-
  527  1114  1776   549  4158 .+.-
  528  1468   338   903  1257 ....
  529   692  2695   127  3240 .+.-
  530  1046  2129   481  3805 .+.-
  531  1400  1564   835  4371 .+.-
  532   270  2483  1189  3452 .+.-
  533   624  1917    59  4018 .+.-
  534   978  1332   413   767 ....
  535   202  2836  1121  3099 .+.-
  536   556  2270  1475  3664 .+.-
  537   910  1705   345  4230 .+.-
  538  1264  2623   699  3311 .+.-
  539   134  2058  1053  3877 .+.-
  540   488   842  1407   277 ....
  541  1196  1492   631  4442 .+.-
  542    66  2411   985  3524 .+.-
  543   420  1845  1339  4089 .+.-
  544   774  2764   209  3171 .+.-
  545  1128  2198   563  3736 .+.-
  546  1482   352   917  1271 ....
  547   706  1633   141  4302 .+.-
  548  1060  2551   495  3383 .+.-
  549  1414  1986   849  3949 .+.-
  550   284  2905  1203  3030 .+.-
  551   638  2339    73  3596 .+.-
  552   992  1774   427  4161 .+.-
  553  1346   216   781  1135 ....
  554   570  2692     5  3242 .+.-
  555   924  2127   359  3808 .+.-
  556  1278  1561   713  4373 .+.-
  557   148  2480  1067  3455 .+.-
  558   502  1914  1421  4020 .+.-
  559   856  1210   291   645 ....
  560    80  2833   999  3102 .+.-
  561   434  2267  1353  3667 .+.-
  562   788  1702   223  4233 .+.-
  563  1142  2620   577  3314 .+.-
  564    12  2055   931  3880 .+.-
  565   366   720  1285   155 ....
  566  1074  1490   509  4445 .+.-
  567  1428  2408   863  3527 .+.-
  568   298  1843  1217  4092 .+.-
  569   652  2761    87  3173 .+.-
  570  1006  2196   441  3739 .+.-
  571  1360   230   795  1149 ....
  572   584  1630    19  4304 .+.-
  573   938  2549   373  3386 .+.-
  574  1292  1983   727  3951 .+.-
  575   162  2902  1081  3033 .+.-
  576   516  2336  1435  3598 .+.-
  577   870  1771   305  4164 .+.-
  578  1224    94   659  1013 ....
  579   448  2689  1367  3245 .+.-
  580   802  2124   237  3811 .+.-
  581  1156  1558   591  4376 .+.-
  582    26  2477   945  3458 .+.-
  583   380  1912  1299  4023 .+.-
  584   734  1088   169   523 ....
  585  1442  2830   877  3105 .+.-
  586   312  2265  1231  3670 .+.-
  587   666  1699   101  4235 .+.-
  588  1020  2618   455  3317 .+.-
  589  1374  2052   809  3882 .+.-
  590   244   598  1163    33 ....
  591   952  1487   387  4448 .+.-
  592  1306  2405   741  3529 .+.-
  593   176  1840  1095  4095 .+.-
  594   530  2758  1449  3176 .+.-
  595   884  2193   319  3742 .+.-
  596  1238  1627   673  4307 .+.-
  597   108   462  1027  1381 ....
  598   816  2546   251  3389 .+.-
  599  1170  1981   605  3954 .+.-
  600    40  2899   959  3036 .+.-
  601   394  2334  1313  3601 .+.-
  602   748  1768   183  4167 .+.-
  603  1102  1456   537   891 ....
  604   326  2687  1245  3248 .+.-
  605   680  2121   115  3813 .+.-
  606  1034  1556   469  4379 .+.-
  607  1388  2474   823  3460 .+.-
  608   258  1909  1177  4026 .+.-
  609   612   966    47   401 ....
  610  1320  2827   755  3107 .+.-
  611   190  2262  1109  3673 .+.-
  612   544  1696  1463  4238 .+.-
  613   898  2615   333  3320 .+.-
  614  1252  2049   687  3885 .+.-
  615   122   476  1041  1395 ....
  616   830  1484   265  4451 .+.-
  617  1184  2403   619  3532 .+.-
  618    54  1837   973  4098 .+.-
  619   408  2756  1327  3179 .+.-
  620   762  2190   197  3744 .+.-
  621  1116  1625   551  4310 .+.-
  622  1470   340   905  1259 ....
  623   694  2543   129  3391 .+.-
  624  1048  1978   483  3957 .+.-
  625  1402  2896   837  3038 .+.-
  626   272  2331  1191  3604 .+.-
  627   626  1765    61  4169 .+.-
  628   980  1334   415   769 ....
  629   204  2684  1123  3251 .+.-
  630   558  2118  1477  3816 .+.-
  631   912  1553   347  4382 .+.-
  632  1266  2471   701  3463 .+.-
  633   136  1906  1055  4029 .+.-
  634   490   844  1409   279 ....
  635  1198  2825   633  3110 .+.-
  636    68  2259   987  3676 .+.-
  637   422  1694  1341  4241 .+.-
  638   776  2612   211  3322 .+.-
  639  1130  2047   565  3888 .+.-
Total data plus flush bits=1484, p-parity bits=538, q-parity=538, Errors=0, Repetition=0
