F80T1XH4_4B
Channel Interleaving, Puncturing and Mapping to 16-QAM
User data=1960, with flush=1964, Channel Symbols=640, Channel Bits=2560, Parity=596, p=q=298, Coding Rate=0.765625
D=1960, FECSy=640, DF=1964, N=2560, P=596, p=298, distep=1213, dd=0, pistep=185, pp=297, ppstep=6.590604, ppstart=1964.500000, qpstart=3931.795410, k=-342, mx=1.871345

Symbol   I1    I0    Q1    Q0  Pattern= . =data, + =p parity, - =q parity
-------------------------------------------------------------------------
    0     0   462  1213  1675 ....
    1   924  3921   173  3931 .+.-
    2  1386  1848   635  1097 ....
    3   346  3177  1559  4676 .+.-
    4   808  1270    57   519 ....
    5  1732  2432   981  5421 .+.-
    6   230   692  1443  1905 ....
    7  1154  3651   403  4202 .+.-
    8  1616   114   865  1327 ....
    9   576  2906  1789  4946 .+.-
   10  1038  1500   287   749 ....
   11  1962  2162  1211  5691 .+.-
   12   460   922  1673   171 ....
   13  1384  3381   633  4472 .+.-
   14  1846   344  1095  1557 ....
   15   806  1268    55   517 ....
   16  1730  2636   979  5216 .+.-
   17   228   690  1441  1903 ....
   18  1152  3856   401  3997 .+.-
   19  1614   112   863  1325 ....
   20   574  3111  1787  4742 .+.-
   21  1036  1498   285   747 ....
   22  1960  2366  1209  5487 .+.-
   23   458   920  1671   169 ....
   24  1382  3585   631  4267 .+.-
   25  1844   342  1093  1555 ....
   26   804  2841    53  5012 .+.-
   27  1266  1728   515   977 ....
   28   226  2096  1439  5757 .+.-
   29   688  1150  1901   399 ....
   30  1612   110   861  1323 ....
   31   572  3315  1785  4538 .+.-
   32  1034  1496   283   745 ....
   33  1958  2570  1207  5282 .+.-
   34   456   918  1669   167 ....
   35  1380  3790   629  4063 .+.-
   36  1842   340  1091  1553 ....
   37   802  3045    51  4808 .+.-
   38  1264  1726   513   975 ....
   39   224  2300  1437  5553 .+.-
   40   686  1148  1899   397 ....
   41  1610  3519   859  4333 .+.-
   42   108   570  1321  1783 ....
   43  1032  2775   281  5078 .+.-
   44  1494  1956   743  1205 ....
   45   454   916  1667   165 ....
   46  1378  2030   627  5823 .+.-
   47  1840   338  1089  1551 ....
   48   800  3249    49  4604 .+.-
   49  1262  1724   511   973 ....
   50   222  2504  1435  5348 .+.-
   51   684  1146  1897   395 ....
   52  1608  3724   857  4129 .+.-
   53   106   568  1319  1781 ....
   54  1030  2979   279  4874 .+.-
   55  1492  1954   741  1203 ....
   56   452  2234  1665  5618 .+.-
   57   914  1376   163   625 ....
   58  1838  3453  1087  4399 .+.-
   59   336   798  1549    47 ....
   60  1260  1722   509   971 ....
   61   220  2709  1433  5144 .+.-
   62   682  1144  1895   393 ....
   63  1606  1964   855  5889 .+.-
   64   104   566  1317  1779 ....
   65  1028  3183   277  4669 .+.-
   66  1490  1952   739  1201 ....
   67   450  2439  1663  5414 .+.-
   68   912  1374   161   623 ....
   69  1836  3658  1085  4195 .+.-
   70   334   796  1547    45 ....
   71  1258  2913   507  4940 .+.-
   72  1720   218   969  1431 ....
   73   680  1142  1893   391 ....
   74  1604  2168   853  5684 .+.-
   75   102   564  1315  1777 ....
   76  1026  3388   275  4465 .+.-
   77  1488  1950   737  1199 ....
   78   448  2643  1661  5210 .+.-
   79   910  1372   159   621 ....
   80  1834  3862  1083  3991 .+.-
   81   332   794  1545    43 ....
   82  1256  3117   505  4735 .+.-
   83  1718   216   967  1429 ....
   84   678  2373  1891  5480 .+.-
   85  1140  1602   389   851 ....
   86   100  3592  1313  4261 .+.-
   87   562  1024  1775   273 ....
   88  1486  1948   735  1197 ....
   89   446  2847  1659  5006 .+.-
   90   908  1370   157   619 ....
   91  1832  2102  1081  5750 .+.-
   92   330   792  1543    41 ....
   93  1254  3322   503  4531 .+.-
   94  1716   214   965  1427 ....
   95   676  2577  1889  5276 .+.-
   96  1138  1600   387   849 ....
   97    98  3796  1311  4057 .+.-
   98   560  1022  1773   271 ....
   99  1484  3051   733  4801 .+.-
  100  1946   444  1195  1657 ....
  101   906  2307   155  5546 .+.-
  102  1368  1830   617  1079 ....
  103   328   790  1541    39 ....
  104  1252  3526   501  4327 .+.-
  105  1714   212   963  1425 ....
  106   674  2781  1887  5071 .+.-
  107  1136  1598   385   847 ....
  108    96  2036  1309  5816 .+.-
  109   558  1020  1771   269 ....
  110  1482  3256   731  4597 .+.-
  111  1944   442  1193  1655 ....
  112   904  2511   153  5342 .+.-
  113  1366  1828   615  1077 ....
  114   326  3730  1539  4122 .+.-
  115   788  1250    37   499 ....
  116  1712  2986   961  4867 .+.-
  117   210   672  1423  1885 ....
  118  1134  1596   383   845 ....
  119    94  2241  1307  5612 .+.-
  120   556  1018  1769   267 ....
  121  1480  3460   729  4393 .+.-
  122  1942   440  1191  1653 ....
  123   902  2715   151  5137 .+.-
  124  1364  1826   613  1075 ....
  125   324  1971  1537  5882 .+.-
  126   786  1248    35   497 ....
  127  1710  3190   959  4663 .+.-
  128   208   670  1421  1883 ....
  129  1132  2445   381  5408 .+.-
  130  1594    92   843  1305 ....
  131   554  1016  1767   265 ....
  132  1478  3664   727  4188 .+.-
  133  1940   438  1189  1651 ....
  134   900  2920   149  4933 .+.-
  135  1362  1824   611  1073 ....
  136   322  2175  1535  5678 .+.-
  137   784  1246    33   495 ....
  138  1708  3394   957  4459 .+.-
  139   206   668  1419  1881 ....
  140  1130  2649   379  5203 .+.-
  141  1592    90   841  1303 ....
  142   552  3869  1765  3984 .+.-
  143  1014  1476   263   725 ....
  144  1938  3124  1187  4729 .+.-
  145   436   898  1649   147 ....
  146  1360  1822   609  1071 ....
  147   320  2379  1533  5473 .+.-
  148   782  1244    31   493 ....
  149  1706  3598   955  4254 .+.-
  150   204   666  1417  1879 ....
  151  1128  2854   377  4999 .+.-
  152  1590    88   839  1301 ....
  153   550  2109  1763  5744 .+.-
  154  1012  1474   261   723 ....
  155  1936  3328  1185  4524 .+.-
  156   434   896  1647   145 ....
  157  1358  2584   607  5269 .+.-
  158  1820   318  1069  1531 ....
  159   780  3803    29  4050 .+.-
  160  1242  1704   491   953 ....
  161   202   664  1415  1877 ....
  162  1126  3058   375  4795 .+.-
  163  1588    86   837  1299 ....
  164   548  2313  1761  5539 .+.-
  165  1010  1472   259   721 ....
  166  1934  3533  1183  4320 .+.-
  167   432   894  1645   143 ....
  168  1356  2788   605  5065 .+.-
  169  1818   316  1067  1529 ....
  170   778  2043    27  5810 .+.-
  171  1240  1702   489   951 ....
  172   200  3262  1413  4590 .+.-
  173   662  1124  1875   373 ....
  174  1586  2518   835  5335 .+.-
  175    84   546  1297  1759 ....
  176  1008  1470   257   719 ....
  177  1932  3737  1181  4116 .+.-
  178   430   892  1643   141 ....
  179  1354  2992   603  4861 .+.-
  180  1816   314  1065  1527 ....
  181   776  2247    25  5605 .+.-
  182  1238  1700   487   949 ....
  183   198  3467  1411  4386 .+.-
  184   660  1122  1873   371 ....
  185  1584  2722   833  5131 .+.-
  186    82   544  1295  1757 ....
  187  1006  1977   255  5876 .+.-
  188  1468  1930   717  1179 ....
  189   428  3196  1641  4656 .+.-
  190   890  1352   139   601 ....
  191  1814   312  1063  1525 ....
  192   774  2452    23  5401 .+.-
  193  1236  1698   485   947 ....
  194   196  3671  1409  4182 .+.-
  195   658  1120  1871   369 ....
  196  1582  2926   831  4926 .+.-
  197    80   542  1293  1755 ....
  198  1004  2181   253  5671 .+.-
  199  1466  1928   715  1177 ....
  200   426  3401  1639  4452 .+.-
  201   888  1350   137   599 ....
  202  1812  2656  1061  5197 .+.-
  203   310   772  1523    21 ....
  204  1234  1696   483   945 ....
  205   194  3875  1407  3977 .+.-
  206   656  1118  1869   367 ....
  207  1580  3131   829  4722 .+.-
  208    78   540  1291  1753 ....
  209  1002  2386   251  5467 .+.-
  210  1464  1926   713  1175 ....
  211   424  3605  1637  4248 .+.-
  212   886  1348   135   597 ....
  213  1810  2860  1059  4992 .+.-
  214   308   770  1521    19 ....
  215  1232  2116   481  5737 .+.-
  216  1694   192   943  1405 ....
  217   654  3335  1867  4518 .+.-
  218  1116  1578   365   827 ....
  219    76   538  1289  1751 ....
  220  1000  2590   249  5263 .+.-
  221  1462  1924   711  1173 ....
  222   422  3809  1635  4043 .+.-
  223   884  1346   133   595 ....
  224  1808  3065  1057  4788 .+.-
  225   306   768  1519    17 ....
  226  1230  2320   479  5533 .+.-
  227  1692   190   941  1403 ....
  228   652  3539  1865  4314 .+.-
  229  1114  1576   363   825 ....
  230    74  2794  1287  5058 .+.-
  231   536   998  1749   247 ....
  232  1460  2050   709  5803 .+.-
  233  1922   420  1171  1633 ....
  234   882  1344   131   593 ....
  235  1806  3269  1055  4584 .+.-
  236   304   766  1517    15 ....
  237  1228  2524   477  5329 .+.-
  238  1690   188   939  1401 ....
  239   650  3743  1863  4109 .+.-
  240  1112  1574   361   823 ....
  241    72  2999  1285  4854 .+.-
  242   534   996  1747   245 ....
  243  1458  2254   707  5599 .+.-
  244  1920   418  1169  1631 ....
  245   880  3473   129  4379 .+.-
  246  1342  1804   591  1053 ....
  247   302  2729  1515  5124 .+.-
  248   764  1226    13   475 ....
  249  1688   186   937  1399 ....
  250   648  1984  1861  5869 .+.-
  251  1110  1572   359   821 ....
  252    70  3203  1283  4650 .+.-
  253   532   994  1745   243 ....
  254  1456  2458   705  5394 .+.-
  255  1918   416  1167  1629 ....
  256   878  3678   127  4175 .+.-
  257  1340  1802   589  1051 ....
  258   300  2933  1513  4920 .+.-
  259   762  1224    11   473 ....
  260  1686  2188   935  5665 .+.-
  261   184   646  1397  1859 ....
  262  1108  1570   357   819 ....
  263    68  3407  1281  4445 .+.-
  264   530   992  1743   241 ....
  265  1454  2663   703  5190 .+.-
  266  1916   414  1165  1627 ....
  267   876  3882   125  3971 .+.-
  268  1338  1800   587  1049 ....
  269   298  3137  1511  4716 .+.-
  270   760  1222     9   471 ....
  271  1684  2392   933  5460 .+.-
  272   182   644  1395  1857 ....
  273  1106  3612   355  4241 .+.-
  274  1568    66   817  1279 ....
  275   528  2867  1741  4986 .+.-
  276   990  1452   239   701 ....
  277  1914   412  1163  1625 ....
  278   874  2122   123  5731 .+.-
  279  1336  1798   585  1047 ....
  280   296  3341  1509  4511 .+.-
  281   758  1220     7   469 ....
  282  1682  2597   931  5256 .+.-
  283   180   642  1393  1855 ....
  284  1104  3816   353  4037 .+.-
  285  1566    64   815  1277 ....
  286   526  3071  1739  4781 .+.-
  287   988  1450   237   699 ....
  288  1912  2326  1161  5526 .+.-
  289   410   872  1623   121 ....
  290  1334  3546   583  4307 .+.-
  291  1796   294  1045  1507 ....
  292   756  1218     5   467 ....
  293  1680  2801   929  5052 .+.-
  294   178   640  1391  1853 ....
  295  1102  2056   351  5796 .+.-
  296  1564    62   813  1275 ....
  297   524  3276  1737  4577 .+.-
  298   986  1448   235   697 ....
  299  1910  2531  1159  5322 .+.-
  300   408   870  1621   119 ....
  301  1332  3750   581  4103 .+.-
  302  1794   292  1043  1505 ....
  303   754  3005     3  4847 .+.-
  304  1216  1678   465   927 ....
  305   176  2261  1389  5592 .+.-
  306   638  1100  1851   349 ....
  307  1562    60   811  1273 ....
  308   522  3480  1735  4373 .+.-
  309   984  1446   233   695 ....
  310  1908  2735  1157  5118 .+.-
  311   406   868  1619   117 ....
  312  1330  1990   579  5862 .+.-
  313  1792   290  1041  1503 ....
  314   752  3210     1  4643 .+.-
  315  1214  1676   463   925 ....
  316   174  2465  1387  5388 .+.-
  317   636  1098  1849   347 ....
  318  1560  3684   809  4169 .+.-
  319    58   520  1271  1733 ....
  320   982  2939   231  4913 .+.-
  321  1444  1906   693  1155 ....
  322   404   866  1617   115 ....
  323  1328  2195   577  5658 .+.-
  324  1790   288  1039  1501 ....
  325   750  3414  1963  4439 .+.-
  326  1212  1674   461   923 ....
  327   172  2669  1385  5184 .+.-
  328   634  1096  1847   345 ....
  329  1558  3888   807  3964 .+.-
  330    56   518  1269  1731 ....
  331   980  3144   229  4709 .+.-
  332  1442  1904   691  1153 ....
  333   402  2399  1615  5454 .+.-
  334   864  1326   113   575 ....
  335  1788   286  1037  1499 ....
  336   748  3618  1961  4234 .+.-
  337  1210  1672   459   921 ....
  338   170  2874  1383  4979 .+.-
  339   632  1094  1845   343 ....
  340  1556  2129   805  5724 .+.-
  341    54   516  1267  1729 ....
  342   978  3348   227  4505 .+.-
  343  1440  1902   689  1151 ....
  344   400  2603  1613  5249 .+.-
  345   862  1324   111   573 ....
  346  1786  3823  1035  4030 .+.-
  347   284   746  1497  1959 ....
  348  1208  3078   457  4775 .+.-
  349  1670   168   919  1381 ....
  350   630  1092  1843   341 ....
  351  1554  2333   803  5520 .+.-
  352    52   514  1265  1727 ....
  353   976  3552   225  4300 .+.-
  354  1438  1900   687  1149 ....
  355   398  2808  1611  5045 .+.-
  356   860  1322   109   571 ....
  357  1784  2063  1033  5790 .+.-
  358   282   744  1495  1957 ....
  359  1206  3282   455  4571 .+.-
  360  1668   166   917  1379 ....
  361   628  2537  1841  5315 .+.-
  362  1090  1552   339   801 ....
  363    50  3757  1263  4096 .+.-
  364   512   974  1725   223 ....
  365  1436  1898   685  1147 ....
  366   396  3012  1609  4841 .+.-
  367   858  1320   107   569 ....
  368  1782  2267  1031  5586 .+.-
  369   280   742  1493  1955 ....
  370  1204  3486   453  4366 .+.-
  371  1666   164   915  1377 ....
  372   626  2742  1839  5111 .+.-
  373  1088  1550   337   799 ....
  374    48  1997  1261  5856 .+.-
  375   510   972  1723   221 ....
  376  1434  3216   683  4636 .+.-
  377  1896   394  1145  1607 ....
  378   856  2471   105  5381 .+.-
  379  1318  1780   567  1029 ....
  380   278   740  1491  1953 ....
  381  1202  3691   451  4162 .+.-
  382  1664   162   913  1375 ....
  383   624  2946  1837  4907 .+.-
  384  1086  1548   335   797 ....
  385    46  2201  1259  5651 .+.-
  386   508   970  1721   219 ....
  387  1432  3421   681  4432 .+.-
  388  1894   392  1143  1605 ....
  389   854  2676   103  5177 .+.-
  390  1316  1778   565  1027 ....
  391   276  3895  1489  3958 .+.-
  392   738  1200  1951   449 ....
  393  1662   160   911  1373 ....
  394   622  3150  1835  4702 .+.-
  395  1084  1546   333   795 ....
  396    44  2406  1257  5447 .+.-
  397   506   968  1719   217 ....
  398  1430  3625   679  4228 .+.-
  399  1892   390  1141  1603 ....
  400   852  2880   101  4973 .+.-
  401  1314  1776   563  1025 ....
  402   274  2135  1487  5717 .+.-
  403   736  1198  1949   447 ....
  404  1660  3355   909  4498 .+.-
  405   158   620  1371  1833 ....
  406  1082  2610   331  5243 .+.-
  407  1544    42   793  1255 ....
  408   504   966  1717   215 ....
  409  1428  3829   677  4024 .+.-
  410  1890   388  1139  1601 ....
  411   850  3084    99  4768 .+.-
  412  1312  1774   561  1023 ....
  413   272  2340  1485  5513 .+.-
  414   734  1196  1947   445 ....
  415  1658  3559   907  4294 .+.-
  416   156   618  1369  1831 ....
  417  1080  2814   329  5039 .+.-
  418  1542    40   791  1253 ....
  419   502  2069  1715  5783 .+.-
  420   964  1426   213   675 ....
  421  1888  3289  1137  4564 .+.-
  422   386   848  1599    97 ....
  423  1310  1772   559  1021 ....
  424   270  2544  1483  5309 .+.-
  425   732  1194  1945   443 ....
  426  1656  3763   905  4089 .+.-
  427   154   616  1367  1829 ....
  428  1078  3018   327  4834 .+.-
  429  1540    38   789  1251 ....
  430   500  2274  1713  5579 .+.-
  431   962  1424   211   673 ....
  432  1886  3493  1135  4360 .+.-
  433   384   846  1597    95 ....
  434  1308  2748   557  5104 .+.-
  435  1770   268  1019  1481 ....
  436   730  2004  1943  5849 .+.-
  437  1192  1654   441   903 ....
  438   152   614  1365  1827 ....
  439  1076  3223   325  4630 .+.-
  440  1538    36   787  1249 ....
  441   498  2478  1711  5375 .+.-
  442   960  1422   209   671 ....
  443  1884  3697  1133  4155 .+.-
  444   382   844  1595    93 ....
  445  1306  2953   555  4900 .+.-
  446  1768   266  1017  1479 ....
  447   728  2208  1941  5645 .+.-
  448  1190  1652   439   901 ....
  449   150  3427  1363  4426 .+.-
  450   612  1074  1825   323 ....
  451  1536    34   785  1247 ....
  452   496  2682  1709  5170 .+.-
  453   958  1420   207   669 ....
  454  1882  3902  1131  3951 .+.-
  455   380   842  1593    91 ....
  456  1304  3157   553  4696 .+.-
  457  1766   264  1015  1477 ....
  458   726  2412  1939  5441 .+.-
  459  1188  1650   437   899 ....
  460   148  3631  1361  4221 .+.-
  461   610  1072  1823   321 ....
  462  1534  2887   783  4966 .+.-
  463    32   494  1245  1707 ....
  464   956  2142   205  5711 .+.-
  465  1418  1880   667  1129 ....
  466   378   840  1591    89 ....
  467  1302  3361   551  4491 .+.-
  468  1764   262  1013  1475 ....
  469   724  2616  1937  5236 .+.-
  470  1186  1648   435   897 ....
  471   146  3836  1359  4017 .+.-
  472   608  1070  1821   319 ....
  473  1532  3091   781  4762 .+.-
  474    30   492  1243  1705 ....
  475   954  2346   203  5506 .+.-
  476  1416  1878   665  1127 ....
  477   376  3566  1589  4287 .+.-
  478   838  1300    87   549 ....
  479  1762  2821  1011  5032 .+.-
  480   260   722  1473  1935 ....
  481  1184  1646   433   895 ....
  482   144  2076  1357  5777 .+.-
  483   606  1068  1819   317 ....
  484  1530  3295   779  4557 .+.-
  485    28   490  1241  1703 ....
  486   952  2551   201  5302 .+.-
  487  1414  1876   663  1125 ....
  488   374  3770  1587  4083 .+.-
  489   836  1298    85   547 ....
  490  1760  3025  1009  4828 .+.-
  491   258   720  1471  1933 ....
  492  1182  2280   431  5572 .+.-
  493  1644   142   893  1355 ....
  494   604  3500  1817  4353 .+.-
  495  1066  1528   315   777 ....
  496    26   488  1239  1701 ....
  497   950  2755   199  5098 .+.-
  498  1412  1874   661  1123 ....
  499   372  2010  1585  5843 .+.-
  500   834  1296    83   545 ....
  501  1758  3229  1007  4623 .+.-
  502   256   718  1469  1931 ....
  503  1180  2485   429  5368 .+.-
  504  1642   140   891  1353 ....
  505   602  3704  1815  4149 .+.-
  506  1064  1526   313   775 ....
  507    24  2959  1237  4894 .+.-
  508   486   948  1699   197 ....
  509  1410  2214   659  5638 .+.-
  510  1872   370  1121  1583 ....
  511   832  1294    81   543 ....
  512  1756  3434  1005  4419 .+.-
  513   254   716  1467  1929 ....
  514  1178  2689   427  5164 .+.-
  515  1640   138   889  1351 ....
  516   600  3908  1813  3944 .+.-
  517  1062  1524   311   773 ....
  518    22  3163  1235  4689 .+.-
  519   484   946  1697   195 ....
  520  1408  2419   657  5434 .+.-
  521  1870   368  1119  1581 ....
  522   830  3638    79  4215 .+.-
  523  1292  1754   541  1003 ....
  524   252   714  1465  1927 ....
  525  1176  2893   425  4959 .+.-
  526  1638   136   887  1349 ....
  527   598  2149  1811  5704 .+.-
  528  1060  1522   309   771 ....
  529    20  3368  1233  4485 .+.-
  530   482   944  1695   193 ....
  531  1406  2623   655  5230 .+.-
  532  1868   366  1117  1579 ....
  533   828  3842    77  4010 .+.-
  534  1290  1752   539  1001 ....
  535   250  3098  1463  4755 .+.-
  536   712  1174  1925   423 ....
  537  1636  2353   885  5500 .+.-
  538   134   596  1347  1809 ....
  539  1058  1520   307   769 ....
  540    18  3572  1231  4281 .+.-
  541   480   942  1693   191 ....
  542  1404  2827   653  5025 .+.-
  543  1866   364  1115  1577 ....
  544   826  2083    75  5770 .+.-
  545  1288  1750   537   999 ....
  546   248  3302  1461  4551 .+.-
  547   710  1172  1923   421 ....
  548  1634  2557   883  5296 .+.-
  549   132   594  1345  1807 ....
  550  1056  3776   305  4076 .+.-
  551  1518    16   767  1229 ....
  552   478  3032  1691  4821 .+.-
  553   940  1402   189   651 ....
  554  1864   362  1113  1575 ....
  555   824  2287    73  5566 .+.-
  556  1286  1748   535   997 ....
  557   246  3506  1459  4347 .+.-
  558   708  1170  1921   419 ....
  559  1632  2761   881  5091 .+.-
  560   130   592  1343  1805 ....
  561  1054  2017   303  5836 .+.-
  562  1516    14   765  1227 ....
  563   476  3236  1689  4617 .+.-
  564   938  1400   187   649 ....
  565  1862  2491  1111  5361 .+.-
  566   360   822  1573    71 ....
  567  1284  3711   533  4142 .+.-
  568  1746   244   995  1457 ....
  569   706  1168  1919   417 ....
  570  1630  2966   879  4887 .+.-
  571   128   590  1341  1803 ....
  572  1052  2221   301  5632 .+.-
  573  1514    12   763  1225 ....
  574   474  3440  1687  4412 .+.-
  575   936  1398   185   647 ....
  576  1860  2696  1109  5157 .+.-
  577   358   820  1571    69 ....
  578  1282  3915   531  3938 .+.-
  579  1744   242   993  1455 ....
  580   704  3170  1917  4683 .+.-
  581  1166  1628   415   877 ....
  582   126   588  1339  1801 ....
  583  1050  2425   299  5427 .+.-
  584  1512    10   761  1223 ....
  585   472  3645  1685  4208 .+.-
  586   934  1396   183   645 ....
  587  1858  2900  1107  4953 .+.-
  588   356   818  1569    67 ....
  589  1280  2155   529  5698 .+.-
  590  1742   240   991  1453 ....
  591   702  3374  1915  4478 .+.-
  592  1164  1626   413   875 ....
  593   124  2630  1337  5223 .+.-
  594   586  1048  1799   297 ....
  595  1510  3849   759  4004 .+.-
  596     8   470  1221  1683 ....
  597   932  1394   181   643 ....
  598  1856  3104  1105  4749 .+.-
  599   354   816  1567    65 ....
  600  1278  2359   527  5493 .+.-
  601  1740   238   989  1451 ....
  602   700  3579  1913  4274 .+.-
  603  1162  1624   411   873 ....
  604   122  2834  1335  5019 .+.-
  605   584  1046  1797   295 ....
  606  1508  2089   757  5763 .+.-
  607     6   468  1219  1681 ....
  608   930  3308   179  4544 .+.-
  609  1392  1854   641  1103 ....
  610   352  2564  1565  5289 .+.-
  611   814  1276    63   525 ....
  612  1738   236   987  1449 ....
  613   698  3783  1911  4070 .+.-
  614  1160  1622   409   871 ....
  615   120  3038  1333  4814 .+.-
  616   582  1044  1795   293 ....
  617  1506  2294   755  5559 .+.-
  618     4   466  1217  1679 ....
  619   928  3513   177  4340 .+.-
  620  1390  1852   639  1101 ....
  621   350  2768  1563  5085 .+.-
  622   812  1274    61   523 ....
  623  1736  2023   985  5829 .+.-
  624   234   696  1447  1909 ....
  625  1158  3243   407  4610 .+.-
  626  1620   118   869  1331 ....
  627   580  1042  1793   291 ....
  628  1504  2498   753  5355 .+.-
  629     2   464  1215  1677 ....
  630   926  3717   175  4136 .+.-
  631  1388  1850   637  1099 ....
  632   348  2972  1561  4880 .+.-
  633   810  1272    59   521 ....
  634  1734  2228   983  5625 .+.-
  635   232   694  1445  1907 ....
  636  1156  3447   405  4406 .+.-
  637  1618   116   867  1329 ....
  638   578  2702  1791  5151 .+.-
  639  1040  1502   289   751 ....
Total data plus flush bits=1964, p-parity bits=298, q-parity=298, Errors=0, Repetition=0
