F80T1XH2_4B
Channel Interleaving, Puncturing and Mapping to 16-QAM
User data=1624, with flush=1628, Channel Symbols=640, Channel Bits=2560, Parity=932, p=q=466, Coding Rate=0.634375
D=1624, FECSy=640, DF=1628, N=2560, P=932, p=466, distep=1007, dd=0, pistep=289, pp=465, ppstep=3.493562, ppstart=1628.500000, qpstart=3258.246826, k=-174, mx=3.678161

Symbol   I1    I0    Q1    Q0  Pattern= . =data, + =p parity, - =q parity
-------------------------------------------------------------------------
    0     0   386  1007  1393 ....
    1   772  3253   151  3258 .+.-
    2  1158  2634   537  3876 .+.-
    3  1544  2016   923  4494 .+.-
    4   302   688  1309    67 ....
    5  1074  3025   453  3485 .+.-
    6  1460  2407   839  4103 .+.-
    7   218  1789  1225  4722 .+.-
    8   604   990  1611   369 ....
    9  1376  2798   755  3712 .+.-
   10   134  2180  1141  4330 .+.-
   11   520  3190  1527  3321 .+.-
   12   906  1292   285   671 ....
   13    50  2571  1057  3939 .+.-
   14   436  1953  1443  4557 .+.-
   15   822  1208   201   587 ....
   16  1594  2963   973  3548 .+.-
   17   352  2344  1359  4166 .+.-
   18   738  1726   117  4784 .+.-
   19  1124  1510   503   889 ....
   20   268  2735  1275  3775 .+.-
   21   654  2117    33  4393 .+.-
   22  1040  3127   419  3384 .+.-
   23  1426   184   805  1191 ....
   24   570  2508  1577  4002 .+.-
   25   956  1890   335  4620 .+.-
   26  1342   100   721  1107 ....
   27   486  2900  1493  3611 .+.-
   28   872  2281   251  4229 .+.-
   29  1258  1663   637  4847 .+.-
   30    16   402  1023  1409 ....
   31   788  2673   167  3838 .+.-
   32  1174  2054   553  4456 .+.-
   33  1560  3064   939  3446 .+.-
   34   318   704  1325    83 ....
   35  1090  2445   469  4065 .+.-
   36  1476  1827   855  4683 .+.-
   37   234   620  1241  1627 ....
   38  1006  2837   385  3673 .+.-
   39  1392  2218   771  4292 .+.-
   40   150  3228  1157  3282 .+.-
   41   536   922  1543   301 ....
   42  1308  2610   687  3901 .+.-
   43    66  1991  1073  4519 .+.-
   44   452  3001  1459  3509 .+.-
   45   838  1224   217   603 ....
   46  1610  2383   989  4128 .+.-
   47   368  1764  1375  4746 .+.-
   48   754  1140   133   519 ....
   49  1526  2774   905  3736 .+.-
   50   284  2156  1291  4355 .+.-
   51   670  3165    49  3345 .+.-
   52  1056  1442   435   821 ....
   53   200  2547  1207  3963 .+.-
   54   586  1928  1593  4582 .+.-
   55   972  2938   351  3572 .+.-
   56  1358   116   737  1123 ....
   57   502  2320  1509  4191 .+.-
   58   888  1701   267  4809 .+.-
   59  1274    32   653  1039 ....
   60   418  2711  1425  3799 .+.-
   61   804  2093   183  4418 .+.-
   62  1190  3102   569  3408 .+.-
   63  1576   334   955  1341 ....
   64   720  2484    99  4026 .+.-
   65  1106  1866   485  4645 .+.-
   66  1492  2875   871  3635 .+.-
   67   250   636  1257    15 ....
   68  1022  2257   401  4253 .+.-
   69  1408  1638   787  4872 .+.-
   70   166   552  1173  1559 ....
   71   938  2648   317  3862 .+.-
   72  1324  2030   703  4480 .+.-
   73    82  3039  1089  3471 .+.-
   74   468   854  1475   233 ....
   75  1240  2421   619  4089 .+.-
   76  1626  1803  1005  4708 .+.-
   77   384  2812  1391  3698 .+.-
   78   770  1156   149   535 ....
   79  1542  2194   921  4316 .+.-
   80   300  3204  1307  3307 .+.-
   81   686  1072    65   451 ....
   82  1458  2585   837  3925 .+.-
   83   216  1967  1223  4543 .+.-
   84   602  2977  1609  3534 .+.-
   85   988  1374   367   753 ....
   86   132  2358  1139  4152 .+.-
   87   518  1740  1525  4770 .+.-
   88   904  2749   283  3761 .+.-
   89  1290    48   669  1055 ....
   90   434  2131  1441  4379 .+.-
   91   820  3141   199  3370 .+.-
   92  1206  1592   585   971 ....
   93   350  2522  1357  3988 .+.-
   94   736  1904   115  4606 .+.-
   95  1122  2914   501  3597 .+.-
   96  1508   266   887  1273 ....
   97   652  2295    31  4215 .+.-
   98  1038  1677   417  4833 .+.-
   99  1424  2687   803  3824 .+.-
  100   182   568  1189  1575 ....
  101   954  2068   333  4442 .+.-
  102  1340  3078   719  3432 .+.-
  103    98   484  1105  1491 ....
  104   870  2459   249  4051 .+.-
  105  1256  1841   635  4669 .+.-
  106    14  2851  1021  3660 .+.-
  107   400   786  1407   165 ....
  108  1172  2232   551  4278 .+.-
  109  1558  3242   937  3268 .+.-
  110   316  2624  1323  3887 .+.-
  111   702  1088    81   467 ....
  112  1474  2005   853  4505 .+.-
  113   232  3015  1239  3495 .+.-
  114   618  2397  1625  4114 .+.-
  115  1004  1390   383   769 ....
  116   148  1778  1155  4732 .+.-
  117   534  2788  1541  3722 .+.-
  118   920  1306   299   685 ....
  119    64  2170  1071  4341 .+.-
  120   450  3179  1457  3331 .+.-
  121   836  2561   215  3949 .+.-
  122  1222  1608   601   987 ....
  123   366  1942  1373  4568 .+.-
  124   752  2952   131  3558 .+.-
  125  1138  2334   517  4177 .+.-
  126  1524   282   903  1289 ....
  127   668  1715    47  4795 .+.-
  128  1054  2725   433  3785 .+.-
  129  1440   198   819  1205 ....
  130   584  2107  1591  4404 .+.-
  131   970  3116   349  3394 .+.-
  132  1356  2498   735  4012 .+.-
  133   114   500  1121  1507 ....
  134   886  1880   265  4631 .+.-
  135  1272  2889   651  3621 .+.-
  136    30  2271  1037  4239 .+.-
  137   416   802  1423   181 ....
  138  1188  1652   567  4858 .+.-
  139  1574  2662   953  3848 .+.-
  140   332   718  1339    97 ....
  141  1104  2044   483  4467 .+.-
  142  1490  3053   869  3457 .+.-
  143   248  2435  1255  4075 .+.-
  144   634  1020    13   399 ....
  145  1406  1817   785  4694 .+.-
  146   164  2826  1171  3684 .+.-
  147   550  2208  1557  4302 .+.-
  148   936  1322   315   701 ....
  149    80  3218  1087  3293 .+.-
  150   466  2599  1473  3911 .+.-
  151   852  1238   231   617 ....
  152  1624  1981  1003  4529 .+.-
  153   382  2990  1389  3520 .+.-
  154   768  2372   147  4138 .+.-
  155  1154  1540   533   919 ....
  156   298  1754  1305  4756 .+.-
  157   684  2763    63  3747 .+.-
  158  1070  2145   449  4365 .+.-
  159  1456   214   835  1221 ....
  160   600  3155  1607  3356 .+.-
  161   986  2536   365  3974 .+.-
  162  1372   130   751  1137 ....
  163   516  1918  1523  4592 .+.-
  164   902  2928   281  3583 .+.-
  165  1288  2309   667  4201 .+.-
  166    46   432  1053  1439 ....
  167   818  1691   197  4819 .+.-
  168  1204  2701   583  3810 .+.-
  169  1590  2082   969  4428 .+.-
  170   348   734  1355   113 ....
  171  1120  3092   499  3418 .+.-
  172  1506  2473   885  4037 .+.-
  173   264   650  1271    29 ....
  174  1036  1855   415  4655 .+.-
  175  1422  2865   801  3646 .+.-
  176   180  2246  1187  4264 .+.-
  177   566   952  1573   331 ....
  178  1338  1628   717  4882 .+.-
  179    96  2638  1103  3873 .+.-
  180   482  2019  1489  4491 .+.-
  181   868  1254   247   633 ....
  182    12  3029  1019  3481 .+.-
  183   398  2411  1405  4100 .+.-
  184   784  1170   163   549 ....
  185  1556  1792   935  4718 .+.-
  186   314  2802  1321  3708 .+.-
  187   700  2183    79  4327 .+.-
  188  1086  1472   465   851 ....
  189   230  3193  1237  3317 .+.-
  190   616  2575  1623  3935 .+.-
  191  1002  1956   381  4554 .+.-
  192  1388   146   767  1153 ....
  193   532  2966  1539  3544 .+.-
  194   918  2348   297  4163 .+.-
  195  1304    62   683  1069 ....
  196   448  1729  1455  4781 .+.-
  197   834  2739   213  3771 .+.-
  198  1220  2121   599  4390 .+.-
  199  1606   364   985  1371 ....
  200   750  3130   129  3380 .+.-
  201  1136  2512   515  3998 .+.-
  202  1522  1894   901  4617 .+.-
  203   280   666  1287    45 ....
  204  1052  2903   431  3607 .+.-
  205  1438  2285   817  4225 .+.-
  206   196   582  1203  1589 ....
  207   968  1666   347  4844 .+.-
  208  1354  2676   733  3834 .+.-
  209   112  2058  1119  4453 .+.-
  210   498   884  1505   263 ....
  211  1270  3067   649  3443 .+.-
  212    28  2449  1035  4061 .+.-
  213   414  1831  1421  4680 .+.-
  214   800  1186   179   565 ....
  215  1572  2840   951  3670 .+.-
  216   330  2222  1337  4288 .+.-
  217   716  3232    95  3279 .+.-
  218  1102  1488   481   867 ....
  219   246  2613  1253  3897 .+.-
  220   632  1995    11  4515 .+.-
  221  1018  1404   397   783 ....
  222   162  3004  1169  3506 .+.-
  223   548  2386  1555  4124 .+.-
  224   934  1768   313  4743 .+.-
  225  1320    78   699  1085 ....
  226   464  2777  1471  3733 .+.-
  227   850  2159   229  4351 .+.-
  228  1236  3169   615  3342 .+.-
  229  1622   380  1001  1387 ....
  230   766  2550   145  3960 .+.-
  231  1152  1932   531  4578 .+.-
  232  1538   296   917  1303 ....
  233   682  2942    61  3569 .+.-
  234  1068  2323   447  4187 .+.-
  235  1454  1705   833  4805 .+.-
  236   212   598  1219  1605 ....
  237   984  2714   363  3796 .+.-
  238  1370  2096   749  4414 .+.-
  239   128  3106  1135  3404 .+.-
  240   514   900  1521   279 ....
  241  1286  2487   665  4023 .+.-
  242    44  1869  1051  4641 .+.-
  243   430   816  1437   195 ....
  244  1202  2879   581  3632 .+.-
  245  1588  2260   967  4250 .+.-
  246   346  1642  1353  4868 .+.-
  247   732  1118   111   497 ....
  248  1504  2652   883  3859 .+.-
  249   262  2033  1269  4477 .+.-
  250   648  3043    27  3467 .+.-
  251  1034  1420   413   799 ....
  252   178  2425  1185  4086 .+.-
  253   564  1806  1571  4704 .+.-
  254   950  1336   329   715 ....
  255    94  2816  1101  3694 .+.-
  256   480  2197  1487  4313 .+.-
  257   866  3207   245  3303 .+.-
  258  1252    10   631  1017 ....
  259   396  2589  1403  3922 .+.-
  260   782  1970   161  4540 .+.-
  261  1168  2980   547  3530 .+.-
  262  1554   312   933  1319 ....
  263   698  2362    77  4149 .+.-
  264  1084  1743   463  4767 .+.-
  265  1470   228   849  1235 ....
  266   614  2753  1621  3757 .+.-
  267  1000  2135   379  4376 .+.-
  268  1386  3144   765  3366 .+.-
  269   144   530  1151  1537 ....
  270   916  2526   295  3984 .+.-
  271  1302  1907   681  4603 .+.-
  272    60  2917  1067  3593 .+.-
  273   446   832  1453   211 ....
  274  1218  2299   597  4211 .+.-
  275  1604  1680   983  4830 .+.-
  276   362   748  1369   127 ....
  277  1134  2690   513  3820 .+.-
  278  1520  2072   899  4439 .+.-
  279   278  3081  1285  3429 .+.-
  280   664  1050    43   429 ....
  281  1436  2463   815  4047 .+.-
  282   194  1845  1201  4666 .+.-
  283   580  2854  1587  3656 .+.-
  284   966  1352   345   731 ....
  285   110  2236  1117  4274 .+.-
  286   496  3246  1503  3265 .+.-
  287   882  1268   261   647 ....
  288    26  2627  1033  3883 .+.-
  289   412  2009  1419  4501 .+.-
  290   798  3018   177  3492 .+.-
  291  1184  1570   563   949 ....
  292   328  2400  1335  4110 .+.-
  293   714  1782    93  4729 .+.-
  294  1100  2791   479  3719 .+.-
  295  1486   244   865  1251 ....
  296   630  2173     9  4337 .+.-
  297  1016  3183   395  3328 .+.-
  298  1402   160   781  1167 ....
  299   546  2564  1553  3946 .+.-
  300   932  1946   311  4564 .+.-
  301  1318  2956   697  3555 .+.-
  302    76   462  1083  1469 ....
  303   848  2337   227  4173 .+.-
  304  1234  1719   613  4791 .+.-
  305  1620  2728   999  3782 .+.-
  306   378   764  1385   143 ....
  307  1150  2110   529  4400 .+.-
  308  1536  3120   915  3391 .+.-
  309   294   680  1301    59 ....
  310  1066  2501   445  4009 .+.-
  311  1452  1883   831  4627 .+.-
  312   210  2893  1217  3618 .+.-
  313   596   982  1603   361 ....
  314  1368  2274   747  4236 .+.-
  315   126  1656  1133  4854 .+.-
  316   512  2666  1519  3845 .+.-
  317   898  1284   277   663 ....
  318    42  2047  1049  4463 .+.-
  319   428  3057  1435  3453 .+.-
  320   814  1200   193   579 ....
  321  1586  2439   965  4072 .+.-
  322   344  1820  1351  4690 .+.-
  323   730  2830   109  3680 .+.-
  324  1116  1502   495   881 ....
  325   260  2211  1267  4299 .+.-
  326   646  3221    25  3289 .+.-
  327  1032  2603   411  3908 .+.-
  328  1418   176   797  1183 ....
  329   562  1984  1569  4526 .+.-
  330   948  2994   327  3516 .+.-
  331  1334  2376   713  4135 .+.-
  332    92   478  1099  1485 ....
  333   864  1757   243  4753 .+.-
  334  1250  2767   629  3743 .+.-
  335     8   394  1015  1401 ....
  336   780  2149   159  4362 .+.-
  337  1166  3158   545  3352 .+.-
  338  1552  2540   931  3970 .+.-
  339   310   696  1317    75 ....
  340  1082  1921   461  4589 .+.-
  341  1468  2931   847  3579 .+.-
  342   226  2313  1233  4198 .+.-
  343   612   998  1619   377 ....
  344  1384  1694   763  4816 .+.-
  345   142  2704  1149  3806 .+.-
  346   528   914  1535   293 ....
  347  1300  2086   679  4425 .+.-
  348    58  3095  1065  3415 .+.-
  349   444  2477  1451  4033 .+.-
  350   830  1216   209   595 ....
  351  1602  1859   981  4652 .+.-
  352   360  2868  1367  3642 .+.-
  353   746  2250   125  4260 .+.-
  354  1132  1518   511   897 ....
  355   276  1631  1283  4879 .+.-
  356   662  2641    41  3869 .+.-
  357  1048  1434   427   813 ....
  358   192  2023  1199  4487 .+.-
  359   578  3032  1585  3478 .+.-
  360   964  2414   343  4096 .+.-
  361  1350   108   729  1115 ....
  362   494  1796  1501  4715 .+.-
  363   880  2805   259  3705 .+.-
  364  1266  2187   645  4323 .+.-
  365    24   410  1031  1417 ....
  366   796  3197   175  3314 .+.-
  367  1182  2578   561  3932 .+.-
  368  1568   326   947  1333 ....
  369   712  1960    91  4550 .+.-
  370  1098  2970   477  3541 .+.-
  371  1484  2351   863  4159 .+.-
  372   242   628  1249     7 ....
  373  1014  1733   393  4777 .+.-
  374  1400  2742   779  3768 .+.-
  375   158  2124  1165  4386 .+.-
  376   544   930  1551   309 ....
  377  1316  3134   695  3377 .+.-
  378    74  2515  1081  3995 .+.-
  379   460   846  1467   225 ....
  380  1232  1897   611  4613 .+.-
  381  1618  2907   997  3604 .+.-
  382   376  2288  1383  4222 .+.-
  383   762  1148   141   527 ....
  384  1534  1670   913  4840 .+.-
  385   292  2680  1299  3831 .+.-
  386   678  2061    57  4449 .+.-
  387  1064  1450   443   829 ....
  388   208  3071  1215  3439 .+.-
  389   594  2452  1601  4058 .+.-
  390   980  1366   359   745 ....
  391   124  1834  1131  4676 .+.-
  392   510  2844  1517  3666 .+.-
  393   896  2225   275  4285 .+.-
  394  1282    40   661  1047 ....
  395   426  3235  1433  3275 .+.-
  396   812  2617   191  3894 .+.-
  397  1198  1998   577  4512 .+.-
  398  1584   342   963  1349 ....
  399   728  3008   107  3502 .+.-
  400  1114  2390   493  4121 .+.-
  401  1500   258   879  1265 ....
  402   644  1771    23  4739 .+.-
  403  1030  2781   409  3729 .+.-
  404  1416  2163   795  4348 .+.-
  405   174   560  1181  1567 ....
  406   946  3172   325  3338 .+.-
  407  1332  2554   711  3956 .+.-
  408    90  1935  1097  4575 .+.-
  409   476   862  1483   241 ....
  410  1248  2945   627  3565 .+.-
  411     6  2327  1013  4184 .+.-
  412   392   778  1399   157 ....
  413  1164  1708   543  4802 .+.-
  414  1550  2718   929  3792 .+.-
  415   308  2100  1315  4411 .+.-
  416   694  1080    73   459 ....
  417  1466  3109   845  3401 .+.-
  418   224  2491  1231  4019 .+.-
  419   610  1873  1617  4638 .+.-
  420   996  1382   375   761 ....
  421   140  2882  1147  3628 .+.-
  422   526  2264  1533  4246 .+.-
  423   912  1298   291   677 ....
  424    56  1645  1063  4865 .+.-
  425   442  2655  1449  3855 .+.-
  426   828  2037   207  4474 .+.-
  427  1214  1600   593   979 ....
  428   358  3046  1365  3464 .+.-
  429   744  2428   123  4082 .+.-
  430  1130  1810   509  4701 .+.-
  431  1516   274   895  1281 ....
  432   660  2819    39  3691 .+.-
  433  1046  2201   425  4309 .+.-
  434  1432  3211   811  3300 .+.-
  435   190   576  1197  1583 ....
  436   962  2592   341  3918 .+.-
  437  1348  1974   727  4536 .+.-
  438   106   492  1113  1499 ....
  439   878  2984   257  3527 .+.-
  440  1264  2365   643  4145 .+.-
  441    22  1747  1029  4763 .+.-
  442   408   794  1415   173 ....
  443  1180  2756   559  3754 .+.-
  444  1566  2138   945  4372 .+.-
  445   324  3148  1331  3363 .+.-
  446   710  1096    89   475 ....
  447  1482  2529   861  3981 .+.-
  448   240  1911  1247  4599 .+.-
  449   626  1012     5   391 ....
  450  1398  2921   777  3590 .+.-
  451   156  2302  1163  4208 .+.-
  452   542  1684  1549  4826 .+.-
  453   928  1314   307   693 ....
  454    72  2694  1079  3817 .+.-
  455   458  2075  1465  4435 .+.-
  456   844  3085   223  3425 .+.-
  457  1230  1616   609   995 ....
  458   374  2466  1381  4044 .+.-
  459   760  1848   139  4662 .+.-
  460  1146  1532   525   911 ....
  461   290  2858  1297  3653 .+.-
  462   676  2239    55  4271 .+.-
  463  1062  3249   441  3261 .+.-
  464  1448   206   827  1213 ....
  465   592  2631  1599  3880 .+.-
  466   978  2012   357  4498 .+.-
  467  1364  3022   743  3488 .+.-
  468   122   508  1129  1515 ....
  469   894  2404   273  4107 .+.-
  470  1280  1785   659  4725 .+.-
  471    38   424  1045  1431 ....
  472   810  2795   189  3715 .+.-
  473  1196  2176   575  4334 .+.-
  474  1582  3186   961  3324 .+.-
  475   340   726  1347   105 ....
  476  1112  2568   491  3942 .+.-
  477  1498  1949   877  4561 .+.-
  478   256  2959  1263  3551 .+.-
  479   642  1028    21   407 ....
  480  1414  2341   793  4170 .+.-
  481   172  1722  1179  4788 .+.-
  482   558   944  1565   323 ....
  483  1330  2732   709  3778 .+.-
  484    88  2114  1095  4397 .+.-
  485   474  3123  1481  3387 .+.-
  486   860  1246   239   625 ....
  487     4  2505  1011  4005 .+.-
  488   390  1887  1397  4624 .+.-
  489   776  2896   155  3614 .+.-
  490  1162  1548   541   927 ....
  491   306  2278  1313  4232 .+.-
  492   692  1659    71  4851 .+.-
  493  1078  1464   457   843 ....
  494   222  2669  1229  3841 .+.-
  495   608  2051  1615  4460 .+.-
  496   994  3060   373  3450 .+.-
  497  1380   138   759  1145 ....
  498   524  2442  1531  4068 .+.-
  499   910  1824   289  4687 .+.-
  500  1296  2833   675  3677 .+.-
  501    54   440  1061  1447 ....
  502   826  2215   205  4295 .+.-
  503  1212  3225   591  3286 .+.-
  504  1598   356   977  1363 ....
  505   742  2606   121  3904 .+.-
  506  1128  1988   507  4522 .+.-
  507  1514  2997   893  3513 .+.-
  508   272   658  1279    37 ....
  509  1044  2379   423  4131 .+.-
  510  1430  1761   809  4749 .+.-
  511   188  2770  1195  3740 .+.-
  512   574   960  1581   339 ....
  513  1346  2152   725  4358 .+.-
  514   104  3162  1111  3349 .+.-
  515   490   876  1497   255 ....
  516  1262  2543   641  3967 .+.-
  517    20  1925  1027  4585 .+.-
  518   406  2935  1413  3576 .+.-
  519   792  1178   171   557 ....
  520  1564  2316   943  4194 .+.-
  521   322  1698  1329  4812 .+.-
  522   708  2708    87  3803 .+.-
  523  1094  1480   473   859 ....
  524   238  2089  1245  4421 .+.-
  525   624  3099     3  3411 .+.-
  526  1010  1396   389   775 ....
  527   154  2480  1161  4030 .+.-
  528   540  1862  1547  4648 .+.-
  529   926  2872   305  3639 .+.-
  530  1312    70   691  1077 ....
  531   456  2253  1463  4257 .+.-
  532   842  1635   221  4875 .+.-
  533  1228  2645   607  3866 .+.-
  534  1614   372   993  1379 ....
  535   758  2026   137  4484 .+.-
  536  1144  3036   523  3474 .+.-
  537  1530  2418   909  4093 .+.-
  538   288   674  1295    53 ....
  539  1060  1799   439  4711 .+.-
  540  1446  2809   825  3701 .+.-
  541   204   590  1211  1597 ....
  542   976  2190   355  4320 .+.-
  543  1362  3200   741  3310 .+.-
  544   120  2582  1127  3929 .+.-
  545   506   892  1513   271 ....
  546  1278  1963   657  4547 .+.-
  547    36  2973  1043  3537 .+.-
  548   422  2355  1429  4156 .+.-
  549   808  1194   187   573 ....
  550  1580  1736   959  4774 .+.-
  551   338  2746  1345  3764 .+.-
  552   724  1110   103   489 ....
  553  1496  2128   875  4383 .+.-
  554   254  3137  1261  3373 .+.-
  555   640  2519    19  3991 .+.-
  556  1026  1412   405   791 ....
  557   170  1900  1177  4610 .+.-
  558   556  2910  1563  3600 .+.-
  559   942  2292   321  4218 .+.-
  560  1328    86   707  1093 ....
  561   472  1673  1479  4837 .+.-
  562   858  2683   237  3827 .+.-
  563  1244     2   623  1009 ....
  564   388  2065  1395  4446 .+.-
  565   774  3074   153  3436 .+.-
  566  1160  2456   539  4054 .+.-
  567  1546   304   925  1311 ....
  568   690  1838    69  4673 .+.-
  569  1076  2847   455  3663 .+.-
  570  1462  2229   841  4281 .+.-
  571   220   606  1227  1613 ....
  572   992  3239   371  3272 .+.-
  573  1378  2620   757  3890 .+.-
  574   136   522  1143  1529 ....
  575   908  2002   287  4508 .+.-
  576  1294  3011   673  3499 .+.-
  577    52  2393  1059  4117 .+.-
  578   438   824  1445   203 ....
  579  1210  1775   589  4736 .+.-
  580  1596  2784   975  3726 .+.-
  581   354  2166  1361  4344 .+.-
  582   740  1126   119   505 ....
  583  1512  3176   891  3335 .+.-
  584   270  2557  1277  3953 .+.-
  585   656  1042    35   421 ....
  586  1428  1939   807  4571 .+.-
  587   186  2949  1193  3562 .+.-
  588   572  2330  1579  4180 .+.-
  589   958  1344   337   723 ....
  590   102  1712  1109  4798 .+.-
  591   488  2721  1495  3789 .+.-
  592   874  2103   253  4407 .+.-
  593  1260    18   639  1025 ....
  594   404  3113  1411  3397 .+.-
  595   790  2494   169  4016 .+.-
  596  1176  1562   555   941 ....
  597   320  1876  1327  4634 .+.-
  598   706  2886    85  3625 .+.-
  599  1092  2267   471  4243 .+.-
  600  1478   236   857  1243 ....
  601   622  1649     1  4861 .+.-
  602  1008  2659   387  3852 .+.-
  603  1394  2040   773  4470 .+.-
  604   152   538  1159  1545 ....
  605   924  3050   303  3460 .+.-
  606  1310  2432   689  4079 .+.-
  607    68   454  1075  1461 ....
  608   840  1813   219  4697 .+.-
  609  1226  2823   605  3687 .+.-
  610  1612  2204   991  4306 .+.-
  611   370   756  1377   135 ....
  612  1142  3214   521  3296 .+.-
  613  1528  2596   907  3915 .+.-
  614   286  1977  1293  4533 .+.-
  615   672  1058    51   437 ....
  616  1444  2987   823  3523 .+.-
  617   202  2369  1209  4142 .+.-
  618   588   974  1595   353 ....
  619  1360  1750   739  4760 .+.-
  620   118  2760  1125  3750 .+.-
  621   504  2142  1511  4369 .+.-
  622   890  1276   269   655 ....
  623    34  3151  1041  3359 .+.-
  624   420  2533  1427  3977 .+.-
  625   806  1914   185  4596 .+.-
  626  1192  1578   571   957 ....
  627   336  2924  1343  3586 .+.-
  628   722  2306   101  4205 .+.-
  629  1108  1494   487   873 ....
  630   252  1687  1259  4823 .+.-
  631   638  2697    17  3813 .+.-
  632  1024  2079   403  4432 .+.-
  633  1410   168   789  1175 ....
  634   554  3088  1561  3422 .+.-
  635   940  2470   319  4040 .+.-
  636  1326  1852   705  4659 .+.-
  637    84   470  1091  1477 ....
  638   856  2861   235  3649 .+.-
  639  1242  2243   621  4267 .+.-
Total data plus flush bits=1628, p-parity bits=466, q-parity=466, Errors=0, Repetition=0
