F80T025QL4
Channel Interleaving, Puncturing and Mapping to QPSK
User data=728, with flush=732, Channel Symbols=544, Channel Bits=1088, Parity=356, p=q=178, Coding Rate=0.669118
D=728, FECSy=544, DF=732, N=1088, P=356, p=178, distep=451, dd=0, pistep=111, pp=177, ppstep=4.112360, ppstart=732.500000, qpstart=1466.556152, k=-188, mx=2.893617

Symbol   I0    Q0  Pattern= . =data, + =p parity, - =q parity
-------------------------------------------------------------
    0     0   451 ..
    1   170  1460 .+
    2   621  1466 .-
    3   340    59 ..
    4   510  1184 .+
    5   229  1742 .-
    6   680   399 ..
    7   118   909 .+
    8   569  2017 .-
    9   288     7 ..
   10   458  1365 .+
   11   177  1561 .-
   12   628   347 ..
   13    66  1090 .+
   14   517  1836 .-
   15   236   687 ..
   16   406   814 .+
   17   125  2112 .-
   18   576   295 ..
   19    14  1271 .+
   20   465  1655 .-
   21   184   635 ..
   22   354   995 .+
   23    73  1931 .-
   24   524   243 ..
   25   694  1452 .+
   26   413  1474 .-
   27   132   583 ..
   28   302  1176 .+
   29    21   472 ..
   30   191  1750 .-
   31   642   901 .+
   32   361    80 ..
   33   531  2025 .-
   34   250  1357 .+
   35   701   420 ..
   36   139  1569 .-
   37   590  1082 .+
   38   309    28 ..
   39   479  1844 .-
   40   198   806 .+
   41   649   368 ..
   42    87  2120 .-
   43   538  1262 .+
   44   257   708 ..
   45   427  1663 .-
   46   146   987 .+
   47   597   316 ..
   48    35  1939 .-
   49   486  1443 .+
   50   205   656 ..
   51   375  1483 .-
   52    94  1168 .+
   53   545   264 ..
   54   715  1758 .-
   55   434   153 ..
   56   604   892 .+
   57   323  2034 .-
   58    42   493 ..
   59   212  1349 .+
   60   663  1577 .-
   61   382   101 ..
   62   552  1073 .+
   63   271  1853 .-
   64   722   441 ..
   65   160   798 .+
   66   611  2128 .-
   67   330    49 ..
   68   500  1254 .+
   69   219  1672 .-
   70   670   389 ..
   71   108   979 .+
   72   559  1947 .-
   73   278   729 ..
   74   448  1435 .+
   75   167  1491 .-
   76   618   337 ..
   77    56  1160 .+
   78   507  1766 .-
   79   226   677 ..
   80   396   884 .+
   81   115  2042 .-
   82   566   285 ..
   83     4  1341 .+
   84   455   174 ..
   85   625  1585 .-
   86   344  1065 .+
   87    63   514 ..
   88   233  1861 .-
   89   684   790 .+
   90   403   122 ..
   91   573  2136 .-
   92   292  1246 .+
   93    11   462 ..
   94   181  1680 .-
   95   632   971 .+
   96   351    70 ..
   97   521  1955 .-
   98   240  1427 .+
   99   691   410 ..
  100   129  1499 .-
  101   580  1151 .+
  102   299    18 ..
  103   469  1774 .-
  104   188   876 .+
  105   639   358 ..
  106    77  2050 .-
  107   528  1332 .+
  108   247   698 ..
  109   417  1594 .-
  110   136   587 ..
  111   306  1057 .+
  112    25  1869 .-
  113   476   195 ..
  114   646   781 .+
  115   365  2145 .-
  116    84   535 ..
  117   254  1238 .+
  118   705  1688 .-
  119   424   143 ..
  120   594   962 .+
  121   313  1964 .-
  122    32   483 ..
  123   202  1419 .+
  124   653  1507 .-
  125   372    91 ..
  126   542  1143 .+
  127   261  1783 .-
  128   712   431 ..
  129   150   868 .+
  130   601  2058 .-
  131   320    39 ..
  132   490  1324 .+
  133   209  1602 .-
  134   660   379 ..
  135    98  1049 .+
  136   549   268 ..
  137   719  1877 .-
  138   438   773 .+
  139   157   608 ..
  140   327  2153 .-
  141    46  1230 .+
  142   497   216 ..
  143   667  1696 .-
  144   386   954 .+
  145   105   556 ..
  146   275  1972 .-
  147   726  1411 .+
  148   445   164 ..
  149   615  1515 .-
  150   334  1135 .+
  151    53   504 ..
  152   223  1791 .-
  153   674   859 .+
  154   393   112 ..
  155   563  2066 .-
  156   282  1316 .+
  157     1   452 ..
  158   171  1610 .-
  159   622  1040 .+
  160   341    60 ..
  161   511  1886 .-
  162   230   765 .+
  163   681   400 ..
  164   119  2161 .-
  165   570   289 ..
  166     8  1221 .+
  167   459  1705 .-
  168   178   629 ..
  169   348   946 .+
  170    67  1980 .-
  171   518   237 ..
  172   688  1402 .+
  173   407  1524 .-
  174   126   577 ..
  175   296  1127 .+
  176    15  1799 .-
  177   466   185 ..
  178   636   851 .+
  179   355  2075 .-
  180    74   525 ..
  181   244  1308 .+
  182   695  1618 .-
  183   414   133 ..
  184   584  1032 .+
  185   303  1894 .-
  186    22   473 ..
  187   192   757 .+
  188   643  2169 .-
  189   362    81 ..
  190   532  1213 .+
  191   251   702 ..
  192   421  1713 .-
  193   140   938 .+
  194   591   310 ..
  195    29  1988 .-
  196   480  1394 .+
  197   199   650 ..
  198   369  1532 .-
  199    88  1119 .+
  200   539   258 ..
  201   709  1807 .-
  202   428   843 .+
  203   147   598 ..
  204   317  2083 .-
  205    36  1300 .+
  206   487   206 ..
  207   657  1626 .-
  208   376  1024 .+
  209    95   546 ..
  210   265  1902 .-
  211   716   748 .+
  212   435   154 ..
  213   605  2177 .-
  214   324  1205 .+
  215    43   494 ..
  216   213  1721 .-
  217   664   929 .+
  218   383   102 ..
  219   553  1997 .-
  220   272   723 ..
  221   442  1386 .+
  222   161  1540 .-
  223   612   331 ..
  224    50  1110 .+
  225   501  1816 .-
  226   220   671 ..
  227   390   835 .+
  228   109  2091 .-
  229   560   279 ..
  230   730  1291 .+
  231   449  1635 .-
  232   168   619 ..
  233   338  1016 .+
  234    57  1910 .-
  235   508   227 ..
  236   678   740 .+
  237   397  2186 .-
  238   116   567 ..
  239   286  1197 .+
  240     5  1729 .-
  241   456   175 ..
  242   626   921 .+
  243   345  2005 .-
  244    64   515 ..
  245   234  1378 .+
  246   685   404 ..
  247   123  1548 .-
  248   574  1102 .+
  249   293    12 ..
  250   463  1824 .-
  251   182   827 .+
  252   633   352 ..
  253    71  2099 .-
  254   522  1283 .+
  255   241   692 ..
  256   411  1643 .-
  257   130  1008 .+
  258   581   300 ..
  259    19  1918 .-
  260   470   732 .+
  261   189   640 ..
  262   359  2194 .-
  263    78  1188 .+
  264   529   248 ..
  265   699  1737 .-
  266   418   913 .+
  267   137   588 ..
  268   307  2013 .-
  269    26  1369 .+
  270   477   196 ..
  271   647  1557 .-
  272   366    85 ..
  273   536  1094 .+
  274   255  1832 .-
  275   706   425 ..
  276   144   818 .+
  277   595  2108 .-
  278   314    33 ..
  279   484  1275 .+
  280   203  1651 .-
  281   654   373 ..
  282    92   999 .+
  283   543  1927 .-
  284   262   713 ..
  285   432  1456 .+
  286   151  1470 .-
  287   602   321 ..
  288    40  1180 .+
  289   491  1746 .-
  290   210   661 ..
  291   380   905 .+
  292    99  2021 .-
  293   550   269 ..
  294   720  1361 .+
  295   439  1565 .-
  296   158   609 ..
  297   328  1086 .+
  298    47  1840 .-
  299   498   217 ..
  300   668   810 .+
  301   387   106 ..
  302   557  2116 .-
  303   276  1267 .+
  304   727   446 ..
  305   165  1659 .-
  306   616   991 .+
  307   335    54 ..
  308   505  1935 .-
  309   224  1448 .+
  310   675   394 ..
  311   113  1478 .-
  312   564  1172 .+
  313   283     2 ..
  314   453  1754 .-
  315   172   896 .+
  316   623   342 ..
  317    61  2029 .-
  318   512  1353 .+
  319   231   682 ..
  320   401  1573 .-
  321   120  1077 .+
  322   571   290 ..
  323     9  1849 .-
  324   460   802 .+
  325   179   630 ..
  326   349  2124 .-
  327    68   519 ..
  328   238  1258 .+
  329   689  1668 .-
  330   408   127 ..
  331   578   983 .+
  332   297  1943 .-
  333    16   467 ..
  334   186  1439 .+
  335   637  1487 .-
  336   356    75 ..
  337   526  1164 .+
  338   245  1762 .-
  339   696   415 ..
  340   134   888 .+
  341   585  2038 .-
  342   304    23 ..
  343   474  1345 .+
  344   193  1581 .-
  345   644   363 ..
  346    82  1069 .+
  347   533  1857 .-
  348   252   703 ..
  349   422   794 .+
  350   141  2132 .-
  351   592   311 ..
  352    30  1250 .+
  353   481  1676 .-
  354   200   651 ..
  355   370   975 .+
  356    89   540 ..
  357   259  1951 .-
  358   710  1431 .+
  359   429   148 ..
  360   599  1495 .-
  361   318  1156 .+
  362    37   488 ..
  363   207  1770 .-
  364   658   880 .+
  365   377    96 ..
  366   547  2046 .-
  367   266  1337 .+
  368   717   436 ..
  369   155  1589 .-
  370   606  1061 .+
  371   325    44 ..
  372   495  1865 .-
  373   214   785 .+
  374   665   384 ..
  375   103  2140 .-
  376   554  1242 .+
  377   273   724 ..
  378   443  1684 .-
  379   162   966 .+
  380   613   332 ..
  381    51  1960 .-
  382   502   221 ..
  383   672  1423 .+
  384   391  1503 .-
  385   110   561 ..
  386   280  1147 .+
  387   731  1779 .-
  388   450   169 ..
  389   620   872 .+
  390   339  2054 .-
  391    58   509 ..
  392   228  1328 .+
  393   679  1598 .-
  394   398   117 ..
  395   568  1053 .+
  396   287  1873 .-
  397     6   457 ..
  398   176   777 .+
  399   627  2149 .-
  400   346    65 ..
  401   516  1234 .+
  402   235  1692 .-
  403   686   405 ..
  404   124   958 .+
  405   575  1968 .-
  406   294    13 ..
  407   464  1415 .+
  408   183   634 ..
  409   353  1511 .-
  410    72  1139 .+
  411   523   242 ..
  412   693  1787 .-
  413   412   864 .+
  414   131   582 ..
  415   301  2062 .-
  416    20  1320 .+
  417   471   190 ..
  418   641  1606 .-
  419   360  1045 .+
  420    79   530 ..
  421   249  1881 .-
  422   700   769 .+
  423   419   138 ..
  424   589  2157 .-
  425   308  1225 .+
  426    27   478 ..
  427   197  1700 .-
  428   648   950 .+
  429   367    86 ..
  430   537  1976 .-
  431   256  1406 .+
  432   707   426 ..
  433   145  1520 .-
  434   596  1131 .+
  435   315    34 ..
  436   485  1795 .-
  437   204   655 ..
  438   374   855 .+
  439    93  2071 .-
  440   544   263 ..
  441   714  1312 .+
  442   433  1614 .-
  443   152   603 ..
  444   322  1036 .+
  445    41  1890 .-
  446   492   211 ..
  447   662   761 .+
  448   381  2165 .-
  449   100   551 ..
  450   270  1217 .+
  451   721  1709 .-
  452   440   159 ..
  453   610   942 .+
  454   329  1984 .-
  455    48   499 ..
  456   218  1398 .+
  457   669  1528 .-
  458   388   107 ..
  459   558  1123 .+
  460   277  1803 .-
  461   728   447 ..
  462   166   847 .+
  463   617   336 ..
  464    55  2079 .-
  465   506  1304 .+
  466   225   676 ..
  467   395  1622 .-
  468   114  1028 .+
  469   565   284 ..
  470     3  1898 .-
  471   454   753 .+
  472   173   624 ..
  473   343  2173 .-
  474    62  1209 .+
  475   513   232 ..
  476   683  1717 .-
  477   402   934 .+
  478   121   572 ..
  479   291  1992 .-
  480    10  1390 .+
  481   461   180 ..
  482   631  1536 .-
  483   350  1114 .+
  484    69   520 ..
  485   239  1811 .-
  486   690   839 .+
  487   409   128 ..
  488   579  2087 .-
  489   298  1295 .+
  490    17   468 ..
  491   187  1631 .-
  492   638   357 ..
  493    76  1020 .+
  494   527  1906 .-
  495   246   697 ..
  496   416   744 .+
  497   135  2182 .-
  498   586   305 ..
  499    24  1201 .+
  500   475  1725 .-
  501   194   645 ..
  502   364   925 .+
  503    83  2001 .-
  504   534   253 ..
  505   704  1382 .+
  506   423  1544 .-
  507   142   593 ..
  508   312  1106 .+
  509    31  1820 .-
  510   482   201 ..
  511   652   831 .+
  512   371  2095 .-
  513    90   541 ..
  514   260  1287 .+
  515   711  1639 .-
  516   430   149 ..
  517   600  1012 .+
  518   319    38 ..
  519   489  1914 .-
  520   208   736 .+
  521   659   378 ..
  522    97  2190 .-
  523   548  1193 .+
  524   267   718 ..
  525   437  1733 .-
  526   156   917 .+
  527   607   326 ..
  528    45  2009 .-
  529   496  1374 .+
  530   215   666 ..
  531   385  1552 .-
  532   104  1098 .+
  533   555   274 ..
  534   725  1828 .-
  535   444   822 .+
  536   163   614 ..
  537   333  2103 .-
  538    52  1279 .+
  539   503   222 ..
  540   673  1647 .-
  541   392  1003 .+
  542   111   562 ..
  543   281  1923 .-
Total data plus flush bits=732, p-parity bits=178, q-parity=178, Errors=0, Repetition=0
