F80T1QL6_4B
Channel Interleaving, Puncturing and Mapping to QPSK
User data=608, with flush=612, Channel Symbols=640, Channel Bits=1280, Parity=668, p=q=334, Coding Rate=0.475000
D=608, FECSy=640, DF=612, N=1280, P=668, p=334, distep=379, dd=0, pistep=207, pp=333, ppstep=1.832335, ppstart=612.500000, qpstart=1225.416138, k=28, mx=22.857143

Symbol   I0    Q0  Pattern= . =data, + =p parity, - =q parity
-------------------------------------------------------------
    0  1222  1225 +-
    1     0   989 .+
    2   379  1458 .-
    3   146   757 .+
    4   525  1690 .-
    5   292  1136 .+
    6    59  1311 .-
    7   438   903 .+
    8   205  1544 .-
    9   584   671 .+
   10   351  1776 .-
   11   118  1050 .+
   12   497  1397 .-
   13   264   817 .+
   14    31  1630 .-
   15   410  1197 .+
   16   177  1251 .-
   17   556   964 .+
   18   323  1483 .-
   19    90   731 .+
   20   469  1716 .-
   21   236  1110 .+
   22     3  1337 .-
   23   878  1569 +-
   24   382   645 .+
   25   149  1802 .-
   26   528  1024 .+
   27   295  1423 .-
   28    62   792 .+
   29   441  1656 .-
   30   208  1171 .+
   31   587  1276 .-
   32   354   938 .+
   33   121  1509 .-
   34   500   705 .+
   35   267  1742 .-
   36    34  1085 .+
   37   413  1362 .-
   38   180   852 .+
   39   559  1595 .-
   40   326   619 .+
   41    93  1828 .-
   42   472   999 .+
   43   239  1448 .-
   44     6   766 .+
   45   385  1681 .-
   46  1145  1302 +-
   47   152   913 .+
   48   531  1535 .-
   49   298   680 .+
   50    65  1767 .-
   51   444  1059 .+
   52   211  1388 .-
   53   590   826 .+
   54   357  1621 .-
   55   124  1206 .+
   56   503  1241 .-
   57   270   973 .+
   58    37  1474 .-
   59   416   740 .+
   60   183  1707 .-
   61   562  1120 .+
   62   329  1328 .-
   63    96   887 .+
   64   475  1560 .-
   65   242   654 .+
   66     9  1793 .-
   67   388  1033 .+
   68   155  1414 .-
   69   801  1646 +-
   70   534  1180 .+
   71   301  1267 .-
   72    68   947 .+
   73   447  1500 .-
   74   214   715 .+
   75   593  1732 .-
   76   360  1094 .+
   77   127  1353 .-
   78   506   861 .+
   79   273  1586 .-
   80    40   628 .+
   81   419  1819 .-
   82   186  1008 .+
   83   565  1439 .-
   84   332   775 .+
   85    99  1672 .-
   86   478  1154 .+
   87   245  1293 .-
   88    12   922 .+
   89   391  1525 .-
   90   158   689 .+
   91   537  1758 .-
   92  1068  1379 +-
   93   304   836 .+
   94    71  1612 .-
   95   450  1215 .+
   96   217  1232 .-
   97   596   982 .+
   98   363  1465 .-
   99   130   749 .+
  100   509  1698 .-
  101   276  1129 .+
  102    43  1318 .-
  103   422   896 .+
  104   189  1551 .-
  105   568   663 .+
  106   335  1784 .-
  107   102  1043 .+
  108   481  1404 .-
  109   248   810 .+
  110    15  1637 .-
  111   394  1189 .+
  112   161  1258 .-
  113   540   956 .+
  114   307  1491 .-
  115   724  1723 +-
  116    74  1103 .+
  117   453  1344 .-
  118   220   870 .+
  119   599  1577 .-
  120   366   638 .+
  121   133  1809 .-
  122   512  1017 .+
  123   279  1430 .-
  124    46   784 .+
  125   425  1663 .-
  126   192  1164 .+
  127   571  1284 .-
  128   338   931 .+
  129   105  1516 .-
  130   484   698 .+
  131   251  1749 .-
  132    18  1077 .+
  133   397  1370 .-
  134   164   845 .+
  135   543  1602 .-
  136   310   612 .+
  137    77  1835 .-
  138   991  1456 +-
  139   456   759 .+
  140   223  1688 .-
  141   602  1138 .+
  142   369  1309 .-
  143   136   905 .+
  144   515  1542 .-
  145   282   672 .+
  146    49  1775 .-
  147   428  1052 .+
  148   195  1395 .-
  149   574   819 .+
  150   341  1628 .-
  151   108  1198 .+
  152   487  1249 .-
  153   254   966 .+
  154    21  1481 .-
  155   400   733 .+
  156   167  1714 .-
  157   546  1112 .+
  158   313  1335 .-
  159    80   880 .+
  160   459  1568 .-
  161   647  1800 +-
  162   226  1026 .+
  163   605  1421 .-
  164   372   793 .+
  165   139  1654 .-
  166   518  1173 .+
  167   285  1274 .-
  168    52   940 .+
  169   431  1507 .-
  170   198   707 .+
  171   577  1740 .-
  172   344  1087 .+
  173   111  1361 .-
  174   490   854 .+
  175   257  1593 .-
  176    24   621 .+
  177   403  1826 .-
  178   170  1000 .+
  179   549  1447 .-
  180   316   768 .+
  181    83  1679 .-
  182   462  1147 .+
  183  1300   914 -+
  184   229  1533 .-
  185   608   682 .+
  186   375  1765 .-
  187   142  1061 .+
  188   521  1386 .-
  189   288   828 .+
  190    55  1619 .-
  191   434  1208 .+
  192   201  1240 .-
  193   580   975 .+
  194   347  1472 .-
  195   114   742 .+
  196   493  1705 .-
  197   260  1121 .+
  198    27  1326 .-
  199   406   889 .+
  200   173  1558 .-
  201   552   656 .+
  202   319  1791 .-
  203    86  1035 .+
  204   465  1412 .-
  205   232   803 .+
  206  1645  1182 -+
  207   611  1265 .-
  208   378   949 .+
  209   145  1498 .-
  210   524   716 .+
  211   291  1731 .-
  212    58  1096 .+
  213   437  1351 .-
  214   204   863 .+
  215   583  1584 .-
  216   350   630 .+
  217   117  1817 .-
  218   496  1010 .+
  219   263  1437 .-
  220    30   777 .+
  221   409  1670 .-
  222   176  1156 .+
  223   555  1291 .-
  224   322   923 .+
  225    89  1524 .-
  226   468   691 .+
  227   235  1756 .-
  228     2  1070 .+
  229  1377   837 -+
  230   381  1610 .-
  231   148  1217 .+
  232   527  1230 .-
  233   294   984 .+
  234    61  1463 .-
  235   440   751 .+
  236   207  1696 .-
  237   586  1131 .+
  238   353  1317 .-
  239   120   898 .+
  240   499  1549 .-
  241   266   665 .+
  242    33  1782 .-
  243   412  1044 .+
  244   179  1403 .-
  245   558   812 .+
  246   325  1635 .-
  247    92  1191 .+
  248   471  1256 .-
  249   238   958 .+
  250     5  1489 .-
  251   384   726 .+
  252  1721  1105 -+
  253   151  1342 .-
  254   530   872 .+
  255   297  1575 .-
  256    64   639 .+
  257   443  1808 .-
  258   210  1019 .+
  259   589  1428 .-
  260   356   786 .+
  261   123  1661 .-
  262   502  1165 .+
  263   269  1282 .-
  264    36   933 .+
  265   415  1514 .-
  266   182   700 .+
  267   561  1747 .-
  268   328  1079 .+
  269    95  1368 .-
  270   474   847 .+
  271   241  1601 .-
  272     8   614 .+
  273   387  1833 .-
  274   154   993 .+
  275  1454   760 -+
  276   533  1687 .-
  277   300  1140 .+
  278    67  1307 .-
  279   446   907 .+
  280   213  1540 .-
  281   592   674 .+
  282   359  1773 .-
  283   126  1054 .+
  284   505  1393 .-
  285   272   821 .+
  286    39  1626 .-
  287   418  1200 .+
  288   185  1247 .-
  289   564   967 .+
  290   331  1480 .-
  291    98   735 .+
  292   477  1712 .-
  293   244  1114 .+
  294    11  1333 .-
  295   390   881 .+
  296   157  1566 .-
  297   536   649 .+
  298  1798  1028 -+
  299   303  1419 .-
  300    70   795 .+
  301   449  1652 .-
  302   216  1175 .+
  303   595  1273 .-
  304   362   942 .+
  305   129  1505 .-
  306   508   709 .+
  307   275  1738 .-
  308    42  1088 .+
  309   421  1359 .-
  310   188   856 .+
  311   567  1591 .-
  312   334   623 .+
  313   101  1824 .-
  314   480  1002 .+
  315   247  1445 .-
  316    14   770 .+
  317   393  1678 .-
  318   160  1149 .+
  319   539  1298 .-
  320   306   916 .+
  321  1531   683 -+
  322    73  1764 .-
  323   452  1063 .+
  324   219  1384 .-
  325   598   830 .+
  326   365  1617 .-
  327   132  1209 .+
  328   511  1238 .-
  329   278   977 .+
  330    45  1470 .-
  331   424   744 .+
  332   191  1703 .-
  333   570  1123 .+
  334   337  1324 .-
  335   104   891 .+
  336   483  1557 .-
  337   250   658 .+
  338    17  1789 .-
  339   396  1037 .+
  340   163  1410 .-
  341   542   804 .+
  342   309  1643 .-
  343  1184  1263 +-
  344    76   951 .+
  345   455  1496 .-
  346   222   718 .+
  347   601  1729 .-
  348   368  1098 .+
  349   135  1350 .-
  350   514   865 .+
  351   281  1582 .-
  352    48   632 .+
  353   427  1815 .-
  354   194  1011 .+
  355   573  1436 .-
  356   340   779 .+
  357   107  1668 .-
  358   486  1158 .+
  359   253  1289 .-
  360    20   925 .+
  361   399  1522 .-
  362   166   693 .+
  363   545  1754 .-
  364   312  1072 .+
  365    79  1375 .-
  366   839  1608 +-
  367   458  1219 .+
  368   225  1229 .-
  369   604   986 .+
  370   371  1461 .-
  371   138   753 .+
  372   517  1694 .-
  373   284  1132 .+
  374    51  1315 .-
  375   430   900 .+
  376   197  1547 .-
  377   576   667 .+
  378   343  1780 .-
  379   110  1046 .+
  380   489  1401 .-
  381   256   814 .+
  382    23  1634 .-
  383   402  1193 .+
  384   169  1254 .-
  385   548   960 .+
  386   315  1487 .-
  387    82   727 .+
  388   461  1720 .-
  389  1107  1340 +-
  390   228   874 .+
  391   607  1573 .-
  392   374   641 .+
  393   141  1806 .-
  394   520  1021 .+
  395   287  1426 .-
  396    54   788 .+
  397   433  1659 .-
  398   200  1167 .+
  399   579  1280 .-
  400   346   934 .+
  401   113  1513 .-
  402   492   702 .+
  403   259  1745 .-
  404    26  1081 .+
  405   405  1366 .-
  406   172   848 .+
  407   551  1599 .-
  408   318   616 .+
  409    85  1831 .-
  410   464   995 .+
  411   231  1452 .-
  412   762  1685 +-
  413   610  1142 .+
  414   377  1306 .-
  415   144   909 .+
  416   523  1538 .-
  417   290   676 .+
  418    57  1771 .-
  419   436  1055 .+
  420   203  1392 .-
  421   582   823 .+
  422   349  1624 .-
  423   116  1202 .+
  424   495  1245 .-
  425   262   969 .+
  426    29  1478 .-
  427   408   737 .+
  428   175  1710 .-
  429   554  1116 .+
  430   321  1331 .-
  431    88   883 .+
  432   467  1564 .-
  433   234   650 .+
  434     1  1797 .-
  435  1030  1417 +-
  436   380   797 .+
  437   147  1650 .-
  438   526  1176 .+
  439   293  1271 .-
  440    60   944 .+
  441   439  1503 .-
  442   206   711 .+
  443   585  1736 .-
  444   352  1090 .+
  445   119  1357 .-
  446   498   858 .+
  447   265  1590 .-
  448    32   625 .+
  449   411  1822 .-
  450   178  1004 .+
  451   557  1443 .-
  452   324   771 .+
  453    91  1676 .-
  454   470  1151 .+
  455   237  1296 .-
  456     4   918 .+
  457   383  1529 .-
  458   685  1762 +-
  459   150  1065 .+
  460   529  1382 .-
  461   296   832 .+
  462    63  1615 .-
  463   442  1211 .+
  464   209  1236 .-
  465   588   978 .+
  466   355  1469 .-
  467   122   746 .+
  468   501  1701 .-
  469   268  1125 .+
  470    35  1322 .-
  471   414   892 .+
  472   181  1555 .-
  473   560   660 .+
  474   327  1787 .-
  475    94  1039 .+
  476   473  1408 .-
  477   240   806 .+
  478     7  1641 .-
  479   386  1186 .+
  480   153  1262 .-
  481   953  1494 +-
  482   532   720 .+
  483   299  1727 .-
  484    66  1099 .+
  485   445  1348 .-
  486   212   867 .+
  487   591  1580 .-
  488   358   634 .+
  489   125  1813 .-
  490   504  1013 .+
  491   271  1434 .-
  492    38   781 .+
  493   417  1667 .-
  494   184  1160 .+
  495   563  1287 .-
  496   330   927 .+
  497    97  1520 .-
  498   476   694 .+
  499   243  1753 .-
  500    10  1074 .+
  501   389  1373 .-
  502   156   841 .+
  503  1606  1220 -+
  504   535  1227 .-
  505   302   988 .+
  506    69  1459 .-
  507   448   755 .+
  508   215  1692 .-
  509   594  1134 .+
  510   361  1313 .-
  511   128   902 .+
  512   507  1546 .-
  513   274   669 .+
  514    41  1778 .-
  515   420  1048 .+
  516   187  1399 .-
  517   566   815 .+
  518   333  1632 .-
  519   100  1195 .+
  520   479  1252 .-
  521   246   962 .+
  522    13  1485 .-
  523   392   729 .+
  524   159  1718 .-
  525   538  1109 .+
  526  1339   876 -+
  527   305  1571 .-
  528    72   643 .+
  529   451  1804 .-
  530   218  1022 .+
  531   597  1425 .-
  532   364   790 .+
  533   131  1657 .-
  534   510  1169 .+
  535   277  1278 .-
  536    44   936 .+
  537   423  1511 .-
  538   190   704 .+
  539   569  1743 .-
  540   336  1083 .+
  541   103  1364 .-
  542   482   850 .+
  543   249  1597 .-
  544    16   617 .+
  545   395  1830 .-
  546   162   997 .+
  547   541  1450 .-
  548   308   764 .+
  549  1683  1143 -+
  550    75  1304 .-
  551   454   911 .+
  552   221  1536 .-
  553   600   678 .+
  554   367  1769 .-
  555   134  1057 .+
  556   513  1390 .-
  557   280   825 .+
  558    47  1623 .-
  559   426  1204 .+
  560   193  1243 .-
  561   572   971 .+
  562   339  1476 .-
  563   106   738 .+
  564   485  1709 .-
  565   252  1118 .+
  566    19  1329 .-
  567   398   885 .+
  568   165  1562 .-
  569   544   652 .+
  570   311  1795 .-
  571    78  1032 .+
  572  1415   799 -+
  573   457  1648 .-
  574   224  1178 .+
  575   603  1269 .-
  576   370   945 .+
  577   137  1502 .-
  578   516   713 .+
  579   283  1734 .-
  580    50  1092 .+
  581   429  1355 .-
  582   196   859 .+
  583   575  1588 .-
  584   342   627 .+
  585   109  1820 .-
  586   488  1006 .+
  587   255  1441 .-
  588    22   773 .+
  589   401  1674 .-
  590   168  1153 .+
  591   547  1295 .-
  592   314   920 .+
  593    81  1527 .-
  594   460   687 .+
  595  1760  1066 -+
  596   227  1381 .-
  597   606   834 .+
  598   373  1613 .-
  599   140  1213 .+
  600   519  1234 .-
  601   286   980 .+
  602    53  1467 .-
  603   432   748 .+
  604   199  1699 .-
  605   578  1127 .+
  606   345  1320 .-
  607   112   894 .+
  608   491  1553 .-
  609   258   661 .+
  610    25  1786 .-
  611   404  1041 .+
  612   171  1406 .-
  613   550   808 .+
  614   317  1639 .-
  615    84  1187 .+
  616   463  1260 .-
  617   230   955 .+
  618  1492   722 -+
  619   609  1725 .-
  620   376  1101 .+
  621   143  1346 .-
  622   522   869 .+
  623   289  1579 .-
  624    56   636 .+
  625   435  1811 .-
  626   202  1015 .+
  627   581  1432 .-
  628   348   782 .+
  629   115  1665 .-
  630   494  1162 .+
  631   261  1285 .-
  632    28   929 .+
  633   407  1518 .-
  634   174   696 .+
  635   553  1751 .-
  636   320  1076 .+
  637    87  1372 .-
  638   466   843 .+
  639   233  1604 .-
Total data plus flush bits=612, p-parity bits=334, q-parity=334, Errors=0, Repetition=0
