F80T1QL5_4B
Channel Interleaving, Puncturing and Mapping to QPSK
User data=704, with flush=708, Channel Symbols=640, Channel Bits=1280, Parity=572, p=q=286, Coding Rate=0.550000
D=704, FECSy=640, DF=708, N=1280, P=572, p=286, distep=437, dd=0, pistep=177, pp=285, ppstep=2.475524, ppstart=708.500000, qpstart=1417.737793, k=-68, mx=9.411765

Symbol   I0    Q0  Pattern= . =data, + =p parity, - =q parity
-------------------------------------------------------------
    0     0   437 ..
    1   166  1414 .+
    2   603  1417 .-
    3   332  1144 .+
    4    61  1687 .-
    5   498   874 .+
    6   227  1957 .-
    7   664  1312 .+
    8   393  1519 .-
    9   122  1042 .+
   10   559   288 ..
   11    17  1789 .-
   12   454   772 .+
   13   183  2058 .-
   14   620  1211 .+
   15   349  1620 .-
   16    78   941 .+
   17   515  1890 .-
   18   244  1379 .+
   19   681   410 ..
   20   139  1452 .-
   21   576  1109 .+
   22   305  1722 .-
   23    34   839 .+
   24   471  1992 .-
   25   200  1277 .+
   26   637  1553 .-
   27   366  1008 .+
   28    95  1823 .-
   29   532   261 ..
   30   698   738 .+
   31   427  2093 .-
   32   156  1176 .+
   33   593  1655 .-
   34   322   906 .+
   35    51  1925 .-
   36   488  1344 .+
   37   217  1487 .-
   38   654   383 ..
   39   112  1074 .+
   40   549  1756 .-
   41   278   805 .+
   42     7  2026 .-
   43   444  1243 .+
   44   173  1588 .-
   45   610   973 .+
   46   339  1858 .-
   47    68  1411 .+
   48   505   234 ..
   49   671  1420 .-
   50   400  1141 .+
   51   129  1690 .-
   52   566   871 .+
   53   295  1959 .-
   54    24  1310 .+
   55   461  1521 .-
   56   190  1040 .+
   57   627   356 ..
   58    85  1791 .-
   59   522   770 .+
   60   251  2061 .-
   61   688  1208 .+
   62   417  1623 .-
   63   146   938 .+
   64   583  1893 .-
   65   312  1376 .+
   66    41   478 ..
   67   207  1454 .-
   68   644  1107 .+
   69   373  1724 .-
   70   102   837 .+
   71   539  1994 .-
   72   268  1275 .+
   73   705  1556 .-
   74   434  1005 .+
   75   163  1826 .-
   76   600   329 ..
   77    58   735 .+
   78   495  2096 .-
   79   224  1173 .+
   80   661  1657 .-
   81   390   904 .+
   82   119  1927 .-
   83   556  1342 .+
   84   285  1489 .-
   85    14   451 ..
   86   180  1072 .+
   87   617  1759 .-
   88   346   802 .+
   89    75  2029 .-
   90   512  1240 .+
   91   241  1591 .-
   92   678   970 .+
   93   407  1860 .-
   94   136  1409 .+
   95   573   302 ..
   96    31  1422 .-
   97   468  1139 .+
   98   197  1692 .-
   99   634   869 .+
  100   363  1962 .-
  101    92  1307 .+
  102   529  1524 .-
  103   258  1037 .+
  104   695   424 ..
  105   153  1794 .-
  106   590   767 .+
  107   319  2063 .-
  108    48  1206 .+
  109   485  1625 .-
  110   214   936 .+
  111   651  1895 .-
  112   380  1374 .+
  113   109   546 ..
  114   275  1457 .-
  115     4  1104 .+
  116   441  1727 .-
  117   170   834 .+
  118   607  1997 .-
  119   336  1272 .+
  120    65  1558 .-
  121   502  1003 .+
  122   231  1828 .-
  123   668   397 ..
  124   126   733 .+
  125   563  2098 .-
  126   292  1171 .+
  127    21  1660 .-
  128   458   901 .+
  129   187  1930 .-
  130   624  1339 .+
  131   353  1492 .-
  132    82   519 ..
  133   248  1069 .+
  134   685  1761 .-
  135   414   800 .+
  136   143  2031 .-
  137   580  1238 .+
  138   309  1593 .-
  139    38   968 .+
  140   475  1863 .-
  141   204  1406 .+
  142   641   370 ..
  143    99  1425 .-
  144   536  1136 .+
  145   265  1694 .-
  146   702   866 .+
  147   431  1964 .-
  148   160  1305 .+
  149   597  1526 .-
  150   326  1035 .+
  151    55   492 ..
  152   221  1796 .-
  153   658   765 .+
  154   387  2066 .-
  155   116  1203 .+
  156   553  1628 .-
  157   282   933 .+
  158    11  1897 .-
  159   448  1371 .+
  160   177  1459 .-
  161   614   343 ..
  162    72  1102 .+
  163   509  1729 .-
  164   238   832 .+
  165   675  1999 .-
  166   404  1270 .+
  167   133  1561 .-
  168   570  1000 .+
  169   299  1831 .-
  170    28   465 ..
  171   194   730 .+
  172   631  2100 .-
  173   360  1168 .+
  174    89  1662 .-
  175   526   899 .+
  176   255  1932 .-
  177   692  1337 .+
  178   421  1494 .-
  179   150   587 ..
  180   316  1067 .+
  181    45  1764 .-
  182   482   797 .+
  183   211  2034 .-
  184   648  1235 .+
  185   377  1595 .-
  186   106   965 .+
  187   543  1865 .-
  188   272  1404 .+
  189     1   438 ..
  190   167  1427 .-
  191   604  1134 .+
  192   333  1697 .-
  193    62   864 .+
  194   499  1967 .-
  195   228  1302 .+
  196   665  1529 .-
  197   394  1032 .+
  198   123   560 ..
  199   289  1798 .-
  200    18   762 .+
  201   455  2068 .-
  202   184  1201 .+
  203   621  1630 .-
  204   350   931 .+
  205    79  1900 .-
  206   516  1369 .+
  207   245  1462 .-
  208   682   411 ..
  209   140  1099 .+
  210   577  1732 .-
  211   306   829 .+
  212    35  2001 .-
  213   472  1267 .+
  214   201  1563 .-
  215   638   998 .+
  216   367  1833 .-
  217    96   533 ..
  218   262   728 .+
  219   699  2103 .-
  220   428  1166 .+
  221   157  1665 .-
  222   594   896 .+
  223   323  1935 .-
  224    52  1334 .+
  225   489  1496 .-
  226   218   655 ..
  227   384  1064 .+
  228   113  1766 .-
  229   550   795 .+
  230   279  2036 .-
  231     8  1233 .+
  232   445  1598 .-
  233   174   963 .+
  234   611  1868 .-
  235   340  1401 .+
  236    69   506 ..
  237   235  1430 .-
  238   672  1131 .+
  239   401  1699 .-
  240   130   861 .+
  241   567  1969 .-
  242   296  1300 .+
  243    25  1531 .-
  244   462  1030 .+
  245   191   628 ..
  246   357  1801 .-
  247    86   760 .+
  248   523  2071 .-
  249   252  1198 .+
  250   689  1633 .-
  251   418   928 .+
  252   147  1902 .-
  253   584  1366 .+
  254   313  1464 .-
  255    42   479 ..
  256   208  1097 .+
  257   645  1734 .-
  258   374   827 .+
  259   103  2004 .-
  260   540  1265 .+
  261   269  1566 .-
  262   706   995 .+
  263   435  1836 .-
  264   164   601 ..
  265   330   725 .+
  266    59  2105 .-
  267   496  1163 .+
  268   225  1667 .-
  269   662   894 .+
  270   391  1937 .-
  271   120  1332 .+
  272   557  1499 .-
  273   286    15 ..
  274   452  1062 .+
  275   181  1769 .-
  276   618   792 .+
  277   347  2039 .-
  278    76  1230 .+
  279   513  1600 .-
  280   242   961 .+
  281   679  1870 .-
  282   408  1399 .+
  283   137   574 ..
  284   303  1432 .-
  285    32  1129 .+
  286   469  1702 .-
  287   198   859 .+
  288   635  1972 .-
  289   364  1297 .+
  290    93  1534 .-
  291   530  1027 .+
  292   259   696 ..
  293   425  1803 .-
  294   154   758 .+
  295   591  2073 .-
  296   320  1196 .+
  297    49  1635 .-
  298   486   926 .+
  299   215  1905 .-
  300   652  1364 .+
  301   381  1467 .-
  302   110   547 ..
  303   276  1094 .+
  304     5  1737 .-
  305   442   824 .+
  306   171  2006 .-
  307   608  1263 .+
  308   337  1568 .-
  309    66   993 .+
  310   503  1838 .-
  311   232   669 ..
  312   398   723 .+
  313   127  2108 .-
  314   564  1161 .+
  315   293  1670 .-
  316    22   891 .+
  317   459  1940 .-
  318   188  1329 .+
  319   625  1501 .-
  320   354  1060 .+
  321    83   520 ..
  322   249  1771 .-
  323   686   790 .+
  324   415  2041 .-
  325   144  1228 .+
  326   581  1603 .-
  327   310   958 .+
  328    39  1873 .-
  329   476  1396 .+
  330   205   642 ..
  331   371  1435 .-
  332   100  1126 .+
  333   537  1704 .-
  334   266   857 .+
  335   703  1974 .-
  336   432  1295 .+
  337   161  1536 .-
  338   598  1025 .+
  339   327    56 ..
  340   493  1806 .-
  341   222   755 .+
  342   659  2076 .-
  343   388  1193 .+
  344   117  1638 .-
  345   554   923 .+
  346   283  1907 .-
  347    12  1362 .+
  348   449  1469 .-
  349   178   615 ..
  350   344  1092 .+
  351    73  1739 .-
  352   510   822 .+
  353   239  2009 .-
  354   676  1260 .+
  355   405  1571 .-
  356   134   990 .+
  357   571  1841 .-
  358   300    29 ..
  359   466   720 .+
  360   195  2110 .-
  361   632  1159 .+
  362   361  1672 .-
  363    90   889 .+
  364   527  1942 .-
  365   256  1327 .+
  366   693  1504 .-
  367   422  1057 .+
  368   151   588 ..
  369   317  1774 .-
  370    46   787 .+
  371   483  2044 .-
  372   212  1225 .+
  373   649  1605 .-
  374   378   956 .+
  375   107  1875 .-
  376   544  1394 .+
  377   273     2 ..
  378   439  1437 .-
  379   168  1124 .+
  380   605  1707 .-
  381   334   854 .+
  382    63  1977 .-
  383   500  1292 .+
  384   229  1539 .-
  385   666  1022 .+
  386   395   124 ..
  387   561  1808 .-
  388   290   753 .+
  389    19  2078 .-
  390   456  1191 .+
  391   185  1640 .-
  392   622   921 .+
  393   351  1910 .-
  394    80  1359 .+
  395   517  1472 .-
  396   246   683 ..
  397   412  1089 .+
  398   141  1742 .-
  399   578   819 .+
  400   307  2011 .-
  401    36  1258 .+
  402   473  1573 .-
  403   202   988 .+
  404   639  1843 .-
  405   368    97 ..
  406   534   718 .+
  407   263  2113 .-
  408   700  1156 .+
  409   429  1675 .-
  410   158   886 .+
  411   595  1945 .-
  412   324  1324 .+
  413    53  1506 .-
  414   490  1055 .+
  415   219   656 ..
  416   385  1776 .-
  417   114   785 .+
  418   551  2046 .-
  419   280  1223 .+
  420     9  1608 .-
  421   446   953 .+
  422   175  1878 .-
  423   612  1391 .+
  424   341    70 ..
  425   507  1440 .-
  426   236  1121 .+
  427   673  1709 .-
  428   402   852 .+
  429   131  1979 .-
  430   568  1290 .+
  431   297  1541 .-
  432    26  1020 .+
  433   463   192 ..
  434   629  1811 .-
  435   358   750 .+
  436    87  2081 .-
  437   524  1188 .+
  438   253  1643 .-
  439   690   918 .+
  440   419  1912 .-
  441   148  1357 .+
  442   585  1474 .-
  443   314    43 ..
  444   480  1087 .+
  445   209  1744 .-
  446   646   817 .+
  447   375  2014 .-
  448   104  1255 .+
  449   541  1576 .-
  450   270   985 .+
  451   707  1846 .-
  452   436   165 ..
  453   602   715 .+
  454   331  2115 .-
  455    60  1154 .+
  456   497  1677 .-
  457   226   884 .+
  458   663  1947 .-
  459   392  1322 .+
  460   121  1509 .-
  461   558  1052 .+
  462   287    16 ..
  463   453  1779 .-
  464   182   782 .+
  465   619  2048 .-
  466   348  1220 .+
  467    77  1610 .-
  468   514   951 .+
  469   243  1880 .-
  470   680  1389 .+
  471   409   138 ..
  472   575  1442 .-
  473   304  1119 .+
  474    33  1712 .-
  475   470   849 .+
  476   199  1982 .-
  477   636  1287 .+
  478   365  1543 .-
  479    94  1017 .+
  480   531  1813 .-
  481   260   697 ..
  482   426   748 .+
  483   155  2083 .-
  484   592  1186 .+
  485   321  1645 .-
  486    50   916 .+
  487   487  1915 .-
  488   216  1354 .+
  489   653  1477 .-
  490   382   111 ..
  491   548  1084 .+
  492   277  1746 .-
  493     6   814 .+
  494   443  2016 .-
  495   172  1253 .+
  496   609  1578 .-
  497   338   983 .+
  498    67  1848 .-
  499   504   233 ..
  500   670   713 .+
  501   399  2118 .-
  502   128  1151 .+
  503   565  1680 .-
  504   294   881 .+
  505    23  1949 .-
  506   460  1319 .+
  507   189  1511 .-
  508   626  1050 .+
  509   355    84 ..
  510   521  1781 .-
  511   250   780 .+
  512   687  2051 .-
  513   416  1218 .+
  514   145  1613 .-
  515   582   948 .+
  516   311  1883 .-
  517    40  1386 .+
  518   477   206 ..
  519   643  1444 .-
  520   372  1116 .+
  521   101  1714 .-
  522   538   847 .+
  523   267  1984 .-
  524   704  1285 .+
  525   433  1546 .-
  526   162  1015 .+
  527   599  1816 .-
  528   328    57 ..
  529   494   745 .+
  530   223  2086 .-
  531   660  1183 .+
  532   389  1647 .-
  533   118   913 .+
  534   555  1917 .-
  535   284  1352 .+
  536    13  1479 .-
  537   450   179 ..
  538   616  1082 .+
  539   345  1749 .-
  540    74   812 .+
  541   511  2019 .-
  542   240  1250 .+
  543   677  1581 .-
  544   406   980 .+
  545   135  1850 .-
  546   572   301 ..
  547    30   710 .+
  548   467  2120 .-
  549   196  1149 .+
  550   633  1682 .-
  551   362   879 .+
  552    91  1952 .-
  553   528  1317 .+
  554   257  1514 .-
  555   694  1047 .+
  556   423   152 ..
  557   589  1784 .-
  558   318   777 .+
  559    47  2053 .-
  560   484  1215 .+
  561   213  1615 .-
  562   650   946 .+
  563   379  1885 .-
  564   108  1384 .+
  565   545   274 ..
  566     3  1447 .-
  567   440  1114 .+
  568   169  1717 .-
  569   606   844 .+
  570   335  1987 .-
  571    64  1282 .+
  572   501  1548 .-
  573   230  1012 .+
  574   667  1818 .-
  575   396   125 ..
  576   562   743 .+
  577   291  2088 .-
  578    20  1181 .+
  579   457  1650 .-
  580   186   911 .+
  581   623  1920 .-
  582   352  1349 .+
  583    81  1482 .-
  584   518   247 ..
  585   684  1079 .+
  586   413  1751 .-
  587   142   809 .+
  588   579  2021 .-
  589   308  1248 .+
  590    37  1583 .-
  591   474   978 .+
  592   203  1853 .-
  593   640   369 ..
  594    98   708 .+
  595   535  2123 .-
  596   264  1146 .+
  597   701  1685 .-
  598   430   876 .+
  599   159  1954 .-
  600   596  1315 .+
  601   325  1516 .-
  602    54  1045 .+
  603   491   220 ..
  604   657  1786 .-
  605   386   775 .+
  606   115  2056 .-
  607   552  1213 .+
  608   281  1618 .-
  609    10   943 .+
  610   447  1888 .-
  611   176  1381 .+
  612   613   342 ..
  613    71  1449 .-
  614   508  1112 .+
  615   237  1719 .-
  616   674   842 .+
  617   403  1989 .-
  618   132  1280 .+
  619   569  1551 .-
  620   298  1010 .+
  621    27  1821 .-
  622   464   193 ..
  623   630   740 .+
  624   359  2091 .-
  625    88  1178 .+
  626   525  1652 .-
  627   254   909 .+
  628   691  1922 .-
  629   420  1347 .+
  630   149  1484 .-
  631   586   315 ..
  632    44  1077 .+
  633   481  1754 .-
  634   210   807 .+
  635   647  2024 .-
  636   376  1245 .+
  637   105  1586 .-
  638   542   975 .+
  639   271  1855 .-
Total data plus flush bits=708, p-parity bits=286, q-parity=286, Errors=0, Repetition=0
