F80T45XL2
Channel Interleaving, Puncturing and Mapping to 16-QAM
User data=2320, with flush=2324, Channel Symbols=1496, Channel Bits=5984, Parity=3660, p=q=1830, Coding Rate=0.387701
D=2320, FECSy=1496, DF=2324, N=5984, P=3660, p=1830, distep=1437, dd=0, pistep=1133, pp=1829, ppstep=1.269945, ppstart=2324.500000, qpstart=4649.134766, k=334, mx=4.479042

Symbol   I1    I0    Q1    Q0  Pattern= . =data, + =p parity, - =q parity
-------------------------------------------------------------------------
    0  4647  3762  4649  5534 ++--
    1     0  2876  1437  6419 .+.-
    2   550  4315  1987  4980 .+.-
    3  1100  3430   213  5865 .+.-
    4  1650  2545   763  6750 .+.-
    5  3984  3099  5312  6197 ++--
    6  2200  4538  1313  4758 .+.-
    7   426  3652  1863  5643 .+.-
    8   976  2767    89  6528 .+.-
    9  4206  3321  5089  5974 ++--
   10  1526  2436   639  6860 .+.-
   11  2076  3875  1189  5421 .+.-
   12   302  2989  1739  6306 .+.-
   13   852  4428  2289  4867 .+.-
   14  3543  2658  5752  6637 ++--
   15  1402  4097   515  5199 .+.-
   16  1952  3212  1065  6084 .+.-
   17   178  2327  1615  6969 .+.-
   18  3765  2880  5530  6415 ++--
   19   728  4319  2165  4976 .+.-
   20  1278  3434   391  5861 .+.-
   21  1828  2549   941  6747 .+.-
   22    54  3988  1491  5308 .+.-
   23  3102  4541  6193  4754 ++--
   24   604  3656  2041  5639 .+.-
   25  1154  2771   267  6524 .+.-
   26  1704  4210   817  5085 .+.-
   27  3325  2440  5971  6856 ++--
   28  2254  3878  1367  5417 .+.-
   29   480  2993  1917  6302 .+.-
   30  1030  4432   143  4863 .+.-
   31  1580  3547   693  5748 .+.-
   32  2662  4101  6634  5195 ++--
   33  2130  3216  1243  6080 .+.-
   34   356  2330  1793  6965 .+.-
   35   906  3769    19  5526 .+.-
   36  2884  4323  6411  4972 ++--
   37  1456  3438   569  5858 .+.-
   38  2006  2553  1119  6743 .+.-
   39   232  3991  1669  5304 .+.-
   40   782  3106  2219  6189 .+.-
   41  4545  3660  4750  5635 ++--
   42  1332  2775   445  6521 .+.-
   43  1882  4214   995  5082 .+.-
   44   108  3329  1545  5967 .+.-
   45  2443  3882  6852  5413 ++--
   46   658  2997  2095  6298 .+.-
   47  1208  4436   321  4859 .+.-
   48  1758  3551   871  5745 .+.-
   49  2308  2666  1421  6630 .+.-
   50  4104  3219  5191  6076 ++--
   51   534  2334  1971  6961 .+.-
   52  1084  3773   197  5522 .+.-
   53  1634  2888   747  6408 .+.-
   54  4327  3442  4969  5854 ++--
   55  2184  2556  1297  6739 .+.-
   56   410  3995  1847  5300 .+.-
   57   960  3110    73  6185 .+.-
   58  1510  4549   623  4746 .+.-
   59  3664  2779  5632  6517 ++--
   60  2060  4217  1173  5078 .+.-
   61   286  3332  1723  5963 .+.-
   62   836  2447  2273  6848 .+.-
   63  3886  3001  5409  6294 ++--
   64  1386  4440   499  4856 .+.-
   65  1936  3555  1049  5741 .+.-
   66   162  2669  1599  6626 .+.-
   67   712  4108  2149  5187 .+.-
   68  3223  2338  6072  6957 ++--
   69  1262  3777   375  5519 .+.-
   70  1812  2892   925  6404 .+.-
   71    38  4331  1475  4965 .+.-
   72  3445  2560  5850  6735 ++--
   73   588  3999  2025  5296 .+.-
   74  1138  3114   251  6181 .+.-
   75  1688  4553   801  4743 .+.-
   76  2238  3668  1351  5628 .+.-
   77  2782  4221  6513  5074 ++--
   78   464  3336  1901  5959 .+.-
   79  1014  2451   127  6844 .+.-
   80  1564  3890   677  5406 .+.-
   81  3005  4444  6291  4852 ++--
   82  2114  3558  1227  5737 .+.-
   83   340  2673  1777  6622 .+.-
   84   890  4112     3  5183 .+.-
   85  1440  3227   553  6068 .+.-
   86  2342  3781  6954  5515 ++--
   87  1990  2895  1103  6400 .+.-
   88   216  4334  1653  4961 .+.-
   89   766  3449  2203  5846 .+.-
   90  2564  4003  6731  5292 ++--
   91  1316  3118   429  6178 .+.-
   92  1866  4557   979  4739 .+.-
   93    92  3671  1529  5624 .+.-
   94   642  2786  2079  6509 .+.-
   95  4225  3340  5070  5955 ++--
   96  1192  2455   305  6841 .+.-
   97  1742  3894   855  5402 .+.-
   98  2292  3009  1405  6287 .+.-
   99  4447  3562  4848  5733 ++--
  100   518  2677  1955  6618 .+.-
  101  1068  4116   181  5179 .+.-
  102  1618  3231   731  6065 .+.-
  103  2168  2346  1281  6950 .+.-
  104  3784  2899  5511  6396 ++--
  105   394  4338  1831  4957 .+.-
  106   944  3453    57  5842 .+.-
  107  1494  2568   607  6728 .+.-
  108  4007  3122  5289  6174 ++--
  109  2044  4560  1157  4735 .+.-
  110   270  3675  1707  5620 .+.-
  111   820  2790  2257  6505 .+.-
  112  4229  3344  5066  5952 ++--
  113  1370  2459   483  6837 .+.-
  114  1920  3897  1033  5398 .+.-
  115   146  3012  1583  6283 .+.-
  116   696  4451  2133  4844 .+.-
  117  3566  2681  5729  6615 ++--
  118  1246  4120   359  5176 .+.-
  119  1796  3235   909  6061 .+.-
  120    22  2349  1459  6946 .+.-
  121  3788  2903  5507  6392 ++--
  122   572  4342  2009  4953 .+.-
  123  1122  3457   235  5839 .+.-
  124  1672  2572   785  6724 .+.-
  125  2222  4010  1335  5285 .+.-
  126  3125  4564  6170  4731 ++--
  127   448  3679  1885  5616 .+.-
  128   998  2794   111  6501 .+.-
  129  1548  4233   661  5063 .+.-
  130  3348  2462  5948  6833 ++--
  131  2098  3901  1211  5394 .+.-
  132   324  3016  1761  6279 .+.-
  133   874  4455  2311  4840 .+.-
  134  1424  3570   537  5726 .+.-
  135  2685  4124  6611  5172 ++--
  136  1974  3238  1087  6057 .+.-
  137   200  2353  1637  6942 .+.-
  138   750  3792  2187  5503 .+.-
  139  2907  4346  6388  4950 ++--
  140  1300  3461   413  5835 .+.-
  141  1850  2575   963  6720 .+.-
  142    76  4014  1513  5281 .+.-
  143   626  3129  2063  6166 .+.-
  144  4568  3683  4727  5613 ++--
  145  1176  2798   289  6498 .+.-
  146  1726  4237   839  5059 .+.-
  147  2276  3351  1389  5944 .+.-
  148  2466  3905  6829  5390 ++--
  149   502  3020  1939  6275 .+.-
  150  1052  4459   165  4837 .+.-
  151  1602  3574   715  5722 .+.-
  152  2152  2688  1265  6607 .+.-
  153  4127  3242  5168  6053 ++--
  154   378  2357  1815  6938 .+.-
  155   928  3796    41  5499 .+.-
  156  1478  2911   591  6385 .+.-
  157  4350  3464  4946  5831 ++--
  158  2028  2579  1141  6716 .+.-
  159   254  4018  1691  5277 .+.-
  160   804  3133  2241  6162 .+.-
  161  1354  4572   467  4724 .+.-
  162  3687  2801  5609  6494 ++--
  163  1904  4240  1017  5055 .+.-
  164   130  3355  1567  5940 .+.-
  165   680  2470  2117  6825 .+.-
  166  3909  3024  5386  6272 ++--
  167  1230  4463   343  4833 .+.-
  168  1780  3577   893  5718 .+.-
  169     6  2692  1443  6603 .+.-
  170   556  4131  1993  5164 .+.-
  171  3246  2361  6049  6935 ++--
  172  1106  3800   219  5496 .+.-
  173  1656  2915   769  6381 .+.-
  174  2206  4353  1319  4942 .+.-
  175  3468  2583  5827  6712 ++--
  176   432  4022  1869  5273 .+.-
  177   982  3137    95  6159 .+.-
  178  1532  4576   645  4720 .+.-
  179  2082  3690  1195  5605 .+.-
  180  2805  4244  6490  5051 ++--
  181   308  3359  1745  5936 .+.-
  182   858  2474  2295  6822 .+.-
  183  1408  3913   521  5383 .+.-
  184  3028  4466  6268  4829 ++--
  185  1958  3581  1071  5714 .+.-
  186   184  2696  1621  6599 .+.-
  187   734  4135  2171  5160 .+.-
  188  1284  3250   397  6046 .+.-
  189  2365  3803  6931  5492 ++--
  190  1834  2918   947  6377 .+.-
  191    60  4357  1497  4938 .+.-
  192   610  3472  2047  5823 .+.-
  193  2587  4026  6708  5270 ++--
  194  1160  3141   273  6155 .+.-
  195  1710  4579   823  4716 .+.-
  196  2260  3694  1373  5601 .+.-
  197   486  2809  1923  6486 .+.-
  198  4248  3363  5047  5933 ++--
  199  1036  2478   149  6818 .+.-
  200  1586  3917   699  5379 .+.-
  201  2136  3031  1249  6264 .+.-
  202  4470  3585  4825  5710 ++--
  203   362  2700  1799  6595 .+.-
  204   912  4139    25  5157 .+.-
  205  1462  3254   575  6042 .+.-
  206  2012  2368  1125  6927 .+.-
  207  3807  2922  5488  6373 ++--
  208   238  4361  1675  4934 .+.-
  209   788  3476  2225  5820 .+.-
  210  1338  2591   451  6705 .+.-
  211  4030  3144  5266  6151 ++--
  212  1888  4583  1001  4712 .+.-
  213   114  3698  1551  5597 .+.-
  214   664  2813  2101  6482 .+.-
  215  4252  3367  5044  5929 ++--
  216  1214  2481   327  6814 .+.-
  217  1764  3920   877  5375 .+.-
  218  2314  3035  1427  6260 .+.-
  219   540  4474  1977  4821 .+.-
  220  3589  2704  5706  6592 ++--
  221  1090  4143   203  5153 .+.-
  222  1640  3257   753  6038 .+.-
  223  2190  2372  1303  6923 .+.-
  224  3811  2926  5484  6369 ++--
  225   416  4365  1853  4931 .+.-
  226   966  3480    79  5816 .+.-
  227  1516  2594   629  6701 .+.-
  228  2066  4033  1179  5262 .+.-
  229  3148  4587  6147  4708 ++--
  230   292  3702  1729  5593 .+.-
  231   842  2817  2279  6479 .+.-
  232  1392  4256   505  5040 .+.-
  233  3370  2485  5925  6810 ++--
  234  1942  3924  1055  5371 .+.-
  235   168  3039  1605  6256 .+.-
  236   718  4478  2155  4818 .+.-
  237  1268  3593   381  5703 .+.-
  238  2708  4146  6588  5149 ++--
  239  1818  3261   931  6034 .+.-
  240    44  2376  1481  6919 .+.-
  241   594  3815  2031  5480 .+.-
  242  2930  4369  6366  4927 ++--
  243  1144  3483   257  5812 .+.-
  244  1694  2598   807  6697 .+.-
  245  2244  4037  1357  5258 .+.-
  246   470  3152  1907  6143 .+.-
  247  4591  3706  4705  5590 ++--
  248  1020  2821   133  6475 .+.-
  249  1570  4259   683  5036 .+.-
  250  2120  3374  1233  5921 .+.-
  251  2489  3928  6806  5367 ++--
  252   346  3043  1783  6253 .+.-
  253   896  4482     9  4814 .+.-
  254  1446  3596   559  5699 .+.-
  255  1996  2711  1109  6584 .+.-
  256  4150  3265  5145  6030 ++--
  257   222  2380  1659  6915 .+.-
  258   772  3819  2209  5477 .+.-
  259  1322  2934   435  6362 .+.-
  260  4372  3487  4923  5808 ++--
  261  1872  2602   985  6693 .+.-
  262    98  4041  1535  5254 .+.-
  263   648  3156  2085  6140 .+.-
  264  1198  4595   311  4701 .+.-
  265  3710  2824  5586  6471 ++--
  266  1748  4263   861  5032 .+.-
  267  2298  3378  1411  5917 .+.-
  268   524  2493  1961  6802 .+.-
  269  3932  3047  5364  6249 ++--
  270  1074  4485   187  4810 .+.-
  271  1624  3600   737  5695 .+.-
  272  2174  2715  1287  6580 .+.-
  273   400  4154  1837  5141 .+.-
  274  3269  2384  6027  6912 ++--
  275   950  3823    63  5473 .+.-
  276  1500  2937   613  6358 .+.-
  277  2050  4376  1163  4919 .+.-
  278  3491  2606  5804  6689 ++--
  279   276  4045  1713  5251 .+.-
  280   826  3160  2263  6136 .+.-
  281  1376  4598   489  4697 .+.-
  282  1926  3713  1039  5582 .+.-
  283  2828  4267  6467  5028 ++--
  284   152  3382  1589  5914 .+.-
  285   702  2497  2139  6799 .+.-
  286  1252  3936   365  5360 .+.-
  287  3050  4489  6245  4806 ++--
  288  1802  3604   915  5691 .+.-
  289    28  2719  1465  6576 .+.-
  290   578  4158  2015  5138 .+.-
  291  1128  3273   241  6023 .+.-
  292  2387  3826  6908  5469 ++--
  293  1678  2941   791  6354 .+.-
  294  2228  4380  1341  4915 .+.-
  295   454  3495  1891  5800 .+.-
  296  2610  4049  6686  5247 ++--
  297  1004  3163   117  6132 .+.-
  298  1554  4602   667  4693 .+.-
  299  2104  3717  1217  5578 .+.-
  300   330  2832  1767  6463 .+.-
  301  4271  3386  5025  5910 ++--
  302   880  2501  2317  6795 .+.-
  303  1430  3939   543  5356 .+.-
  304  1980  3054  1093  6241 .+.-
  305  4493  3608  4802  5687 ++--
  306   206  2723  1643  6573 .+.-
  307   756  4162  2193  5134 .+.-
  308  1306  3276   419  6019 .+.-
  309  1856  2391   969  6904 .+.-
  310  3830  2945  5465  6350 ++--
  311    82  4384  1519  4912 .+.-
  312   632  3499  2069  5797 .+.-
  313  1182  2614   295  6682 .+.-
  314  4052  3167  5243  6128 ++--
  315  1732  4606   845  4689 .+.-
  316  2282  3721  1395  5574 .+.-
  317   508  2836  1945  6460 .+.-
  318  1058  4275   171  5021 .+.-
  319  3389  2504  5906  6791 ++--
  320  1608  3943   721  5352 .+.-
  321  2158  3058  1271  6237 .+.-
  322   384  4497  1821  4798 .+.-
  323  3612  2727  5684  6569 ++--
  324   934  4165    47  5130 .+.-
  325  1484  3280   597  6015 .+.-
  326  2034  2395  1147  6900 .+.-
  327  3834  2949  5461  6347 ++--
  328   260  4388  1697  4908 .+.-
  329   810  3503  2247  5793 .+.-
  330  1360  2617   473  6678 .+.-
  331  1910  4056  1023  5239 .+.-
  332  3171  4610  6124  4685 ++--
  333   136  3725  1573  5571 .+.-
  334   686  2840  2123  6456 .+.-
  335  1236  4278   349  5017 .+.-
  336  3393  2508  5902  6787 ++--
  337  1786  3947   899  5348 .+.-
  338    12  3062  1449  6234 .+.-
  339   562  4501  1999  4795 .+.-
  340  1112  3616   225  5680 .+.-
  341  2730  4169  6565  5126 ++--
  342  1662  3284   775  6011 .+.-
  343  2212  2399  1325  6896 .+.-
  344   438  3838  1875  5458 .+.-
  345  2953  4391  6343  4904 ++--
  346   988  3506   101  5789 .+.-
  347  1538  2621   651  6674 .+.-
  348  2088  4060  1201  5235 .+.-
  349   314  3175  1751  6121 .+.-
  350  4614  3729  4682  5567 ++--
  351   864  2843  2301  6452 .+.-
  352  1414  4282   527  5013 .+.-
  353  1964  3397  1077  5898 .+.-
  354  2512  3951  6783  5345 ++--
  355   190  3066  1627  6230 .+.-
  356   740  4504  2177  4791 .+.-
  357  1290  3619   403  5676 .+.-
  358  1840  2734   953  6561 .+.-
  359  4173  3288  5122  6007 ++--
  360    66  2403  1503  6893 .+.-
  361   616  3842  2053  5454 .+.-
  362  1166  2956   279  6339 .+.-
  363  4395  3510  4900  5785 ++--
  364  1716  2625   829  6670 .+.-
  365  2266  4064  1379  5232 .+.-
  366   492  3179  1929  6117 .+.-
  367  1042  4618   155  4678 .+.-
  368  3732  2847  5563  6448 ++--
  369  1592  4286   705  5009 .+.-
  370  2142  3401  1255  5894 .+.-
  371   368  2516  1805  6780 .+.-
  372  3955  3069  5341  6226 ++--
  373   918  4508    31  4787 .+.-
  374  1468  3623   581  5672 .+.-
  375  2018  2738  1131  6557 .+.-
  376   244  4177  1681  5119 .+.-
  377  3292  2407  6004  6889 ++--
  378   794  3845  2231  5450 .+.-
  379  1344  2960   457  6335 .+.-
  380  1894  4399  1007  4896 .+.-
  381  3514  2629  5781  6667 ++--
  382   120  4068  1557  5228 .+.-
  383   670  3182  2107  6113 .+.-
  384  1220  4621   333  4674 .+.-
  385  1770  3736   883  5559 .+.-
  386  2851  4290  6444  5005 ++--
  387  2320  3405  1433  5891 .+.-
  388   546  2520  1983  6776 .+.-
  389  1096  3958   209  5337 .+.-
  390  3073  4512  6222  4783 ++--
  391  1646  3627   759  5668 .+.-
  392  2196  2742  1309  6554 .+.-
  393   422  4181  1859  5115 .+.-
  394   972  3296    85  6000 .+.-
  395  2410  3849  6885  5446 ++--
  396  1522  2964   635  6331 .+.-
  397  2072  4403  1185  4892 .+.-
  398   298  3518  1735  5778 .+.-
  399  2633  4071  6663  5224 ++--
  400   848  3186  2285  6109 .+.-
  401  1398  4625   511  4670 .+.-
  402  1948  3740  1061  5555 .+.-
  403   174  2855  1611  6441 .+.-
  404  4294  3409  5002  5887 ++--
  405   724  2523  2161  6772 .+.-
  406  1274  3962   387  5333 .+.-
  407  1824  3077   937  6218 .+.-
  408  4516  3631  4779  5665 ++--
  409    50  2746  1487  6550 .+.-
  410   600  4184  2037  5111 .+.-
  411  1150  3299   263  5996 .+.-
  412  1700  2414   813  6881 .+.-
  413  3853  2968  5442  6328 ++--
  414  2250  4407  1363  4889 .+.-
  415   476  3522  1913  5774 .+.-
  416  1026  2636   139  6659 .+.-
  417  4075  3190  5220  6105 ++--
  418  1576  4629   689  4666 .+.-
  419  2126  3744  1239  5552 .+.-
  420   352  2859  1789  6437 .+.-
  421   902  4297    15  4998 .+.-
  422  3412  2527  5883  6768 ++--
  423  1452  3966   565  5329 .+.-
  424  2002  3081  1115  6214 .+.-
  425   228  4520  1665  4776 .+.-
  426  3635  2749  5661  6546 ++--
  427   778  4188  2215  5107 .+.-
  428  1328  3303   441  5992 .+.-
  429  1878  2418   991  6877 .+.-
  430  3857  2972  5439  6324 ++--
  431   104  4411  1541  4885 .+.-
  432   654  3525  2091  5770 .+.-
  433  1204  2640   317  6655 .+.-
  434  1754  4079   867  5216 .+.-
  435  3194  4633  6101  4663 ++--
  436  2304  3748  1417  5548 .+.-
  437   530  2862  1967  6433 .+.-
  438  1080  4301   193  4994 .+.-
  439  3416  2531  5879  6764 ++--
  440  1630  3970   743  5326 .+.-
  441  2180  3085  1293  6211 .+.-
  442   406  4524  1843  4772 .+.-
  443   956  3638    69  5657 .+.-
  444  2753  4192  6542  5103 ++--
  445  1506  3307   619  5988 .+.-
  446  2056  2422  1169  6874 .+.-
  447   282  3861  1719  5435 .+.-
  448  2975  4414  6320  4881 ++--
  449   832  3529  2269  5766 .+.-
  450  1382  2644   495  6651 .+.-
  451  1932  4083  1045  5212 .+.-
  452   158  3198  1595  6098 .+.-
  453  4637  3751  4659  5544 ++--
  454   708  2866  2145  6429 .+.-
  455  1258  4305   371  4990 .+.-
  456  1808  3420   921  5875 .+.-
  457  2535  3974  6761  5322 ++--
  458    34  3089  1471  6207 .+.-
  459   584  4527  2021  4768 .+.-
  460  1134  3642   247  5653 .+.-
  461  1684  2757   797  6538 .+.-
  462  4196  3311  5099  5985 ++--
  463  2234  2426  1347  6870 .+.-
  464   460  3864  1897  5431 .+.-
  465  1010  2979   123  6316 .+.-
  466  4418  3533  4877  5762 ++--
  467  1560  2648   673  6648 .+.-
  468  2110  4087  1223  5209 .+.-
  469   336  3202  1773  6094 .+.-
  470   886  4640  2323  4655 .+.-
  471  3755  2870  5540  6425 ++--
  472  1436  4309   549  4986 .+.-
  473  1986  3424  1099  5872 .+.-
  474   212  2539  1649  6757 .+.-
  475  3977  3092  5318  6203 ++--
  476   762  4531  2199  4764 .+.-
  477  1312  3646   425  5649 .+.-
  478  1862  2761   975  6535 .+.-
  479    88  4200  1525  5096 .+.-
  480  3315  2429  5981  6866 ++--
  481   638  3868  2075  5427 .+.-
  482  1188  2983   301  6312 .+.-
  483  1738  4422   851  4873 .+.-
  484  3537  2652  5759  6644 ++--
  485  2288  4090  1401  5205 .+.-
  486   514  3205  1951  6090 .+.-
  487  1064  4644   177  4651 .+.-
  488  1614  3759   727  5536 .+.-
  489  2874  4313  6421  4983 ++--
  490  2164  3428  1277  5868 .+.-
  491   390  2542  1827  6753 .+.-
  492   940  3981    53  5314 .+.-
  493  3096  4535  6199  4760 ++--
  494  1490  3650   603  5646 .+.-
  495  2040  2765  1153  6531 .+.-
  496   266  4204  1703  5092 .+.-
  497   816  3318  2253  5977 .+.-
  498  2433  3872  6862  5423 ++--
  499  1366  2987   479  6308 .+.-
  500  1916  4426  1029  4870 .+.-
  501   142  3541  1579  5755 .+.-
  502  2655  4094  6640  5201 ++--
  503   692  3209  2129  6086 .+.-
  504  1242  2324   355  6971 .+.-
  505  1792  3763   905  5533 .+.-
  506    18  2878  1455  6418 .+.-
  507  4317  3431  4979  5864 ++--
  508   568  2546  2005  6749 .+.-
  509  1118  3985   231  5310 .+.-
  510  1668  3100   781  6195 .+.-
  511  4539  3654  4757  5642 ++--
  512  2218  2768  1331  6527 .+.-
  513   444  4207  1881  5088 .+.-
  514   994  3322   107  5973 .+.-
  515  1544  2437   657  6858 .+.-
  516  3876  2991  5419  6305 ++--
  517  2094  4430  1207  4866 .+.-
  518   320  3544  1757  5751 .+.-
  519   870  2659  2307  6636 .+.-
  520  4098  3213  5197  6082 ++--
  521  1420  2328   533  6968 .+.-
  522  1970  3767  1083  5529 .+.-
  523   196  2882  1633  6414 .+.-
  524   746  4320  2183  4975 .+.-
  525  3435  2550  5860  6745 ++--
  526  1296  3989   409  5306 .+.-
  527  1846  3104   959  6192 .+.-
  528    72  4543  1509  4753 .+.-
  529  3657  2772  5638  6523 ++--
  530   622  4211  2059  5084 .+.-
  531  1172  3326   285  5969 .+.-
  532  1722  2441   835  6855 .+.-
  533  2272  3880  1385  5416 .+.-
  534  2995  4433  6301  4862 ++--
  535   498  3548  1935  5747 .+.-
  536  1048  2663   161  6632 .+.-
  537  1598  4102   711  5193 .+.-
  538  3217  2332  6079  6964 ++--
  539  2148  3770  1261  5525 .+.-
  540   374  2885  1811  6410 .+.-
  541   924  4324    37  4971 .+.-
  542  3439  2554  5856  6742 ++--
  543  1474  3993   587  5303 .+.-
  544  2024  3108  1137  6188 .+.-
  545   250  4546  1687  4749 .+.-
  546   800  3661  2237  5634 .+.-
  547  2776  4215  6519  5080 ++--
  548  1350  3330   463  5966 .+.-
  549  1900  2445  1013  6851 .+.-
  550   126  3883  1563  5412 .+.-
  551  2998  4437  6297  4858 ++--
  552   676  3552  2113  5743 .+.-
  553  1226  2667   339  6628 .+.-
  554  1776  4106   889  5190 .+.-
  555     2  3221  1439  6075 .+.-
  556  2335  3774  6960  5521 ++--
  557   552  2889  1989  6406 .+.-
  558  1102  4328   215  4967 .+.-
  559  1652  3443   765  5853 .+.-
  560  2558  3997  6738  5299 ++--
  561  2202  3111  1315  6184 .+.-
  562   428  4550  1865  4745 .+.-
  563   978  3665    91  5630 .+.-
  564  1528  2780   641  6515 .+.-
  565  4219  3334  5077  5962 ++--
  566  2078  2448  1191  6847 .+.-
  567   304  3887  1741  5408 .+.-
  568   854  3002  2291  6293 .+.-
  569  4441  3556  4854  5740 ++--
  570  1404  2671   517  6625 .+.-
  571  1954  4110  1067  5186 .+.-
  572   180  3224  1617  6071 .+.-
  573   730  2339  2167  6956 .+.-
  574  3778  2893  5517  6402 ++--
  575  1280  4332   393  4964 .+.-
  576  1830  3447   943  5849 .+.-
  577    56  2561  1493  6734 .+.-
  578  4000  3115  5295  6180 ++--
  579   606  4554  2043  4741 .+.-
  580  1156  3669   269  5626 .+.-
  581  1706  2784   819  6512 .+.-
  582  2256  4223  1369  5073 .+.-
  583  3337  2452  5958  6843 ++--
  584   482  3891  1919  5404 .+.-
  585  1032  3006   145  6289 .+.-
  586  1582  4445   695  4851 .+.-
  587  3560  2675  5736  6621 ++--
  588  2132  4113  1245  5182 .+.-
  589   358  3228  1795  6067 .+.-
  590   908  2343    21  6952 .+.-
  591  1458  3782   571  5513 .+.-
  592  2897  4336  6399  4960 ++--
  593  2008  3450  1121  5845 .+.-
  594   234  2565  1671  6730 .+.-
  595   784  4004  2221  5291 .+.-
  596  3119  4558  6176  4738 ++--
  597  1334  3673   447  5623 .+.-
  598  1884  2788   997  6508 .+.-
  599   110  4226  1547  5069 .+.-
  600   660  3341  2097  5954 .+.-
  601  2456  3895  6839  5400 ++--
  602  1210  3010   323  6286 .+.-
  603  1760  4449   873  4847 .+.-
  604  2310  3563  1423  5732 .+.-
  605  2678  4117  6617  5178 ++--
  606   536  3232  1973  6063 .+.-
  607  1086  2347   199  6949 .+.-
  608  1636  3786   749  5510 .+.-
  609  2186  2901  1299  6395 .+.-
  610  4339  3454  4956  5841 ++--
  611   412  2569  1849  6726 .+.-
  612   962  4008    75  5287 .+.-
  613  1512  3123   625  6173 .+.-
  614  4562  3676  4734  5619 ++--
  615  2062  2791  1175  6504 .+.-
  616   288  4230  1725  5065 .+.-
  617   838  3345  2275  5950 .+.-
  618  1388  2460   501  6835 .+.-
  619  3899  3014  5397  6282 ++--
  620  1938  4452  1051  4843 .+.-
  621   164  3567  1601  5728 .+.-
  622   714  2682  2151  6613 .+.-
  623  4121  3236  5174  6060 ++--
  624  1264  2351   377  6945 .+.-
  625  1814  3790   927  5506 .+.-
  626    40  2904  1477  6391 .+.-
  627   590  4343  2027  4952 .+.-
  628  3458  2573  5837  6722 ++--
  629  1140  4012   253  5284 .+.-
  630  1690  3127   803  6169 .+.-
  631  2240  4565  1353  4730 .+.-
  632  3680  2795  5615  6500 ++--
  633   466  4234  1903  5061 .+.-
  634  1016  3349   129  5947 .+.-
  635  1566  2464   679  6832 .+.-
  636  2116  3903  1229  5393 .+.-
  637  3017  4456  6278  4839 ++--
  638   342  3571  1779  5724 .+.-
  639   892  2686     5  6609 .+.-
  640  1442  4125   555  5171 .+.-
  641  3240  2354  6056  6941 ++--
  642  1992  3793  1105  5502 .+.-
  643   218  2908  1655  6387 .+.-
  644   768  4347  2205  4948 .+.-
  645  3462  2577  5833  6719 ++--
  646  1318  4016   431  5280 .+.-
  647  1868  3130   981  6165 .+.-
  648    94  4569  1531  4726 .+.-
  649   644  3684  2081  5611 .+.-
  650  2799  4238  6496  5058 ++--
  651  1194  3353   307  5943 .+.-
  652  1744  2468   857  6828 .+.-
  653  2294  3906  1407  5389 .+.-
  654  3021  4460  6274  4835 ++--
  655   520  3575  1957  5720 .+.-
  656  1070  2690   183  6606 .+.-
  657  1620  4129   733  5167 .+.-
  658  2170  3243  1283  6052 .+.-
  659  2358  3797  6937  5498 ++--
  660   396  2912  1833  6383 .+.-
  661   946  4351    59  4945 .+.-
  662  1496  3466   609  5830 .+.-
  663  2581  4019  6715  5276 ++--
  664  2046  3134  1159  6161 .+.-
  665   272  4573  1709  4722 .+.-
  666   822  3688  2259  5607 .+.-
  667  1372  2803   485  6493 .+.-
  668  4242  3356  5054  5939 ++--
  669  1922  2471  1035  6824 .+.-
  670   148  3910  1585  5385 .+.-
  671   698  3025  2135  6270 .+.-
  672  4464  3579  4832  5717 ++--
  673  1248  2694   361  6602 .+.-
  674  1798  4132   911  5163 .+.-
  675    24  3247  1461  6048 .+.-
  676   574  2362  2011  6933 .+.-
  677  3801  2916  5494  6380 ++--
  678  1124  4355   237  4941 .+.-
  679  1674  3469   787  5826 .+.-
  680  2224  2584  1337  6711 .+.-
  681  4023  3138  5272  6157 ++--
  682   450  4577  1887  4718 .+.-
  683  1000  3692   113  5604 .+.-
  684  1550  2807   663  6489 .+.-
  685  2100  4245  1213  5050 .+.-
  686  3360  2475  5935  6820 ++--
  687   326  3914  1763  5381 .+.-
  688   876  3029  2313  6267 .+.-
  689  1426  4468   539  4828 .+.-
  690  3583  2697  5713  6598 ++--
  691  1976  4136  1089  5159 .+.-
  692   202  3251  1639  6044 .+.-
  693   752  2366  2189  6929 .+.-
  694  1302  3805   415  5491 .+.-
  695  2920  4358  6376  4937 ++--
  696  1852  3473   965  5822 .+.-
  697    78  2588  1515  6707 .+.-
  698   628  4027  2065  5268 .+.-
  699  3142  4581  6154  4715 ++--
  700  1178  3696   291  5600 .+.-
  701  1728  2810   841  6485 .+.-
  702  2278  4249  1391  5046 .+.-
  703   504  3364  1941  5931 .+.-
  704  2479  3918  6816  5378 ++--
  705  1054  3033   167  6263 .+.-
  706  1604  4471   717  4824 .+.-
  707  2154  3586  1267  5709 .+.-
  708  2701  4140  6594  5155 ++--
  709   380  3255  1817  6040 .+.-
  710   930  2370    43  6926 .+.-
  711  1480  3809   593  5487 .+.-
  712  2030  2923  1143  6372 .+.-
  713  4362  3477  4933  5818 ++--
  714   256  2592  1693  6703 .+.-
  715   806  4031  2243  5265 .+.-
  716  1356  3146   469  6150 .+.-
  717  4585  3699  4711  5596 ++--
  718  1906  2814  1019  6481 .+.-
  719   132  4253  1569  5042 .+.-
  720   682  3368  2119  5927 .+.-
  721  1232  2483   345  6813 .+.-
  722  3922  3036  5374  6259 ++--
  723  1782  4475   895  4820 .+.-
  724     8  3590  1445  5705 .+.-
  725   558  2705  1995  6590 .+.-
  726  4144  3259  5152  6037 ++--
  727  1108  2374   221  6922 .+.-
  728  1658  3812   771  5483 .+.-
  729  2208  2927  1321  6368 .+.-
  730   434  4366  1871  4929 .+.-
  731  3481  2596  5814  6700 ++--
  732   984  4035    97  5261 .+.-
  733  1534  3149   647  6146 .+.-
  734  2084  4588  1197  4707 .+.-
  735  3703  2818  5592  6477 ++--
  736   310  4257  1747  5039 .+.-
  737   860  3372  2297  5924 .+.-
  738  1410  2487   523  6809 .+.-
  739  1960  3925  1073  5370 .+.-
  740  3040  4479  6255  4816 ++--
  741   186  3594  1623  5701 .+.-
  742   736  2709  2173  6587 .+.-
  743  1286  4148   399  5148 .+.-
  744  3262  2377  6033  6918 ++--
  745  1836  3816   949  5479 .+.-
  746    62  2931  1499  6364 .+.-
  747   612  4370  2049  4925 .+.-
  748  1162  3485   275  5811 .+.-
  749  2600  4038  6696  5257 ++--
  750  1712  3153   825  6142 .+.-
  751  2262  4592  1375  4703 .+.-
  752   488  3707  1925  5588 .+.-
  753  2822  4261  6474  5035 ++--
  754  1038  3376   151  5920 .+.-
  755  1588  2490   701  6805 .+.-
  756  2138  3929  1251  5366 .+.-
  757  3044  4483  6251  4812 ++--
  758   364  3598  1801  5698 .+.-
  759   914  2713    27  6583 .+.-
  760  1464  4151   577  5144 .+.-
  761  2014  3266  1127  6029 .+.-
  762  2381  3820  6914  5475 ++--
  763   240  2935  1677  6361 .+.-
  764   790  4374  2227  4922 .+.-
  765  1340  3489   453  5807 .+.-
  766  2603  4042  6692  5253 ++--
  767  1890  3157  1003  6138 .+.-
  768   116  4596  1553  4699 .+.-
  769   666  3711  2103  5585 .+.-
  770  1216  2826   329  6470 .+.-
  771  4264  3379  5031  5916 ++--
  772  1766  2494   879  6801 .+.-
  773  2316  3933  1429  5362 .+.-
  774   542  3048  1979  6247 .+.-
  775  4487  3602  4809  5694 ++--
  776  1092  2716   205  6579 .+.-
  777  1642  4155   755  5140 .+.-
  778  2192  3270  1305  6025 .+.-
  779   418  2385  1855  6910 .+.-
  780  3824  2939  5472  6357 ++--
  781   968  4378    81  4918 .+.-
  782  1518  3492   631  5803 .+.-
  783  2068  2607  1181  6688 .+.-
  784  4046  3161  5249  6134 ++--
  785   294  4600  1731  4696 .+.-
  786   844  3715  2281  5581 .+.-
  787  1394  2829   507  6466 .+.-
  788  1944  4268  1057  5027 .+.-
  789  3383  2498  5912  6797 ++--
  790   170  3937  1607  5359 .+.-
  791   720  3052  2157  6244 .+.-
  792  1270  4491   383  4805 .+.-
  793  3605  2720  5690  6575 ++--
  794  1820  4159   933  5136 .+.-
  795    46  3274  1483  6021 .+.-
  796   596  2389  2033  6907 .+.-
  797  1146  3828   259  5468 .+.-
  798  2942  4381  6353  4914 ++--
  799  1696  3496   809  5799 .+.-
  800  2246  2611  1359  6684 .+.-
  801   472  4050  1909  5246 .+.-
  802  3165  4604  6131  4692 ++--
  803  1022  3718   135  5577 .+.-
  804  1572  2833   685  6462 .+.-
  805  2122  4272  1235  5023 .+.-
  806   348  3387  1785  5908 .+.-
  807  2502  3941  6794  5355 ++--
  808   898  3055    11  6240 .+.-
  809  1448  4494   561  4801 .+.-
  810  1998  3609  1111  5686 .+.-
  811  2724  4163  6571  5132 ++--
  812   224  3278  1661  6018 .+.-
  813   774  2393  2211  6903 .+.-
  814  1324  3831   437  5464 .+.-
  815  1874  2946   987  6349 .+.-
  816  4385  3500  4910  5795 ++--
  817   100  2615  1537  6681 .+.-
  818   650  4054  2087  5242 .+.-
  819  1200  3169   313  6127 .+.-
  820  4607  3722  4688  5573 ++--
  821  1750  2837   863  6458 .+.-
  822  2300  4276  1413  5019 .+.-
  823   526  3391  1963  5905 .+.-
  824  1076  2506   189  6790 .+.-
  825  3944  3059  5351  6236 ++--
  826  1626  4498   739  4797 .+.-
  827  2176  3613  1289  5682 .+.-
  828   402  2728  1839  6568 .+.-
  829  4167  3282  5129  6014 ++--
  830   952  2396    65  6899 .+.-
  831  1502  3835   615  5460 .+.-
  832  2052  2950  1165  6345 .+.-
  833   278  4389  1715  4906 .+.-
  834  3504  2619  5792  6677 ++--
  835   828  4057  2265  5238 .+.-
  836  1378  3172   491  6123 .+.-
  837  1928  4611  1041  4684 .+.-
  838  3726  2841  5569  6454 ++--
  839   154  4280  1591  5016 .+.-
  840   704  3395  2141  5901 .+.-
  841  1254  2509   367  6786 .+.-
  842  1804  3948   917  5347 .+.-
  843  3063  4502  6232  4793 ++--
  844    30  3617  1467  5679 .+.-
  845   580  2732  2017  6564 .+.-
  846  1130  4171   243  5125 .+.-
  847  3285  2400  6010  6895 ++--
  848  1680  3839   793  5456 .+.-
  849  2230  2954  1343  6341 .+.-
  850   456  4393  1893  4903 .+.-
  851  1006  3508   119  5788 .+.-
  852  2622  4061  6673  5234 ++--
  853  1556  3176   669  6119 .+.-
  854  2106  4615  1219  4680 .+.-
  855   332  3730  1769  5566 .+.-
  856  2845  4284  6451  5012 ++--
  857   882  3398  2319  5897 .+.-
  858  1432  2513   545  6782 .+.-
  859  1982  3952  1095  5343 .+.-
  860  3067  4506  6228  4790 ++--
  861   208  3621  1645  5675 .+.-
  862   758  2735  2195  6560 .+.-
  863  1308  4174   421  5121 .+.-
  864  1858  3289   971  6006 .+.-
  865  2404  3843  6891  5453 ++--
  866    84  2958  1521  6338 .+.-
  867   634  4397  2071  4899 .+.-
  868  1184  3511   297  5784 .+.-
  869  2626  4065  6669  5230 ++--
  870  1734  3180   847  6115 .+.-
  871  2284  4619  1397  4677 .+.-
  872   510  3734  1947  5562 .+.-
  873  1060  2848   173  6447 .+.-
  874  4287  3402  5008  5893 ++--
  875  1610  2517   723  6778 .+.-
  876  2160  3956  1273  5339 .+.-
  877   386  3071  1823  6225 .+.-
  878  4510  3624  4786  5671 ++--
  879   936  2739    49  6556 .+.-
  880  1486  4178   599  5117 .+.-
  881  2036  3293  1149  6002 .+.-
  882   262  2408  1699  6888 .+.-
  883  3847  2962  5449  6334 ++--
  884   812  4400  2249  4895 .+.-
  885  1362  3515   475  5780 .+.-
  886  1912  2630  1025  6665 .+.-
  887  4069  3184  5226  6112 ++--
  888   138  4623  1575  4673 .+.-
  889   688  3737  2125  5558 .+.-
  890  1238  2852   351  6443 .+.-
  891  1788  4291   901  5004 .+.-
  892  3406  2521  5889  6775 ++--
  893    14  3960  1451  5336 .+.-
  894   564  3075  2001  6221 .+.-
  895  1114  4513   227  4782 .+.-
  896  3628  2743  5667  6552 ++--
  897  1664  4182   777  5113 .+.-
  898  2214  3297  1327  5999 .+.-
  899   440  2412  1877  6884 .+.-
  900   990  3850   103  5445 .+.-
  901  2965  4404  6330  4891 ++--
  902  1540  3519   653  5776 .+.-
  903  2090  2634  1203  6661 .+.-
  904   316  4073  1753  5223 .+.-
  905  3188  4626  6108  4669 ++--
  906   866  3741  2303  5554 .+.-
  907  1416  2856   529  6439 .+.-
  908  1966  4295  1079  5000 .+.-
  909   192  3410  1629  5886 .+.-
  910  2525  3963  6771  5332 ++--
  911   742  3078  2179  6217 .+.-
  912  1292  4517   405  4778 .+.-
  913  1842  3632   955  5663 .+.-
  914  2747  4186  6548  5110 ++--
  915    68  3301  1505  5995 .+.-
  916   618  2415  2055  6880 .+.-
  917  1168  3854   281  5441 .+.-
  918  1718  2969   831  6326 .+.-
  919  4408  3523  4887  5773 ++--
  920  2268  2638  1381  6658 .+.-
  921   494  4077  1931  5219 .+.-
  922  1044  3191   157  6104 .+.-
  923  4630  3745  4665  5550 ++--
  924  1594  2860   707  6435 .+.-
  925  2144  4299  1257  4997 .+.-
  926   370  3414  1807  5882 .+.-
  927   920  2528    33  6767 .+.-
  928  3967  3082  5328  6213 ++--
  929  1470  4521   583  4774 .+.-
  930  2020  3636  1133  5660 .+.-
  931   246  2751  1683  6545 .+.-
  932  4190  3304  5106  5991 ++--
  933   796  2419  2233  6876 .+.-
  934  1346  3858   459  5437 .+.-
  935  1896  2973  1009  6322 .+.-
  936   122  4412  1559  4884 .+.-
  937  3527  2641  5769  6654 ++--
  938   672  4080  2109  5215 .+.-
  939  1222  3195   335  6100 .+.-
  940  1772  4634   885  4661 .+.-
  941  3749  2864  5546  6432 ++--
  942  2322  4303  1435  4993 .+.-
  943   548  3417  1985  5878 .+.-
  944  1098  2532   211  6763 .+.-
  945  1648  3971   761  5324 .+.-
  946  3086  4525  6209  4771 ++--
  947  2198  3640  1311  5656 .+.-
  948   424  2755  1861  6541 .+.-
  949   974  4193    87  5102 .+.-
  950  3308  2423  5987  6872 ++--
  951  1524  3862   637  5433 .+.-
  952  2074  2977  1187  6319 .+.-
  953   300  4416  1737  4880 .+.-
  954   850  3530  2287  5765 .+.-
  955  2645  4084  6650  5211 ++--
  956  1400  3199   513  6096 .+.-
  957  1950  4638  1063  4658 .+.-
  958   176  3753  1613  5543 .+.-
  959  2868  4306  6428  4989 ++--
  960   726  3421  2163  5874 .+.-
  961  1276  2536   389  6759 .+.-
  962  1826  3975   939  5320 .+.-
  963  3090  4529  6206  4767 ++--
  964    52  3643  1489  5652 .+.-
  965   602  2758  2039  6537 .+.-
  966  1152  4197   265  5098 .+.-
  967  1702  3312   815  5983 .+.-
  968  2427  3866  6868  5430 ++--
  969  2252  2981  1365  6315 .+.-
  970   478  4419  1915  4876 .+.-
  971  1028  3534   141  5761 .+.-
  972  2649  4088  6646  5207 ++--
  973  1578  3203   691  6093 .+.-
  974  2128  4642  1241  4654 .+.-
  975   354  3756  1791  5539 .+.-
  976   904  2871    17  6424 .+.-
  977  4310  3425  4985  5870 ++--
  978  1454  2540   567  6755 .+.-
  979  2004  3979  1117  5317 .+.-
  980   230  3094  1667  6202 .+.-
  981  4532  3647  4763  5648 ++--
  982   780  2762  2217  6533 .+.-
  983  1330  4201   443  5094 .+.-
  984  1880  3316   993  5980 .+.-
  985   106  2431  1543  6865 .+.-
  986  3870  2984  5426  6311 ++--
  987   656  4423  2093  4872 .+.-
  988  1206  3538   319  5757 .+.-
  989  1756  2653   869  6642 .+.-
  990  4092  3207  5204  6089 ++--
  991  2306  4645  1419  4650 .+.-
  992   532  3760  1969  5535 .+.-
  993  1082  2875   195  6420 .+.-
  994  1632  4314   745  4981 .+.-
  995  3429  2544  5867  6752 ++--
  996  2182  3983  1295  5313 .+.-
  997   408  3097  1845  6198 .+.-
  998   958  4536    71  4759 .+.-
  999  3651  2766  5644  6529 ++--
 1000  1508  4205   621  5091 .+.-
 1001  2058  3320  1171  5976 .+.-
 1002   284  2434  1721  6861 .+.-
 1003   834  3873  2271  5422 .+.-
 1004  2988  4427  6307  4868 ++--
 1005  1384  3542   497  5753 .+.-
 1006  1934  2657  1047  6639 .+.-
 1007   160  4096  1597  5200 .+.-
 1008  3210  2325  6085  6970 ++--
 1009   710  3764  2147  5531 .+.-
 1010  1260  2879   373  6416 .+.-
 1011  1810  4318   923  4978 .+.-
 1012    36  3433  1473  5863 .+.-
 1013  2548  3986  6748  5309 ++--
 1014   586  3101  2023  6194 .+.-
 1015  1136  4540   249  4755 .+.-
 1016  1686  3655   799  5640 .+.-
 1017  2770  4209  6526  5087 ++--
 1018  2236  3323  1349  5972 .+.-
 1019   462  2438  1899  6857 .+.-
 1020  1012  3877   125  5418 .+.-
 1021  1562  2992   675  6303 .+.-
 1022  4431  3546  4865  5750 ++--
 1023  2112  2661  1225  6635 .+.-
 1024   338  4099  1775  5196 .+.-
 1025   888  3214     1  6081 .+.-
 1026  2329  3768  6966  5527 ++--
 1027  1438  2883   551  6413 .+.-
 1028  1988  4322  1101  4974 .+.-
 1029   214  3436  1651  5859 .+.-
 1030   764  2551  2201  6744 .+.-
 1031  3990  3105  5305  6190 ++--
 1032  1314  4544   427  4752 .+.-
 1033  1864  3659   977  5637 .+.-
 1034    90  2774  1527  6522 .+.-
 1035  4212  3327  5083  5968 ++--
 1036   640  2442  2077  6853 .+.-
 1037  1190  3881   303  5414 .+.-
 1038  1740  2996   853  6300 .+.-
 1039  2290  4435  1403  4861 .+.-
 1040  3549  2664  5746  6631 ++--
 1041   516  4103  1953  5192 .+.-
 1042  1066  3218   179  6077 .+.-
 1043  1616  2333   729  6962 .+.-
 1044  3772  2887  5524  6409 ++--
 1045  2166  4325  1279  4970 .+.-
 1046   392  3440  1829  5855 .+.-
 1047   942  2555    55  6740 .+.-
 1048  1492  3994   605  5301 .+.-
 1049  3109  4548  6187  4748 ++--
 1050  2042  3663  1155  5633 .+.-
 1051   268  2777  1705  6518 .+.-
 1052   818  4216  2255  5079 .+.-
 1053  3331  2446  5964  6849 ++--
 1054  1368  3885   481  5411 .+.-
 1055  1918  3000  1031  6296 .+.-
 1056   144  4438  1581  4857 .+.-
 1057   694  3553  2131  5742 .+.-
 1058  2668  4107  6627  5188 ++--
 1059  1244  3222   357  6074 .+.-
 1060  1794  2337   907  6959 .+.-
 1061    20  3776  1457  5520 .+.-
 1062  2890  4329  6405  4966 ++--
 1063   570  3444  2007  5851 .+.-
 1064  1120  2559   233  6736 .+.-
 1065  1670  3998   783  5298 .+.-
 1066  2220  3113  1333  6183 .+.-
 1067  4551  3666  4744  5629 ++--
 1068   446  2781  1883  6514 .+.-
 1069   996  4220   109  5075 .+.-
 1070  1546  3335   659  5960 .+.-
 1071  2450  3889  6846  5407 ++--
 1072  2096  3003  1209  6292 .+.-
 1073   322  4442  1759  4853 .+.-
 1074   872  3557  2309  5738 .+.-
 1075  2672  4111  6623  5185 ++--
 1076  1422  3226   535  6070 .+.-
 1077  1972  2341  1085  6955 .+.-
 1078   198  3779  1635  5516 .+.-
 1079   748  2894  2185  6401 .+.-
 1080  4333  3448  4962  5847 ++--
 1081  1298  2563   411  6733 .+.-
 1082  1848  4002   961  5294 .+.-
 1083    74  3116  1511  6179 .+.-
 1084  4555  3670  4740  5625 ++--
 1085   624  2785  2061  6510 .+.-
 1086  1174  4224   287  5072 .+.-
 1087  1724  3339   837  5957 .+.-
 1088  2274  2454  1387  6842 .+.-
 1089  3892  3007  5403  6288 ++--
 1090   500  4446  1937  4849 .+.-
 1091  1050  3561   163  5734 .+.-
 1092  1600  2676   713  6620 .+.-
 1093  4115  3229  5181  6066 ++--
 1094  2150  2344  1263  6951 .+.-
 1095   376  3783  1813  5512 .+.-
 1096   926  2898    39  6397 .+.-
 1097  1476  4337   589  4959 .+.-
 1098  3452  2567  5844  6729 ++--
 1099  2026  4005  1139  5290 .+.-
 1100   252  3120  1689  6175 .+.-
 1101   802  4559  2239  4736 .+.-
 1102  3674  2789  5621  6507 ++--
 1103  1352  4228   465  5068 .+.-
 1104  1902  3342  1015  5953 .+.-
 1105   128  2457  1565  6838 .+.-
 1106   678  3896  2115  5399 .+.-
 1107  3011  4450  6284  4845 ++--
 1108  1228  3565   341  5731 .+.-
 1109  1778  2680   891  6616 .+.-
 1110     4  4118  1441  5177 .+.-
 1111  3233  2348  6062  6947 ++--
 1112   554  3787  1991  5508 .+.-
 1113  1104  2902   217  6394 .+.-
 1114  1654  4341   767  4955 .+.-
 1115  2204  3456  1317  5840 .+.-
 1116  2570  4009  6725  5286 ++--
 1117   430  3124  1867  6171 .+.-
 1118   980  4563    93  4732 .+.-
 1119  1530  3678   643  5618 .+.-
 1120  2793  4231  6503  5064 ++--
 1121  2080  3346  1193  5949 .+.-
 1122   306  2461  1743  6834 .+.-
 1123   856  3900  2293  5395 .+.-
 1124  1406  3015   519  6281 .+.-
 1125  4454  3569  4842  5727 ++--
 1126  1956  2683  1069  6612 .+.-
 1127   182  4122  1619  5173 .+.-
 1128   732  3237  2169  6058 .+.-
 1129  2352  3791  6943  5505 ++--
 1130  1282  2906   395  6390 .+.-
 1131  1832  4344   945  4951 .+.-
 1132    58  3459  1495  5836 .+.-
 1133   608  2574  2045  6721 .+.-
 1134  4013  3128  5282  6167 ++--
 1135  1158  4567   271  4729 .+.-
 1136  1708  3682   821  5614 .+.-
 1137  2258  2796  1371  6499 .+.-
 1138  4235  3350  5060  5945 ++--
 1139   484  2465  1921  6830 .+.-
 1140  1034  3904   147  5392 .+.-
 1141  1584  3019   697  6277 .+.-
 1142  2134  4458  1247  4838 .+.-
 1143  3572  2687  5723  6608 ++--
 1144   360  4126  1797  5169 .+.-
 1145   910  3241    23  6054 .+.-
 1146  1460  2356   573  6940 .+.-
 1147  3795  2909  5501  6386 ++--
 1148  2010  4348  1123  4947 .+.-
 1149   236  3463  1673  5832 .+.-
 1150   786  2578  2223  6717 .+.-
 1151  1336  4017   449  5279 .+.-
 1152  3132  4571  6164  4725 ++--
 1153  1886  3685   999  5610 .+.-
 1154   112  2800  1549  6495 .+.-
 1155   662  4239  2099  5056 .+.-
 1156  3354  2469  5941  6827 ++--
 1157  1212  3908   325  5388 .+.-
 1158  1762  3022   875  6273 .+.-
 1159  2312  4461  1425  4834 .+.-
 1160   538  3576  1975  5719 .+.-
 1161  2691  4130  6604  5166 ++--
 1162  1088  3245   201  6051 .+.-
 1163  1638  2360   751  6936 .+.-
 1164  2188  3798  1301  5497 .+.-
 1165  2913  4352  6382  4943 ++--
 1166   414  3467  1851  5828 .+.-
 1167   964  2582    77  6714 .+.-
 1168  1514  4021   627  5275 .+.-
 1169  2064  3135  1177  6160 .+.-
 1170  4574  3689  4721  5606 ++--
 1171   290  2804  1727  6491 .+.-
 1172   840  4243  2277  5052 .+.-
 1173  1390  3358   503  5938 .+.-
 1174  2473  3911  6823  5384 ++--
 1175  1940  3026  1053  6269 .+.-
 1176   166  4465  1603  4830 .+.-
 1177   716  3580  2153  5715 .+.-
 1178  2695  4134  6601  5162 ++--
 1179  1266  3249   379  6047 .+.-
 1180  1816  2363   929  6932 .+.-
 1181    42  3802  1479  5493 .+.-
 1182   592  2917  2029  6378 .+.-
 1183  4356  3471  4939  5825 ++--
 1184  1142  2586   255  6710 .+.-
 1185  1692  4024   805  5271 .+.-
 1186  2242  3139  1355  6156 .+.-
 1187  4578  3693  4717  5602 ++--
 1188   468  2808  1905  6488 .+.-
 1189  1018  4247   131  5049 .+.-
 1190  1568  3362   681  5934 .+.-
 1191  2118  2476  1231  6819 .+.-
 1192  3915  3030  5380  6265 ++--
 1193   344  4469  1781  4826 .+.-
 1194   894  3584     7  5712 .+.-
 1195  1444  2699   557  6597 .+.-
 1196  4137  3252  5158  6043 ++--
 1197  1994  2367  1107  6928 .+.-
 1198   220  3806  1657  5489 .+.-
 1199   770  2921  2207  6374 .+.-
 1200  1320  4360   433  4936 .+.-
 1201  3475  2589  5821  6706 ++--
 1202  1870  4028   983  5267 .+.-
 1203    96  3143  1533  6152 .+.-
 1204   646  4582  2083  4713 .+.-
 1205  3697  2812  5599  6484 ++--
 1206  1196  4251   309  5045 .+.-
 1207  1746  3365   859  5930 .+.-
 1208  2296  2480  1409  6815 .+.-
 1209   522  3919  1959  5376 .+.-
 1210  3034  4473  6261  4823 ++--
 1211  1072  3588   185  5708 .+.-
 1212  1622  2702   735  6593 .+.-
 1213  2172  4141  1285  5154 .+.-
 1214  3256  2371  6039  6924 ++--
 1215   398  3810  1835  5486 .+.-
 1216   948  2925    61  6371 .+.-
 1217  1498  4364   611  4932 .+.-
 1218  2048  3478  1161  5817 .+.-
 1219  2593  4032  6702  5263 ++--
 1220   274  3147  1711  6148 .+.-
 1221   824  4586  2261  4710 .+.-
 1222  1374  3701   487  5595 .+.-
 1223  2815  4254  6480  5041 ++--
 1224  1924  3369  1037  5926 .+.-
 1225   150  2484  1587  6811 .+.-
 1226   700  3923  2137  5373 .+.-
 1227  1250  3038   363  6258 .+.-
 1228  4477  3591  4819  5704 ++--
 1229  1800  2706   913  6589 .+.-
 1230    26  4145  1463  5150 .+.-
 1231   576  3260  2013  6035 .+.-
 1232  2375  3814  6921  5482 ++--
 1233  1126  2928   239  6367 .+.-
 1234  1676  4367   789  4928 .+.-
 1235  2226  3482  1339  5813 .+.-
 1236   452  2597  1889  6698 .+.-
 1237  4036  3151  5259  6145 ++--
 1238  1002  4590   115  4706 .+.-
 1239  1552  3704   665  5591 .+.-
 1240  2102  2819  1215  6476 .+.-
 1241  4258  3373  5037  5922 ++--
 1242   328  2488  1765  6808 .+.-
 1243   878  3927  2315  5369 .+.-
 1244  1428  3042   541  6254 .+.-
 1245  1978  4480  1091  4815 .+.-
 1246  3595  2710  5700  6585 ++--
 1247   204  4149  1641  5146 .+.-
 1248   754  3264  2191  6032 .+.-
 1249  1304  2379   417  6917 .+.-
 1250  3817  2932  5478  6363 ++--
 1251  1854  4371   967  4924 .+.-
 1252    80  3486  1517  5809 .+.-
 1253   630  2601  2067  6695 .+.-
 1254  1180  4040   293  5256 .+.-
 1255  3155  4593  6141  4702 ++--
 1256  1730  3708   843  5587 .+.-
 1257  2280  2823  1393  6472 .+.-
 1258   506  4262  1943  5033 .+.-
 1259  3377  2492  5919  6804 ++--
 1260  1056  3930   169  5365 .+.-
 1261  1606  3045   719  6250 .+.-
 1262  2156  4484  1269  4811 .+.-
 1263   382  3599  1819  5696 .+.-
 1264  2714  4153  6581  5143 ++--
 1265   932  3268    45  6028 .+.-
 1266  1482  2382   595  6913 .+.-
 1267  2032  3821  1145  5474 .+.-
 1268  2936  4375  6359  4920 ++--
 1269   258  3490  1695  5806 .+.-
 1270   808  2605  2245  6691 .+.-
 1271  1358  4044   471  5252 .+.-
 1272  1908  3158  1021  6137 .+.-
 1273  4597  3712  4698  5583 ++--
 1274   134  2827  1571  6468 .+.-
 1275   684  4266  2121  5030 .+.-
 1276  1234  3381   347  5915 .+.-
 1277  2495  3934  6800  5361 ++--
 1278  1784  3049   897  6246 .+.-
 1279    10  4488  1447  4807 .+.-
 1280   560  3603  1997  5693 .+.-
 1281  1110  2718   223  6578 .+.-
 1282  4157  3271  5139  6024 ++--
 1283  1660  2386   773  6909 .+.-
 1284  2210  3825  1323  5470 .+.-
 1285   436  2940  1873  6355 .+.-
 1286  4379  3494  4917  5802 ++--
 1287   986  2608    99  6687 .+.-
 1288  1536  4047   649  5248 .+.-
 1289  2086  3162  1199  6133 .+.-
 1290  4601  3716  4694  5580 ++--
 1291   312  2831  1749  6465 .+.-
 1292   862  4270  2299  5026 .+.-
 1293  1412  3384   525  5911 .+.-
 1294  1962  2499  1075  6796 .+.-
 1295  3938  3053  5357  6242 ++--
 1296   188  4492  1625  4804 .+.-
 1297   738  3607  2175  5689 .+.-
 1298  1288  2721   401  6574 .+.-
 1299  4160  3275  5135  6020 ++--
 1300  1838  2390   951  6905 .+.-
 1301    64  3829  1501  5466 .+.-
 1302   614  2944  2051  6352 .+.-
 1303  1164  4383   277  4913 .+.-
 1304  3497  2612  5798  6683 ++--
 1305  1714  4051   827  5244 .+.-
 1306  2264  3166  1377  6129 .+.-
 1307   490  4605  1927  4691 .+.-
 1308  3720  2835  5576  6461 ++--
 1309  1040  4273   153  5022 .+.-
 1310  1590  3388   703  5907 .+.-
 1311  2140  2503  1253  6792 .+.-
 1312   366  3942  1803  5353 .+.-
 1313  3057  4496  6239  4800 ++--
 1314   916  3610    29  5685 .+.-
 1315  1466  2725   579  6570 .+.-
 1316  2016  4164  1129  5131 .+.-
 1317  3279  2394  6016  6902 ++--
 1318   242  3833  1679  5463 .+.-
 1319   792  2948  2229  6348 .+.-
 1320  1342  4386   455  4909 .+.-
 1321  1892  3501  1005  5794 .+.-
 1322  2616  4055  6679  5240 ++--
 1323   118  3170  1555  6126 .+.-
 1324   668  4609  2105  4687 .+.-
 1325  1218  3723   331  5572 .+.-
 1326  2838  4277  6457  5018 ++--
 1327  1768  3392   881  5903 .+.-
 1328  2318  2507  1431  6788 .+.-
 1329   544  3946  1981  5350 .+.-
 1330  1094  3061   207  6235 .+.-
 1331  4499  3614  4796  5681 ++--
 1332  1644  2729   757  6566 .+.-
 1333  2194  4168  1307  5127 .+.-
 1334   420  3283  1857  6013 .+.-
 1335  2398  3837  6898  5459 ++--
 1336   970  2951    83  6344 .+.-
 1337  1520  4390   633  4905 .+.-
 1338  2070  3505  1183  5790 .+.-
 1339   296  2620  1733  6675 .+.-
 1340  4059  3174  5237  6122 ++--
 1341   846  4612  2283  4683 .+.-
 1342  1396  3727   509  5568 .+.-
 1343  1946  2842  1059  6453 .+.-
 1344  4281  3396  5014  5900 ++--
 1345   172  2511  1609  6785 .+.-
 1346   722  3950  2159  5346 .+.-
 1347  1272  3064   385  6231 .+.-
 1348  1822  4503   935  4792 .+.-
 1349  3618  2733  5677  6562 ++--
 1350    48  4172  1485  5124 .+.-
 1351   598  3287  2035  6009 .+.-
 1352  1148  2401   261  6894 .+.-
 1353  3840  2955  5455  6340 ++--
 1354  1698  4394   811  4901 .+.-
 1355  2248  3509  1361  5787 .+.-
 1356   474  2624  1911  6672 .+.-
 1357  1024  4063   137  5233 .+.-
 1358  3177  4616  6118  4679 ++--
 1359  1574  3731   687  5564 .+.-
 1360  2124  2846  1237  6449 .+.-
 1361   350  4285  1787  5011 .+.-
 1362  3400  2514  5896  6781 ++--
 1363   900  3953    13  5342 .+.-
 1364  1450  3068   563  6227 .+.-
 1365  2000  4507  1113  4788 .+.-
 1366   226  3622  1663  5673 .+.-
 1367  2737  4176  6559  5120 ++--
 1368   776  3290  2213  6005 .+.-
 1369  1326  2405   439  6890 .+.-
 1370  1876  3844   989  5451 .+.-
 1371  2959  4398  6336  4898 ++--
 1372   102  3513  1539  5783 .+.-
 1373   652  2628  2089  6668 .+.-
 1374  1202  4066   315  5229 .+.-
 1375  1752  3181   865  6114 .+.-
 1376  4620  3735  4675  5560 ++--
 1377  2302  2850  1415  6446 .+.-
 1378   528  4289  1965  5007 .+.-
 1379  1078  3403   191  5892 .+.-
 1380  2518  3957  6777  5338 ++--
 1381  1628  3072   741  6223 .+.-
 1382  2178  4511  1291  4785 .+.-
 1383   404  3626  1841  5670 .+.-
 1384   954  2741    67  6555 .+.-
 1385  4179  3294  5116  6001 ++--
 1386  1504  2409   617  6886 .+.-
 1387  2054  3848  1167  5447 .+.-
 1388   280  2963  1717  6333 .+.-
 1389  4402  3516  4894  5779 ++--
 1390   830  2631  2267  6664 .+.-
 1391  1380  4070   493  5225 .+.-
 1392  1930  3185  1043  6110 .+.-
 1393  4624  3739  4671  5557 ++--
 1394   156  2854  1593  6442 .+.-
 1395   706  4292  2143  5003 .+.-
 1396  1256  3407   369  5888 .+.-
 1397  1806  2522   919  6773 .+.-
 1398  3961  3076  5334  6220 ++--
 1399    32  4515  1469  4781 .+.-
 1400   582  3630  2019  5666 .+.-
 1401  1132  2744   245  6551 .+.-
 1402  4183  3298  5112  5997 ++--
 1403  1682  2413   795  6882 .+.-
 1404  2232  3852  1345  5444 .+.-
 1405   458  2967  1895  6329 .+.-
 1406  1008  4405   121  4890 .+.-
 1407  3520  2635  5775  6660 ++--
 1408  1558  4074   671  5221 .+.-
 1409  2108  3189  1221  6107 .+.-
 1410   334  4628  1771  4668 .+.-
 1411  3743  2857  5553  6438 ++--
 1412   884  4296  2321  4999 .+.-
 1413  1434  3411   547  5884 .+.-
 1414  1984  2526  1097  6769 .+.-
 1415   210  3965  1647  5331 .+.-
 1416  3080  4518  6216  4777 ++--
 1417   760  3633  2197  5662 .+.-
 1418  1310  2748   423  6547 .+.-
 1419  1860  4187   973  5108 .+.-
 1420  3302  2417  5994  6879 ++--
 1421    86  3856  1523  5440 .+.-
 1422   636  2970  2073  6325 .+.-
 1423  1186  4409   299  4886 .+.-
 1424  1736  3524   849  5771 .+.-
 1425  2639  4078  6656  5218 ++--
 1426  2286  3193  1399  6103 .+.-
 1427   512  4631  1949  4664 .+.-
 1428  1062  3746   175  5549 .+.-
 1429  2861  4300  6434  4995 ++--
 1430  1612  3415   725  5880 .+.-
 1431  2162  2530  1275  6766 .+.-
 1432   388  3969  1825  5327 .+.-
 1433   938  3083    51  6212 .+.-
 1434  4522  3637  4773  5658 ++--
 1435  1488  2752   601  6543 .+.-
 1436  2038  4191  1151  5105 .+.-
 1437   264  3306  1701  5990 .+.-
 1438  2421  3859  6875  5436 ++--
 1439   814  2974  2251  6321 .+.-
 1440  1364  4413   477  4882 .+.-
 1441  1914  3528  1027  5767 .+.-
 1442   140  2643  1577  6653 .+.-
 1443  4082  3196  5214  6099 ++--
 1444   690  4635  2127  4660 .+.-
 1445  1240  3750   353  5545 .+.-
 1446  1790  2865   903  6430 .+.-
 1447  4304  3419  4992  5877 ++--
 1448    16  2534  1453  6762 .+.-
 1449   566  3972  2003  5323 .+.-
 1450  1116  3087   229  6208 .+.-
 1451  1666  4526   779  4769 .+.-
 1452  3641  2756  5654  6540 ++--
 1453  2216  4195  1329  5101 .+.-
 1454   442  3309  1879  5986 .+.-
 1455   992  2424   105  6871 .+.-
 1456  3863  2978  5432  6317 ++--
 1457  1542  4417   655  4878 .+.-
 1458  2092  3532  1205  5764 .+.-
 1459   318  2647  1755  6649 .+.-
 1460   868  4085  2305  5210 .+.-
 1461  3200  4639  6095  4656 ++--
 1462  1418  3754   531  5541 .+.-
 1463  1968  2869  1081  6427 .+.-
 1464   194  4308  1631  4988 .+.-
 1465  3423  2537  5873  6758 ++--
 1466   744  3976  2181  5319 .+.-
 1467  1294  3091   407  6204 .+.-
 1468  1844  4530   957  4765 .+.-
 1469    70  3645  1507  5651 .+.-
 1470  2760  4198  6536  5097 ++--
 1471   620  3313  2057  5982 .+.-
 1472  1170  2428   283  6867 .+.-
 1473  1720  3867   833  5428 .+.-
 1474  2982  4421  6314  4875 ++--
 1475  2270  3536  1383  5760 .+.-
 1476   496  2650  1933  6645 .+.-
 1477  1046  4089   159  5206 .+.-
 1478  1596  3204   709  6091 .+.-
 1479  4643  3758  4652  5538 ++--
 1480  2146  2873  1259  6423 .+.-
 1481   372  4311  1809  4984 .+.-
 1482   922  3426    35  5869 .+.-
 1483  2541  3980  6754  5315 ++--
 1484  1472  3095   585  6201 .+.-
 1485  2022  4534  1135  4762 .+.-
 1486   248  3649  1685  5647 .+.-
 1487   798  2763  2235  6532 .+.-
 1488  4202  3317  5093  5978 ++--
 1489  1348  2432   461  6863 .+.-
 1490  1898  3871  1011  5425 .+.-
 1491   124  2986  1561  6310 .+.-
 1492  4424  3539  4871  5756 ++--
 1493   674  2654  2111  6641 .+.-
 1494  1224  4093   337  5202 .+.-
 1495  1774  3208   887  6087 .+.-
Total data plus flush bits=2324, p-parity bits=1830, q-parity=1830, Errors=0, Repetition=0
