F80T1QL7_4B
Channel Interleaving, Puncturing and Mapping to QPSK
User data=512, with flush=516, Channel Symbols=640, Channel Bits=1280, Parity=764, p=q=382, Coding Rate=0.400000
D=512, FECSy=640, DF=516, N=1280, P=764, p=382, distep=319, dd=0, pistep=237, pp=381, ppstep=1.350785, ppstart=516.500000, qpstart=1033.175415, k=124, mx=5.161290

Symbol   I0    Q0  Pattern= . =data, + =p parity, - =q parity
-------------------------------------------------------------
    0  1031  1033 +-
    1     0   835 .+
    2   319  1229 .-
    3   122   639 .+
    4   441  1424 .-
    5   244   959 .+
    6  1104   763 -+
    7    47  1300 .-
    8   366   567 .+
    9   169  1496 .-
   10   488   887 .+
   11  1176   692 -+
   12   291  1372 .-
   13    94  1012 .+
   14   413  1052 .-
   15   216   816 .+
   16  1247   620 -+
   17    19  1443 .-
   18   338   940 .+
   19   141  1123 .-
   20   460   744 .+
   21  1319   548 -+
   22   263  1515 .-
   23    66   869 .+
   24   385  1195 .-
   25   188   673 .+
   26  1391   993 -+
   27   507  1070 .-
   28   310   797 .+
   29   113  1266 .-
   30   432   601 .+
   31  1462   921 -+
   32   235  1142 .-
   33    38   725 .+
   34   357  1338 .-
   35   160   530 .+
   36   479  1534 .-
   37   850  1214 +-
   38   282   654 .+
   39    85  1410 .-
   40   404   974 .+
   41   207  1089 .-
   42   778  1285 +-
   43    10   582 .+
   44   329  1481 .-
   45   132   902 .+
   46   451  1161 .-
   47   706  1357 +-
   48   254  1027 .+
   49    57  1037 .-
   50   376   831 .+
   51   179  1233 .-
   52   635  1428 +-
   53   498   955 .+
   54   301  1108 .-
   55   104   759 .+
   56   423  1304 .-
   57   563  1500 +-
   58   226   883 .+
   59    29  1180 .-
   60   348   688 .+
   61   151  1376 .-
   62  1008  1056 +-
   63   470   812 .+
   64   273  1252 .-
   65    76   616 .+
   66   395  1447 .-
   67   198   936 .+
   68  1127   740 -+
   69     1  1323 .-
   70   320   544 .+
   71   123  1519 .-
   72   442   865 .+
   73  1199   669 -+
   74   245  1395 .-
   75    48   989 .+
   76   367  1075 .-
   77   170   793 .+
   78  1270   597 -+
   79   489  1466 .-
   80   292   917 .+
   81    95  1146 .-
   82   414   721 .+
   83  1342   525 -+
   84   217  1538 .-
   85    20   846 .+
   86   339  1218 .-
   87   142   650 .+
   88  1414   970 -+
   89   461  1093 .-
   90   264   774 .+
   91    67  1289 .-
   92   386   578 .+
   93  1485   898 -+
   94   189  1165 .-
   95   508   702 .+
   96   311  1361 .-
   97   114  1023 .+
   98   433  1041 .-
   99   827  1237 +-
  100   236   631 .+
  101    39  1433 .-
  102   358   951 .+
  103   161  1112 .-
  104   755  1308 +-
  105   480   559 .+
  106   283  1504 .-
  107    86   879 .+
  108   405  1184 .-
  109   683  1380 +-
  110   208  1004 .+
  111    11  1060 .-
  112   330   808 .+
  113   133  1256 .-
  114   612  1451 +-
  115   452   932 .+
  116   255  1131 .-
  117    58   736 .+
  118   377  1327 .-
  119   540  1523 +-
  120   180   860 .+
  121   499  1203 .-
  122   302   665 .+
  123   105  1399 .-
  124   985  1079 +-
  125   424   789 .+
  126   227  1274 .-
  127    30   593 .+
  128   349  1470 .-
  129   152   913 .+
  130  1150   717 -+
  131   471  1346 .-
  132   274   521 .+
  133    77  1542 .-
  134   396   842 .+
  135  1222   646 -+
  136   199  1418 .-
  137     2   966 .+
  138   321  1098 .-
  139   124   770 .+
  140  1293   574 -+
  141   443  1489 .-
  142   246   894 .+
  143    49  1169 .-
  144   368   698 .+
  145  1365  1018 -+
  146   171  1045 .-
  147   490   823 .+
  148   293  1241 .-
  149    96   627 .+
  150  1437   947 -+
  151   415  1116 .-
  152   218   751 .+
  153    21  1312 .-
  154   340   555 .+
  155  1508   875 -+
  156   143  1188 .-
  157   462   679 .+
  158   265  1384 .-
  159    68  1000 .+
  160  1064   804 -+
  161   387  1260 .-
  162   190   608 .+
  163   509  1455 .-
  164   312   928 .+
  165   115  1135 .-
  166   732  1331 +-
  167   434   536 .+
  168   237  1527 .-
  169    40   856 .+
  170   359  1207 .-
  171   661  1403 +-
  172   162   981 .+
  173   481  1083 .-
  174   284   785 .+
  175    87  1279 .-
  176   589  1474 +-
  177   406   909 .+
  178   209  1154 .-
  179    12   713 .+
  180   331  1350 .-
  181   517  1546 +-
  182   134   837 .+
  183   453  1226 .-
  184   256   642 .+
  185    59  1422 .-
  186   962  1102 +-
  187   378   766 .+
  188   181  1297 .-
  189   500   570 .+
  190   303  1493 .-
  191   890  1173 +-
  192   106   694 .+
  193   425  1369 .-
  194   228  1014 .+
  195    31  1049 .-
  196   350   819 .+
  197  1245   623 -+
  198   153  1441 .-
  199   472   943 .+
  200   275  1120 .-
  201    78   747 .+
  202  1316   551 -+
  203   397  1512 .-
  204   200   871 .+
  205     3  1192 .-
  206   322   675 .+
  207  1388   996 -+
  208   125  1068 .-
  209   444   800 .+
  210   247  1264 .-
  211    50   604 .+
  212  1460   924 -+
  213   369  1139 .-
  214   172   728 .+
  215   491  1335 .-
  216   294   532 .+
  217  1531   852 -+
  218    97  1211 .-
  219   416   656 .+
  220   219  1407 .-
  221    22   977 .+
  222  1087   781 -+
  223   341  1283 .-
  224   144   585 .+
  225   463  1478 .-
  226   266   905 .+
  227    69  1158 .-
  228   709  1354 +-
  229   388  1029 .+
  230   191  1034 .-
  231   510   833 .+
  232   313  1230 .-
  233   638  1426 +-
  234   116   958 .+
  235   435  1106 .-
  236   238   762 .+
  237    41  1301 .-
  238   566  1497 +-
  239   360   886 .+
  240   163  1177 .-
  241   482   690 .+
  242   285  1373 .-
  243  1010  1053 +-
  244    88   815 .+
  245   407  1249 .-
  246   210   619 .+
  247    13  1445 .-
  248   939  1125 +-
  249   332   743 .+
  250   135  1320 .-
  251   454   547 .+
  252   257  1516 .-
  253   867  1196 +-
  254    60   671 .+
  255   379  1392 .-
  256   182   991 .+
  257   501  1072 .-
  258   304   796 .+
  259  1268   600 -+
  260   107  1464 .-
  261   426   920 .+
  262   229  1143 .-
  263    32   724 .+
  264  1339   528 -+
  265   351  1535 .-
  266   154   848 .+
  267   473  1215 .-
  268   276   652 .+
  269  1411   973 -+
  270    79  1091 .-
  271   398   777 .+
  272   201  1287 .-
  273     4   581 .+
  274  1482   901 -+
  275   323  1162 .-
  276   126   705 .+
  277   445  1358 .-
  278   248  1025 .+
  279  1038   829 -+
  280    51  1234 .-
  281   370   634 .+
  282   173  1430 .-
  283   492   954 .+
  284  1110   758 -+
  285   295  1306 .-
  286    98   562 .+
  287   417  1501 .-
  288   220   882 .+
  289    23  1181 .-
  290   686  1377 +-
  291   342  1006 .+
  292   145  1057 .-
  293   464   810 .+
  294   267  1253 .-
  295   615  1449 +-
  296    70   935 .+
  297   389  1129 .-
  298   192   739 .+
  299   511  1324 .-
  300   543  1520 +-
  301   314   863 .+
  302   117  1200 .-
  303   436   667 .+
  304   239  1396 .-
  305   987  1076 +-
  306    42   792 .+
  307   361  1272 .-
  308   164   596 .+
  309   483  1468 .-
  310   916  1147 +-
  311   286   720 .+
  312    89  1343 .-
  313   408   524 .+
  314   211  1539 .-
  315   844  1219 +-
  316    14   648 .+
  317   333  1415 .-
  318   136   969 .+
  319   455  1095 .-
  320   773  1291 +-
  321   258   577 .+
  322    61  1487 .-
  323   380   897 .+
  324   183  1166 .-
  325   502   701 .+
  326  1362  1021 -+
  327   305  1042 .-
  328   108   825 .+
  329   427  1238 .-
  330   230   629 .+
  331  1434   950 -+
  332    33  1114 .-
  333   352   754 .+
  334   155  1310 .-
  335   474   558 .+
  336  1505   878 -+
  337   277  1185 .-
  338    80   682 .+
  339   399  1381 .-
  340   202  1002 .+
  341  1061   806 -+
  342     5  1257 .-
  343   324   611 .+
  344   127  1453 .-
  345   446   931 .+
  346  1133   735 -+
  347   249  1328 .-
  348    52   539 .+
  349   371  1524 .-
  350   174   859 .+
  351  1204   663 -+
  352   493  1400 .-
  353   296   983 .+
  354    99  1080 .-
  355   418   788 .+
  356   221  1276 .-
  357   592  1472 +-
  358    24   912 .+
  359   343  1152 .-
  360   146   716 .+
  361   465  1347 .-
  362   520  1543 +-
  363   268   840 .+
  364    71  1223 .-
  365   390   644 .+
  366   193  1419 .-
  367   964  1099 +-
  368   512   769 .+
  369   315  1295 .-
  370   118   573 .+
  371   437  1491 .-
  372   893  1170 +-
  373   240   697 .+
  374    43  1366 .-
  375   362  1017 .+
  376   165  1046 .-
  377   821  1242 +-
  378   484   625 .+
  379   287  1438 .-
  380    90   946 .+
  381   409  1118 .-
  382   750  1314 +-
  383   212   554 .+
  384    15  1510 .-
  385   334   874 .+
  386   137  1189 .-
  387   456   678 .+
  388  1385   998 -+
  389   259  1065 .-
  390    62   802 .+
  391   381  1261 .-
  392   184   607 .+
  393  1457   927 -+
  394   503  1137 .-
  395   306   731 .+
  396   109  1333 .-
  397   428   535 .+
  398  1528   855 -+
  399   231  1208 .-
  400    34   659 .+
  401   353  1404 .-
  402   156   979 .+
  403  1084   783 -+
  404   475  1280 .-
  405   278   588 .+
  406    81  1476 .-
  407   400   908 .+
  408  1156   712 -+
  409   203  1351 .-
  410     6   516 .+
  411   325  1547 .-
  412   128   836 .+
  413  1227   640 -+
  414   447  1423 .-
  415   250   960 .+
  416    53  1103 .-
  417   372   765 .+
  418   175  1299 .-
  419   569  1495 +-
  420   494   889 .+
  421   297  1175 .-
  422   100   693 .+
  423   419  1370 .-
  424  1013  1050 +-
  425   222   817 .+
  426    25  1246 .-
  427   344   621 .+
  428   147  1442 .-
  429   941  1122 +-
  430   466   746 .+
  431   269  1318 .-
  432    72   550 .+
  433   391  1514 .-
  434   870  1193 +-
  435   194   674 .+
  436   513  1389 .-
  437   316   994 .+
  438   119  1069 .-
  439   798  1265 +-
  440   438   602 .+
  441   241  1461 .-
  442    44   923 .+
  443   363  1141 .-
  444   727  1337 +-
  445   166   531 .+
  446   485  1532 .-
  447   288   851 .+
  448    91  1212 .-
  449   410   655 .+
  450  1408   975 -+
  451   213  1088 .-
  452    16   779 .+
  453   335  1284 .-
  454   138   584 .+
  455  1480   904 -+
  456   457  1160 .-
  457   260   708 .+
  458    63  1356 .-
  459   382  1028 .+
  460  1035   832 -+
  461   185  1231 .-
  462   504   636 .+
  463   307  1427 .-
  464   110   956 .+
  465  1107   760 -+
  466   429  1303 .-
  467   232   565 .+
  468    35  1499 .-
  469   354   885 .+
  470  1179   689 -+
  471   157  1374 .-
  472   476  1009 .+
  473   279  1054 .-
  474    82   813 .+
  475  1250   617 -+
  476   401  1446 .-
  477   204   937 .+
  478     7  1126 .-
  479   326   742 .+
  480  1322   546 -+
  481   129  1518 .-
  482   448   866 .+
  483   251  1197 .-
  484    54   670 .+
  485   373  1393 .-
  486   990  1073 +-
  487   176   794 .+
  488   495  1269 .-
  489   298   598 .+
  490   101  1465 .-
  491   919  1145 +-
  492   420   723 .+
  493   223  1341 .-
  494    26   527 .+
  495   345  1537 .-
  496   847  1216 +-
  497   148   651 .+
  498   467  1412 .-
  499   270   971 .+
  500    73  1092 .-
  501   775  1288 +-
  502   392   579 .+
  503   195  1484 .-
  504   514   900 .+
  505   317  1164 .-
  506   704  1360 +-
  507   120  1024 .+
  508   439  1039 .-
  509   242   828 .+
  510    45  1235 .-
  511   632  1431 +-
  512   364   952 .+
  513   167  1111 .-
  514   486   756 .+
  515   289  1307 .-
  516    92   561 .+
  517  1503   881 -+
  518   411  1183 .-
  519   214   685 .+
  520    17  1378 .-
  521   336  1005 .+
  522  1058   809 -+
  523   139  1254 .-
  524   458   613 .+
  525   261  1450 .-
  526    64   933 .+
  527  1130   738 -+
  528   383  1326 .-
  529   186   542 .+
  530   505  1522 .-
  531   308   862 .+
  532  1202   666 -+
  533   111  1397 .-
  534   430   986 .+
  535   233  1077 .-
  536    36   790 .+
  537  1273   594 -+
  538   355  1469 .-
  539   158   914 .+
  540   477  1149 .-
  541   280   719 .+
  542  1345   523 -+
  543    83  1541 .-
  544   402   843 .+
  545   205  1220 .-
  546     8   647 .+
  547   327  1416 .-
  548   967  1096 +-
  549   130   771 .+
  550   449  1292 .-
  551   252   575 .+
  552    55  1488 .-
  553   896  1168 +-
  554   374   700 .+
  555   177  1364 .-
  556   496  1020 .+
  557   299  1043 .-
  558   824  1239 +-
  559   102   628 .+
  560   421  1435 .-
  561   224   948 .+
  562    27  1115 .-
  563   752  1311 +-
  564   346   557 .+
  565   149  1507 .-
  566   468   877 .+
  567   271  1187 .-
  568   681  1383 +-
  569    74  1001 .+
  570   393  1062 .-
  571   196   805 .+
  572   515  1258 .-
  573   609  1454 +-
  574   318   929 .+
  575   121  1134 .-
  576   440   733 .+
  577   243  1330 .-
  578    46   538 .+
  579  1526   858 -+
  580   365  1206 .-
  581   168   662 .+
  582   487  1401 .-
  583   290   982 .+
  584  1081   786 -+
  585    93  1277 .-
  586   412   590 .+
  587   215  1473 .-
  588    18   910 .+
  589  1153   715 -+
  590   337  1349 .-
  591   140   519 .+
  592   459  1545 .-
  593   262   839 .+
  594  1224   643 -+
  595    65  1420 .-
  596   384   963 .+
  597   187  1100 .-
  598   506   767 .+
  599  1296   571 -+
  600   309  1492 .-
  601   112   892 .+
  602   431  1172 .-
  603   234   696 .+
  604  1368  1016 -+
  605    37  1048 .-
  606   356   820 .+
  607   159  1243 .-
  608   478   624 .+
  609   281  1439 .-
  610   944  1119 +-
  611    84   748 .+
  612   403  1315 .-
  613   206   552 .+
  614     9  1511 .-
  615   873  1191 +-
  616   328   677 .+
  617   131  1387 .-
  618   450   997 .+
  619   253  1066 .-
  620   801  1262 +-
  621    56   605 .+
  622   375  1458 .-
  623   178   925 .+
  624   497  1138 .-
  625   729  1334 +-
  626   300   534 .+
  627   103  1530 .-
  628   422   854 .+
  629   225  1210 .-
  630   658  1405 +-
  631    28   978 .+
  632   347  1085 .-
  633   150   782 .+
  634   469  1281 .-
  635   586  1477 +-
  636   272   906 .+
  637    75  1157 .-
  638   394   711 .+
  639   197  1353 .-
Total data plus flush bits=516, p-parity bits=382, q-parity=382, Errors=0, Repetition=0
