FR80T25X16H3
Channel Interleaving, Puncturing and Mapping to 16-QAM
User data=4040, with flush=4044, Channel Symbols=1318, Channel Bits=5272, p=614, q=614, Coding Rate=0.766313

Symbol	b3 	b2 	b1 	b0 
0 	2504 	0 	957 	2497 
1 	998 	2538 	3495 	991 
2 	3536 	1032 	1989 	3529 
3 	2030 	3570 	483 	2023 
4 	6336 	2064 	11338 	517 
5 	5401 	558 	10403 	3055 
6 	4466 	3096 	9468 	1549 
7 	1590 	3130 	43 	1583 
8 	84 	1624 	2581 	77 
9 	2622 	118 	1075 	2615 
10 	6758 	2656 	11760 	1109 
11 	5822 	1150 	10825 	3647 
12 	4887 	3688 	9889 	2141 
13 	2182 	3722 	635 	2175 
14 	676 	2216 	3173 	669 
15 	3214 	710 	1667 	3207 
16 	1708 	3248 	161 	1701 
17 	6244 	1742 	11246 	195 
18 	5309 	236 	10311 	2733 
19 	4373 	2774 	9376 	1227 
20 	1268 	2808 	3765 	1261 
21 	3806 	1302 	2259 	3799 
22 	2300 	3840 	753 	2293 
23 	6665 	2334 	11668 	787 
24 	5730 	828 	10732 	3325 
25 	4795 	3366 	9797 	1819 
26 	1860 	3400 	313 	1853 
27 	354 	1894 	2851 	347 
28 	2892 	388 	1345 	2885 
29 	7087 	2926 	12089 	1379 
30 	6152 	1420 	11154 	3917 
31 	5216 	3958 	10219 	2411 
32 	2452 	3992 	905 	2445 
33 	946 	2486 	3443 	939 
34 	3484 	980 	1937 	3477 
35 	1978 	3518 	431 	1971 
36 	6573 	2012 	11575 	465 
37 	5638 	506 	10640 	3003 
38 	4703 	3044 	9705 	1497 
39 	1538 	3078 	4035 	1531 
40 	32 	1572 	2529 	25 
41 	2570 	66 	1023 	2563 
42 	6995 	2604 	11997 	1057 
43 	6059 	1098 	11062 	3595 
44 	5124 	3636 	10126 	2089 
45 	2130 	3670 	583 	2123 
46 	624 	2164 	3121 	617 
47 	3162 	658 	1615 	3155 
48 	7416 	3196 	4327 	1649 
49 	6481 	1690 	11483 	143 
50 	5546 	184 	10548 	2681 
51 	2722 	218 	1175 	2715 
52 	1216 	2756 	3713 	1209 
53 	3754 	1250 	2207 	3747 
54 	2248 	3788 	701 	2241 
55 	6902 	2282 	11905 	735 
56 	5967 	776 	10970 	3273 
57 	5032 	3314 	10034 	1767 
58 	1808 	3348 	261 	1801 
59 	302 	1842 	2799 	295 
60 	2840 	336 	1293 	2833 
61 	7324 	2874 	4235 	1327 
62 	6389 	1368 	11391 	3865 
63 	5453 	3906 	10456 	2359 
64 	2400 	3940 	853 	2393 
65 	894 	2434 	3391 	887 
66 	3432 	928 	1885 	3425 
67 	1926 	3466 	379 	1919 
68 	6810 	1960 	11813 	413 
69 	5875 	454 	10877 	2951 
70 	4940 	2992 	9942 	1445 
71 	1486 	3026 	3983 	1479 
72 	4024 	1520 	2477 	4017 
73 	2518 	14 	971 	2511 
74 	7232 	2552 	4143 	1005 
75 	6297 	1046 	11299 	3543 
76 	5361 	3584 	10364 	2037 
77 	2078 	3618 	531 	2071 
78 	572 	2112 	3069 	565 
79 	3110 	606 	1563 	3103 
80 	7653 	3144 	4564 	1597 
81 	6718 	1638 	11720 	91 
82 	5783 	132 	10785 	2629 
83 	2670 	166 	1123 	2663 
84 	1164 	2704 	3661 	1157 
85 	3702 	1198 	2155 	3695 
86 	2196 	3736 	649 	2189 
87 	7140 	2230 	4051 	683 
88 	6204 	724 	11207 	3221 
89 	5269 	3262 	10271 	1715 
90 	1756 	3296 	209 	1749 
91 	250 	1790 	2747 	243 
92 	2788 	284 	1241 	2781 
93 	7561 	2822 	4472 	1275 
94 	6626 	1316 	11628 	3813 
95 	5691 	3854 	10693 	2307 
96 	2348 	3888 	801 	2341 
97 	842 	2382 	3339 	835 
98 	3380 	876 	1833 	3373 
99 	7983 	3414 	4894 	1867 
100 	7047 	1908 	12050 	361 
101 	6112 	402 	11114 	2899 
102 	2940 	436 	1393 	2933 
103 	1434 	2974 	3931 	1427 
104 	3972 	1468 	2425 	3965 
105 	2466 	4006 	919 	2459 
106 	7469 	2500 	4380 	953 
107 	6534 	994 	11536 	3491 
108 	5598 	3532 	10601 	1985 
109 	2026 	3566 	479 	2019 
110 	520 	2060 	3017 	513 
111 	3058 	554 	1511 	3051 
112 	7890 	3092 	4801 	1545 
113 	6955 	1586 	11957 	39 
114 	6020 	80 	11022 	2577 
115 	2618 	114 	1071 	2611 
116 	1112 	2652 	3609 	1105 
117 	3650 	1146 	2103 	3643 
118 	2144 	3684 	597 	2137 
119 	7377 	2178 	4288 	631 
120 	6441 	672 	11444 	3169 
121 	3210 	706 	1663 	3203 
122 	1704 	3244 	157 	1697 
123 	198 	1738 	2695 	191 
124 	2736 	232 	1189 	2729 
125 	7798 	2770 	4709 	1223 
126 	6863 	1264 	11865 	3761 
127 	5928 	3802 	10930 	2255 
128 	2296 	3836 	749 	2289 
129 	790 	2330 	3287 	783 
130 	3328 	824 	1781 	3321 
131 	8223 	3362 	5131 	1815 
132 	7284 	1856 	4195 	309 
133 	6349 	350 	11352 	2847 
134 	2888 	384 	1341 	2881 
135 	1382 	2922 	3879 	1375 
136 	3920 	1416 	2373 	3913 
137 	2414 	3954 	867 	2407 
138 	7706 	2448 	4617 	901 
139 	6771 	942 	11773 	3439 
140 	5835 	3480 	10838 	1933 
141 	1974 	3514 	427 	1967 
142 	468 	2008 	2965 	461 
143 	3006 	502 	1459 	2999 
144 	8131 	3040 	5039 	1493 
145 	7192 	1534 	4103 	4031 
146 	6257 	28 	11259 	2525 
147 	2566 	62 	1019 	2559 
148 	1060 	2600 	3557 	1053 
149 	3598 	1094 	2051 	3591 
150 	8552 	3632 	5460 	2085 
151 	7614 	2126 	4525 	579 
152 	6679 	620 	11681 	3117 
153 	3158 	654 	1611 	3151 
154 	1652 	3192 	105 	1645 
155 	146 	1686 	2643 	139 
156 	2684 	180 	1137 	2677 
157 	8035 	2718 	4946 	1171 
158 	7100 	1212 	12102 	3709 
159 	6165 	3750 	11167 	2203 
160 	2244 	3784 	697 	2237 
161 	738 	2278 	3235 	731 
162 	3276 	772 	1729 	3269 
163 	8460 	3310 	5368 	1763 
164 	7522 	1804 	4433 	257 
165 	6586 	298 	11589 	2795 
166 	2836 	332 	1289 	2829 
167 	1330 	2870 	3827 	1323 
168 	3868 	1364 	2321 	3861 
169 	8882 	3902 	5789 	2355 
170 	7943 	2396 	4854 	849 
171 	7008 	890 	12010 	3387 
172 	3428 	924 	1881 	3421 
173 	1922 	3462 	375 	1915 
174 	416 	1956 	2913 	409 
175 	2954 	450 	1407 	2947 
176 	8368 	2988 	5276 	1441 
177 	7429 	1482 	4340 	3979 
178 	6494 	4020 	11496 	2473 
179 	2514 	10 	967 	2507 
180 	1008 	2548 	3505 	1001 
181 	3546 	1042 	1999 	3539 
182 	8789 	3580 	5697 	2033 
183 	7851 	2074 	4762 	527 
184 	6916 	568 	11918 	3065 
185 	3106 	602 	1559 	3099 
186 	1600 	3140 	53 	1593 
187 	94 	1634 	2591 	87 
188 	2632 	128 	1085 	2625 
189 	8276 	2666 	5183 	1119 
190 	7337 	1160 	4248 	3657 
191 	6402 	3698 	11404 	2151 
192 	2192 	3732 	645 	2185 
193 	686 	2226 	3183 	679 
194 	3224 	720 	1677 	3217 
195 	8697 	3258 	5605 	1711 
196 	7759 	1752 	4670 	205 
197 	6823 	246 	11826 	2743 
198 	2784 	280 	1237 	2777 
199 	1278 	2818 	3775 	1271 
200 	3816 	1312 	2269 	3809 
201 	9119 	3850 	6026 	2303 
202 	8184 	2344 	5091 	797 
203 	7245 	838 	4156 	3335 
204 	3376 	872 	1829 	3369 
205 	1870 	3410 	323 	1863 
206 	364 	1904 	2861 	357 
207 	2902 	398 	1355 	2895 
208 	8605 	2936 	5513 	1389 
209 	7666 	1430 	4577 	3927 
210 	6731 	3968 	11734 	2421 
211 	2462 	4002 	915 	2455 
212 	956 	2496 	3453 	949 
213 	3494 	990 	1947 	3487 
214 	9027 	3528 	5934 	1981 
215 	8091 	2022 	4999 	475 
216 	7153 	516 	4064 	3013 
217 	3054 	550 	1507 	3047 
218 	1548 	3088 	1 	1541 
219 	42 	1582 	2539 	35 
220 	9448 	76 	6356 	2573 
221 	8513 	2614 	5421 	1067 
222 	7574 	1108 	4485 	3605 
223 	3646 	1142 	2099 	3639 
224 	2140 	3680 	593 	2133 
225 	634 	2174 	3131 	627 
226 	3172 	668 	1625 	3165 
227 	8934 	3206 	5842 	1659 
228 	7996 	1700 	4907 	153 
229 	7061 	194 	12063 	2691 
230 	2732 	228 	1185 	2725 
231 	1226 	2766 	3723 	1219 
232 	3764 	1260 	2217 	3757 
233 	9356 	3798 	6264 	2251 
234 	8421 	2292 	5328 	745 
235 	7482 	786 	4393 	3283 
236 	3324 	820 	1777 	3317 
237 	1818 	3358 	271 	1811 
238 	312 	1852 	2809 	305 
239 	9777 	346 	6685 	2843 
240 	8842 	2884 	5750 	1337 
241 	7904 	1378 	4815 	3875 
242 	3916 	1412 	2369 	3909 
243 	2410 	3950 	863 	2403 
244 	904 	2444 	3401 	897 
245 	3442 	938 	1895 	3435 
246 	9264 	3476 	6171 	1929 
247 	8328 	1970 	5236 	423 
248 	7390 	464 	4301 	2961 
249 	3002 	498 	1455 	2995 
250 	1496 	3036 	3993 	1489 
251 	4034 	1530 	2487 	4027 
252 	9685 	24 	6593 	2521 
253 	8750 	2562 	5658 	1015 
254 	7811 	1056 	4722 	3553 
255 	3594 	1090 	2047 	3587 
256 	2088 	3628 	541 	2081 
257 	582 	2122 	3079 	575 
258 	3120 	616 	1573 	3113 
259 	9171 	3154 	6079 	1607 
260 	8236 	1648 	5144 	101 
261 	7298 	142 	4209 	2639 
262 	2680 	176 	1133 	2673 
263 	1174 	2714 	3671 	1167 
264 	3712 	1208 	2165 	3705 
265 	9593 	3746 	6501 	2199 
266 	8658 	2240 	5565 	693 
267 	7719 	734 	4630 	3231 
268 	3272 	768 	1725 	3265 
269 	1766 	3306 	219 	1759 
270 	260 	1800 	2757 	253 
271 	10014 	294 	6922 	2791 
272 	9079 	2832 	5987 	1285 
273 	8144 	1326 	5052 	3823 
274 	3864 	1360 	2317 	3857 
275 	2358 	3898 	811 	2351 
276 	852 	2392 	3349 	845 
277 	3390 	886 	1843 	3383 
278 	9501 	3424 	6408 	1877 
279 	8566 	1918 	5473 	371 
280 	7627 	412 	4538 	2909 
281 	2950 	446 	1403 	2943 
282 	1444 	2984 	3941 	1437 
283 	3982 	1478 	2435 	3975 
284 	9922 	4016 	6830 	2469 
285 	8987 	2510 	5895 	963 
286 	8048 	1004 	4959 	3501 
287 	3542 	1038 	1995 	3535 
288 	2036 	3576 	489 	2029 
289 	530 	2070 	3027 	523 
290 	10344 	564 	7252 	3061 
291 	9409 	3102 	6316 	1555 
292 	8473 	1596 	5381 	49 
293 	90 	1630 	2587 	83 
294 	2628 	124 	1081 	2621 
295 	1122 	2662 	3619 	1115 
296 	3660 	1156 	2113 	3653 
297 	9830 	3694 	6738 	2147 
298 	8895 	2188 	5803 	641 
299 	7956 	682 	4867 	3179 
300 	3220 	716 	1673 	3213 
301 	1714 	3254 	167 	1707 
302 	208 	1748 	2705 	201 
303 	10252 	242 	7159 	2739 
304 	9316 	2780 	6224 	1233 
305 	8381 	1274 	5289 	3771 
306 	3812 	1308 	2265 	3805 
307 	2306 	3846 	759 	2299 
308 	800 	2340 	3297 	793 
309 	3338 	834 	1791 	3331 
310 	9738 	3372 	6646 	1825 
311 	8803 	1866 	5710 	319 
312 	360 	1900 	2857 	353 
313 	2898 	394 	1351 	2891 
314 	1392 	2932 	3889 	1385 
315 	3930 	1426 	2383 	3923 
316 	10159 	3964 	7067 	2417 
317 	9224 	2458 	6132 	911 
318 	8289 	952 	5197 	3449 
319 	3490 	986 	1943 	3483 
320 	1984 	3524 	437 	1977 
321 	478 	2018 	2975 	471 
322 	10581 	512 	7489 	3009 
323 	9646 	3050 	6553 	1503 
324 	8710 	1544 	5618 	4041 
325 	38 	1578 	2535 	31 
326 	2576 	72 	1029 	2569 
327 	1070 	2610 	3567 	1063 
328 	3608 	1104 	2061 	3601 
329 	10067 	3642 	6975 	2095 
330 	9132 	2136 	6040 	589 
331 	8197 	630 	5104 	3127 
332 	3168 	664 	1621 	3161 
333 	1662 	3202 	115 	1655 
334 	156 	1696 	2653 	149 
335 	10489 	190 	7396 	2687 
336 	9553 	2728 	6461 	1181 
337 	8618 	1222 	5526 	3719 
338 	3760 	1256 	2213 	3753 
339 	2254 	3794 	707 	2247 
340 	748 	2288 	3245 	741 
341 	10910 	782 	7818 	3279 
342 	9975 	3320 	6883 	1773 
343 	9040 	1814 	5947 	267 
344 	308 	1848 	2805 	301 
345 	2846 	342 	1299 	2839 
346 	1340 	2880 	3837 	1333 
347 	3878 	1374 	2331 	3871 
348 	10397 	3912 	7304 	2365 
349 	9461 	2406 	6369 	859 
350 	8526 	900 	5434 	3397 
351 	3438 	934 	1891 	3431 
352 	1932 	3472 	385 	1925 
353 	426 	1966 	2923 	419 
354 	10818 	460 	7726 	2957 
355 	9883 	2998 	6790 	1451 
356 	8948 	1492 	5855 	3989 
357 	4030 	1526 	2483 	4023 
358 	2524 	20 	977 	2517 
359 	1018 	2558 	3515 	1011 
360 	11240 	1052 	8151 	3549 
361 	10304 	3590 	7212 	2043 
362 	9369 	2084 	6277 	537 
363 	578 	2118 	3075 	571 
364 	3116 	612 	1569 	3109 
365 	1610 	3150 	63 	1603 
366 	104 	1644 	2601 	97 
367 	10726 	138 	7634 	2635 
368 	9791 	2676 	6698 	1129 
369 	8855 	1170 	5763 	3667 
370 	3708 	1204 	2161 	3701 
371 	2202 	3742 	655 	2195 
372 	696 	2236 	3193 	689 
373 	11147 	730 	8055 	3227 
374 	10212 	3268 	7120 	1721 
375 	9277 	1762 	6185 	215 
376 	256 	1796 	2753 	249 
377 	2794 	290 	1247 	2787 
378 	1288 	2828 	3785 	1281 
379 	3826 	1322 	2279 	3819 
380 	10634 	3860 	7541 	2313 
381 	9698 	2354 	6606 	807 
382 	8763 	848 	5671 	3345 
383 	3386 	882 	1839 	3379 
384 	1880 	3420 	333 	1873 
385 	374 	1914 	2871 	367 
386 	11055 	408 	7963 	2905 
387 	10120 	2946 	7028 	1399 
388 	9185 	1440 	6092 	3937 
389 	3978 	1474 	2431 	3971 
390 	2472 	4012 	925 	2465 
391 	966 	2506 	3463 	959 
392 	11477 	1000 	8388 	3497 
393 	10541 	3538 	7449 	1991 
394 	9606 	2032 	6514 	485 
395 	526 	2066 	3023 	519 
396 	3064 	560 	1517 	3057 
397 	1558 	3098 	11 	1551 
398 	52 	1592 	2549 	45 
399 	10963 	86 	7871 	2583 
400 	10028 	2624 	6935 	1077 
401 	9092 	1118 	6000 	3615 
402 	3656 	1152 	2109 	3649 
403 	2150 	3690 	603 	2143 
404 	644 	2184 	3141 	637 
405 	11384 	678 	8295 	3175 
406 	10449 	3216 	7357 	1669 
407 	9514 	1710 	6422 	163 
408 	204 	1744 	2701 	197 
409 	2742 	238 	1195 	2735 
410 	1236 	2776 	3733 	1229 
411 	11806 	1270 	8717 	3767 
412 	10871 	3808 	7778 	2261 
413 	9935 	2302 	6843 	755 
414 	796 	2336 	3293 	789 
415 	3334 	830 	1787 	3327 
416 	1828 	3368 	281 	1821 
417 	322 	1862 	2819 	315 
418 	11292 	356 	8203 	2853 
419 	10357 	2894 	7265 	1347 
420 	9422 	1388 	6329 	3885 
421 	3926 	1422 	2379 	3919 
422 	2420 	3960 	873 	2413 
423 	914 	2454 	3411 	907 
424 	11714 	948 	8625 	3445 
425 	10779 	3486 	7686 	1939 
426 	9843 	1980 	6751 	433 
427 	474 	2014 	2971 	467 
428 	3012 	508 	1465 	3005 
429 	1506 	3046 	4003 	1499 
430 	4044 	1540 	9046 	4037 
431 	11200 	34 	8111 	2531 
432 	10265 	2572 	7173 	1025 
433 	1066 	2606 	3563 	1059 
434 	3604 	1100 	2057 	3597 
435 	2098 	3638 	551 	2091 
436 	592 	2132 	3089 	585 
437 	11622 	626 	8533 	3123 
438 	10686 	3164 	7594 	1617 
439 	9751 	1658 	6659 	111 
440 	152 	1692 	2649 	145 
441 	2690 	186 	1143 	2683 
442 	1184 	2724 	3681 	1177 
443 	12043 	1218 	8954 	3715 
444 	11108 	3756 	8016 	2209 
445 	10173 	2250 	7080 	703 
446 	744 	2284 	3241 	737 
447 	3282 	778 	1735 	3275 
448 	1776 	3316 	229 	1769 
449 	270 	1810 	2767 	263 
450 	11529 	304 	8440 	2801 
451 	10594 	2842 	7502 	1295 
452 	9659 	1336 	6567 	3833 
453 	3874 	1370 	2327 	3867 
454 	2368 	3908 	821 	2361 
455 	862 	2402 	3359 	855 
456 	11951 	896 	8862 	3393 
457 	11016 	3434 	7923 	1887 
458 	10080 	1928 	6988 	381 
459 	422 	1962 	2919 	415 
460 	2960 	456 	1413 	2953 
461 	1454 	2994 	3951 	1447 
462 	4281 	1488 	9283 	3985 
463 	11437 	4026 	8348 	2479 
464 	10502 	2520 	7410 	973 
465 	1014 	2554 	3511 	1007 
466 	3552 	1048 	2005 	3545 
467 	2046 	3586 	499 	2039 
468 	540 	2080 	3037 	533 
469 	11859 	574 	8770 	3071 
470 	10923 	3112 	7831 	1565 
471 	9988 	1606 	6896 	59 
472 	100 	1640 	2597 	93 
473 	2638 	134 	1091 	2631 
474 	1132 	2672 	3629 	1125 
475 	4189 	1166 	9191 	3663 
476 	11345 	3704 	8256 	2157 
477 	10410 	2198 	7317 	651 
478 	692 	2232 	3189 	685 
479 	3230 	726 	1683 	3223 
480 	1724 	3264 	177 	1717 
481 	4610 	1758 	9613 	211 
482 	11766 	252 	8677 	2749 
483 	10831 	2790 	7739 	1243 
484 	1284 	2824 	3781 	1277 
485 	3822 	1318 	2275 	3815 
486 	2316 	3856 	769 	2309 
487 	810 	2350 	3307 	803 
488 	4097 	844 	9099 	3341 
489 	11253 	3382 	8164 	1835 
490 	10317 	1876 	7225 	329 
491 	370 	1910 	2867 	363 
492 	2908 	404 	1361 	2901 
493 	1402 	2942 	3899 	1395 
494 	4518 	1436 	9521 	3933 
495 	11674 	3974 	8585 	2427 
496 	10739 	2468 	7647 	921 
497 	962 	2502 	3459 	955 
498 	3500 	996 	1953 	3493 
499 	1994 	3534 	447 	1987 
500 	488 	2028 	2985 	481 
501 	12096 	522 	9007 	3019 
502 	11161 	3060 	8068 	1513 
503 	10225 	1554 	7133 	7 
504 	48 	1588 	2545 	41 
505 	2586 	82 	1039 	2579 
506 	1080 	2620 	3577 	1073 
507 	4426 	1114 	9428 	3611 
508 	11582 	3652 	8493 	2105 
509 	10647 	2146 	7555 	599 
510 	640 	2180 	3137 	633 
511 	3178 	674 	1631 	3171 
512 	1672 	3212 	125 	1665 
513 	4848 	1706 	9850 	159 
514 	12004 	200 	8915 	2697 
515 	11068 	2738 	7976 	1191 
516 	1232 	2772 	3729 	1225 
517 	3770 	1266 	2223 	3763 
518 	2264 	3804 	717 	2257 
519 	758 	2298 	3255 	751 
520 	4334 	792 	9336 	3289 
521 	11490 	3330 	8401 	1783 
522 	10555 	1824 	7462 	277 
523 	318 	1858 	2815 	311 
524 	2856 	352 	1309 	2849 
525 	1350 	2890 	3847 	1343 
526 	4755 	1384 	9758 	3881 
527 	11911 	3922 	8822 	2375 
528 	10976 	2416 	7884 	869 
529 	910 	2450 	3407 	903 
530 	3448 	944 	1901 	3441 
531 	1942 	3482 	395 	1935 
532 	5177 	1976 	10179 	429 
533 	4242 	470 	9244 	2967 
534 	11398 	3008 	8309 	1461 
535 	1502 	3042 	3999 	1495 
536 	4040 	1536 	2493 	4033 
537 	2534 	30 	987 	2527 
538 	1028 	2568 	3525 	1021 
539 	4663 	1062 	9665 	3559 
540 	11819 	3600 	8730 	2053 
541 	10884 	2094 	7792 	547 
542 	588 	2128 	3085 	581 
543 	3126 	622 	1579 	3119 
544 	1620 	3160 	73 	1613 
545 	5085 	1654 	10087 	107 
546 	4149 	148 	9152 	2645 
547 	11305 	2686 	8216 	1139 
548 	1180 	2720 	3677 	1173 
549 	3718 	1214 	2171 	3711 
550 	2212 	3752 	665 	2205 
551 	5506 	2246 	10508 	699 
552 	4571 	740 	9573 	3237 
553 	11727 	3278 	8638 	1731 
554 	1772 	3312 	225 	1765 
555 	266 	1806 	2763 	259 
556 	2804 	300 	1257 	2797 
557 	1298 	2838 	3795 	1291 
558 	4992 	1332 	9995 	3829 
559 	4057 	3870 	9059 	2323 
560 	11213 	2364 	8124 	817 
561 	858 	2398 	3355 	851 
562 	3396 	892 	1849 	3389 
563 	1890 	3430 	343 	1883 
564 	5414 	1924 	10416 	377 
565 	4479 	418 	9481 	2915 
566 	11635 	2956 	8546 	1409 
567 	1450 	2990 	3947 	1443 
568 	3988 	1484 	2441 	3981 
569 	2482 	4022 	935 	2475 
570 	976 	2516 	3473 	969 
571 	4900 	1010 	9903 	3507 
572 	12056 	3548 	8967 	2001 
573 	11121 	2042 	8029 	495 
574 	536 	2076 	3033 	529 
575 	3074 	570 	1527 	3067 
576 	1568 	3108 	21 	1561 
577 	5322 	1602 	10324 	55 
578 	4386 	96 	9389 	2593 
579 	11543 	2634 	8454 	1087 
580 	1128 	2668 	3625 	1121 
581 	3666 	1162 	2119 	3659 
582 	2160 	3700 	613 	2153 
583 	5743 	2194 	10746 	647 
584 	4808 	688 	9810 	3185 
585 	11964 	3226 	8875 	1679 
586 	1720 	3260 	173 	1713 
587 	214 	1754 	2711 	207 
588 	2752 	248 	1205 	2745 
589 	1246 	2786 	3743 	1239 
590 	5230 	1280 	10232 	3777 
591 	4294 	3818 	9297 	2271 
592 	11450 	2312 	8361 	765 
593 	806 	2346 	3303 	799 
594 	3344 	840 	1797 	3337 
595 	1838 	3378 	291 	1831 
596 	5651 	1872 	10653 	325 
597 	4716 	366 	9718 	2863 
598 	11872 	2904 	8783 	1357 
599 	1398 	2938 	3895 	1391 
600 	3936 	1432 	2389 	3929 
601 	2430 	3970 	883 	2423 
602 	6073 	2464 	11075 	917 
603 	5137 	958 	10140 	3455 
604 	4202 	3496 	9204 	1949 
605 	1990 	3530 	443 	1983 
606 	484 	2024 	2981 	477 
607 	3022 	518 	1475 	3015 
608 	1516 	3056 	4013 	1509 
609 	5559 	1550 	10561 	3 
610 	4624 	44 	9626 	2541 
611 	11780 	2582 	8691 	1035 
612 	1076 	2616 	3573 	1069 
613 	3614 	1110 	2067 	3607 
614 	2108 	3648 	561 	2101 
615 	5980 	2142 	10983 	595 
616 	5045 	636 	10047 	3133 
617 	4110 	3174 	9112 	1627 
618 	1668 	3208 	121 	1661 
619 	162 	1702 	2659 	155 
620 	2700 	196 	1153 	2693 
621 	1194 	2734 	3691 	1187 
622 	5467 	1228 	10469 	3725 
623 	4531 	3766 	9534 	2219 
624 	2260 	3800 	713 	2253 
625 	754 	2294 	3251 	747 
626 	3292 	788 	1745 	3285 
627 	1786 	3326 	239 	1779 
628 	5888 	1820 	10890 	273 
629 	4953 	314 	9955 	2811 
630 	12109 	2852 	9020 	1305 
631 	1346 	2886 	3843 	1339 
632 	3884 	1380 	2337 	3877 
633 	2378 	3918 	831 	2371 
634 	6310 	2412 	11312 	865 
635 	5374 	906 	10377 	3403 
636 	4439 	3444 	9441 	1897 
637 	1938 	3478 	391 	1931 
638 	432 	1972 	2929 	425 
639 	2970 	466 	1423 	2963 
640 	1464 	3004 	3961 	1457 
641 	5796 	1498 	10798 	3995 
642 	4861 	4036 	9863 	2489 
643 	12017 	2530 	8928 	983 
644 	1024 	2564 	3521 	1017 
645 	3562 	1058 	2015 	3555 
646 	2056 	3596 	509 	2049 
647 	6217 	2090 	11220 	543 
648 	5282 	584 	10285 	3081 
649 	4347 	3122 	9349 	1575 
650 	1616 	3156 	69 	1609 
651 	110 	1650 	2607 	103 
652 	2648 	144 	1101 	2641 
653 	6639 	2682 	11641 	1135 
654 	5704 	1176 	10706 	3673 
655 	4768 	3714 	9771 	2167 
656 	2208 	3748 	661 	2201 
657 	702 	2242 	3199 	695 
658 	3240 	736 	1693 	3233 
659 	1734 	3274 	187 	1727 
660 	6125 	1768 	11128 	221 
661 	5190 	262 	10192 	2759 
662 	4255 	2800 	9257 	1253 
663 	1294 	2834 	3791 	1287 
664 	3832 	1328 	2285 	3825 
665 	2326 	3866 	779 	2319 
666 	6547 	2360 	11549 	813 
667 	5612 	854 	10614 	3351 
668 	4676 	3392 	9679 	1845 
669 	1886 	3426 	339 	1879 
670 	380 	1920 	2877 	373 
671 	2918 	414 	1371 	2911 
672 	6968 	2952 	11971 	1405 
673 	6033 	1446 	11035 	3943 
674 	5098 	3984 	10100 	2437 
675 	2478 	4018 	931 	2471 
676 	972 	2512 	3469 	965 
677 	3510 	1006 	1963 	3503 
678 	2004 	3544 	457 	1997 
679 	6455 	2038 	11457 	491 
680 	5519 	532 	10522 	3029 
681 	4584 	3070 	9586 	1523 
682 	1564 	3104 	17 	1557 
683 	58 	1598 	2555 	51 
684 	2596 	92 	1049 	2589 
685 	6876 	2630 	11878 	1083 
686 	5941 	1124 	10943 	3621 
687 	5006 	3662 	10008 	2115 
688 	2156 	3696 	609 	2149 
689 	650 	2190 	3147 	643 
690 	3188 	684 	1641 	3181 
691 	1682 	3222 	135 	1675 
692 	6362 	1716 	11365 	169 
693 	5427 	210 	10429 	2707 
694 	4492 	2748 	9494 	1201 
695 	1242 	2782 	3739 	1235 
696 	3780 	1276 	2233 	3773 
697 	2274 	3814 	727 	2267 
698 	6784 	2308 	11786 	761 
699 	5849 	802 	10851 	3299 
700 	4913 	3340 	9916 	1793 
701 	1834 	3374 	287 	1827 
702 	328 	1868 	2825 	321 
703 	2866 	362 	1319 	2859 
704 	7205 	2900 	4116 	1353 
705 	6270 	1394 	11272 	3891 
706 	5335 	3932 	10337 	2385 
707 	2426 	3966 	879 	2419 
708 	920 	2460 	3417 	913 
709 	3458 	954 	1911 	3451 
710 	1952 	3492 	405 	1945 
711 	6692 	1986 	11694 	439 
712 	5756 	480 	10759 	2977 
713 	4821 	3018 	9823 	1471 
714 	1512 	3052 	4009 	1505 
715 	6 	1546 	2503 	4043 
716 	2544 	40 	997 	2537 
717 	7113 	2578 	12116 	1031 
718 	6178 	1072 	11180 	3569 
719 	5243 	3610 	10245 	2063 
720 	2104 	3644 	557 	2097 
721 	598 	2138 	3095 	591 
722 	3136 	632 	1589 	3129 
723 	7535 	3170 	4446 	1623 
724 	6599 	1664 	11602 	117 
725 	5664 	158 	10667 	2655 
726 	2696 	192 	1149 	2689 
727 	1190 	2730 	3687 	1183 
728 	3728 	1224 	2181 	3721 
729 	2222 	3762 	675 	2215 
730 	7021 	2256 	12023 	709 
731 	6086 	750 	11088 	3247 
732 	5151 	3288 	10153 	1741 
733 	1782 	3322 	235 	1775 
734 	276 	1816 	2773 	269 
735 	2814 	310 	1267 	2807 
736 	7443 	2848 	4354 	1301 
737 	6507 	1342 	11510 	3839 
738 	5572 	3880 	10574 	2333 
739 	2374 	3914 	827 	2367 
740 	868 	2408 	3365 	861 
741 	3406 	902 	1859 	3399 
742 	7864 	3440 	4775 	1893 
743 	6929 	1934 	11931 	387 
744 	5994 	428 	10996 	2925 
745 	2966 	462 	1419 	2959 
746 	1460 	3000 	3957 	1453 
747 	3998 	1494 	2451 	3991 
748 	2492 	4032 	945 	2485 
749 	7350 	2526 	4261 	979 
750 	6415 	1020 	11417 	3517 
751 	5480 	3558 	10482 	2011 
752 	2052 	3592 	505 	2045 
753 	546 	2086 	3043 	539 
754 	3084 	580 	1537 	3077 
755 	7772 	3118 	4683 	1571 
756 	6837 	1612 	11839 	65 
757 	5901 	106 	10904 	2603 
758 	2644 	140 	1097 	2637 
759 	1138 	2678 	3635 	1131 
760 	3676 	1172 	2129 	3669 
761 	2170 	3710 	623 	2163 
762 	7258 	2204 	4169 	657 
763 	6323 	698 	11325 	3195 
764 	5388 	3236 	10390 	1689 
765 	1730 	3270 	183 	1723 
766 	224 	1764 	2721 	217 
767 	2762 	258 	1215 	2755 
768 	7680 	2796 	4591 	1249 
769 	6744 	1290 	11747 	3787 
770 	5809 	3828 	10811 	2281 
771 	2322 	3862 	775 	2315 
772 	816 	2356 	3313 	809 
773 	3354 	850 	1807 	3347 
774 	8104 	3388 	5012 	1841 
775 	7166 	1882 	4077 	335 
776 	6231 	376 	11233 	2873 
777 	2914 	410 	1367 	2907 
778 	1408 	2948 	3905 	1401 
779 	3946 	1442 	2399 	3939 
780 	2440 	3980 	893 	2433 
781 	7587 	2474 	4498 	927 
782 	6652 	968 	11654 	3465 
783 	5717 	3506 	10719 	1959 
784 	2000 	3540 	453 	1993 
785 	494 	2034 	2991 	487 
786 	3032 	528 	1485 	3025 
787 	8009 	3066 	4920 	1519 
788 	7074 	1560 	12076 	13 
789 	6138 	54 	11141 	2551 
790 	2592 	88 	1045 	2585 
791 	1086 	2626 	3583 	1079 
792 	3624 	1120 	2077 	3617 
793 	8434 	3658 	5342 	2111 
794 	7495 	2152 	4406 	605 
795 	6560 	646 	11562 	3143 
796 	3184 	680 	1637 	3177 
797 	1678 	3218 	131 	1671 
798 	172 	1712 	2669 	165 
799 	2710 	206 	1163 	2703 
800 	7917 	2744 	4828 	1197 
801 	6981 	1238 	11984 	3735 
802 	6046 	3776 	11049 	2229 
803 	2270 	3810 	723 	2263 
804 	764 	2304 	3261 	757 
805 	3302 	798 	1755 	3295 
806 	8342 	3336 	5249 	1789 
807 	7403 	1830 	4314 	283 
808 	6468 	324 	11470 	2821 
809 	2862 	358 	1315 	2855 
810 	1356 	2896 	3853 	1349 
811 	3894 	1390 	2347 	3887 
812 	2388 	3928 	841 	2381 
813 	7825 	2422 	4736 	875 
814 	6889 	916 	11892 	3413 
815 	3454 	950 	1907 	3447 
816 	1948 	3488 	401 	1941 
817 	442 	1982 	2939 	435 
818 	2980 	476 	1433 	2973 
819 	8249 	3014 	5157 	1467 
820 	7311 	1508 	4222 	4005 
821 	6376 	2 	11378 	2499 
822 	2540 	36 	993 	2533 
823 	1034 	2574 	3531 	1027 
824 	3572 	1068 	2025 	3565 
825 	8671 	3606 	5579 	2059 
826 	7732 	2100 	4643 	553 
827 	6797 	594 	11799 	3091 
828 	3132 	628 	1585 	3125 
829 	1626 	3166 	79 	1619 
830 	120 	1660 	2617 	113 
831 	2658 	154 	1111 	2651 
832 	8157 	2692 	5065 	1145 
833 	7219 	1186 	4130 	3683 
834 	6283 	3724 	11286 	2177 
835 	2218 	3758 	671 	2211 
836 	712 	2252 	3209 	705 
837 	3250 	746 	1703 	3243 
838 	8579 	3284 	5486 	1737 
839 	7640 	1778 	4551 	231 
840 	6705 	272 	11707 	2769 
841 	2810 	306 	1263 	2803 
842 	1304 	2844 	3801 	1297 
843 	3842 	1338 	2295 	3835 
844 	9000 	3876 	5908 	2329 
845 	8062 	2370 	4973 	823 
846 	7126 	864 	12129 	3361 
847 	3402 	898 	1855 	3395 
848 	1896 	3436 	349 	1889 
849 	390 	1930 	2887 	383 
850 	2928 	424 	1381 	2921 
851 	8486 	2962 	5394 	1415 
852 	7548 	1456 	4459 	3953 
853 	6613 	3994 	11615 	2447 
854 	2488 	4028 	941 	2481 
855 	982 	2522 	3479 	975 
856 	3520 	1016 	1973 	3513 
857 	8908 	3554 	5816 	2007 
858 	7969 	2048 	4880 	501 
859 	7034 	542 	12036 	3039 
860 	3080 	576 	1533 	3073 
861 	1574 	3114 	27 	1567 
862 	68 	1608 	2565 	61 
863 	9330 	102 	6237 	2599 
864 	8394 	2640 	5302 	1093 
865 	7456 	1134 	4367 	3631 
866 	3672 	1168 	2125 	3665 
867 	2166 	3706 	619 	2159 
868 	660 	2200 	3157 	653 
869 	3198 	694 	1651 	3191 
870 	8816 	3232 	5724 	1685 
871 	7877 	1726 	4788 	179 
872 	6942 	220 	11944 	2717 
873 	2758 	254 	1211 	2751 
874 	1252 	2792 	3749 	1245 
875 	3790 	1286 	2243 	3783 
876 	9237 	3824 	6145 	2277 
877 	8302 	2318 	5210 	771 
878 	7364 	812 	4275 	3309 
879 	3350 	846 	1803 	3343 
880 	1844 	3384 	297 	1837 
881 	338 	1878 	2835 	331 
882 	2876 	372 	1329 	2869 
883 	8724 	2910 	5631 	1363 
884 	7785 	1404 	4696 	3901 
885 	6850 	3942 	11852 	2395 
886 	2436 	3976 	889 	2429 
887 	930 	2470 	3427 	923 
888 	3468 	964 	1921 	3461 
889 	9145 	3502 	6053 	1955 
890 	8210 	1996 	5118 	449 
891 	7271 	490 	4182 	2987 
892 	3028 	524 	1481 	3021 
893 	1522 	3062 	4019 	1515 
894 	16 	1556 	2513 	9 
895 	9567 	50 	6474 	2547 
896 	8631 	2588 	5539 	1041 
897 	7693 	1082 	4604 	3579 
898 	3620 	1116 	2073 	3613 
899 	2114 	3654 	567 	2107 
900 	608 	2148 	3105 	601 
901 	3146 	642 	1599 	3139 
902 	9053 	3180 	5961 	1633 
903 	8118 	1674 	5025 	127 
904 	7179 	168 	4090 	2665 
905 	2706 	202 	1159 	2699 
906 	1200 	2740 	3697 	1193 
907 	3738 	1234 	2191 	3731 
908 	9474 	3772 	6382 	2225 
909 	8539 	2266 	5447 	719 
910 	7601 	760 	4512 	3257 
911 	3298 	794 	1751 	3291 
912 	1792 	3332 	245 	1785 
913 	286 	1826 	2783 	279 
914 	9896 	320 	6804 	2817 
915 	8961 	2858 	5868 	1311 
916 	8022 	1352 	4933 	3849 
917 	3890 	1386 	2343 	3883 
918 	2384 	3924 	837 	2377 
919 	878 	2418 	3375 	871 
920 	3416 	912 	1869 	3409 
921 	9382 	3450 	6290 	1903 
922 	8447 	1944 	5355 	397 
923 	7508 	438 	4419 	2935 
924 	2976 	472 	1429 	2969 
925 	1470 	3010 	3967 	1463 
926 	4008 	1504 	2461 	4001 
927 	9804 	4042 	6711 	2495 
928 	8868 	2536 	5776 	989 
929 	7930 	1030 	4841 	3527 
930 	3568 	1064 	2021 	3561 
931 	2062 	3602 	515 	2055 
932 	556 	2096 	3053 	549 
933 	3094 	590 	1547 	3087 
934 	9290 	3128 	6198 	1581 
935 	8355 	1622 	5262 	75 
936 	116 	1656 	2613 	109 
937 	2654 	150 	1107 	2647 
938 	1148 	2688 	3645 	1141 
939 	3686 	1182 	2139 	3679 
940 	9712 	3720 	6619 	2173 
941 	8776 	2214 	5684 	667 
942 	7838 	708 	4749 	3205 
943 	3246 	742 	1699 	3239 
944 	1740 	3280 	193 	1733 
945 	234 	1774 	2731 	227 
946 	10133 	268 	7041 	2765 
947 	9198 	2806 	6106 	1259 
948 	8263 	1300 	5170 	3797 
949 	3838 	1334 	2291 	3831 
950 	2332 	3872 	785 	2325 
951 	826 	2366 	3323 	819 
952 	3364 	860 	1817 	3357 
953 	9619 	3398 	6527 	1851 
954 	8684 	1892 	5592 	345 
955 	7746 	386 	4657 	2883 
956 	2924 	420 	1377 	2917 
957 	1418 	2958 	3915 	1411 
958 	3956 	1452 	2409 	3949 
959 	10041 	3990 	6949 	2443 
960 	9106 	2484 	6013 	937 
961 	8170 	978 	5078 	3475 
962 	3516 	1012 	1969 	3509 
963 	2010 	3550 	463 	2003 
964 	504 	2044 	3001 	497 
965 	10462 	538 	7370 	3035 
966 	9527 	3076 	6435 	1529 
967 	8592 	1570 	5500 	23 
968 	64 	1604 	2561 	57 
969 	2602 	98 	1055 	2595 
970 	1096 	2636 	3593 	1089 
971 	3634 	1130 	2087 	3627 
972 	9949 	3668 	6856 	2121 
973 	9013 	2162 	5921 	615 
974 	8075 	656 	4986 	3153 
975 	3194 	690 	1647 	3187 
976 	1688 	3228 	141 	1681 
977 	182 	1722 	2679 	175 
978 	10370 	216 	7278 	2713 
979 	9435 	2754 	6343 	1207 
980 	8500 	1248 	5407 	3745 
981 	3786 	1282 	2239 	3779 
982 	2280 	3820 	733 	2273 
983 	774 	2314 	3271 	767 
984 	10792 	808 	7699 	3305 
985 	9856 	3346 	6764 	1799 
986 	8921 	1840 	5829 	293 
987 	334 	1874 	2831 	327 
988 	2872 	368 	1325 	2865 
989 	1366 	2906 	3863 	1359 
990 	3904 	1400 	2357 	3897 
991 	10278 	3938 	7186 	2391 
992 	9343 	2432 	6250 	885 
993 	8407 	926 	5315 	3423 
994 	3464 	960 	1917 	3457 
995 	1958 	3498 	411 	1951 
996 	452 	1992 	2949 	445 
997 	10699 	486 	7607 	2983 
998 	9764 	3024 	6672 	1477 
999 	8829 	1518 	5737 	4015 
1000 	12 	1552 	2509 	5 
1001 	2550 	46 	1003 	2543 
1002 	1044 	2584 	3541 	1037 
1003 	3582 	1078 	2035 	3575 
1004 	10186 	3616 	7093 	2069 
1005 	9250 	2110 	6158 	563 
1006 	8315 	604 	5223 	3101 
1007 	3142 	638 	1595 	3135 
1008 	1636 	3176 	89 	1629 
1009 	130 	1670 	2627 	123 
1010 	10607 	164 	7515 	2661 
1011 	9672 	2702 	6580 	1155 
1012 	8737 	1196 	5644 	3693 
1013 	3734 	1230 	2187 	3727 
1014 	2228 	3768 	681 	2221 
1015 	722 	2262 	3219 	715 
1016 	11029 	756 	7937 	3253 
1017 	10094 	3294 	7001 	1747 
1018 	9158 	1788 	6066 	241 
1019 	282 	1822 	2779 	275 
1020 	2820 	316 	1273 	2813 
1021 	1314 	2854 	3811 	1307 
1022 	3852 	1348 	2305 	3845 
1023 	10515 	3886 	7423 	2339 
1024 	9580 	2380 	6488 	833 
1025 	8645 	874 	5552 	3371 
1026 	3412 	908 	1865 	3405 
1027 	1906 	3446 	359 	1899 
1028 	400 	1940 	2897 	393 
1029 	10937 	434 	7844 	2931 
1030 	10001 	2972 	6909 	1425 
1031 	9066 	1466 	5974 	3963 
1032 	4004 	1500 	2457 	3997 
1033 	2498 	4038 	951 	2491 
1034 	992 	2532 	3489 	985 
1035 	11358 	1026 	8269 	3523 
1036 	10423 	3564 	7331 	2017 
1037 	9488 	2058 	6395 	511 
1038 	552 	2092 	3049 	545 
1039 	3090 	586 	1543 	3083 
1040 	1584 	3124 	37 	1577 
1041 	78 	1618 	2575 	71 
1042 	10844 	112 	7752 	2609 
1043 	9909 	2650 	6817 	1103 
1044 	8974 	1144 	5882 	3641 
1045 	3682 	1178 	2135 	3675 
1046 	2176 	3716 	629 	2169 
1047 	670 	2210 	3167 	663 
1048 	11266 	704 	8177 	3201 
1049 	10331 	3242 	7238 	1695 
1050 	9395 	1736 	6303 	189 
1051 	230 	1770 	2727 	223 
1052 	2768 	264 	1221 	2761 
1053 	1262 	2802 	3759 	1255 
1054 	11687 	1296 	8598 	3793 
1055 	10752 	3834 	7660 	2287 
1056 	9817 	2328 	6725 	781 
1057 	822 	2362 	3319 	815 
1058 	3360 	856 	1813 	3353 
1059 	1854 	3394 	307 	1847 
1060 	348 	1888 	2845 	341 
1061 	11174 	382 	8081 	2879 
1062 	10238 	2920 	7146 	1373 
1063 	9303 	1414 	6211 	3911 
1064 	3952 	1448 	2405 	3945 
1065 	2446 	3986 	899 	2439 
1066 	940 	2480 	3437 	933 
1067 	11595 	974 	8506 	3471 
1068 	10660 	3512 	7568 	1965 
1069 	9725 	2006 	6632 	459 
1070 	500 	2040 	2997 	493 
1071 	3038 	534 	1491 	3031 
1072 	1532 	3072 	4029 	1525 
1073 	26 	1566 	2523 	19 
1074 	11081 	60 	7989 	2557 
1075 	10146 	2598 	7054 	1051 
1076 	9211 	1092 	6119 	3589 
1077 	3630 	1126 	2083 	3623 
1078 	2124 	3664 	577 	2117 
1079 	618 	2158 	3115 	611 
1080 	11503 	652 	8414 	3149 
1081 	10568 	3190 	7475 	1643 
1082 	9632 	1684 	6540 	137 
1083 	178 	1718 	2675 	171 
1084 	2716 	212 	1169 	2709 
1085 	1210 	2750 	3707 	1203 
1086 	11925 	1244 	8836 	3741 
1087 	10989 	3782 	7897 	2235 
1088 	10054 	2276 	6962 	729 
1089 	770 	2310 	3267 	763 
1090 	3308 	804 	1761 	3301 
1091 	1802 	3342 	255 	1795 
1092 	296 	1836 	2793 	289 
1093 	11411 	330 	8322 	2827 
1094 	10476 	2868 	7383 	1321 
1095 	9540 	1362 	6448 	3859 
1096 	3900 	1396 	2353 	3893 
1097 	2394 	3934 	847 	2387 
1098 	888 	2428 	3385 	881 
1099 	11832 	922 	8743 	3419 
1100 	10897 	3460 	7805 	1913 
1101 	9962 	1954 	6870 	407 
1102 	448 	1988 	2945 	441 
1103 	2986 	482 	1439 	2979 
1104 	1480 	3020 	3977 	1473 
1105 	4163 	1514 	9165 	4011 
1106 	11319 	8 	8230 	2505 
1107 	10383 	2546 	7291 	999 
1108 	1040 	2580 	3537 	1033 
1109 	3578 	1074 	2031 	3571 
1110 	2072 	3612 	525 	2065 
1111 	566 	2106 	3063 	559 
1112 	11740 	600 	8651 	3097 
1113 	10805 	3138 	7713 	1591 
1114 	9870 	1632 	6777 	85 
1115 	126 	1666 	2623 	119 
1116 	2664 	160 	1117 	2657 
1117 	1158 	2698 	3655 	1151 
1118 	4070 	1192 	9073 	3689 
1119 	11226 	3730 	8137 	2183 
1120 	10291 	2224 	7199 	677 
1121 	718 	2258 	3215 	711 
1122 	3256 	752 	1709 	3249 
1123 	1750 	3290 	203 	1743 
1124 	244 	1784 	2741 	237 
1125 	11648 	278 	8559 	2775 
1126 	10713 	2816 	7620 	1269 
1127 	1310 	2850 	3807 	1303 
1128 	3848 	1344 	2301 	3841 
1129 	2342 	3882 	795 	2335 
1130 	836 	2376 	3333 	829 
1131 	12069 	870 	8980 	3367 
1132 	11134 	3408 	8042 	1861 
1133 	10199 	1902 	7107 	355 
1134 	396 	1936 	2893 	389 
1135 	2934 	430 	1387 	2927 
1136 	1428 	2968 	3925 	1421 
1137 	4400 	1462 	9402 	3959 
1138 	11556 	4000 	8467 	2453 
1139 	10620 	2494 	7528 	947 
1140 	988 	2528 	3485 	981 
1141 	3526 	1022 	1979 	3519 
1142 	2020 	3560 	473 	2013 
1143 	514 	2054 	3011 	507 
1144 	11977 	548 	8888 	3045 
1145 	11042 	3086 	7950 	1539 
1146 	10107 	1580 	7014 	33 
1147 	74 	1614 	2571 	67 
1148 	2612 	108 	1065 	2605 
1149 	1106 	2646 	3603 	1099 
1150 	4307 	1140 	9310 	3637 
1151 	11463 	3678 	8375 	2131 
1152 	10528 	2172 	7436 	625 
1153 	666 	2206 	3163 	659 
1154 	3204 	700 	1657 	3197 
1155 	1698 	3238 	151 	1691 
1156 	4729 	1732 	9731 	185 
1157 	11885 	226 	8796 	2723 
1158 	10950 	2764 	7857 	1217 
1159 	1258 	2798 	3755 	1251 
1160 	3796 	1292 	2249 	3789 
1161 	2290 	3830 	743 	2283 
1162 	784 	2324 	3281 	777 
1163 	4215 	818 	9218 	3315 
1164 	11371 	3356 	8282 	1809 
1165 	10436 	1850 	7344 	303 
1166 	344 	1884 	2841 	337 
1167 	2882 	378 	1335 	2875 
1168 	1376 	2916 	3873 	1369 
1169 	4637 	1410 	9639 	3907 
1170 	11793 	3948 	8704 	2401 
1171 	10858 	2442 	7765 	895 
1172 	936 	2476 	3433 	929 
1173 	3474 	970 	1927 	3467 
1174 	1968 	3508 	421 	1961 
1175 	5058 	2002 	10061 	455 
1176 	4123 	496 	9125 	2993 
1177 	11279 	3034 	8190 	1487 
1178 	1528 	3068 	4025 	1521 
1179 	22 	1562 	2519 	15 
1180 	2560 	56 	1013 	2553 
1181 	1054 	2594 	3551 	1047 
1182 	4545 	1088 	9547 	3585 
1183 	11701 	3626 	8612 	2079 
1184 	10765 	2120 	7673 	573 
1185 	614 	2154 	3111 	607 
1186 	3152 	648 	1605 	3145 
1187 	1646 	3186 	99 	1639 
1188 	4966 	1680 	9968 	133 
1189 	12122 	174 	9033 	2671 
1190 	11187 	2712 	8098 	1165 
1191 	1206 	2746 	3703 	1199 
1192 	3744 	1240 	2197 	3737 
1193 	2238 	3778 	691 	2231 
1194 	732 	2272 	3229 	725 
1195 	4452 	766 	9455 	3263 
1196 	11608 	3304 	8519 	1757 
1197 	10673 	1798 	7581 	251 
1198 	292 	1832 	2789 	285 
1199 	2830 	326 	1283 	2823 
1200 	1324 	2864 	3821 	1317 
1201 	4874 	1358 	9876 	3855 
1202 	12030 	3896 	8941 	2349 
1203 	11095 	2390 	8002 	843 
1204 	884 	2424 	3381 	877 
1205 	3422 	918 	1875 	3415 
1206 	1916 	3456 	369 	1909 
1207 	5295 	1950 	10298 	403 
1208 	4360 	444 	9362 	2941 
1209 	11516 	2982 	8427 	1435 
1210 	1476 	3016 	3973 	1469 
1211 	4014 	1510 	2467 	4007 
1212 	2508 	4 	961 	2501 
1213 	1002 	2542 	3499 	995 
1214 	4782 	1036 	9784 	3533 
1215 	11938 	3574 	8849 	2027 
1216 	11002 	2068 	7910 	521 
1217 	562 	2102 	3059 	555 
1218 	3100 	596 	1553 	3093 
1219 	1594 	3134 	47 	1587 
1220 	5203 	1628 	10206 	81 
1221 	4268 	122 	9270 	2619 
1222 	11424 	2660 	8335 	1113 
1223 	1154 	2694 	3651 	1147 
1224 	3692 	1188 	2145 	3685 
1225 	2186 	3726 	639 	2179 
1226 	5625 	2220 	10627 	673 
1227 	4689 	714 	9692 	3211 
1228 	11845 	3252 	8757 	1705 
1229 	1746 	3286 	199 	1739 
1230 	240 	1780 	2737 	233 
1231 	2778 	274 	1231 	2771 
1232 	1272 	2812 	3769 	1265 
1233 	5111 	1306 	10113 	3803 
1234 	4176 	3844 	9178 	2297 
1235 	11332 	2338 	8243 	791 
1236 	832 	2372 	3329 	825 
1237 	3370 	866 	1823 	3363 
1238 	1864 	3404 	317 	1857 
1239 	5533 	1898 	10535 	351 
1240 	4597 	392 	9600 	2889 
1241 	11753 	2930 	8664 	1383 
1242 	1424 	2964 	3921 	1417 
1243 	3962 	1458 	2415 	3955 
1244 	2456 	3996 	909 	2449 
1245 	5954 	2490 	10956 	943 
1246 	5019 	984 	10021 	3481 
1247 	4084 	3522 	9086 	1975 
1248 	2016 	3556 	469 	2009 
1249 	510 	2050 	3007 	503 
1250 	3048 	544 	1501 	3041 
1251 	1542 	3082 	4039 	1535 
1252 	5440 	1576 	10443 	29 
1253 	4505 	70 	9507 	2567 
1254 	11661 	2608 	8572 	1061 
1255 	1102 	2642 	3599 	1095 
1256 	3640 	1136 	2093 	3633 
1257 	2134 	3674 	587 	2127 
1258 	5862 	2168 	10864 	621 
1259 	4927 	662 	9929 	3159 
1260 	12083 	3200 	8994 	1653 
1261 	1694 	3234 	147 	1687 
1262 	188 	1728 	2685 	181 
1263 	2726 	222 	1179 	2719 
1264 	1220 	2760 	3717 	1213 
1265 	5348 	1254 	10350 	3751 
1266 	4413 	3792 	9415 	2245 
1267 	11569 	2286 	8480 	739 
1268 	780 	2320 	3277 	773 
1269 	3318 	814 	1771 	3311 
1270 	1812 	3352 	265 	1805 
1271 	5770 	1846 	10772 	299 
1272 	4834 	340 	9837 	2837 
1273 	11990 	2878 	8901 	1331 
1274 	1372 	2912 	3869 	1365 
1275 	3910 	1406 	2363 	3903 
1276 	2404 	3944 	857 	2397 
1277 	6191 	2438 	11193 	891 
1278 	5256 	932 	10258 	3429 
1279 	4321 	3470 	9323 	1923 
1280 	1964 	3504 	417 	1957 
1281 	458 	1998 	2955 	451 
1282 	2996 	492 	1449 	2989 
1283 	1490 	3030 	3987 	1483 
1284 	5677 	1524 	10680 	4021 
1285 	4742 	18 	9744 	2515 
1286 	11898 	2556 	8809 	1009 
1287 	1050 	2590 	3547 	1043 
1288 	3588 	1084 	2041 	3581 
1289 	2082 	3622 	535 	2075 
1290 	6099 	2116 	11101 	569 
1291 	5164 	610 	10166 	3107 
1292 	4228 	3148 	9231 	1601 
1293 	1642 	3182 	95 	1635 
1294 	136 	1676 	2633 	129 
1295 	2674 	170 	1127 	2667 
1296 	6520 	2708 	11523 	1161 
1297 	5585 	1202 	10588 	3699 
1298 	4650 	3740 	9652 	2193 
1299 	2234 	3774 	687 	2227 
1300 	728 	2268 	3225 	721 
1301 	3266 	762 	1719 	3259 
1302 	1760 	3300 	213 	1753 
1303 	6007 	1794 	11009 	247 
1304 	5071 	288 	10074 	2785 
1305 	4136 	2826 	9139 	1279 
1306 	1320 	2860 	3817 	1313 
1307 	3858 	1354 	2311 	3851 
1308 	2352 	3892 	805 	2345 
1309 	6428 	2386 	11431 	839 
1310 	5493 	880 	10495 	3377 
1311 	4558 	3418 	9560 	1871 
1312 	1912 	3452 	365 	1905 
1313 	406 	1946 	2903 	399 
1314 	2944 	440 	1397 	2937 
1315 	1438 	2978 	3935 	1431 
1316 	5915 	1472 	10917 	3969 
1317 	4979 	4010 	9982 	2463 
