FR80T5X4L7
Channel Interleaving, Puncturing and Mapping to 4-QAM
User data=1200, with flush=1204, Channel Symbols=1479, Channel Bits=2958, p=877, q=877, Coding Rate=0.405680

Symbol	b1 	b0 
0 	3381 	0 
1 	1875 	378 
2 	2779 	756 
3 	1274 	1134 
4 	2177 	308 
5 	3081 	686 
6 	1576 	1064 
7 	579 	1737 
8 	957 	2641 
9 	131 	3544 
10 	509 	2039 
11 	887 	2943 
12 	61 	1437 
13 	2109 	2341 
14 	3013 	3245 
15 	1507 	1739 
16 	2411 	2643 
17 	3315 	1116 
18 	1809 	290 
19 	2713 	668 
20 	1208 	1046 
21 	2111 	220 
22 	3015 	598 
23 	113 	3176 
24 	491 	1671 
25 	869 	2575 
26 	43 	3478 
27 	421 	1973 
28 	799 	2877 
29 	1177 	1371 
30 	2043 	2275 
31 	2947 	3179 
32 	1442 	1674 
33 	2345 	650 
34 	3249 	1028 
35 	1744 	202 
36 	2648 	580 
37 	3551 	958 
38 	2046 	132 
39 	851 	510 
40 	25 	3110 
41 	403 	1605 
42 	781 	2509 
43 	1159 	3412 
44 	333 	1907 
45 	711 	2811 
46 	3482 	1306 
47 	1977 	2209 
48 	2881 	3113 
49 	1376 	184 
50 	2279 	562 
51 	3183 	940 
52 	1678 	114 
53 	2582 	492 
54 	3485 	870 
55 	385 	44 
56 	763 	2140 
57 	1141 	3044 
58 	315 	1539 
59 	693 	2443 
60 	1071 	3346 
61 	245 	1841 
62 	2513 	2745 
63 	3416 	1240 
64 	1911 	2143 
65 	2815 	3047 
66 	1310 	96 
67 	2213 	474 
68 	3117 	852 
69 	1612 	26 
70 	2516 	404 
71 	3419 	782 
72 	297 	3580 
73 	675 	2074 
74 	1053 	2978 
75 	227 	1473 
76 	605 	2376 
77 	983 	3280 
78 	1543 	1775 
79 	2447 	2679 
80 	3350 	3582 
81 	1845 	2077 
82 	2749 	834 
83 	1244 	8 
84 	2147 	386 
85 	3051 	764 
86 	1546 	1142 
87 	2450 	316 
88 	1035 	2610 
89 	209 	3514 
90 	587 	2008 
91 	965 	2913 
92 	139 	1407 
93 	517 	2311 
94 	895 	3215 
95 	1477 	1709 
96 	2381 	2613 
97 	3285 	3517 
98 	1779 	368 
99 	2683 	746 
100 	3587 	1124 
101 	2081 	298 
102 	2985 	676 
103 	1480 	1054 
104 	569 	228 
105 	947 	2545 
106 	121 	3448 
107 	499 	1943 
108 	877 	2847 
109 	51 	1341 
110 	429 	2245 
111 	2917 	3149 
112 	1411 	1643 
113 	2315 	2547 
114 	3219 	1106 
115 	1713 	280 
116 	2617 	658 
117 	3521 	1036 
118 	2015 	210 
119 	2919 	588 
120 	103 	966 
121 	481 	1575 
122 	859 	2479 
123 	33 	3382 
124 	411 	1877 
125 	789 	2781 
126 	1167 	1275 
127 	1947 	2179 
128 	2851 	3083 
129 	1345 	1577 
130 	2249 	2481 
131 	3153 	1018 
132 	1647 	192 
133 	2551 	570 
134 	3455 	948 
135 	1949 	122 
136 	2853 	500 
137 	15 	3014 
138 	393 	1509 
139 	771 	2413 
140 	1149 	3316 
141 	323 	1811 
142 	701 	2715 
143 	3386 	1209 
144 	1881 	2113 
145 	2785 	3017 
146 	1280 	1512 
147 	2183 	552 
148 	3087 	930 
149 	1582 	104 
150 	2486 	482 
151 	3389 	860 
152 	1884 	34 
153 	753 	2044 
154 	1131 	2948 
155 	305 	1443 
156 	683 	2346 
157 	1061 	3250 
158 	235 	1745 
159 	613 	2649 
160 	3320 	3552 
161 	1815 	2047 
162 	2719 	2951 
163 	1214 	86 
164 	2117 	464 
165 	3021 	842 
166 	1516 	16 
167 	2420 	394 
168 	3323 	772 
169 	287 	1150 
170 	665 	1978 
171 	1043 	2882 
172 	217 	1377 
173 	595 	2280 
174 	973 	3184 
175 	147 	1679 
176 	2350 	2583 
177 	3254 	3486 
178 	1749 	1981 
179 	2653 	824 
180 	3556 	1202 
181 	2051 	376 
182 	2955 	754 
183 	1450 	1132 
184 	2353 	306 
185 	1025 	684 
186 	199 	3418 
187 	577 	1912 
188 	955 	2816 
189 	129 	1311 
190 	507 	2214 
191 	885 	3118 
192 	1381 	1613 
193 	2284 	2517 
194 	3188 	3420 
195 	1683 	1915 
196 	2587 	736 
197 	3491 	1114 
198 	1985 	288 
199 	2889 	666 
200 	1384 	1044 
201 	2287 	218 
202 	937 	2448 
203 	111 	3352 
204 	489 	1846 
205 	867 	2751 
206 	41 	1245 
207 	419 	2149 
208 	2821 	3053 
209 	1315 	1547 
210 	2219 	2451 
211 	3123 	3355 
212 	1617 	270 
213 	2521 	648 
214 	3425 	1026 
215 	1919 	200 
216 	2823 	578 
217 	1318 	956 
218 	471 	1479 
219 	849 	2382 
220 	23 	3286 
221 	401 	1781 
222 	779 	2685 
223 	1157 	3588 
224 	331 	2083 
225 	2755 	2987 
226 	1249 	1481 
227 	2153 	2385 
228 	3057 	1008 
229 	1551 	182 
230 	2455 	560 
231 	3359 	938 
232 	1853 	112 
233 	2757 	490 
234 	5 	868 
235 	383 	1413 
236 	761 	2316 
237 	1139 	3220 
238 	313 	1715 
239 	691 	2619 
240 	1069 	3522 
241 	1785 	2017 
242 	2689 	2921 
243 	3592 	1415 
244 	2087 	542 
245 	2991 	920 
246 	1485 	94 
247 	2389 	472 
248 	3293 	850 
249 	1787 	24 
250 	743 	402 
251 	1121 	2852 
252 	295 	1347 
253 	673 	2250 
254 	1051 	3154 
255 	225 	1649 
256 	603 	2553 
257 	3224 	3456 
258 	1719 	1951 
259 	2623 	2855 
260 	3526 	1350 
261 	2021 	454 
262 	2925 	832 
263 	1420 	6 
264 	2323 	384 
265 	3227 	762 
266 	1722 	1140 
267 	655 	1882 
268 	1033 	2786 
269 	207 	1281 
270 	585 	2184 
271 	963 	3088 
272 	137 	1583 
273 	2254 	2487 
274 	3158 	3390 
275 	1653 	1885 
276 	2557 	2789 
277 	3460 	1192 
278 	1955 	366 
279 	2859 	744 
280 	1354 	1122 
281 	2257 	296 
282 	3161 	674 
283 	189 	3322 
284 	567 	1816 
285 	945 	2720 
286 	119 	1215 
287 	497 	2118 
288 	875 	3022 
289 	49 	1517 
290 	2188 	2421 
291 	3092 	3324 
292 	1587 	1819 
293 	2491 	726 
294 	3394 	1104 
295 	1889 	278 
296 	2793 	656 
297 	1288 	1034 
298 	2191 	208 
299 	927 	586 
300 	101 	3256 
301 	479 	1750 
302 	857 	2654 
303 	31 	3558 
304 	409 	2052 
305 	787 	2956 
306 	1219 	1451 
307 	2122 	2354 
308 	3026 	3258 
309 	1521 	260 
310 	2425 	638 
311 	3329 	1016 
312 	1823 	190 
313 	2727 	568 
314 	1222 	946 
315 	2125 	120 
316 	839 	2286 
317 	13 	3190 
318 	391 	1685 
319 	769 	2589 
320 	1147 	3492 
321 	321 	1987 
322 	2659 	2891 
323 	3562 	1385 
324 	2057 	2289 
325 	2961 	3193 
326 	1455 	172 
327 	2359 	550 
328 	3263 	928 
329 	1757 	102 
330 	2661 	480 
331 	3565 	858 
332 	373 	1317 
333 	751 	2220 
334 	1129 	3124 
335 	303 	1619 
336 	681 	2523 
337 	1059 	3426 
338 	1689 	1921 
339 	2593 	2825 
340 	3496 	1319 
341 	1991 	2223 
342 	2895 	910 
343 	1389 	84 
344 	2293 	462 
345 	3197 	840 
346 	1691 	14 
347 	2595 	392 
348 	1111 	2756 
349 	285 	1251 
350 	663 	2154 
351 	1041 	3058 
352 	215 	1553 
353 	593 	2457 
354 	971 	3360 
355 	1623 	1855 
356 	2527 	2759 
357 	3430 	1253 
358 	1925 	444 
359 	2829 	822 
360 	1323 	1200 
361 	2227 	374 
362 	3131 	752 
363 	1625 	1130 
364 	645 	304 
365 	1023 	2690 
366 	197 	3593 
367 	575 	2088 
368 	953 	2992 
369 	127 	1487 
370 	505 	2390 
371 	3062 	3294 
372 	1557 	1789 
373 	2461 	2693 
374 	3364 	1182 
375 	1859 	356 
376 	2763 	734 
377 	1258 	1112 
378 	2161 	286 
379 	3065 	664 
380 	1560 	1042 
381 	557 	1720 
382 	935 	2624 
383 	109 	3528 
384 	487 	2022 
385 	865 	2926 
386 	39 	1421 
387 	2092 	2324 
388 	2996 	3228 
389 	1491 	1723 
390 	2394 	2627 
391 	3298 	1094 
392 	1793 	268 
393 	2697 	646 
394 	3600 	1024 
395 	2095 	198 
396 	2999 	576 
397 	91 	3160 
398 	469 	1654 
399 	847 	2558 
400 	21 	3462 
401 	399 	1956 
402 	777 	2860 
403 	3532 	1355 
404 	2026 	2258 
405 	2930 	3162 
406 	1425 	1657 
407 	2328 	628 
408 	3232 	1006 
409 	1727 	180 
410 	2631 	558 
411 	3534 	936 
412 	2029 	110 
413 	829 	2190 
414 	3 	3094 
415 	381 	1588 
416 	759 	2492 
417 	1137 	3396 
418 	311 	1890 
419 	689 	2794 
420 	3466 	1289 
421 	1960 	2192 
422 	2864 	3096 
423 	1359 	162 
424 	2262 	540 
425 	3167 	918 
426 	1661 	92 
427 	2565 	470 
428 	3469 	848 
429 	363 	22 
430 	741 	2124 
431 	1119 	3028 
432 	293 	1523 
433 	671 	2427 
434 	1049 	3330 
435 	223 	1825 
436 	2497 	2729 
437 	3400 	1223 
438 	1895 	2127 
439 	2799 	900 
440 	1293 	74 
441 	2197 	452 
442 	3101 	830 
443 	1595 	4 
444 	2499 	382 
445 	3403 	760 
446 	275 	3563 
447 	653 	2058 
448 	1031 	2962 
449 	205 	1457 
450 	583 	2360 
451 	961 	3264 
452 	1527 	1759 
453 	2431 	2663 
454 	3334 	3566 
455 	1829 	2061 
456 	2733 	812 
457 	1227 	1190 
458 	2131 	364 
459 	3035 	742 
460 	1529 	1120 
461 	2433 	294 
462 	1013 	2594 
463 	187 	3497 
464 	565 	1992 
465 	943 	2896 
466 	117 	1391 
467 	495 	2294 
468 	2966 	3198 
469 	1461 	1693 
470 	2364 	2597 
471 	3268 	3500 
472 	1763 	346 
473 	2667 	724 
474 	3570 	1102 
475 	2065 	276 
476 	2969 	654 
477 	1463 	1032 
478 	547 	1624 
479 	925 	2528 
480 	99 	3431 
481 	477 	1926 
482 	855 	2830 
483 	29 	1325 
484 	407 	2228 
485 	2900 	3132 
486 	1395 	1627 
487 	2298 	2531 
488 	3202 	1084 
489 	1697 	258 
490 	2601 	636 
491 	3504 	1014 
492 	1999 	188 
493 	2903 	566 
494 	81 	944 
495 	459 	1558 
496 	837 	2462 
497 	11 	3366 
498 	389 	1860 
499 	767 	2764 
500 	1145 	1259 
501 	1930 	2162 
502 	2834 	3066 
503 	1329 	1561 
504 	2232 	618 
505 	3136 	996 
506 	1631 	170 
507 	2535 	548 
508 	3438 	926 
509 	1933 	100 
510 	2837 	478 
511 	1197 	2998 
512 	371 	1492 
513 	749 	2396 
514 	1127 	3300 
515 	301 	1794 
516 	679 	2698 
517 	3370 	3602 
518 	1864 	2096 
519 	2768 	3000 
520 	1263 	1495 
521 	2166 	530 
522 	3070 	908 
523 	1565 	82 
524 	2469 	460 
525 	3372 	838 
526 	1867 	12 
527 	731 	2028 
528 	1109 	2932 
529 	283 	1426 
530 	661 	2330 
531 	1039 	3234 
532 	213 	1728 
533 	2400 	2632 
534 	3304 	3536 
535 	1798 	2030 
536 	2702 	2934 
537 	3606 	64 
538 	2100 	442 
539 	3005 	820 
540 	1499 	1198 
541 	2403 	372 
542 	3307 	750 
543 	265 	3467 
544 	643 	1962 
545 	1021 	2866 
546 	195 	1361 
547 	573 	2264 
548 	951 	3168 
549 	125 	1663 
550 	2334 	2567 
551 	3238 	3470 
552 	1733 	1965 
553 	2637 	802 
554 	3540 	1180 
555 	2035 	354 
556 	2939 	732 
557 	1433 	1110 
558 	2337 	284 
559 	1003 	662 
560 	177 	3401 
561 	555 	1896 
562 	933 	2800 
563 	107 	1295 
564 	485 	2198 
565 	863 	3102 
566 	1365 	1597 
567 	2268 	2501 
568 	3172 	3404 
569 	1667 	336 
570 	2571 	714 
571 	3474 	1092 
572 	1969 	266 
573 	2873 	644 
574 	1367 	1022 
575 	2271 	196 
576 	915 	2432 
577 	89 	3335 
578 	467 	1830 
579 	845 	2734 
580 	19 	1229 
581 	397 	2132 
582 	2804 	3036 
583 	1299 	1531 
584 	2202 	2435 
585 	3106 	3338 
586 	1601 	248 
587 	2505 	626 
588 	3408 	1004 
589 	1903 	178 
590 	2807 	556 
591 	1301 	934 
592 	449 	1462 
593 	827 	2365 
594 	1 	3269 
595 	379 	1764 
596 	757 	2668 
597 	1135 	3572 
598 	1834 	2066 
599 	2738 	2970 
600 	1233 	1465 
601 	2136 	2368 
602 	3040 	986 
603 	1535 	160 
604 	2439 	538 
605 	3342 	916 
606 	1837 	90 
607 	2741 	468 
608 	1187 	2902 
609 	361 	1396 
610 	739 	2300 
611 	1117 	3204 
612 	291 	1698 
613 	669 	2602 
614 	1047 	3506 
615 	1768 	2000 
616 	2672 	2904 
617 	3576 	1399 
618 	2070 	520 
619 	2974 	898 
620 	1469 	72 
621 	2372 	450 
622 	3276 	828 
623 	1771 	2 
624 	721 	380 
625 	1099 	2836 
626 	273 	1330 
627 	651 	2234 
628 	1029 	3138 
629 	203 	1632 
630 	581 	2536 
631 	3208 	3440 
632 	1702 	1934 
633 	2606 	2838 
634 	3510 	54 
635 	2004 	432 
636 	2908 	810 
637 	1403 	1188 
638 	2306 	362 
639 	3210 	740 
640 	1705 	1118 
641 	633 	1866 
642 	1011 	2770 
643 	185 	1264 
644 	563 	2168 
645 	941 	3072 
646 	115 	1566 
647 	2238 	2470 
648 	3142 	3374 
649 	1636 	1868 
650 	2540 	2772 
651 	3444 	1170 
652 	1938 	344 
653 	2843 	722 
654 	1337 	1100 
655 	2241 	274 
656 	3145 	652 
657 	167 	3305 
658 	545 	1800 
659 	923 	2704 
660 	97 	3607 
661 	475 	2102 
662 	853 	3006 
663 	1269 	1501 
664 	2172 	2404 
665 	3076 	3308 
666 	1571 	1803 
667 	2475 	704 
668 	3378 	1082 
669 	1873 	256 
670 	2777 	634 
671 	1271 	1012 
672 	2175 	186 
673 	905 	2335 
674 	79 	3239 
675 	457 	1734 
676 	835 	2638 
677 	9 	3541 
678 	387 	2036 
679 	765 	2940 
680 	3611 	1435 
681 	2106 	2338 
682 	3010 	3242 
683 	1505 	238 
684 	2409 	616 
685 	3312 	994 
686 	1807 	168 
687 	2711 	546 
688 	1205 	924 
689 	439 	98 
690 	817 	2269 
691 	1195 	3173 
692 	369 	1668 
693 	747 	2572 
694 	1125 	3475 
695 	299 	1970 
696 	2642 	2874 
697 	3545 	1369 
698 	2040 	2272 
699 	2944 	976 
700 	1439 	150 
701 	2342 	528 
702 	3246 	906 
703 	1741 	80 
704 	2645 	458 
705 	3548 	836 
706 	351 	1300 
707 	729 	2203 
708 	1107 	3107 
709 	281 	1602 
710 	659 	2506 
711 	1037 	3410 
712 	1672 	1904 
713 	2576 	2808 
714 	3480 	1303 
715 	1974 	2206 
716 	2878 	888 
717 	1373 	62 
718 	2276 	440 
719 	3180 	818 
720 	1675 	1196 
721 	2579 	370 
722 	1089 	2740 
723 	263 	1234 
724 	641 	2138 
725 	1019 	3042 
726 	193 	1536 
727 	571 	2440 
728 	3112 	3344 
729 	1606 	1838 
730 	2510 	2742 
731 	3414 	1237 
732 	1908 	422 
733 	2812 	800 
734 	1307 	1178 
735 	2210 	352 
736 	3114 	730 
737 	1609 	1108 
738 	623 	1770 
739 	1001 	2674 
740 	175 	3577 
741 	553 	2072 
742 	931 	2976 
743 	105 	1470 
744 	483 	2374 
745 	3046 	3278 
746 	1540 	1772 
747 	2444 	2676 
748 	3348 	1160 
749 	1842 	334 
750 	2746 	712 
751 	1241 	1090 
752 	2144 	264 
753 	3048 	642 
754 	157 	1020 
755 	535 	1704 
756 	913 	2608 
757 	87 	3511 
758 	465 	2006 
759 	843 	2910 
760 	17 	1404 
761 	2076 	2308 
762 	2980 	3212 
763 	1474 	1706 
764 	2378 	694 
765 	3282 	1072 
766 	1776 	246 
767 	2681 	624 
768 	3584 	1002 
769 	2079 	176 
770 	2983 	554 
771 	69 	3143 
772 	447 	1638 
773 	825 	2542 
774 	1203 	3445 
775 	377 	1940 
776 	755 	2844 
777 	3515 	1339 
778 	2010 	2242 
779 	2914 	3146 
780 	1409 	1641 
781 	2312 	606 
782 	3216 	984 
783 	1711 	158 
784 	2615 	536 
785 	3518 	914 
786 	2013 	88 
787 	807 	2173 
788 	1185 	3077 
789 	359 	1572 
790 	737 	2476 
791 	1115 	3379 
792 	289 	1874 
793 	2546 	2778 
794 	3449 	1273 
795 	1944 	2176 
796 	2848 	3080 
797 	1343 	140 
798 	2246 	518 
799 	3150 	896 
800 	1645 	70 
801 	2549 	448 
802 	3452 	826 
803 	341 	1204 
804 	719 	2107 
805 	1097 	3011 
806 	271 	1506 
807 	649 	2410 
808 	1027 	3313 
809 	201 	1808 
810 	2480 	2712 
811 	3383 	1207 
812 	1878 	2110 
813 	2782 	878 
814 	1277 	52 
815 	2180 	430 
816 	3084 	808 
817 	1579 	1186 
818 	2483 	360 
819 	1079 	738 
820 	253 	3547 
821 	631 	2041 
822 	1009 	2945 
823 	183 	1440 
824 	561 	2343 
825 	939 	3248 
826 	1510 	1742 
827 	2414 	2646 
828 	3318 	3550 
829 	1812 	412 
830 	2716 	790 
831 	1211 	1168 
832 	2114 	342 
833 	3018 	720 
834 	1513 	1098 
835 	2417 	272 
836 	991 	2578 
837 	165 	3481 
838 	543 	1976 
839 	921 	2880 
840 	95 	1374 
841 	473 	2278 
842 	2950 	3182 
843 	1444 	1676 
844 	2348 	2580 
845 	3252 	3484 
846 	1746 	324 
847 	2650 	702 
848 	3554 	1080 
849 	2048 	254 
850 	2952 	632 
851 	1447 	1010 
852 	525 	1608 
853 	903 	2512 
854 	77 	3415 
855 	455 	1910 
856 	833 	2814 
857 	7 	1308 
858 	1980 	2212 
859 	2884 	3116 
860 	1378 	1610 
861 	2282 	2514 
862 	3186 	1062 
863 	1680 	236 
864 	2584 	614 
865 	3488 	992 
866 	1982 	166 
867 	2886 	544 
868 	59 	922 
869 	437 	1542 
870 	815 	2446 
871 	1193 	3349 
872 	367 	1844 
873 	745 	2748 
874 	1123 	1242 
875 	1914 	2146 
876 	2818 	3050 
877 	1312 	1544 
878 	2216 	596 
879 	3120 	974 
880 	1614 	148 
881 	2519 	526 
882 	3422 	904 
883 	1917 	78 
884 	797 	456 
885 	1175 	2981 
886 	349 	1476 
887 	727 	2379 
888 	1105 	3283 
889 	279 	1778 
890 	657 	2682 
891 	3353 	3585 
892 	1848 	2080 
893 	2752 	2984 
894 	1247 	130 
895 	2150 	508 
896 	3054 	886 
897 	1549 	60 
898 	2453 	438 
899 	3356 	816 
900 	1851 	1194 
901 	709 	2011 
902 	1087 	2915 
903 	261 	1410 
904 	639 	2313 
905 	1017 	3217 
906 	191 	1712 
907 	2383 	2616 
908 	3287 	3519 
909 	1782 	2014 
910 	2686 	2918 
911 	3589 	42 
912 	2084 	420 
913 	2988 	798 
914 	1483 	1176 
915 	2386 	350 
916 	3290 	728 
917 	243 	3451 
918 	621 	1945 
919 	999 	2849 
920 	173 	1344 
921 	551 	2247 
922 	929 	3151 
923 	1414 	1646 
924 	2317 	2550 
925 	3221 	3453 
926 	1716 	1948 
927 	2620 	780 
928 	3523 	1158 
929 	2018 	332 
930 	2922 	710 
931 	1417 	1088 
932 	2320 	262 
933 	981 	640 
934 	155 	3385 
935 	533 	1879 
936 	911 	2783 
937 	85 	1278 
938 	463 	2181 
939 	841 	3086 
940 	1348 	1580 
941 	2251 	2484 
942 	3156 	3388 
943 	1650 	314 
944 	2554 	692 
945 	3458 	1070 
946 	1952 	244 
947 	2856 	622 
948 	1351 	1000 
949 	515 	174 
950 	893 	2416 
951 	67 	3319 
952 	445 	1814 
953 	823 	2718 
954 	1201 	1212 
955 	375 	2116 
956 	2788 	3020 
957 	1282 	1514 
958 	2186 	2418 
959 	3090 	1052 
960 	1584 	226 
961 	2488 	604 
962 	3392 	982 
963 	1886 	156 
964 	2790 	534 
965 	1285 	912 
966 	427 	1446 
967 	805 	2349 
968 	1183 	3253 
969 	357 	1748 
970 	735 	2652 
971 	1113 	3555 
972 	1818 	2050 
973 	2722 	2954 
974 	1216 	1448 
975 	2120 	2352 
976 	3024 	964 
977 	1518 	138 
978 	2422 	516 
979 	3326 	894 
980 	1820 	68 
981 	2724 	446 
982 	1165 	2885 
983 	339 	1380 
984 	717 	2283 
985 	1095 	3187 
986 	269 	1682 
987 	647 	2586 
988 	3257 	3489 
989 	1752 	1984 
990 	2656 	2888 
991 	3559 	1382 
992 	2054 	498 
993 	2958 	876 
994 	1452 	50 
995 	2356 	428 
996 	3260 	806 
997 	1755 	1184 
998 	699 	358 
999 	1077 	2819 
1000 	251 	1314 
1001 	629 	2217 
1002 	1007 	3121 
1003 	181 	1616 
1004 	559 	2520 
1005 	3191 	3423 
1006 	1686 	1918 
1007 	2590 	2822 
1008 	3493 	32 
1009 	1988 	410 
1010 	2892 	788 
1011 	1387 	1166 
1012 	2290 	340 
1013 	3194 	718 
1014 	233 	1096 
1015 	611 	1849 
1016 	989 	2753 
1017 	163 	1248 
1018 	541 	2151 
1019 	919 	3055 
1020 	93 	1550 
1021 	2221 	2454 
1022 	3125 	3357 
1023 	1620 	1852 
1024 	2524 	770 
1025 	3427 	1148 
1026 	1922 	322 
1027 	2826 	700 
1028 	1321 	1078 
1029 	2224 	252 
1030 	3128 	630 
1031 	145 	3289 
1032 	523 	1783 
1033 	901 	2687 
1034 	75 	3591 
1035 	453 	2085 
1036 	831 	2989 
1037 	1252 	1484 
1038 	2155 	2387 
1039 	3059 	3291 
1040 	1554 	1786 
1041 	2458 	682 
1042 	3361 	1060 
1043 	1856 	234 
1044 	2760 	612 
1045 	1255 	990 
1046 	2158 	164 
1047 	883 	2319 
1048 	57 	3223 
1049 	435 	1717 
1050 	813 	2621 
1051 	1191 	3525 
1052 	365 	2019 
1053 	2691 	2924 
1054 	3595 	1418 
1055 	2089 	2322 
1056 	2994 	3226 
1057 	1488 	216 
1058 	2392 	594 
1059 	3296 	972 
1060 	1790 	146 
1061 	2694 	524 
1062 	3598 	902 
1063 	417 	76 
1064 	795 	2253 
1065 	1173 	3157 
1066 	347 	1652 
1067 	725 	2556 
1068 	1103 	3459 
1069 	277 	1954 
1070 	2626 	2858 
1071 	3529 	1352 
1072 	2024 	2256 
1073 	2928 	954 
1074 	1422 	128 
1075 	2326 	506 
1076 	3230 	884 
1077 	1724 	58 
1078 	2628 	436 
1079 	1155 	814 
1080 	329 	1284 
1081 	707 	2187 
1082 	1085 	3091 
1083 	259 	1586 
1084 	637 	2490 
1085 	1015 	3393 
1086 	1656 	1888 
1087 	2560 	2792 
1088 	3463 	1286 
1089 	1958 	488 
1090 	2862 	866 
1091 	1356 	40 
1092 	2260 	418 
1093 	3164 	796 
1094 	1658 	1174 
1095 	2562 	348 
1096 	1067 	2723 
1097 	241 	1218 
1098 	619 	2121 
1099 	997 	3025 
1100 	171 	1520 
1101 	549 	2424 
1102 	3095 	3327 
1103 	1590 	1822 
1104 	2494 	2726 
1105 	3397 	1220 
1106 	1892 	400 
1107 	2796 	778 
1108 	1290 	1156 
1109 	2194 	330 
1110 	3098 	708 
1111 	1593 	1086 
1112 	601 	1753 
1113 	979 	2657 
1114 	153 	3561 
1115 	531 	2055 
1116 	909 	2959 
1117 	83 	1454 
1118 	461 	2357 
1119 	3029 	3261 
1120 	1524 	1756 
1121 	2428 	2660 
1122 	3331 	1138 
1123 	1826 	312 
1124 	2730 	690 
1125 	1225 	1068 
1126 	2128 	242 
1127 	3032 	620 
1128 	135 	998 
1129 	513 	1687 
1130 	891 	2591 
1131 	65 	3495 
1132 	443 	1989 
1133 	821 	2893 
1134 	1199 	1388 
1135 	2059 	2291 
1136 	2963 	3195 
1137 	1458 	1690 
1138 	2361 	672 
1139 	3265 	1050 
1140 	1760 	224 
1141 	2664 	602 
1142 	3567 	980 
1143 	2062 	154 
1144 	873 	532 
1145 	47 	3127 
1146 	425 	1621 
1147 	803 	2525 
1148 	1181 	3429 
1149 	355 	1923 
1150 	733 	2827 
1151 	3499 	1322 
1152 	1993 	2225 
1153 	2897 	3129 
1154 	1392 	206 
1155 	2295 	584 
1156 	3199 	962 
1157 	1694 	136 
1158 	2598 	514 
1159 	3501 	892 
1160 	1996 	66 
1161 	785 	2157 
1162 	1163 	3061 
1163 	337 	1555 
1164 	715 	2459 
1165 	1093 	3363 
1166 	267 	1857 
1167 	2529 	2762 
1168 	3433 	1256 
1169 	1927 	2160 
1170 	2832 	3064 
1171 	1326 	118 
1172 	2230 	496 
1173 	3134 	874 
1174 	1628 	48 
1175 	2532 	426 
1176 	3436 	804 
1177 	319 	3596 
1178 	697 	2091 
1179 	1075 	2995 
1180 	249 	1490 
1181 	627 	2393 
1182 	1005 	3297 
1183 	179 	1792 
1184 	2464 	2696 
1185 	3367 	3599 
1186 	1862 	2094 
1187 	2766 	856 
1188 	1260 	30 
1189 	2164 	408 
1190 	3068 	786 
1191 	1562 	1164 
1192 	2466 	338 
1193 	1057 	716 
1194 	231 	3530 
1195 	609 	2025 
1196 	987 	2929 
1197 	161 	1424 
1198 	539 	2327 
1199 	917 	3231 
1200 	1494 	1726 
1201 	2397 	2630 
1202 	3301 	3533 
1203 	1796 	390 
1204 	2700 	768 
1205 	3603 	1146 
1206 	2098 	320 
1207 	3002 	698 
1208 	1496 	1076 
1209 	591 	250 
1210 	969 	2561 
1211 	143 	3464 
1212 	521 	1959 
1213 	899 	2863 
1214 	73 	1358 
1215 	451 	2261 
1216 	2933 	3165 
1217 	1428 	1660 
1218 	2331 	2564 
1219 	3235 	1128 
1220 	1730 	302 
1221 	2634 	680 
1222 	3537 	1058 
1223 	2032 	232 
1224 	2936 	610 
1225 	1431 	988 
1226 	503 	1591 
1227 	881 	2495 
1228 	55 	3399 
1229 	433 	1893 
1230 	811 	2797 
1231 	1189 	1292 
1232 	1963 	2195 
1233 	2867 	3099 
1234 	1362 	1594 
1235 	2265 	2498 
1236 	3169 	1040 
1237 	1664 	214 
1238 	2568 	592 
1239 	3471 	970 
1240 	1966 	144 
1241 	2870 	522 
1242 	37 	3031 
1243 	415 	1525 
1244 	793 	2429 
1245 	1171 	3333 
1246 	345 	1827 
1247 	723 	2731 
1248 	1101 	1226 
1249 	1897 	2129 
1250 	2801 	3033 
1251 	1296 	1528 
1252 	2199 	574 
1253 	3103 	952 
1254 	1598 	126 
1255 	2502 	504 
1256 	3405 	882 
1257 	1900 	56 
1258 	775 	434 
1259 	1153 	2965 
1260 	327 	1459 
1261 	705 	2363 
1262 	1083 	3267 
1263 	257 	1761 
1264 	635 	2665 
1265 	3337 	3569 
1266 	1831 	2063 
1267 	2735 	2967 
1268 	1230 	108 
1269 	2133 	486 
1270 	3037 	864 
1271 	1532 	38 
1272 	2436 	416 
1273 	3339 	794 
1274 	309 	1172 
1275 	687 	1995 
1276 	1065 	2899 
1277 	239 	1393 
1278 	617 	2297 
1279 	995 	3201 
1280 	169 	1695 
1281 	2367 	2600 
1282 	3271 	3503 
1283 	1766 	1998 
1284 	2670 	846 
1285 	3573 	20 
1286 	2068 	398 
1287 	2972 	776 
1288 	1466 	1154 
1289 	2370 	328 
1290 	3274 	706 
1291 	221 	3434 
1292 	599 	1929 
1293 	977 	2833 
1294 	151 	1328 
1295 	529 	2231 
1296 	907 	3135 
1297 	1398 	1630 
1298 	2301 	2534 
1299 	3205 	3437 
1300 	1700 	1932 
1301 	2604 	758 
1302 	3507 	1136 
1303 	2002 	310 
1304 	2906 	688 
1305 	1400 	1066 
1306 	2304 	240 
1307 	959 	2465 
1308 	133 	3368 
1309 	511 	1863 
1310 	889 	2767 
1311 	63 	1262 
1312 	441 	2165 
1313 	819 	3069 
1314 	1332 	1564 
1315 	2235 	2468 
1316 	3139 	3371 
1317 	1634 	292 
1318 	2538 	670 
1319 	3441 	1048 
1320 	1936 	222 
1321 	2840 	600 
1322 	1334 	978 
1323 	493 	152 
1324 	871 	2398 
1325 	45 	3302 
1326 	423 	1797 
1327 	801 	2701 
1328 	1179 	3604 
1329 	353 	2099 
1330 	2771 	3003 
1331 	1266 	1498 
1332 	2169 	2401 
1333 	3073 	1030 
1334 	1568 	204 
1335 	2472 	582 
1336 	3375 	960 
1337 	1870 	134 
1338 	2774 	512 
1339 	27 	890 
1340 	405 	1429 
1341 	783 	2332 
1342 	1161 	3237 
1343 	335 	1731 
1344 	713 	2635 
1345 	1091 	3539 
1346 	1801 	2033 
1347 	2705 	2937 
1348 	3609 	1432 
1349 	2103 	564 
1350 	3007 	942 
1351 	1502 	116 
1352 	2405 	494 
1353 	3309 	872 
1354 	1804 	46 
1355 	2708 	424 
1356 	1143 	2869 
1357 	317 	1363 
1358 	695 	2267 
1359 	1073 	3171 
1360 	247 	1665 
1361 	625 	2569 
1362 	3241 	3473 
1363 	1735 	1967 
1364 	2639 	2871 
1365 	3543 	1366 
1366 	2037 	476 
1367 	2941 	854 
1368 	1436 	28 
1369 	2339 	406 
1370 	3243 	784 
1371 	1738 	1162 
1372 	677 	1899 
1373 	1055 	2803 
1374 	229 	1297 
1375 	607 	2201 
1376 	985 	3105 
1377 	159 	1599 
1378 	537 	2503 
1379 	3175 	3407 
1380 	1669 	1901 
1381 	2573 	2805 
1382 	3477 	10 
1383 	1971 	388 
1384 	2875 	766 
1385 	1370 	1144 
1386 	2273 	318 
1387 	3177 	696 
1388 	211 	1074 
1389 	589 	1833 
1390 	967 	2737 
1391 	141 	1231 
1392 	519 	2135 
1393 	897 	3039 
1394 	71 	1533 
1395 	2205 	2438 
1396 	3109 	3341 
1397 	1604 	1836 
1398 	2508 	748 
1399 	3411 	1126 
1400 	1906 	300 
1401 	2810 	678 
1402 	1304 	1056 
1403 	2208 	230 
1404 	949 	608 
1405 	123 	3272 
1406 	501 	1767 
1407 	879 	2671 
1408 	53 	3574 
1409 	431 	2069 
1410 	809 	2973 
1411 	1236 	1468 
1412 	2139 	2371 
1413 	3043 	3275 
1414 	1538 	282 
1415 	2442 	660 
1416 	3345 	1038 
1417 	1840 	212 
1418 	2744 	590 
1419 	1238 	968 
1420 	2142 	142 
1421 	861 	2302 
1422 	35 	3206 
1423 	413 	1701 
1424 	791 	2605 
1425 	1169 	3508 
1426 	343 	2003 
1427 	2675 	2907 
1428 	3578 	1402 
1429 	2073 	2305 
1430 	2977 	3209 
1431 	1472 	194 
1432 	2375 	572 
1433 	3279 	950 
1434 	1774 	124 
1435 	2678 	502 
1436 	3581 	880 
1437 	395 	1333 
1438 	773 	2236 
1439 	1151 	3140 
1440 	325 	1635 
1441 	703 	2539 
1442 	1081 	3442 
1443 	255 	1937 
1444 	2609 	2841 
1445 	3512 	1336 
1446 	2007 	2239 
1447 	2911 	932 
1448 	1406 	106 
1449 	2309 	484 
1450 	3213 	862 
1451 	1708 	36 
1452 	2612 	414 
1453 	1133 	792 
1454 	307 	1267 
1455 	685 	2170 
1456 	1063 	3075 
1457 	237 	1569 
1458 	615 	2473 
1459 	993 	3377 
1460 	1639 	1871 
1461 	2543 	2775 
1462 	3447 	1270 
1463 	1941 	466 
1464 	2845 	844 
1465 	1340 	18 
1466 	2243 	396 
1467 	3147 	774 
1468 	1642 	1152 
1469 	667 	326 
1470 	1045 	2707 
1471 	219 	3610 
1472 	597 	2105 
1473 	975 	3009 
1474 	149 	1503 
1475 	527 	2407 
1476 	3079 	3311 
1477 	1573 	1805 
1478 	2477 	2709 
