FR80T25X4L7
Channel Interleaving, Puncturing and Mapping to 4-QAM
User data=1056, with flush=1060, Channel Symbols=1318, Channel Bits=2636, p=788, q=788, Coding Rate=0.400607

Symbol	b1 	b0 
0 	1680 	0 
1 	1408 	2909 
2 	397 	2637 
3 	847 	2365 
4 	1503 	608 
5 	1231 	1058 
6 	3080 	448 
7 	2808 	2188 
8 	845 	1916 
9 	235 	1644 
10 	685 	1372 
11 	2630 	446 
12 	2359 	896 
13 	2086 	1466 
14 	1815 	1195 
15 	683 	3043 
16 	73 	2772 
17 	1909 	894 
18 	1637 	284 
19 	1365 	734 
20 	1094 	2594 
21 	71 	2322 
22 	521 	2050 
23 	971 	1778 
24 	3037 	732 
25 	2765 	122 
26 	2493 	1872 
27 	2222 	1601 
28 	969 	1329 
29 	359 	3178 
30 	2316 	120 
31 	2043 	570 
32 	1772 	1020 
33 	1500 	3000 
34 	357 	2729 
35 	807 	2457 
36 	197 	568 
37 	1322 	1018 
38 	3171 	408 
39 	2900 	2279 
40 	805 	2007 
41 	195 	1735 
42 	645 	1464 
43 	2722 	406 
44 	2450 	856 
45 	2179 	246 
46 	1906 	1286 
47 	643 	3135 
48 	33 	2863 
49 	2000 	854 
50 	1729 	244 
51 	1457 	694 
52 	1185 	2686 
53 	31 	2414 
54 	481 	2142 
55 	931 	1870 
56 	3128 	692 
57 	2856 	82 
58 	2585 	1964 
59 	2313 	1692 
60 	929 	1421 
61 	319 	1149 
62 	2407 	80 
63 	2135 	530 
64 	1863 	980 
65 	1591 	3092 
66 	317 	2820 
67 	767 	2548 
68 	157 	2277 
69 	1414 	978 
70 	1142 	368 
71 	2991 	2371 
72 	2719 	2098 
73 	155 	1827 
74 	605 	1555 
75 	2813 	366 
76 	2542 	816 
77 	2270 	206 
78 	1998 	1377 
79 	603 	1106 
80 	1053 	2955 
81 	443 	814 
82 	1820 	204 
83 	1548 	654 
84 	1277 	2777 
85 	1051 	2505 
86 	441 	2234 
87 	891 	1961 
88 	1099 	652 
89 	2948 	42 
90 	2676 	492 
91 	2405 	1784 
92 	889 	1512 
93 	279 	1240 
94 	2499 	40 
95 	2227 	490 
96 	1955 	940 
97 	1683 	1063 
98 	277 	2912 
99 	727 	2640 
100 	117 	2368 
101 	1505 	938 
102 	1234 	328 
103 	3082 	2462 
104 	2811 	2191 
105 	115 	1918 
106 	565 	1646 
107 	2905 	326 
108 	2633 	776 
109 	2361 	166 
110 	2089 	1469 
111 	563 	1197 
112 	1013 	3046 
113 	403 	2774 
114 	1911 	164 
115 	1640 	614 
116 	1368 	2869 
117 	1096 	2597 
118 	401 	2325 
119 	851 	2053 
120 	1190 	612 
121 	3039 	2 
122 	2768 	452 
123 	2496 	1875 
124 	849 	1603 
125 	239 	1332 
126 	689 	1060 
127 	2318 	450 
128 	2046 	900 
129 	1774 	1154 
130 	237 	3003 
131 	687 	2731 
132 	77 	2460 
133 	1597 	898 
134 	1325 	288 
135 	3174 	738 
136 	2902 	2282 
137 	75 	2010 
138 	525 	1738 
139 	2996 	286 
140 	2725 	736 
141 	2453 	126 
142 	2181 	1560 
143 	523 	1289 
144 	973 	3138 
145 	363 	2866 
146 	2003 	124 
147 	1731 	574 
148 	1460 	2960 
149 	1188 	2688 
150 	361 	2417 
151 	811 	2145 
152 	1282 	572 
153 	3131 	1022 
154 	2859 	412 
155 	2587 	1967 
156 	809 	1695 
157 	199 	1423 
158 	649 	1151 
159 	2410 	410 
160 	2138 	860 
161 	1866 	1246 
162 	1594 	3095 
163 	647 	2823 
164 	37 	2551 
165 	1688 	858 
166 	1416 	248 
167 	1145 	698 
168 	2994 	2374 
169 	35 	2101 
170 	485 	1829 
171 	935 	1558 
172 	2816 	696 
173 	2544 	86 
174 	2273 	1652 
175 	483 	1380 
176 	933 	1108 
177 	323 	2957 
178 	2094 	84 
179 	1823 	534 
180 	1551 	984 
181 	1279 	2780 
182 	321 	2508 
183 	771 	2236 
184 	1373 	532 
185 	1102 	982 
186 	2951 	372 
187 	2679 	2058 
188 	769 	1786 
189 	159 	1515 
190 	609 	1243 
191 	2501 	370 
192 	2230 	820 
193 	1957 	1337 
194 	1686 	1065 
195 	607 	2914 
196 	1057 	2643 
197 	1780 	818 
198 	1508 	208 
199 	1236 	658 
200 	3085 	2465 
201 	1055 	2193 
202 	445 	1921 
203 	895 	1649 
204 	2908 	656 
205 	2636 	46 
206 	2364 	1743 
207 	2092 	1472 
208 	893 	1200 
209 	283 	3049 
210 	2187 	44 
211 	1914 	494 
212 	1642 	944 
213 	1371 	2871 
214 	281 	2600 
215 	731 	2328 
216 	121 	2055 
217 	1193 	942 
218 	3042 	332 
219 	2770 	2150 
220 	729 	1878 
221 	119 	1606 
222 	569 	1334 
223 	2593 	330 
224 	2321 	780 
225 	2049 	170 
226 	1777 	1157 
227 	567 	3006 
228 	1017 	2734 
229 	1871 	778 
230 	1599 	168 
231 	1328 	618 
232 	3177 	2557 
233 	1015 	2285 
234 	405 	2012 
235 	855 	1741 
236 	2999 	616 
237 	2727 	6 
238 	2456 	1835 
239 	2184 	1563 
240 	853 	1291 
241 	243 	3140 
242 	2278 	4 
243 	2006 	454 
244 	1734 	904 
245 	1462 	2963 
246 	241 	2691 
247 	691 	2419 
248 	81 	2148 
249 	1285 	902 
250 	3134 	292 
251 	2862 	2242 
252 	2590 	1969 
253 	79 	1698 
254 	529 	1426 
255 	2684 	290 
256 	2413 	740 
257 	2141 	130 
258 	1868 	1248 
259 	527 	3097 
260 	977 	2826 
261 	367 	2554 
262 	1691 	128 
263 	1419 	578 
264 	1147 	2648 
265 	975 	2376 
266 	365 	2104 
267 	815 	1832 
268 	3091 	576 
269 	2819 	1026 
270 	2547 	416 
271 	2275 	1655 
272 	813 	1383 
273 	203 	1111 
274 	653 	1024 
275 	2097 	414 
276 	1825 	864 
277 	1554 	3054 
278 	201 	2782 
279 	651 	2511 
280 	41 	2239 
281 	1376 	862 
282 	1104 	252 
283 	2953 	2333 
284 	2682 	2061 
285 	39 	1789 
286 	489 	1517 
287 	2776 	250 
288 	2504 	700 
289 	2232 	90 
290 	1960 	1340 
291 	487 	1068 
292 	937 	2917 
293 	327 	2645 
294 	1782 	88 
295 	1511 	538 
296 	1239 	2739 
297 	3088 	2468 
298 	325 	2196 
299 	775 	1924 
300 	1061 	536 
301 	2910 	986 
302 	2639 	376 
303 	2367 	1746 
304 	773 	1474 
305 	163 	1203 
306 	613 	3052 
307 	2189 	374 
308 	1917 	824 
309 	1645 	3146 
310 	161 	2874 
311 	611 	2602 
312 	1 	2331 
313 	1468 	822 
314 	1196 	212 
315 	3045 	662 
316 	2773 	2153 
317 	1059 	1881 
318 	449 	1609 
319 	899 	210 
320 	2596 	660 
321 	2324 	50 
322 	2051 	1431 
323 	447 	1160 
324 	897 	3008 
325 	287 	2737 
326 	1874 	48 
327 	1602 	498 
328 	1330 	2831 
329 	3179 	2559 
330 	285 	2287 
331 	735 	2015 
332 	1153 	496 
333 	3002 	946 
334 	2730 	336 
335 	2458 	1838 
336 	733 	1566 
337 	123 	1294 
338 	573 	3143 
339 	2281 	334 
340 	2008 	784 
341 	1737 	1116 
342 	1465 	2965 
343 	571 	2694 
344 	1021 	2422 
345 	1559 	782 
346 	1287 	172 
347 	3136 	622 
348 	2865 	2244 
349 	1019 	1972 
350 	409 	1700 
351 	859 	1429 
352 	2687 	620 
353 	2415 	10 
354 	2144 	1523 
355 	407 	1251 
356 	857 	3100 
357 	247 	2828 
358 	1965 	8 
359 	1694 	458 
360 	1422 	908 
361 	1150 	2651 
362 	245 	2379 
363 	695 	2107 
364 	85 	456 
365 	3093 	906 
366 	2822 	296 
367 	2550 	1929 
368 	693 	1657 
369 	83 	1386 
370 	533 	1114 
371 	2372 	294 
372 	2100 	744 
373 	1828 	1208 
374 	1556 	3057 
375 	531 	2785 
376 	981 	2513 
377 	1651 	742 
378 	1379 	132 
379 	1107 	582 
380 	2956 	2336 
381 	979 	2064 
382 	369 	1792 
383 	819 	1520 
384 	2778 	580 
385 	2507 	1030 
386 	2235 	1614 
387 	1963 	1342 
388 	817 	1071 
389 	207 	2920 
390 	2057 	1028 
391 	1785 	418 
392 	1513 	868 
393 	1242 	2742 
394 	205 	2470 
395 	655 	2199 
396 	45 	1926 
397 	1064 	866 
398 	2913 	256 
399 	2641 	2020 
400 	2370 	1749 
401 	43 	1477 
402 	493 	1205 
403 	2464 	254 
404 	2192 	704 
405 	1920 	94 
406 	1648 	3148 
407 	491 	2877 
408 	941 	2605 
409 	331 	702 
410 	1470 	92 
411 	1199 	542 
412 	3047 	2427 
413 	939 	2156 
414 	329 	1883 
415 	779 	1612 
416 	2870 	540 
417 	2598 	990 
418 	2326 	1706 
419 	2054 	1434 
420 	777 	1162 
421 	167 	3011 
422 	2149 	988 
423 	1877 	378 
424 	1605 	828 
425 	1333 	2834 
426 	165 	2562 
427 	615 	2290 
428 	5 	2018 
429 	1156 	826 
430 	3004 	216 
431 	2733 	2112 
432 	2461 	1840 
433 	3 	1568 
434 	453 	1297 
435 	2555 	214 
436 	2283 	664 
437 	2011 	54 
438 	1739 	1119 
439 	451 	2968 
440 	901 	2696 
441 	291 	2425 
442 	1562 	52 
443 	1290 	502 
444 	3139 	2519 
445 	2867 	2247 
446 	289 	1975 
447 	739 	1703 
448 	2961 	500 
449 	2690 	950 
450 	2418 	340 
451 	2146 	1525 
452 	737 	1254 
453 	127 	3103 
454 	577 	948 
455 	1968 	338 
456 	1696 	788 
457 	1425 	2925 
458 	125 	2653 
459 	575 	2382 
460 	1025 	2109 
461 	1247 	786 
462 	3096 	176 
463 	2824 	2204 
464 	2552 	1932 
465 	1023 	1660 
466 	413 	1388 
467 	2647 	174 
468 	2375 	624 
469 	2103 	14 
470 	1831 	1211 
471 	411 	3060 
472 	861 	2788 
473 	251 	2516 
474 	1653 	12 
475 	1381 	462 
476 	1110 	2610 
477 	2959 	2339 
478 	249 	2066 
479 	699 	1794 
480 	3053 	460 
481 	2781 	910 
482 	2509 	300 
483 	2238 	1617 
484 	697 	1345 
485 	87 	1073 
486 	537 	2922 
487 	2059 	298 
488 	1788 	748 
489 	1516 	3017 
490 	1244 	2745 
491 	535 	2473 
492 	985 	2201 
493 	1338 	746 
494 	1067 	136 
495 	2916 	586 
496 	2644 	2023 
497 	983 	1751 
498 	373 	1480 
499 	823 	134 
500 	2466 	584 
501 	2195 	1034 
502 	1922 	1302 
503 	371 	3151 
504 	821 	2879 
505 	211 	2608 
506 	1745 	1032 
507 	1473 	422 
508 	1201 	2702 
509 	3050 	2430 
510 	209 	2158 
511 	659 	1886 
512 	3144 	420 
513 	2873 	870 
514 	2601 	260 
515 	2329 	1708 
516 	657 	1437 
517 	47 	1165 
518 	497 	3014 
519 	2152 	258 
520 	1879 	708 
521 	1607 	3108 
522 	1336 	2836 
523 	495 	2565 
524 	945 	2293 
525 	1430 	706 
526 	1158 	96 
527 	3007 	546 
528 	2735 	2115 
529 	943 	1843 
530 	333 	1571 
531 	783 	1299 
532 	2558 	544 
533 	2286 	994 
534 	2014 	1394 
535 	1742 	1122 
536 	781 	2971 
537 	171 	2699 
538 	1836 	992 
539 	1564 	382 
540 	1293 	832 
541 	3142 	2522 
542 	169 	2250 
543 	619 	1977 
544 	9 	380 
545 	2964 	830 
546 	2692 	220 
547 	2421 	1800 
548 	617 	1528 
549 	7 	1256 
550 	457 	3105 
551 	2243 	218 
552 	1971 	668 
553 	1699 	1079 
554 	1427 	2928 
555 	455 	2656 
556 	905 	2384 
557 	1521 	666 
558 	1250 	56 
559 	3099 	506 
560 	2827 	2207 
561 	903 	1934 
562 	293 	1663 
563 	743 	1391 
564 	2649 	504 
565 	2378 	954 
566 	2105 	1485 
567 	1833 	1213 
568 	741 	3062 
569 	131 	2791 
570 	1928 	952 
571 	1656 	342 
572 	1384 	792 
573 	1112 	2613 
574 	129 	2341 
575 	579 	2069 
576 	1029 	1797 
577 	3056 	790 
578 	2784 	180 
579 	2512 	1891 
580 	2240 	1620 
581 	1027 	1348 
582 	417 	1076 
583 	2335 	178 
584 	2062 	628 
585 	1790 	18 
586 	1519 	3019 
587 	415 	2748 
588 	865 	2476 
589 	255 	626 
590 	1341 	16 
591 	1069 	466 
592 	2918 	2298 
593 	863 	2026 
594 	253 	1754 
595 	703 	1482 
596 	2741 	464 
597 	2469 	914 
598 	2197 	1577 
599 	1925 	1305 
600 	701 	3154 
601 	91 	2882 
602 	2019 	912 
603 	1747 	302 
604 	1476 	752 
605 	1204 	2704 
606 	89 	2433 
607 	539 	2161 
608 	989 	1889 
609 	3147 	750 
610 	2875 	140 
611 	2604 	1983 
612 	2332 	1711 
613 	987 	1439 
614 	377 	1168 
615 	2426 	138 
616 	2154 	588 
617 	1882 	1038 
618 	1610 	3111 
619 	375 	2839 
620 	825 	2567 
621 	215 	2296 
622 	1433 	1036 
623 	1161 	426 
624 	3010 	2390 
625 	2738 	2117 
626 	213 	1846 
627 	663 	1574 
628 	2832 	424 
629 	2561 	874 
630 	2289 	264 
631 	2016 	1396 
632 	661 	1125 
633 	51 	2974 
634 	501 	872 
635 	1839 	262 
636 	1567 	712 
637 	1295 	2796 
638 	49 	2524 
639 	499 	2252 
640 	949 	1980 
641 	1118 	710 
642 	2967 	100 
643 	2695 	2074 
644 	2423 	1803 
645 	947 	1531 
646 	337 	1259 
647 	2517 	98 
648 	2246 	548 
649 	1973 	998 
650 	1702 	1082 
651 	335 	2930 
652 	785 	2659 
653 	175 	2387 
654 	1524 	996 
655 	1252 	386 
656 	3101 	2481 
657 	2830 	2209 
658 	173 	1937 
659 	623 	1665 
660 	2924 	384 
661 	2652 	834 
662 	2380 	224 
663 	2108 	1488 
664 	621 	1216 
665 	11 	3065 
666 	461 	2793 
667 	1930 	222 
668 	1659 	672 
669 	1387 	2887 
670 	1115 	2616 
671 	459 	2344 
672 	909 	2072 
673 	1209 	670 
674 	3058 	60 
675 	2787 	510 
676 	2515 	1894 
677 	907 	1622 
678 	297 	1351 
679 	747 	58 
680 	2337 	508 
681 	2065 	958 
682 	1793 	1173 
683 	295 	3022 
684 	745 	2750 
685 	135 	2478 
686 	1616 	956 
687 	1344 	346 
688 	1072 	2573 
689 	2921 	2301 
690 	133 	2029 
691 	583 	1757 
692 	3015 	344 
693 	2743 	794 
694 	2472 	184 
695 	2200 	1579 
696 	581 	1308 
697 	1031 	3156 
698 	421 	2885 
699 	2022 	182 
700 	1750 	632 
701 	1478 	2979 
702 	1207 	2707 
703 	419 	2435 
704 	869 	2164 
705 	1301 	630 
706 	3150 	20 
707 	2878 	470 
708 	2606 	1985 
709 	867 	1714 
710 	257 	1442 
711 	707 	1170 
712 	2429 	468 
713 	2157 	918 
714 	1885 	1264 
715 	1613 	3113 
716 	705 	2842 
717 	95 	2570 
718 	1707 	916 
719 	1435 	306 
720 	1164 	756 
721 	3013 	2392 
722 	93 	2121 
723 	543 	1848 
724 	993 	304 
725 	2835 	754 
726 	2563 	144 
727 	2292 	1671 
728 	541 	1399 
729 	991 	1127 
730 	381 	2976 
731 	2113 	142 
732 	1842 	592 
733 	1570 	3070 
734 	1298 	2799 
735 	379 	2527 
736 	829 	2255 
737 	1392 	590 
738 	1121 	1040 
739 	2969 	430 
740 	2698 	2077 
741 	827 	1805 
742 	217 	1534 
743 	667 	1262 
744 	2520 	428 
745 	2248 	878 
746 	1976 	1356 
747 	1704 	1084 
748 	665 	2933 
749 	55 	2661 
750 	1799 	876 
751 	1527 	266 
752 	1255 	716 
753 	3104 	2484 
754 	53 	2212 
755 	503 	1940 
756 	953 	1668 
757 	2926 	714 
758 	2655 	104 
759 	2383 	1762 
760 	2111 	1490 
761 	951 	1219 
762 	341 	3068 
763 	2205 	102 
764 	1933 	552 
765 	1661 	1002 
766 	1390 	2890 
767 	339 	2618 
768 	789 	2347 
769 	179 	550 
770 	1212 	1000 
771 	3061 	390 
772 	2789 	2169 
773 	787 	1897 
774 	177 	1625 
775 	627 	1353 
776 	2612 	388 
777 	2340 	838 
778 	2068 	1447 
779 	1796 	1176 
780 	625 	3025 
781 	15 	2753 
782 	1890 	836 
783 	1618 	226 
784 	1347 	676 
785 	1075 	2575 
786 	13 	2304 
787 	463 	2031 
788 	913 	1759 
789 	3018 	674 
790 	2746 	64 
791 	2474 	1854 
792 	2203 	1582 
793 	911 	1310 
794 	301 	3159 
795 	2297 	62 
796 	2024 	512 
797 	1753 	962 
798 	1481 	2982 
799 	299 	2710 
800 	749 	2438 
801 	139 	2166 
802 	1303 	960 
803 	3152 	350 
804 	2881 	2261 
805 	2609 	1988 
806 	137 	1716 
807 	587 	1445 
808 	2703 	348 
809 	2431 	798 
810 	2160 	188 
811 	1887 	1267 
812 	585 	3116 
813 	1035 	2844 
814 	425 	796 
815 	1710 	186 
816 	1438 	636 
817 	1166 	2667 
818 	1033 	2395 
819 	423 	2123 
820 	873 	1851 
821 	3109 	634 
822 	2838 	24 
823 	2566 	1945 
824 	2294 	1673 
825 	871 	1402 
826 	261 	1130 
827 	2388 	22 
828 	2116 	472 
829 	1844 	922 
830 	1573 	3073 
831 	259 	2801 
832 	709 	2530 
833 	99 	2258 
834 	1395 	920 
835 	1123 	310 
836 	2972 	2352 
837 	2700 	2080 
838 	97 	1808 
839 	547 	1536 
840 	2795 	308 
841 	2523 	758 
842 	2251 	148 
843 	1979 	1359 
844 	545 	1087 
845 	995 	2936 
846 	385 	2664 
847 	1801 	146 
848 	1529 	596 
849 	1258 	2758 
850 	3107 	2487 
851 	383 	2215 
852 	833 	1942 
853 	1080 	594 
854 	2929 	1044 
855 	2657 	434 
856 	2386 	1765 
857 	831 	1493 
858 	221 	1221 
859 	671 	1042 
860 	2208 	432 
861 	1936 	882 
862 	1664 	3165 
863 	219 	2893 
864 	669 	2621 
865 	59 	2349 
866 	1486 	880 
867 	1215 	270 
868 	3064 	2444 
869 	2792 	2172 
870 	57 	1899 
871 	507 	1628 
872 	2886 	268 
873 	2614 	718 
874 	2343 	108 
875 	2070 	1450 
876 	505 	1178 
877 	955 	3027 
878 	345 	2756 
879 	1893 	106 
880 	1621 	556 
881 	1349 	2850 
882 	1077 	2578 
883 	343 	2306 
884 	793 	2034 
885 	1172 	554 
886 	3021 	1004 
887 	2749 	394 
888 	2477 	1856 
889 	791 	1585 
890 	181 	1313 
891 	631 	3162 
892 	2300 	392 
893 	2027 	842 
894 	1755 	1135 
895 	1484 	2984 
896 	629 	2713 
897 	19 	2441 
898 	1578 	840 
899 	1306 	230 
900 	3155 	680 
901 	2883 	2263 
902 	17 	1991 
903 	467 	1719 
904 	917 	228 
905 	2706 	678 
906 	2434 	68 
907 	2162 	1542 
908 	465 	1270 
909 	915 	3119 
910 	305 	2847 
911 	1984 	66 
912 	1712 	516 
913 	1441 	2941 
914 	1169 	2670 
915 	303 	2398 
916 	753 	2126 
917 	1263 	514 
918 	3112 	964 
919 	2840 	354 
920 	2569 	1948 
921 	751 	1676 
922 	141 	1404 
923 	591 	1133 
924 	2391 	352 
925 	2119 	802 
926 	1847 	1227 
927 	1575 	3076 
928 	589 	2804 
929 	1039 	2532 
930 	1669 	800 
931 	1398 	190 
932 	1126 	640 
933 	2975 	2355 
934 	1037 	2082 
935 	427 	1811 
936 	877 	1539 
937 	2797 	638 
938 	2526 	28 
939 	2254 	1633 
940 	1981 	1361 
941 	875 	1090 
942 	265 	2939 
943 	2076 	26 
944 	1804 	476 
945 	1532 	926 
946 	1260 	2761 
947 	263 	2489 
948 	713 	2218 
949 	103 	474 
950 	1083 	924 
951 	2932 	314 
952 	2660 	2039 
953 	711 	1768 
954 	101 	1496 
955 	551 	1224 
956 	2483 	312 
957 	2211 	762 
958 	1938 	1318 
959 	1667 	3167 
960 	549 	2895 
961 	999 	2624 
962 	1761 	760 
963 	1489 	150 
964 	1217 	600 
965 	3066 	2446 
966 	997 	2174 
967 	387 	1902 
968 	837 	1630 
969 	2889 	598 
970 	2617 	1048 
971 	2345 	1725 
972 	2073 	1453 
973 	835 	1181 
974 	225 	3030 
975 	2168 	1046 
976 	1895 	436 
977 	1624 	886 
978 	1352 	2852 
979 	223 	2581 
980 	673 	2309 
981 	63 	2037 
982 	1174 	884 
983 	3023 	274 
984 	2752 	2131 
985 	2480 	1859 
986 	61 	1587 
987 	511 	1316 
988 	2574 	272 
989 	2302 	722 
990 	2030 	112 
991 	1758 	1138 
992 	509 	2987 
993 	959 	2715 
994 	349 	720 
995 	1581 	110 
996 	1309 	560 
997 	3158 	2538 
998 	957 	2266 
999 	347 	1994 
1000 	797 	1722 
1001 	2980 	558 
1002 	2709 	1008 
1003 	2437 	1816 
1004 	2165 	1544 
1005 	795 	1273 
1006 	185 	3121 
1007 	2259 	1006 
1008 	1987 	396 
1009 	1715 	846 
1010 	1443 	2944 
1011 	183 	2672 
1012 	633 	2400 
1013 	23 	2129 
1014 	1266 	844 
1015 	3115 	234 
1016 	2843 	2223 
1017 	2571 	1951 
1018 	21 	1679 
1019 	471 	1407 
1020 	2665 	232 
1021 	2394 	682 
1022 	2122 	72 
1023 	1850 	1229 
1024 	469 	3078 
1025 	919 	2807 
1026 	309 	2535 
1027 	1672 	70 
1028 	1400 	520 
1029 	1129 	2629 
1030 	2978 	2357 
1031 	307 	2085 
1032 	757 	1813 
1033 	3072 	518 
1034 	2800 	968 
1035 	2528 	358 
1036 	2257 	1636 
1037 	755 	1364 
1038 	145 	1092 
1039 	595 	966 
1040 	2078 	356 
1041 	1807 	806 
1042 	1535 	3035 
1043 	143 	2764 
1044 	593 	2492 
1045 	1043 	2220 
1046 	1357 	804 
1047 	1086 	194 
1048 	2935 	2314 
1049 	2663 	2042 
1050 	1041 	1770 
1051 	431 	1499 
1052 	2757 	192 
1053 	2485 	642 
1054 	2213 	32 
1055 	1941 	1321 
1056 	429 	3170 
1057 	879 	2898 
1058 	269 	2626 
1059 	1764 	30 
1060 	1492 	480 
1061 	1220 	2721 
1062 	3069 	2449 
1063 	267 	2177 
1064 	717 	1905 
1065 	3163 	478 
1066 	2891 	928 
1067 	2620 	318 
1068 	2348 	1727 
1069 	715 	1455 
1070 	105 	1184 
1071 	555 	3033 
1072 	2170 	316 
1073 	1898 	766 
1074 	1626 	3127 
1075 	1355 	2855 
1076 	553 	2583 
1077 	1003 	2312 
1078 	1449 	764 
1079 	1177 	154 
1080 	3026 	604 
1081 	2754 	2134 
1082 	1001 	1862 
1083 	391 	1590 
1084 	841 	152 
1085 	2577 	602 
1086 	2305 	1052 
1087 	2033 	1412 
1088 	389 	1141 
1089 	839 	2990 
1090 	229 	2718 
1091 	1855 	1050 
1092 	1583 	440 
1093 	1312 	2812 
1094 	3160 	2540 
1095 	227 	2269 
1096 	677 	1996 
1097 	1134 	438 
1098 	2983 	888 
1099 	2711 	278 
1100 	2439 	1819 
1101 	675 	1547 
1102 	65 	1275 
1103 	515 	3124 
1104 	2262 	276 
1105 	1990 	726 
1106 	1718 	1098 
1107 	1446 	2947 
1108 	513 	2675 
1109 	963 	2403 
1110 	1540 	724 
1111 	1269 	114 
1112 	3117 	564 
1113 	2846 	2226 
1114 	961 	1953 
1115 	351 	1681 
1116 	801 	1410 
1117 	2668 	562 
1118 	2396 	1012 
1119 	2125 	1504 
1120 	1852 	1232 
1121 	799 	3081 
1122 	189 	2809 
1123 	1946 	1010 
1124 	1675 	400 
1125 	1403 	850 
1126 	1131 	2632 
1127 	187 	2360 
1128 	637 	2088 
1129 	27 	398 
1130 	3074 	848 
1131 	2803 	238 
1132 	2531 	1910 
1133 	635 	1638 
1134 	25 	1367 
1135 	475 	1095 
1136 	2353 	236 
1137 	2081 	686 
1138 	1809 	1189 
1139 	1538 	3038 
1140 	473 	2766 
1141 	923 	2495 
1142 	1632 	684 
1143 	1360 	74 
1144 	1088 	524 
1145 	2937 	2317 
1146 	921 	2045 
1147 	311 	1773 
1148 	761 	1501 
1149 	2760 	522 
1150 	2488 	972 
1151 	2216 	1595 
1152 	1944 	1324 
1153 	759 	3173 
1154 	149 	2901 
1155 	2038 	970 
1156 	1766 	360 
1157 	1494 	810 
1158 	1223 	2723 
1159 	147 	2452 
1160 	597 	2180 
1161 	1047 	1907 
1162 	3166 	808 
1163 	2894 	198 
1164 	2622 	2002 
1165 	2351 	1730 
1166 	1045 	1458 
1167 	435 	1186 
1168 	2445 	196 
1169 	2173 	646 
1170 	1901 	36 
1171 	1629 	3130 
1172 	433 	2858 
1173 	883 	2586 
1174 	273 	644 
1175 	1451 	34 
1176 	1180 	484 
1177 	3029 	2409 
1178 	881 	2137 
1179 	271 	1864 
1180 	721 	1593 
1181 	2851 	482 
1182 	2579 	932 
1183 	2308 	1687 
1184 	2035 	1415 
1185 	719 	1143 
1186 	109 	2992 
1187 	2130 	930 
1188 	1858 	320 
1189 	1586 	770 
1190 	1314 	2815 
1191 	107 	2543 
1192 	557 	2271 
1193 	1007 	1999 
1194 	1137 	768 
1195 	2986 	158 
1196 	2714 	2093 
1197 	2442 	1821 
1198 	1005 	1550 
1199 	395 	1278 
1200 	2536 	156 
1201 	2265 	606 
1202 	1992 	1056 
1203 	1720 	1100 
1204 	393 	2949 
1205 	843 	2678 
1206 	233 	2406 
1207 	1543 	1054 
1208 	1271 	444 
1209 	3120 	2500 
1210 	2848 	2228 
1211 	231 	1956 
1212 	681 	1684 
1213 	2943 	442 
1214 	2671 	892 
1215 	2399 	282 
1216 	2127 	1507 
1217 	679 	1235 
1218 	69 	3084 
1219 	519 	890 
1220 	1949 	280 
1221 	1677 	730 
1222 	1406 	2906 
1223 	67 	2635 
1224 	517 	2363 
1225 	967 	2090 
1226 	1228 	728 
1227 	3077 	118 
1228 	2805 	2185 
1229 	2534 	1913 
1230 	965 	1641 
1231 	355 	1369 
1232 	2628 	116 
1233 	2356 	566 
1234 	2084 	1016 
1235 	1812 	1192 
1236 	353 	3041 
1237 	803 	2769 
1238 	193 	2497 
1239 	1634 	1014 
1240 	1363 	404 
1241 	1091 	2591 
1242 	2940 	2320 
1243 	191 	2047 
1244 	641 	1776 
1245 	3034 	402 
1246 	2762 	852 
1247 	2491 	242 
1248 	2219 	1598 
1249 	639 	1326 
1250 	29 	3175 
1251 	479 	2904 
1252 	2041 	240 
1253 	1769 	690 
1254 	1497 	2998 
1255 	1225 	2726 
1256 	477 	2454 
1257 	927 	2183 
1258 	1320 	688 
1259 	3169 	78 
1260 	2897 	528 
1261 	2625 	2004 
1262 	925 	1733 
1263 	315 	1461 
1264 	765 	76 
1265 	2448 	526 
1266 	2176 	976 
1267 	1903 	1283 
1268 	313 	3132 
1269 	763 	2861 
1270 	153 	2589 
1271 	1726 	974 
1272 	1454 	364 
1273 	1182 	2683 
1274 	3031 	2411 
1275 	151 	2140 
1276 	601 	1867 
1277 	3126 	362 
1278 	2854 	812 
1279 	2582 	202 
1280 	2310 	1690 
1281 	599 	1418 
1282 	1049 	1146 
1283 	439 	2995 
1284 	2133 	200 
1285 	1860 	650 
1286 	1589 	3089 
1287 	1317 	2817 
1288 	437 	2546 
1289 	887 	2274 
1290 	1411 	648 
1291 	1139 	38 
1292 	2988 	488 
1293 	2717 	2096 
1294 	885 	1824 
1295 	275 	1552 
1296 	725 	1281 
1297 	2539 	486 
1298 	2267 	936 
1299 	1995 	1375 
1300 	1723 	1103 
1301 	723 	2952 
1302 	113 	2680 
1303 	1817 	934 
1304 	1546 	324 
1305 	1274 	774 
1306 	3123 	2503 
1307 	111 	2231 
1308 	561 	1959 
1309 	1011 	322 
1310 	2945 	772 
1311 	2674 	162 
1312 	2402 	1781 
1313 	559 	1509 
1314 	1009 	1238 
1315 	399 	3087 
1316 	2224 	160 
1317 	1952 	610 
