FR80T5X64H1
Channel Interleaving, Puncturing and Mapping to 64-QAM
User data=3520, with flush=3524, Channel Symbols=1024, Channel Bits=6144, p=1310, q=1310, Coding Rate=0.572917

Symbol	b5 	b4 	b3 	b2 	b1 	b0 
0 	0 	636 	6774 	2177 	2813 	4081 
1 	798 	6962 	3712 	2975 	4269 	8069 
2 	960 	7152 	3901 	3137 	4457 	8257 
3 	1122 	7340 	4089 	3299 	4646 	8445 
4 	1284 	7528 	4277 	3461 	4834 	8634 
5 	1446 	7716 	4466 	99 	5022 	8822 
6 	1608 	2244 	4654 	261 	897 	9010 
7 	1770 	2406 	4842 	423 	1059 	9199 
8 	1932 	2568 	5030 	585 	1221 	9387 
9 	2094 	2730 	5219 	747 	1383 	9575 
10 	2256 	2892 	5407 	909 	1545 	9764 
11 	2418 	3054 	5595 	1071 	1707 	9952 
12 	2580 	3216 	5784 	1233 	1869 	10140 
13 	2742 	3378 	5972 	1395 	2031 	10329 
14 	2904 	16 	6160 	1557 	2193 	10517 
15 	3066 	178 	6349 	1719 	2355 	3656 
16 	3228 	340 	6537 	1881 	2517 	3844 
17 	3390 	502 	6725 	2043 	2679 	4032 
18 	28 	664 	6913 	2205 	2841 	4221 
19 	826 	7103 	3852 	3003 	4409 	8209 
20 	988 	7291 	4040 	3165 	4597 	8397 
21 	1150 	7480 	4229 	3327 	4786 	8585 
22 	1312 	7668 	4417 	3489 	4974 	8774 
23 	1474 	7856 	4605 	127 	5162 	8962 
24 	1636 	2272 	4794 	289 	925 	9150 
25 	1798 	2434 	4982 	451 	1087 	9339 
26 	1960 	2596 	5170 	613 	1249 	9527 
27 	2122 	2758 	5359 	775 	1411 	9715 
28 	2284 	2920 	5547 	937 	1573 	9904 
29 	2446 	3082 	5735 	1099 	1735 	10092 
30 	2608 	3244 	5924 	1261 	1897 	10280 
31 	2770 	3406 	6112 	1423 	2059 	10468 
32 	2932 	44 	6300 	1585 	2221 	3607 
33 	3094 	206 	6488 	1747 	2383 	3796 
34 	3256 	368 	6677 	1909 	2545 	3984 
35 	3418 	530 	6865 	2071 	2707 	4172 
36 	56 	692 	7055 	2233 	2869 	4361 
37 	218 	854 	7243 	2395 	3031 	4549 
38 	1016 	7431 	4180 	3193 	4737 	8537 
39 	1178 	7620 	4369 	3355 	4926 	8725 
40 	1340 	7808 	4557 	3517 	5114 	8914 
41 	1502 	7996 	4745 	155 	5302 	9102 
42 	1664 	8185 	4934 	317 	5490 	9290 
43 	1826 	2462 	5122 	479 	1115 	9478 
44 	1988 	2624 	5310 	641 	1277 	9667 
45 	2150 	2786 	5499 	803 	1439 	9855 
46 	2312 	2948 	5687 	965 	1601 	10043 
47 	2474 	3110 	5875 	1127 	1763 	10232 
48 	2636 	3272 	6063 	1289 	1925 	10420 
49 	2798 	3434 	6252 	1451 	2087 	3559 
50 	2960 	72 	6440 	1613 	2249 	3747 
51 	3122 	234 	6628 	1775 	2411 	3936 
52 	3284 	396 	6817 	1937 	2573 	4124 
53 	3446 	558 	7005 	2099 	2735 	4312 
54 	84 	720 	7195 	2261 	2897 	4500 
55 	246 	882 	7383 	2423 	3059 	4689 
56 	1044 	7571 	4320 	3221 	4877 	8677 
57 	1206 	7760 	4509 	3383 	5065 	8865 
58 	1368 	7948 	4697 	21 	5254 	9053 
59 	1530 	8136 	4885 	183 	5442 	9242 
60 	1692 	8324 	5073 	345 	5630 	9430 
61 	1854 	8513 	5262 	507 	5819 	9618 
62 	2016 	2652 	5450 	669 	1305 	9807 
63 	2178 	2814 	5638 	831 	1467 	9995 
64 	2340 	2976 	5827 	993 	1629 	10183 
65 	2502 	3138 	6015 	1155 	1791 	10372 
66 	2664 	3300 	6203 	1317 	1953 	10560 
67 	2826 	3462 	6392 	1479 	2115 	3699 
68 	2988 	100 	6580 	1641 	2277 	3887 
69 	3150 	262 	6768 	1803 	2439 	4075 
70 	3312 	424 	6957 	1965 	2601 	4264 
71 	3474 	586 	7146 	2127 	2763 	4452 
72 	112 	748 	7334 	2289 	2925 	4640 
73 	274 	910 	7523 	2451 	3087 	4829 
74 	436 	1072 	7711 	2613 	3249 	5017 
75 	1234 	7899 	4648 	3411 	5205 	9005 
76 	1396 	8088 	4837 	49 	5394 	9193 
77 	1558 	8276 	5025 	211 	5582 	9382 
78 	1720 	8464 	5213 	373 	5770 	9570 
79 	1882 	8653 	5402 	535 	5959 	9758 
80 	2044 	2680 	5590 	697 	1333 	9947 
81 	2206 	2842 	5778 	859 	1495 	10135 
82 	2368 	3004 	5967 	1021 	1657 	10323 
83 	2530 	3166 	6155 	1183 	1819 	10511 
84 	2692 	3328 	6343 	1345 	1981 	3650 
85 	2854 	3490 	6532 	1507 	2143 	3839 
86 	3016 	128 	6720 	1669 	2305 	4027 
87 	3178 	290 	6908 	1831 	2467 	4215 
88 	3340 	452 	7098 	1993 	2629 	4404 
89 	3502 	614 	7286 	2155 	2791 	4592 
90 	140 	776 	7474 	2317 	2953 	4780 
91 	302 	938 	7663 	2479 	3115 	4969 
92 	464 	1100 	7851 	2641 	3277 	5157 
93 	626 	1262 	8039 	2803 	3439 	5345 
94 	1424 	8228 	4977 	77 	5533 	9333 
95 	1586 	8416 	5165 	239 	5722 	9522 
96 	1748 	8604 	5353 	401 	5910 	9710 
97 	1910 	8793 	5542 	563 	6098 	9898 
98 	2072 	8981 	5730 	725 	6287 	10086 
99 	2234 	2870 	5918 	887 	1523 	10275 
100 	2396 	3032 	6106 	1049 	1685 	10463 
101 	2558 	3194 	6295 	1211 	1847 	3602 
102 	2720 	3356 	6483 	1373 	2009 	3790 
103 	2882 	3518 	6671 	1535 	2171 	3979 
104 	3044 	156 	6860 	1697 	2333 	4167 
105 	3206 	318 	7049 	1859 	2495 	4355 
106 	3368 	480 	7238 	2021 	2657 	4544 
107 	6 	642 	7426 	2183 	2819 	4732 
108 	168 	804 	7614 	2345 	2981 	4920 
109 	330 	966 	7803 	2507 	3143 	5108 
110 	492 	1128 	7991 	2669 	3305 	5297 
111 	654 	1290 	8179 	2831 	3467 	5485 
112 	1452 	8367 	5117 	105 	5673 	9473 
113 	1614 	8556 	5305 	267 	5862 	9661 
114 	1776 	8744 	5493 	429 	6050 	9850 
115 	1938 	8932 	5681 	591 	6238 	10038 
116 	2100 	9121 	5870 	753 	6427 	10226 
117 	2262 	2898 	6058 	915 	1551 	10415 
118 	2424 	3060 	6246 	1077 	1713 	3554 
119 	2586 	3222 	6435 	1239 	1875 	3742 
120 	2748 	3384 	6623 	1401 	2037 	3930 
121 	2910 	22 	6811 	1563 	2199 	4119 
122 	3072 	184 	7000 	1725 	2361 	4307 
123 	3234 	346 	7189 	1887 	2523 	4495 
124 	3396 	508 	7378 	2049 	2685 	4683 
125 	34 	670 	7566 	2211 	2847 	4872 
126 	196 	832 	7754 	2373 	3009 	5060 
127 	358 	994 	7942 	2535 	3171 	5248 
128 	520 	1156 	8131 	2697 	3333 	5437 
129 	682 	1318 	8319 	2859 	3495 	5625 
130 	844 	1480 	8507 	3021 	133 	5813 
131 	1642 	8696 	5445 	295 	6002 	9801 
132 	1804 	8884 	5633 	457 	6190 	9990 
133 	1966 	9072 	5821 	619 	6378 	10178 
134 	2128 	9261 	6010 	781 	6566 	10366 
135 	2290 	9449 	6198 	943 	6755 	10555 
136 	2452 	3088 	6386 	1105 	1741 	3693 
137 	2614 	3250 	6575 	1267 	1903 	3882 
138 	2776 	3412 	6763 	1429 	2065 	4070 
139 	2938 	50 	6951 	1591 	2227 	4258 
140 	3100 	212 	7141 	1753 	2389 	4447 
141 	3262 	374 	7329 	1915 	2551 	4635 
142 	3424 	536 	7517 	2077 	2713 	4823 
143 	62 	698 	7706 	2239 	2875 	5012 
144 	224 	860 	7894 	2401 	3037 	5200 
145 	386 	1022 	8082 	2563 	3199 	5388 
146 	548 	1184 	8271 	2725 	3361 	5577 
147 	710 	1346 	8459 	2887 	3523 	5765 
148 	872 	1508 	8647 	3049 	161 	5953 
149 	1670 	8836 	5585 	323 	6141 	9941 
150 	1832 	9024 	5773 	485 	6330 	10129 
151 	1994 	9212 	5961 	647 	6518 	10318 
152 	2156 	9400 	6150 	809 	6706 	10506 
153 	2318 	9589 	6338 	971 	6895 	3645 
154 	2480 	9777 	6526 	1133 	7084 	3833 
155 	2642 	3278 	6714 	1295 	1931 	4022 
156 	2804 	3440 	6903 	1457 	2093 	4210 
157 	2966 	78 	7092 	1619 	2255 	4398 
158 	3128 	240 	7281 	1781 	2417 	4587 
159 	3290 	402 	7469 	1943 	2579 	4775 
160 	3452 	564 	7657 	2105 	2741 	4963 
161 	90 	726 	7846 	2267 	2903 	5151 
162 	252 	888 	8034 	2429 	3065 	5340 
163 	414 	1050 	8222 	2591 	3227 	5528 
164 	576 	1212 	8411 	2753 	3389 	5716 
165 	738 	1374 	8599 	2915 	27 	5905 
166 	900 	1536 	8787 	3077 	189 	6093 
167 	1062 	1698 	8975 	3239 	351 	6281 
168 	1860 	9164 	5913 	513 	6470 	10269 
169 	2022 	9352 	6101 	675 	6658 	10458 
170 	2184 	9540 	6289 	837 	6846 	3597 
171 	2346 	9729 	6478 	999 	7035 	3785 
172 	2508 	9917 	6666 	1161 	7224 	3973 
173 	2670 	3306 	6854 	1323 	1959 	4162 
174 	2832 	3468 	7043 	1485 	2121 	4350 
175 	2994 	106 	7232 	1647 	2283 	4538 
176 	3156 	268 	7421 	1809 	2445 	4726 
177 	3318 	430 	7609 	1971 	2607 	4915 
178 	3480 	592 	7797 	2133 	2769 	5103 
179 	118 	754 	7985 	2295 	2931 	5291 
180 	280 	916 	8174 	2457 	3093 	5480 
181 	442 	1078 	8362 	2619 	3255 	5668 
182 	604 	1240 	8550 	2781 	3417 	5856 
183 	766 	1402 	8739 	2943 	55 	6045 
184 	928 	1564 	8927 	3105 	217 	6233 
185 	1090 	1726 	9115 	3267 	379 	6421 
186 	1252 	1888 	9304 	3429 	541 	6610 
187 	2050 	9492 	6241 	703 	6798 	3548 
188 	2212 	9680 	6429 	865 	6986 	3737 
189 	2374 	9869 	6618 	1027 	7176 	3925 
190 	2536 	10057 	6806 	1189 	7364 	4113 
191 	2698 	10245 	6994 	1351 	7552 	4301 
192 	2860 	3496 	7184 	1513 	2149 	4490 
193 	3022 	134 	7372 	1675 	2311 	4678 
194 	3184 	296 	7560 	1837 	2473 	4866 
195 	3346 	458 	7749 	1999 	2635 	5055 
196 	3508 	620 	7937 	2161 	2797 	5243 
197 	146 	782 	8125 	2323 	2959 	5431 
198 	308 	944 	8314 	2485 	3121 	5620 
199 	470 	1106 	8502 	2647 	3283 	5808 
200 	632 	1268 	8690 	2809 	3445 	5996 
201 	794 	1430 	8879 	2971 	83 	6184 
202 	956 	1592 	9067 	3133 	245 	6373 
203 	1118 	1754 	9255 	3295 	407 	6561 
204 	1280 	1916 	9444 	3457 	569 	6749 
205 	2078 	9632 	6381 	731 	6938 	3688 
206 	2240 	9820 	6569 	893 	7127 	3876 
207 	2402 	10008 	6757 	1055 	7316 	4065 
208 	2564 	10197 	6946 	1217 	7504 	4253 
209 	2726 	10385 	7135 	1379 	7692 	4441 
210 	2888 	3524 	7324 	1541 	7881 	4630 
211 	3050 	162 	7512 	1703 	2339 	4818 
212 	3212 	324 	7700 	1865 	2501 	5006 
213 	3374 	486 	7889 	2027 	2663 	5195 
214 	12 	648 	8077 	2189 	2825 	5383 
215 	174 	810 	8265 	2351 	2987 	5571 
216 	336 	972 	8454 	2513 	3149 	5759 
217 	498 	1134 	8642 	2675 	3311 	5948 
218 	660 	1296 	8830 	2837 	3473 	6136 
219 	822 	1458 	9018 	2999 	111 	6324 
220 	984 	1620 	9207 	3161 	273 	6513 
221 	1146 	1782 	9395 	3323 	435 	6701 
222 	1308 	1944 	9583 	3485 	597 	6889 
223 	1470 	2106 	9772 	123 	759 	7079 
224 	2268 	9960 	6709 	921 	7267 	4016 
225 	2430 	10148 	6897 	1083 	7456 	4205 
226 	2592 	10337 	7087 	1245 	7644 	4393 
227 	2754 	10525 	7275 	1407 	7832 	4581 
228 	2916 	3664 	7464 	1569 	8020 	4770 
229 	3078 	190 	7652 	1731 	2367 	4958 
230 	3240 	352 	7840 	1893 	2529 	5146 
231 	3402 	514 	8029 	2055 	2691 	5334 
232 	40 	676 	8217 	2217 	2853 	5523 
233 	202 	838 	8405 	2379 	3015 	5711 
234 	364 	1000 	8593 	2541 	3177 	5899 
235 	526 	1162 	8782 	2703 	3339 	6088 
236 	688 	1324 	8970 	2865 	3501 	6276 
237 	850 	1486 	9158 	3027 	139 	6464 
238 	1012 	1648 	9347 	3189 	301 	6653 
239 	1174 	1810 	9535 	3351 	463 	6841 
240 	1336 	1972 	9723 	3513 	625 	7029 
241 	1498 	2134 	9912 	151 	787 	7219 
242 	1660 	2296 	10100 	313 	949 	7407 
243 	2458 	10288 	7037 	1111 	7595 	4344 
244 	2620 	10477 	7227 	1273 	7784 	4533 
245 	2782 	3615 	7415 	1435 	7972 	4721 
246 	2944 	3804 	7604 	1597 	8160 	4909 
247 	3106 	3992 	7792 	1759 	8349 	5098 
248 	3268 	380 	7980 	1921 	2557 	5286 
249 	3430 	542 	8168 	2083 	2719 	5474 
250 	68 	704 	8357 	2245 	2881 	5663 
251 	230 	866 	8545 	2407 	3043 	5851 
252 	392 	1028 	8733 	2569 	3205 	6039 
253 	554 	1190 	8922 	2731 	3367 	6228 
254 	716 	1352 	9110 	2893 	5 	6416 
255 	878 	1514 	9298 	3055 	167 	6604 
256 	1040 	1676 	9487 	3217 	329 	6792 
257 	1202 	1838 	9675 	3379 	491 	6981 
258 	1364 	2000 	9863 	17 	653 	7170 
259 	1526 	2162 	10051 	179 	815 	7359 
260 	1688 	2324 	10240 	341 	977 	7547 
261 	2486 	10428 	7178 	1139 	7735 	4484 
262 	2648 	3567 	7367 	1301 	7924 	4673 
263 	2810 	3755 	7555 	1463 	8112 	4861 
264 	2972 	3944 	7743 	1625 	8300 	5049 
265 	3134 	4132 	7932 	1787 	8489 	5238 
266 	3296 	408 	8120 	1949 	2585 	5426 
267 	3458 	570 	8308 	2111 	2747 	5614 
268 	96 	732 	8497 	2273 	2909 	5802 
269 	258 	894 	8685 	2435 	3071 	5991 
270 	420 	1056 	8873 	2597 	3233 	6179 
271 	582 	1218 	9062 	2759 	3395 	6367 
272 	744 	1380 	9250 	2921 	33 	6556 
273 	906 	1542 	9438 	3083 	195 	6744 
274 	1068 	1704 	9626 	3245 	357 	6932 
275 	1230 	1866 	9815 	3407 	519 	7122 
276 	1392 	2028 	10003 	45 	681 	7310 
277 	1554 	2190 	10191 	207 	843 	7499 
278 	1716 	2352 	10380 	369 	1005 	7687 
279 	1878 	2514 	10568 	531 	1167 	7875 
280 	2676 	3707 	7507 	1329 	8064 	4813 
281 	2838 	3895 	7695 	1491 	8252 	5001 
282 	3000 	4084 	7883 	1653 	8440 	5189 
283 	3162 	4272 	8072 	1815 	8628 	5377 
284 	3324 	4460 	8260 	1977 	8817 	5566 
285 	3486 	598 	8448 	2139 	2775 	5754 
286 	124 	760 	8636 	2301 	2937 	5942 
287 	286 	922 	8825 	2463 	3099 	6131 
288 	448 	1084 	9013 	2625 	3261 	6319 
289 	610 	1246 	9201 	2787 	3423 	6507 
290 	772 	1408 	9390 	2949 	61 	6696 
291 	934 	1570 	9578 	3111 	223 	6884 
292 	1096 	1732 	9766 	3273 	385 	7074 
293 	1258 	1894 	9955 	3435 	547 	7262 
294 	1420 	2056 	10143 	73 	709 	7450 
295 	1582 	2218 	10331 	235 	871 	7638 
296 	1744 	2380 	10520 	397 	1033 	7827 
297 	1906 	2542 	3659 	559 	1195 	8015 
298 	2704 	3847 	7647 	1357 	8203 	4952 
299 	2866 	4035 	7835 	1519 	8392 	5141 
300 	3028 	4223 	8023 	1681 	8580 	5329 
301 	3190 	4412 	8211 	1843 	8768 	5517 
302 	3352 	4600 	8400 	2005 	8957 	5706 
303 	3514 	4788 	8588 	2167 	9145 	5894 
304 	152 	788 	8776 	2329 	2965 	6082 
305 	314 	950 	8965 	2491 	3127 	6271 
306 	476 	1112 	9153 	2653 	3289 	6459 
307 	638 	1274 	9341 	2815 	3451 	6647 
308 	800 	1436 	9530 	2977 	89 	6835 
309 	962 	1598 	9718 	3139 	251 	7024 
310 	1124 	1760 	9906 	3301 	413 	7213 
311 	1286 	1922 	10095 	3463 	575 	7402 
312 	1448 	2084 	10283 	101 	737 	7590 
313 	1610 	2246 	10471 	263 	899 	7778 
314 	1772 	2408 	3610 	425 	1061 	7967 
315 	1934 	2570 	3798 	587 	1223 	8155 
316 	2096 	2732 	3987 	749 	1385 	8343 
317 	2894 	4175 	7975 	1547 	8532 	5281 
318 	3056 	4363 	8163 	1709 	8720 	5469 
319 	3218 	4552 	8351 	1871 	8908 	5657 
320 	3380 	4740 	8540 	2033 	9096 	5846 
321 	18 	4928 	8728 	2195 	9285 	6034 
322 	180 	816 	8916 	2357 	2993 	6222 
323 	342 	978 	9105 	2519 	3155 	6410 
324 	504 	1140 	9293 	2681 	3317 	6599 
325 	666 	1302 	9481 	2843 	3479 	6787 
326 	828 	1464 	9669 	3005 	117 	6975 
327 	990 	1626 	9858 	3167 	279 	7165 
328 	1152 	1788 	10046 	3329 	441 	7353 
329 	1314 	1950 	10234 	3491 	603 	7542 
330 	1476 	2112 	10423 	129 	765 	7730 
331 	1638 	2274 	3562 	291 	927 	7918 
332 	1800 	2436 	3750 	453 	1089 	8107 
333 	1962 	2598 	3938 	615 	1251 	8295 
334 	2124 	2760 	4127 	777 	1413 	8483 
335 	2286 	2922 	4315 	939 	1575 	8671 
336 	3084 	4503 	8303 	1737 	8860 	5609 
337 	3246 	4691 	8491 	1899 	9048 	5797 
338 	3408 	4880 	8680 	2061 	9236 	5985 
339 	46 	5068 	8868 	2223 	9425 	6174 
340 	208 	5256 	9056 	2385 	9613 	6362 
341 	370 	1006 	9244 	2547 	3183 	6550 
342 	532 	1168 	9433 	2709 	3345 	6739 
343 	694 	1330 	9621 	2871 	3507 	6927 
344 	856 	1492 	9809 	3033 	145 	7117 
345 	1018 	1654 	9998 	3195 	307 	7305 
346 	1180 	1816 	10186 	3357 	469 	7493 
347 	1342 	1978 	10374 	3519 	631 	7682 
348 	1504 	2140 	10563 	157 	793 	7870 
349 	1666 	2302 	3702 	319 	955 	8058 
350 	1828 	2464 	3890 	481 	1117 	8246 
351 	1990 	2626 	4078 	643 	1279 	8435 
352 	2152 	2788 	4266 	805 	1441 	8623 
353 	2314 	2950 	4455 	967 	1603 	8811 
354 	3112 	4643 	8443 	1765 	9000 	5749 
355 	3274 	4831 	8631 	1927 	9188 	5937 
356 	3436 	5020 	8819 	2089 	9376 	6125 
357 	74 	5208 	9008 	2251 	9565 	6314 
358 	236 	5396 	9196 	2413 	9753 	6502 
359 	398 	1034 	9384 	2575 	3211 	6690 
360 	560 	1196 	9573 	2737 	3373 	6879 
361 	722 	1358 	9761 	2899 	11 	7068 
362 	884 	1520 	9949 	3061 	173 	7256 
363 	1046 	1682 	10138 	3223 	335 	7445 
364 	1208 	1844 	10326 	3385 	497 	7633 
365 	1370 	2006 	10514 	23 	659 	7821 
366 	1532 	2168 	3653 	185 	821 	8010 
367 	1694 	2330 	3841 	347 	983 	8198 
368 	1856 	2492 	4030 	509 	1145 	8386 
369 	2018 	2654 	4218 	671 	1307 	8575 
370 	2180 	2816 	4406 	833 	1469 	8763 
371 	2342 	2978 	4595 	995 	1631 	8951 
372 	2504 	3140 	4783 	1157 	1793 	9140 
373 	3302 	4971 	8771 	1955 	9328 	6077 
374 	3464 	5160 	8959 	2117 	9516 	6265 
375 	102 	5348 	9148 	2279 	9704 	6453 
376 	264 	5536 	9336 	2441 	9893 	6642 
377 	426 	5724 	9524 	2603 	10081 	6830 
378 	588 	1224 	9713 	2765 	3401 	7018 
379 	750 	1386 	9901 	2927 	39 	7208 
380 	912 	1548 	10089 	3089 	201 	7396 
381 	1074 	1710 	10277 	3251 	363 	7585 
382 	1236 	1872 	10466 	3413 	525 	7773 
383 	1398 	2034 	3605 	51 	687 	7961 
384 	1560 	2196 	3793 	213 	849 	8150 
385 	1722 	2358 	3981 	375 	1011 	8338 
386 	1884 	2520 	4170 	537 	1173 	8526 
387 	2046 	2682 	4358 	699 	1335 	8715 
388 	2208 	2844 	4546 	861 	1497 	8903 
389 	2370 	3006 	4735 	1023 	1659 	9091 
390 	2532 	3168 	4923 	1185 	1821 	9279 
391 	3330 	5111 	8911 	1983 	9468 	6217 
392 	3492 	5299 	9099 	2145 	9656 	6405 
393 	130 	5488 	9287 	2307 	9844 	6593 
394 	292 	5676 	9476 	2469 	10033 	6782 
395 	454 	5864 	9664 	2631 	10221 	6970 
396 	616 	6053 	9852 	2793 	10409 	7160 
397 	778 	1414 	10041 	2955 	67 	7348 
398 	940 	1576 	10229 	3117 	229 	7536 
399 	1102 	1738 	10417 	3279 	391 	7725 
400 	1264 	1900 	3556 	3441 	553 	7913 
401 	1426 	2062 	3745 	79 	715 	8101 
402 	1588 	2224 	3933 	241 	877 	8289 
403 	1750 	2386 	4121 	403 	1039 	8478 
404 	1912 	2548 	4310 	565 	1201 	8666 
405 	2074 	2710 	4498 	727 	1363 	8854 
406 	2236 	2872 	4686 	889 	1525 	9043 
407 	2398 	3034 	4874 	1051 	1687 	9231 
408 	2560 	3196 	5063 	1213 	1849 	9419 
409 	2722 	3358 	5251 	1375 	2011 	9608 
410 	3520 	5439 	9239 	2173 	9796 	6545 
411 	158 	5628 	9427 	2335 	9984 	6733 
412 	320 	5816 	9616 	2497 	10173 	6922 
413 	482 	6004 	9804 	2659 	10361 	7111 
414 	644 	6193 	9992 	2821 	10549 	7300 
415 	806 	1442 	10181 	2983 	95 	7488 
416 	968 	1604 	10369 	3145 	257 	7676 
417 	1130 	1766 	10557 	3307 	419 	7864 
418 	1292 	1928 	3696 	3469 	581 	8053 
419 	1454 	2090 	3884 	107 	743 	8241 
420 	1616 	2252 	4073 	269 	905 	8429 
421 	1778 	2414 	4261 	431 	1067 	8618 
422 	1940 	2576 	4449 	593 	1229 	8806 
423 	2102 	2738 	4638 	755 	1391 	8994 
424 	2264 	2900 	4826 	917 	1553 	9183 
425 	2426 	3062 	5014 	1079 	1715 	9371 
426 	2588 	3224 	5203 	1241 	1877 	9559 
427 	2750 	3386 	5391 	1403 	2039 	9747 
428 	2912 	24 	5579 	1565 	2201 	9936 
429 	186 	5768 	9567 	2363 	10124 	6873 
430 	348 	5956 	9756 	2525 	10312 	7063 
431 	510 	6144 	9944 	2687 	10501 	7251 
432 	672 	6332 	10132 	2849 	3640 	7439 
433 	834 	6521 	10320 	3011 	3828 	7628 
434 	996 	1632 	10509 	3173 	285 	7816 
435 	1158 	1794 	3648 	3335 	447 	8004 
436 	1320 	1956 	3836 	3497 	609 	8193 
437 	1482 	2118 	4024 	135 	771 	8381 
438 	1644 	2280 	4213 	297 	933 	8569 
439 	1806 	2442 	4401 	459 	1095 	8758 
440 	1968 	2604 	4589 	621 	1257 	8946 
441 	2130 	2766 	4778 	783 	1419 	9134 
442 	2292 	2928 	4966 	945 	1581 	9322 
443 	2454 	3090 	5154 	1107 	1743 	9511 
444 	2616 	3252 	5342 	1269 	1905 	9699 
445 	2778 	3414 	5531 	1431 	2067 	9887 
446 	2940 	52 	5719 	1593 	2229 	10076 
447 	214 	5907 	9707 	2391 	10264 	7013 
448 	376 	6096 	9895 	2553 	10452 	7203 
449 	538 	6284 	10084 	2715 	3591 	7391 
450 	700 	6472 	10272 	2877 	3780 	7579 
451 	862 	6661 	10460 	3039 	3968 	7768 
452 	1024 	6849 	3599 	3201 	4156 	7956 
453 	1186 	1822 	3788 	3363 	475 	8144 
454 	1348 	1984 	3976 	1 	637 	8333 
455 	1510 	2146 	4164 	163 	799 	8521 
456 	1672 	2308 	4353 	325 	961 	8709 
457 	1834 	2470 	4541 	487 	1123 	8897 
458 	1996 	2632 	4729 	649 	1285 	9086 
459 	2158 	2794 	4917 	811 	1447 	9274 
460 	2320 	2956 	5106 	973 	1609 	9462 
461 	2482 	3118 	5294 	1135 	1771 	9651 
462 	2644 	3280 	5482 	1297 	1933 	9839 
463 	2806 	3442 	5671 	1459 	2095 	10027 
464 	2968 	80 	5859 	1621 	2257 	10216 
465 	3130 	242 	6047 	1783 	2419 	10404 
466 	404 	6236 	10035 	2581 	3543 	7343 
467 	566 	6424 	10224 	2743 	3731 	7531 
468 	728 	6612 	10412 	2905 	3919 	7719 
469 	890 	6801 	3551 	3067 	4108 	7907 
470 	1052 	6989 	3739 	3229 	4296 	8096 
471 	1214 	1850 	3928 	3391 	503 	8284 
472 	1376 	2012 	4116 	29 	665 	8472 
473 	1538 	2174 	4304 	191 	827 	8661 
474 	1700 	2336 	4492 	353 	989 	8849 
475 	1862 	2498 	4681 	515 	1151 	9037 
476 	2024 	2660 	4869 	677 	1313 	9226 
477 	2186 	2822 	5057 	839 	1475 	9414 
478 	2348 	2984 	5246 	1001 	1637 	9602 
479 	2510 	3146 	5434 	1163 	1799 	9791 
480 	2672 	3308 	5622 	1325 	1961 	9979 
481 	2834 	3470 	5811 	1487 	2123 	10167 
482 	2996 	108 	5999 	1649 	2285 	10355 
483 	3158 	270 	6187 	1811 	2447 	10544 
484 	3320 	432 	6375 	1973 	2609 	3683 
485 	594 	6564 	10364 	2771 	3871 	7671 
486 	756 	6752 	10552 	2933 	4059 	7859 
487 	918 	6940 	3691 	3095 	4248 	8047 
488 	1080 	7130 	3879 	3257 	4436 	8236 
489 	1242 	7318 	4067 	3419 	4624 	8424 
490 	1404 	2040 	4256 	57 	693 	8612 
491 	1566 	2202 	4444 	219 	855 	8801 
492 	1728 	2364 	4632 	381 	1017 	8989 
493 	1890 	2526 	4821 	543 	1179 	9177 
494 	2052 	2688 	5009 	705 	1341 	9366 
495 	2214 	2850 	5197 	867 	1503 	9554 
496 	2376 	3012 	5386 	1029 	1665 	9742 
497 	2538 	3174 	5574 	1191 	1827 	9930 
498 	2700 	3336 	5762 	1353 	1989 	10119 
499 	2862 	3498 	5950 	1515 	2151 	10307 
500 	3024 	136 	6139 	1677 	2313 	10495 
501 	3186 	298 	6327 	1839 	2475 	3634 
502 	3348 	460 	6515 	2001 	2637 	3823 
503 	622 	6704 	10503 	2799 	4011 	7811 
504 	784 	6892 	3642 	2961 	4199 	7999 
505 	946 	7082 	3831 	3123 	4388 	8187 
506 	1108 	7270 	4019 	3285 	4576 	8376 
507 	1270 	7458 	4207 	3447 	4764 	8564 
508 	1432 	2068 	4396 	85 	721 	8752 
509 	1594 	2230 	4584 	247 	883 	8940 
510 	1756 	2392 	4772 	409 	1045 	9129 
511 	1918 	2554 	4961 	571 	1207 	9317 
512 	2080 	2716 	5149 	733 	1369 	9505 
513 	2242 	2878 	5337 	895 	1531 	9694 
514 	2404 	3040 	5525 	1057 	1693 	9882 
515 	2566 	3202 	5714 	1219 	1855 	10070 
516 	2728 	3364 	5902 	1381 	2017 	10259 
517 	2890 	2 	6090 	1543 	2179 	10447 
518 	3052 	164 	6279 	1705 	2341 	3586 
519 	3214 	326 	6467 	1867 	2503 	3774 
520 	3376 	488 	6655 	2029 	2665 	3962 
521 	14 	650 	6844 	2191 	2827 	4151 
522 	812 	7032 	3782 	2989 	4339 	8139 
523 	974 	7222 	3971 	3151 	4527 	8327 
524 	1136 	7410 	4159 	3313 	4716 	8515 
525 	1298 	7598 	4347 	3475 	4904 	8704 
526 	1460 	7786 	4535 	113 	5092 	8892 
527 	1622 	2258 	4724 	275 	911 	9080 
528 	1784 	2420 	4912 	437 	1073 	9269 
529 	1946 	2582 	5100 	599 	1235 	9457 
530 	2108 	2744 	5289 	761 	1397 	9645 
531 	2270 	2906 	5477 	923 	1559 	9834 
532 	2432 	3068 	5665 	1085 	1721 	10022 
533 	2594 	3230 	5854 	1247 	1883 	10210 
534 	2756 	3392 	6042 	1409 	2045 	10398 
535 	2918 	30 	6230 	1571 	2207 	3537 
536 	3080 	192 	6419 	1733 	2369 	3726 
537 	3242 	354 	6607 	1895 	2531 	3914 
538 	3404 	516 	6795 	2057 	2693 	4102 
539 	42 	678 	6983 	2219 	2855 	4291 
540 	840 	7173 	3922 	3017 	4479 	8279 
541 	1002 	7361 	4110 	3179 	4667 	8467 
542 	1164 	7550 	4299 	3341 	4856 	8655 
543 	1326 	7738 	4487 	3503 	5044 	8844 
544 	1488 	7926 	4675 	141 	5232 	9032 
545 	1650 	8115 	4864 	303 	5421 	9220 
546 	1812 	2448 	5052 	465 	1101 	9409 
547 	1974 	2610 	5240 	627 	1263 	9597 
548 	2136 	2772 	5429 	789 	1425 	9785 
549 	2298 	2934 	5617 	951 	1587 	9973 
550 	2460 	3096 	5805 	1113 	1749 	10162 
551 	2622 	3258 	5993 	1275 	1911 	10350 
552 	2784 	3420 	6182 	1437 	2073 	10538 
553 	2946 	58 	6370 	1599 	2235 	3677 
554 	3108 	220 	6558 	1761 	2397 	3866 
555 	3270 	382 	6747 	1923 	2559 	4054 
556 	3432 	544 	6935 	2085 	2721 	4242 
557 	70 	706 	7125 	2247 	2883 	4431 
558 	232 	868 	7313 	2409 	3045 	4619 
559 	1030 	7501 	4250 	3207 	4807 	8607 
560 	1192 	7690 	4439 	3369 	4995 	8795 
561 	1354 	7878 	4627 	7 	5184 	8984 
562 	1516 	8066 	4815 	169 	5372 	9172 
563 	1678 	8254 	5004 	331 	5560 	9360 
564 	1840 	2476 	5192 	493 	1129 	9548 
565 	2002 	2638 	5380 	655 	1291 	9737 
566 	2164 	2800 	5568 	817 	1453 	9925 
567 	2326 	2962 	5757 	979 	1615 	10113 
568 	2488 	3124 	5945 	1141 	1777 	10302 
569 	2650 	3286 	6133 	1303 	1939 	10490 
570 	2812 	3448 	6322 	1465 	2101 	3629 
571 	2974 	86 	6510 	1627 	2263 	3817 
572 	3136 	248 	6698 	1789 	2425 	4006 
573 	3298 	410 	6887 	1951 	2587 	4194 
574 	3460 	572 	7076 	2113 	2749 	4382 
575 	98 	734 	7265 	2275 	2911 	4570 
576 	260 	896 	7453 	2437 	3073 	4759 
577 	422 	1058 	7641 	2599 	3235 	4947 
578 	1220 	7829 	4579 	3397 	5135 	8935 
579 	1382 	8018 	4767 	35 	5324 	9123 
580 	1544 	8206 	4955 	197 	5512 	9312 
581 	1706 	8394 	5143 	359 	5700 	9500 
582 	1868 	8583 	5332 	521 	5889 	9688 
583 	2030 	2666 	5520 	683 	1319 	9877 
584 	2192 	2828 	5708 	845 	1481 	10065 
585 	2354 	2990 	5897 	1007 	1643 	10253 
586 	2516 	3152 	6085 	1169 	1805 	10442 
587 	2678 	3314 	6273 	1331 	1967 	3580 
588 	2840 	3476 	6462 	1493 	2129 	3769 
589 	3002 	114 	6650 	1655 	2291 	3957 
590 	3164 	276 	6838 	1817 	2453 	4145 
591 	3326 	438 	7026 	1979 	2615 	4334 
592 	3488 	600 	7216 	2141 	2777 	4522 
593 	126 	762 	7404 	2303 	2939 	4710 
594 	288 	924 	7593 	2465 	3101 	4899 
595 	450 	1086 	7781 	2627 	3263 	5087 
596 	1248 	7969 	4718 	3425 	5275 	9075 
597 	1410 	8158 	4907 	63 	5464 	9263 
598 	1572 	8346 	5095 	225 	5652 	9452 
599 	1734 	8534 	5283 	387 	5840 	9640 
600 	1896 	8723 	5472 	549 	6028 	9828 
601 	2058 	2694 	5660 	711 	1347 	10016 
602 	2220 	2856 	5848 	873 	1509 	10205 
603 	2382 	3018 	6037 	1035 	1671 	10393 
604 	2544 	3180 	6225 	1197 	1833 	3532 
605 	2706 	3342 	6413 	1359 	1995 	3720 
606 	2868 	3504 	6601 	1521 	2157 	3909 
607 	3030 	142 	6790 	1683 	2319 	4097 
608 	3192 	304 	6978 	1845 	2481 	4285 
609 	3354 	466 	7168 	2007 	2643 	4474 
610 	3516 	628 	7356 	2169 	2805 	4662 
611 	154 	790 	7544 	2331 	2967 	4850 
612 	316 	952 	7733 	2493 	3129 	5039 
613 	478 	1114 	7921 	2655 	3291 	5227 
614 	640 	1276 	8109 	2817 	3453 	5415 
615 	1438 	8298 	5047 	91 	5603 	9403 
616 	1600 	8486 	5235 	253 	5792 	9591 
617 	1762 	8674 	5423 	415 	5980 	9780 
618 	1924 	8862 	5611 	577 	6168 	9968 
619 	2086 	9051 	5800 	739 	6357 	10156 
620 	2248 	2884 	5988 	901 	1537 	10345 
621 	2410 	3046 	6176 	1063 	1699 	10533 
622 	2572 	3208 	6365 	1225 	1861 	3672 
623 	2734 	3370 	6553 	1387 	2023 	3860 
624 	2896 	8 	6741 	1549 	2185 	4049 
625 	3058 	170 	6930 	1711 	2347 	4237 
626 	3220 	332 	7119 	1873 	2509 	4425 
627 	3382 	494 	7308 	2035 	2671 	4613 
628 	20 	656 	7496 	2197 	2833 	4802 
629 	182 	818 	7684 	2359 	2995 	4990 
630 	344 	980 	7873 	2521 	3157 	5178 
631 	506 	1142 	8061 	2683 	3319 	5367 
632 	668 	1304 	8249 	2845 	3481 	5555 
633 	830 	1466 	8437 	3007 	119 	5743 
634 	1628 	8626 	5375 	281 	5932 	9731 
635 	1790 	8814 	5563 	443 	6120 	9920 
636 	1952 	9002 	5751 	605 	6308 	10108 
637 	2114 	9191 	5940 	767 	6497 	10296 
638 	2276 	9379 	6128 	929 	6685 	10485 
639 	2438 	3074 	6316 	1091 	1727 	3624 
640 	2600 	3236 	6505 	1253 	1889 	3812 
641 	2762 	3398 	6693 	1415 	2051 	4000 
642 	2924 	36 	6881 	1577 	2213 	4188 
643 	3086 	198 	7071 	1739 	2375 	4377 
644 	3248 	360 	7259 	1901 	2537 	4565 
645 	3410 	522 	7447 	2063 	2699 	4753 
646 	48 	684 	7636 	2225 	2861 	4942 
647 	210 	846 	7824 	2387 	3023 	5130 
648 	372 	1008 	8012 	2549 	3185 	5318 
649 	534 	1170 	8201 	2711 	3347 	5507 
650 	696 	1332 	8389 	2873 	3509 	5695 
651 	858 	1494 	8577 	3035 	147 	5883 
652 	1656 	8766 	5515 	309 	6072 	9871 
653 	1818 	8954 	5703 	471 	6260 	10060 
654 	1980 	9142 	5891 	633 	6448 	10248 
655 	2142 	9331 	6080 	795 	6636 	10436 
656 	2304 	9519 	6268 	957 	6825 	3575 
657 	2466 	3102 	6456 	1119 	1755 	3763 
658 	2628 	3264 	6644 	1281 	1917 	3952 
659 	2790 	3426 	6833 	1443 	2079 	4140 
660 	2952 	64 	7021 	1605 	2241 	4328 
661 	3114 	226 	7211 	1767 	2403 	4517 
662 	3276 	388 	7399 	1929 	2565 	4705 
663 	3438 	550 	7587 	2091 	2727 	4893 
664 	76 	712 	7776 	2253 	2889 	5082 
665 	238 	874 	7964 	2415 	3051 	5270 
666 	400 	1036 	8152 	2577 	3213 	5458 
667 	562 	1198 	8341 	2739 	3375 	5646 
668 	724 	1360 	8529 	2901 	13 	5835 
669 	886 	1522 	8717 	3063 	175 	6023 
670 	1048 	1684 	8905 	3225 	337 	6211 
671 	1846 	9094 	5843 	499 	6400 	10199 
672 	2008 	9282 	6031 	661 	6588 	10388 
673 	2170 	9470 	6219 	823 	6776 	3527 
674 	2332 	9659 	6408 	985 	6965 	3715 
675 	2494 	9847 	6596 	1147 	7154 	3903 
676 	2656 	3292 	6784 	1309 	1945 	4092 
677 	2818 	3454 	6973 	1471 	2107 	4280 
678 	2980 	92 	7162 	1633 	2269 	4468 
679 	3142 	254 	7351 	1795 	2431 	4657 
680 	3304 	416 	7539 	1957 	2593 	4845 
681 	3466 	578 	7727 	2119 	2755 	5033 
682 	104 	740 	7916 	2281 	2917 	5221 
683 	266 	902 	8104 	2443 	3079 	5410 
684 	428 	1064 	8292 	2605 	3241 	5598 
685 	590 	1226 	8480 	2767 	3403 	5786 
686 	752 	1388 	8669 	2929 	41 	5975 
687 	914 	1550 	8857 	3091 	203 	6163 
688 	1076 	1712 	9045 	3253 	365 	6351 
689 	1874 	9234 	5983 	527 	6540 	10339 
690 	2036 	9422 	6171 	689 	6728 	10528 
691 	2198 	9610 	6359 	851 	6916 	3667 
692 	2360 	9799 	6548 	1013 	7106 	3855 
693 	2522 	9987 	6736 	1175 	7294 	4043 
694 	2684 	10175 	6924 	1337 	7482 	4231 
695 	2846 	3482 	7114 	1499 	2135 	4420 
696 	3008 	120 	7302 	1661 	2297 	4608 
697 	3170 	282 	7491 	1823 	2459 	4796 
698 	3332 	444 	7679 	1985 	2621 	4985 
699 	3494 	606 	7867 	2147 	2783 	5173 
700 	132 	768 	8055 	2309 	2945 	5361 
701 	294 	930 	8244 	2471 	3107 	5550 
702 	456 	1092 	8432 	2633 	3269 	5738 
703 	618 	1254 	8620 	2795 	3431 	5926 
704 	780 	1416 	8809 	2957 	69 	6115 
705 	942 	1578 	8997 	3119 	231 	6303 
706 	1104 	1740 	9185 	3281 	393 	6491 
707 	1266 	1902 	9374 	3443 	555 	6679 
708 	2064 	9562 	6311 	717 	6868 	3618 
709 	2226 	9750 	6499 	879 	7057 	3806 
710 	2388 	9938 	6688 	1041 	7246 	3995 
711 	2550 	10127 	6876 	1203 	7434 	4183 
712 	2712 	10315 	7065 	1365 	7622 	4371 
713 	2874 	3510 	7254 	1527 	2163 	4560 
714 	3036 	148 	7442 	1689 	2325 	4748 
715 	3198 	310 	7630 	1851 	2487 	4936 
716 	3360 	472 	7819 	2013 	2649 	5125 
717 	3522 	634 	8007 	2175 	2811 	5313 
718 	160 	796 	8195 	2337 	2973 	5501 
719 	322 	958 	8384 	2499 	3135 	5690 
720 	484 	1120 	8572 	2661 	3297 	5878 
721 	646 	1282 	8760 	2823 	3459 	6066 
722 	808 	1444 	8949 	2985 	97 	6254 
723 	970 	1606 	9137 	3147 	259 	6443 
724 	1132 	1768 	9325 	3309 	421 	6631 
725 	1294 	1930 	9513 	3471 	583 	6819 
726 	1456 	2092 	9702 	109 	745 	7008 
727 	2254 	9890 	6639 	907 	7197 	3946 
728 	2416 	10078 	6827 	1069 	7386 	4135 
729 	2578 	10267 	7016 	1231 	7574 	4323 
730 	2740 	10455 	7205 	1393 	7762 	4511 
731 	2902 	3594 	7394 	1555 	7951 	4700 
732 	3064 	176 	7582 	1717 	2353 	4888 
733 	3226 	338 	7770 	1879 	2515 	5076 
734 	3388 	500 	7959 	2041 	2677 	5264 
735 	26 	662 	8147 	2203 	2839 	5453 
736 	188 	824 	8335 	2365 	3001 	5641 
737 	350 	986 	8524 	2527 	3163 	5829 
738 	512 	1148 	8712 	2689 	3325 	6018 
739 	674 	1310 	8900 	2851 	3487 	6206 
740 	836 	1472 	9088 	3013 	125 	6394 
741 	998 	1634 	9277 	3175 	287 	6583 
742 	1160 	1796 	9465 	3337 	449 	6771 
743 	1322 	1958 	9653 	3499 	611 	6959 
744 	1484 	2120 	9842 	137 	773 	7149 
745 	2282 	10030 	6779 	935 	7337 	4086 
746 	2444 	10218 	6967 	1097 	7525 	4275 
747 	2606 	10407 	7157 	1259 	7714 	4463 
748 	2768 	3546 	7345 	1421 	7902 	4651 
749 	2930 	3734 	7534 	1583 	8090 	4839 
750 	3092 	204 	7722 	1745 	2381 	5028 
751 	3254 	366 	7910 	1907 	2543 	5216 
752 	3416 	528 	8098 	2069 	2705 	5404 
753 	54 	690 	8287 	2231 	2867 	5593 
754 	216 	852 	8475 	2393 	3029 	5781 
755 	378 	1014 	8663 	2555 	3191 	5969 
756 	540 	1176 	8852 	2717 	3353 	6158 
757 	702 	1338 	9040 	2879 	3515 	6346 
758 	864 	1500 	9228 	3041 	153 	6534 
759 	1026 	1662 	9417 	3203 	315 	6723 
760 	1188 	1824 	9605 	3365 	477 	6911 
761 	1350 	1986 	9793 	3 	639 	7100 
762 	1512 	2148 	9982 	165 	801 	7289 
763 	1674 	2310 	10170 	327 	963 	7477 
764 	2472 	10358 	7109 	1125 	7665 	4414 
765 	2634 	10546 	7297 	1287 	7854 	4603 
766 	2796 	3685 	7485 	1449 	8042 	4791 
767 	2958 	3874 	7673 	1611 	8230 	4979 
768 	3120 	4062 	7862 	1773 	8419 	5168 
769 	3282 	394 	8050 	1935 	2571 	5356 
770 	3444 	556 	8238 	2097 	2733 	5544 
771 	82 	718 	8427 	2259 	2895 	5733 
772 	244 	880 	8615 	2421 	3057 	5921 
773 	406 	1042 	8803 	2583 	3219 	6109 
774 	568 	1204 	8992 	2745 	3381 	6297 
775 	730 	1366 	9180 	2907 	19 	6486 
776 	892 	1528 	9368 	3069 	181 	6674 
777 	1054 	1690 	9556 	3231 	343 	6862 
778 	1216 	1852 	9745 	3393 	505 	7052 
779 	1378 	2014 	9933 	31 	667 	7240 
780 	1540 	2176 	10121 	193 	829 	7429 
781 	1702 	2338 	10310 	355 	991 	7617 
782 	2500 	10498 	7248 	1153 	7805 	4554 
783 	2662 	3637 	7437 	1315 	7994 	4743 
784 	2824 	3825 	7625 	1477 	8182 	4931 
785 	2986 	4014 	7813 	1639 	8370 	5119 
786 	3148 	4202 	8002 	1801 	8558 	5308 
787 	3310 	4390 	8190 	1963 	8747 	5496 
788 	3472 	584 	8378 	2125 	2761 	5684 
789 	110 	746 	8567 	2287 	2923 	5872 
790 	272 	908 	8755 	2449 	3085 	6061 
791 	434 	1070 	8943 	2611 	3247 	6249 
792 	596 	1232 	9131 	2773 	3409 	6437 
793 	758 	1394 	9320 	2935 	47 	6626 
794 	920 	1556 	9508 	3097 	209 	6814 
795 	1082 	1718 	9696 	3259 	371 	7002 
796 	1244 	1880 	9885 	3421 	533 	7192 
797 	1406 	2042 	10073 	59 	695 	7380 
798 	1568 	2204 	10261 	221 	857 	7569 
799 	1730 	2366 	10450 	383 	1019 	7757 
800 	1892 	2528 	3589 	545 	1181 	7945 
801 	2690 	3777 	7577 	1343 	8133 	4882 
802 	2852 	3965 	7765 	1505 	8322 	5071 
803 	3014 	4153 	7953 	1667 	8510 	5259 
804 	3176 	4342 	8142 	1829 	8698 	5447 
805 	3338 	4530 	8330 	1991 	8887 	5636 
806 	3500 	612 	8518 	2153 	2789 	5824 
807 	138 	774 	8706 	2315 	2951 	6012 
808 	300 	936 	8895 	2477 	3113 	6201 
809 	462 	1098 	9083 	2639 	3275 	6389 
810 	624 	1260 	9271 	2801 	3437 	6577 
811 	786 	1422 	9460 	2963 	75 	6766 
812 	948 	1584 	9648 	3125 	237 	6954 
813 	1110 	1746 	9836 	3287 	399 	7143 
814 	1272 	1908 	10025 	3449 	561 	7332 
815 	1434 	2070 	10213 	87 	723 	7520 
816 	1596 	2232 	10401 	249 	885 	7708 
817 	1758 	2394 	3540 	411 	1047 	7897 
818 	1920 	2556 	3728 	573 	1209 	8085 
819 	2082 	2718 	3917 	735 	1371 	8273 
820 	2880 	4105 	7905 	1533 	8462 	5211 
821 	3042 	4293 	8093 	1695 	8650 	5399 
822 	3204 	4482 	8281 	1857 	8838 	5587 
823 	3366 	4670 	8470 	2019 	9027 	5776 
824 	4 	4858 	8658 	2181 	9215 	5964 
825 	166 	802 	8846 	2343 	2979 	6152 
826 	328 	964 	9035 	2505 	3141 	6341 
827 	490 	1126 	9223 	2667 	3303 	6529 
828 	652 	1288 	9411 	2829 	3465 	6717 
829 	814 	1450 	9600 	2991 	103 	6905 
830 	976 	1612 	9788 	3153 	265 	7095 
831 	1138 	1774 	9976 	3315 	427 	7283 
832 	1300 	1936 	10164 	3477 	589 	7472 
833 	1462 	2098 	10353 	115 	751 	7660 
834 	1624 	2260 	10541 	277 	913 	7848 
835 	1786 	2422 	3680 	439 	1075 	8037 
836 	1948 	2584 	3868 	601 	1237 	8225 
837 	2110 	2746 	4057 	763 	1399 	8413 
838 	2908 	4245 	8045 	1561 	8602 	5351 
839 	3070 	4433 	8233 	1723 	8790 	5539 
840 	3232 	4622 	8421 	1885 	8978 	5727 
841 	3394 	4810 	8610 	2047 	9166 	5915 
842 	32 	4998 	8798 	2209 	9355 	6104 
843 	194 	5186 	8986 	2371 	9543 	6292 
844 	356 	992 	9175 	2533 	3169 	6480 
845 	518 	1154 	9363 	2695 	3331 	6669 
846 	680 	1316 	9551 	2857 	3493 	6857 
847 	842 	1478 	9739 	3019 	131 	7045 
848 	1004 	1640 	9928 	3181 	293 	7235 
849 	1166 	1802 	10116 	3343 	455 	7423 
850 	1328 	1964 	10304 	3505 	617 	7612 
851 	1490 	2126 	10493 	143 	779 	7800 
852 	1652 	2288 	3632 	305 	941 	7988 
853 	1814 	2450 	3820 	467 	1103 	8176 
854 	1976 	2612 	4008 	629 	1265 	8365 
855 	2138 	2774 	4197 	791 	1427 	8553 
856 	2300 	2936 	4385 	953 	1589 	8741 
857 	3098 	4573 	8373 	1751 	8930 	5679 
858 	3260 	4761 	8561 	1913 	9118 	5867 
859 	3422 	4950 	8749 	2075 	9306 	6055 
860 	60 	5138 	8938 	2237 	9495 	6244 
861 	222 	5326 	9126 	2399 	9683 	6432 
862 	384 	1020 	9314 	2561 	3197 	6620 
863 	546 	1182 	9503 	2723 	3359 	6809 
864 	708 	1344 	9691 	2885 	3521 	6997 
865 	870 	1506 	9879 	3047 	159 	7187 
866 	1032 	1668 	10068 	3209 	321 	7375 
867 	1194 	1830 	10256 	3371 	483 	7563 
868 	1356 	1992 	10444 	9 	645 	7751 
869 	1518 	2154 	3583 	171 	807 	7940 
870 	1680 	2316 	3771 	333 	969 	8128 
871 	1842 	2478 	3960 	495 	1131 	8316 
872 	2004 	2640 	4148 	657 	1293 	8505 
873 	2166 	2802 	4336 	819 	1455 	8693 
874 	2328 	2964 	4525 	981 	1617 	8881 
875 	2490 	3126 	4713 	1143 	1779 	9070 
876 	3288 	4901 	8701 	1941 	9258 	6007 
877 	3450 	5090 	8889 	2103 	9446 	6195 
878 	88 	5278 	9078 	2265 	9635 	6384 
879 	250 	5466 	9266 	2427 	9823 	6572 
880 	412 	5655 	9454 	2589 	10011 	6760 
881 	574 	1210 	9643 	2751 	3387 	6948 
882 	736 	1372 	9831 	2913 	25 	7138 
883 	898 	1534 	10019 	3075 	187 	7326 
884 	1060 	1696 	10207 	3237 	349 	7515 
885 	1222 	1858 	10396 	3399 	511 	7703 
886 	1384 	2020 	3535 	37 	673 	7891 
887 	1546 	2182 	3723 	199 	835 	8080 
888 	1708 	2344 	3911 	361 	997 	8268 
889 	1870 	2506 	4100 	523 	1159 	8456 
890 	2032 	2668 	4288 	685 	1321 	8645 
891 	2194 	2830 	4476 	847 	1483 	8833 
892 	2356 	2992 	4665 	1009 	1645 	9021 
893 	2518 	3154 	4853 	1171 	1807 	9209 
894 	3316 	5041 	8841 	1969 	9398 	6147 
895 	3478 	5230 	9029 	2131 	9586 	6335 
896 	116 	5418 	9218 	2293 	9774 	6523 
897 	278 	5606 	9406 	2455 	9963 	6712 
898 	440 	5794 	9594 	2617 	10151 	6900 
899 	602 	1238 	9782 	2779 	3415 	7090 
900 	764 	1400 	9971 	2941 	53 	7278 
901 	926 	1562 	10159 	3103 	215 	7466 
902 	1088 	1724 	10347 	3265 	377 	7655 
903 	1250 	1886 	10536 	3427 	539 	7843 
904 	1412 	2048 	3675 	65 	701 	8031 
905 	1574 	2210 	3863 	227 	863 	8220 
906 	1736 	2372 	4051 	389 	1025 	8408 
907 	1898 	2534 	4240 	551 	1187 	8596 
908 	2060 	2696 	4428 	713 	1349 	8784 
909 	2222 	2858 	4616 	875 	1511 	8973 
910 	2384 	3020 	4804 	1037 	1673 	9161 
911 	2546 	3182 	4993 	1199 	1835 	9349 
912 	2708 	3344 	5181 	1361 	1997 	9538 
913 	3506 	5369 	9169 	2159 	9726 	6475 
914 	144 	5558 	9357 	2321 	9914 	6663 
915 	306 	5746 	9546 	2483 	10103 	6852 
916 	468 	5934 	9734 	2645 	10291 	7040 
917 	630 	6123 	9922 	2807 	10479 	7230 
918 	792 	1428 	10111 	2969 	81 	7418 
919 	954 	1590 	10299 	3131 	243 	7606 
920 	1116 	1752 	10487 	3293 	405 	7794 
921 	1278 	1914 	3626 	3455 	567 	7983 
922 	1440 	2076 	3815 	93 	729 	8171 
923 	1602 	2238 	4003 	255 	891 	8359 
924 	1764 	2400 	4191 	417 	1053 	8548 
925 	1926 	2562 	4379 	579 	1215 	8736 
926 	2088 	2724 	4568 	741 	1377 	8924 
927 	2250 	2886 	4756 	903 	1539 	9113 
928 	2412 	3048 	4944 	1065 	1701 	9301 
929 	2574 	3210 	5133 	1227 	1863 	9489 
930 	2736 	3372 	5321 	1389 	2025 	9678 
931 	10 	5509 	9309 	2187 	9866 	6615 
932 	172 	5698 	9497 	2349 	10054 	6803 
933 	334 	5886 	9686 	2511 	10242 	6992 
934 	496 	6074 	9874 	2673 	10431 	7181 
935 	658 	6262 	10062 	2835 	3570 	7369 
936 	820 	6451 	10251 	2997 	3758 	7558 
937 	982 	1618 	10439 	3159 	271 	7746 
938 	1144 	1780 	3578 	3321 	433 	7934 
939 	1306 	1942 	3766 	3483 	595 	8123 
940 	1468 	2104 	3954 	121 	757 	8311 
941 	1630 	2266 	4143 	283 	919 	8499 
942 	1792 	2428 	4331 	445 	1081 	8688 
943 	1954 	2590 	4519 	607 	1243 	8876 
944 	2116 	2752 	4708 	769 	1405 	9064 
945 	2278 	2914 	4896 	931 	1567 	9253 
946 	2440 	3076 	5084 	1093 	1729 	9441 
947 	2602 	3238 	5273 	1255 	1891 	9629 
948 	2764 	3400 	5461 	1417 	2053 	9817 
949 	2926 	38 	5649 	1579 	2215 	10006 
950 	200 	5837 	9637 	2377 	10194 	6943 
951 	362 	6026 	9826 	2539 	10382 	7133 
952 	524 	6214 	10014 	2701 	10571 	7321 
953 	686 	6402 	10202 	2863 	3710 	7509 
954 	848 	6591 	10390 	3025 	3898 	7698 
955 	1010 	1646 	3529 	3187 	299 	7886 
956 	1172 	1808 	3718 	3349 	461 	8074 
957 	1334 	1970 	3906 	3511 	623 	8263 
958 	1496 	2132 	4094 	149 	785 	8451 
959 	1658 	2294 	4283 	311 	947 	8639 
960 	1820 	2456 	4471 	473 	1109 	8827 
961 	1982 	2618 	4659 	635 	1271 	9016 
962 	2144 	2780 	4848 	797 	1433 	9204 
963 	2306 	2942 	5036 	959 	1595 	9392 
964 	2468 	3104 	5224 	1121 	1757 	9581 
965 	2630 	3266 	5412 	1283 	1919 	9769 
966 	2792 	3428 	5601 	1445 	2081 	9957 
967 	2954 	66 	5789 	1607 	2243 	10146 
968 	3116 	228 	5977 	1769 	2405 	10334 
969 	390 	6166 	9965 	2567 	10522 	7273 
970 	552 	6354 	10154 	2729 	3661 	7461 
971 	714 	6542 	10342 	2891 	3849 	7649 
972 	876 	6731 	10530 	3053 	4038 	7838 
973 	1038 	6919 	3669 	3215 	4226 	8026 
974 	1200 	1836 	3858 	3377 	489 	8214 
975 	1362 	1998 	4046 	15 	651 	8402 
976 	1524 	2160 	4234 	177 	813 	8591 
977 	1686 	2322 	4422 	339 	975 	8779 
978 	1848 	2484 	4611 	501 	1137 	8967 
979 	2010 	2646 	4799 	663 	1299 	9156 
980 	2172 	2808 	4987 	825 	1461 	9344 
981 	2334 	2970 	5176 	987 	1623 	9532 
982 	2496 	3132 	5364 	1149 	1785 	9721 
983 	2658 	3294 	5552 	1311 	1947 	9909 
984 	2820 	3456 	5741 	1473 	2109 	10097 
985 	2982 	94 	5929 	1635 	2271 	10286 
986 	3144 	256 	6117 	1797 	2433 	10474 
987 	418 	6306 	10105 	2595 	3613 	7413 
988 	580 	6494 	10294 	2757 	3801 	7601 
989 	742 	6682 	10482 	2919 	3989 	7789 
990 	904 	6870 	3621 	3081 	4178 	7977 
991 	1066 	7060 	3809 	3243 	4366 	8166 
992 	1228 	1864 	3997 	3405 	517 	8354 
993 	1390 	2026 	4186 	43 	679 	8542 
994 	1552 	2188 	4374 	205 	841 	8731 
995 	1714 	2350 	4562 	367 	1003 	8919 
996 	1876 	2512 	4751 	529 	1165 	9107 
997 	2038 	2674 	4939 	691 	1327 	9296 
998 	2200 	2836 	5127 	853 	1489 	9484 
999 	2362 	2998 	5316 	1015 	1651 	9672 
1000 	2524 	3160 	5504 	1177 	1813 	9860 
1001 	2686 	3322 	5692 	1339 	1975 	10049 
1002 	2848 	3484 	5881 	1501 	2137 	10237 
1003 	3010 	122 	6069 	1663 	2299 	10425 
1004 	3172 	284 	6257 	1825 	2461 	3564 
1005 	3334 	446 	6445 	1987 	2623 	3753 
1006 	608 	6634 	10433 	2785 	3941 	7741 
1007 	770 	6822 	3572 	2947 	4129 	7929 
1008 	932 	7010 	3761 	3109 	4318 	8117 
1009 	1094 	7200 	3949 	3271 	4506 	8306 
1010 	1256 	7388 	4137 	3433 	4694 	8494 
1011 	1418 	2054 	4326 	71 	707 	8682 
1012 	1580 	2216 	4514 	233 	869 	8871 
1013 	1742 	2378 	4702 	395 	1031 	9059 
1014 	1904 	2540 	4891 	557 	1193 	9247 
1015 	2066 	2702 	5079 	719 	1355 	9435 
1016 	2228 	2864 	5267 	881 	1517 	9624 
1017 	2390 	3026 	5455 	1043 	1679 	9812 
1018 	2552 	3188 	5644 	1205 	1841 	10000 
1019 	2714 	3350 	5832 	1367 	2003 	10189 
1020 	2876 	3512 	6020 	1529 	2165 	10377 
1021 	3038 	150 	6209 	1691 	2327 	10565 
1022 	3200 	312 	6397 	1853 	2489 	3704 
1023 	3362 	474 	6585 	2015 	2651 	3893 
