FR80T25X16H1
Channel Interleaving, Puncturing and Mapping to 16-QAM
User data=3320, with flush=3324, Channel Symbols=1318, Channel Bits=5272, p=974, q=974, Coding Rate=0.629742

Symbol	b3 	b2 	b1 	b0 
0 	0 	236 	2053 	2289 
1 	2322 	2558 	1051 	1287 
2 	1320 	6368 	49 	3826 
3 	318 	4164 	2371 	8271 
4 	2640 	8609 	1369 	6064 
5 	1638 	6402 	367 	3860 
6 	636 	4198 	2689 	8305 
7 	2722 	2958 	1451 	1687 
8 	1720 	1956 	449 	685 
9 	718 	5037 	2771 	9144 
10 	3040 	9482 	1769 	6940 
11 	2038 	7278 	767 	4733 
12 	1036 	5071 	3089 	9179 
13 	3122 	34 	1851 	2087 
14 	2120 	2356 	849 	1085 
15 	1118 	5911 	3171 	3368 
16 	116 	3706 	2169 	7813 
17 	2438 	8151 	1167 	5607 
18 	1436 	5945 	165 	3402 
19 	434 	3740 	2487 	7848 
20 	2520 	2756 	1249 	1485 
21 	1518 	6786 	247 	4242 
22 	516 	4580 	2569 	8687 
23 	2838 	9025 	1567 	6481 
24 	1836 	6820 	565 	4276 
25 	834 	4614 	2887 	8721 
26 	2920 	3156 	1649 	1885 
27 	1918 	2154 	647 	883 
28 	916 	5454 	2969 	9561 
29 	3238 	9899 	1967 	7356 
30 	2236 	7694 	965 	5150 
31 	1234 	5488 	3287 	9595 
32 	3320 	232 	2049 	2285 
33 	2318 	2554 	1047 	1283 
34 	1316 	6327 	45 	3785 
35 	314 	4123 	2367 	8230 
36 	2636 	8568 	1365 	6023 
37 	1634 	6361 	363 	3819 
38 	632 	4157 	2685 	8264 
39 	2718 	2954 	1447 	1683 
40 	1716 	7203 	445 	4658 
41 	714 	4996 	2767 	9103 
42 	3036 	9441 	1765 	6899 
43 	2034 	7237 	763 	4693 
44 	1032 	5030 	3085 	9138 
45 	3118 	30 	1847 	2083 
46 	2116 	2352 	845 	1081 
47 	1114 	5870 	3167 	3327 
48 	112 	3665 	2165 	7772 
49 	2434 	8110 	1163 	5566 
50 	1432 	5904 	161 	3362 
51 	194 	430 	2247 	2483 
52 	2516 	2752 	1245 	1481 
53 	1514 	6745 	243 	4201 
54 	512 	4539 	2565 	8646 
55 	2834 	8984 	1563 	6440 
56 	1832 	6779 	561 	4235 
57 	830 	4573 	2883 	8680 
58 	2916 	3152 	1645 	1881 
59 	1914 	7619 	643 	5075 
60 	912 	5413 	2965 	9520 
61 	3234 	9858 	1963 	7315 
62 	2232 	7653 	961 	5109 
63 	1230 	5447 	3283 	9554 
64 	3316 	228 	2045 	2281 
65 	2314 	2550 	1043 	1279 
66 	1312 	6286 	41 	3744 
67 	310 	4082 	2363 	8189 
68 	2632 	8527 	1361 	5983 
69 	1630 	6320 	359 	3778 
70 	628 	4116 	2681 	8223 
71 	2714 	2950 	1443 	1679 
72 	1712 	7162 	441 	4617 
73 	710 	4955 	2763 	9063 
74 	3032 	9400 	1761 	6858 
75 	2030 	7196 	759 	4652 
76 	1028 	4989 	3081 	9097 
77 	3114 	26 	1843 	2079 
78 	2112 	2348 	841 	1077 
79 	1110 	5829 	3163 	9936 
80 	108 	3624 	2161 	7732 
81 	2430 	8069 	1159 	5525 
82 	1428 	5863 	157 	9970 
83 	190 	426 	2243 	2479 
84 	2512 	2748 	1241 	1477 
85 	1510 	6704 	239 	4160 
86 	508 	4498 	2561 	8605 
87 	2830 	8943 	1559 	6399 
88 	1828 	6738 	557 	4194 
89 	826 	4532 	2879 	8639 
90 	2912 	3148 	1641 	1877 
91 	1910 	7578 	639 	5034 
92 	908 	5372 	2961 	9479 
93 	3230 	9817 	1959 	7274 
94 	2228 	7612 	957 	5068 
95 	1226 	5406 	3279 	9513 
96 	3312 	224 	2041 	2277 
97 	2310 	2546 	1039 	1275 
98 	1308 	6245 	37 	3703 
99 	306 	4041 	2359 	8148 
100 	2628 	8486 	1357 	5942 
101 	1626 	6279 	355 	3737 
102 	388 	624 	2441 	2677 
103 	2710 	2946 	1439 	1675 
104 	1708 	7121 	437 	4576 
105 	706 	4914 	2759 	9022 
106 	3028 	9359 	1757 	6817 
107 	2026 	7155 	755 	4611 
108 	1024 	4948 	3077 	9056 
109 	3110 	22 	1839 	2075 
110 	2108 	7994 	837 	5450 
111 	1106 	5788 	3159 	9895 
112 	104 	3583 	2157 	7691 
113 	2426 	8028 	1155 	5484 
114 	1424 	5822 	153 	9929 
115 	186 	422 	2239 	2475 
116 	2508 	2744 	1237 	1473 
117 	1506 	6663 	235 	4119 
118 	504 	4457 	2557 	8564 
119 	2826 	8902 	1555 	6358 
120 	1824 	6697 	553 	4153 
121 	586 	822 	2639 	2875 
122 	2908 	3144 	1637 	1873 
123 	1906 	7537 	635 	4993 
124 	904 	5331 	2957 	9438 
125 	3226 	9776 	1955 	7233 
126 	2224 	7571 	953 	5027 
127 	1222 	5365 	3275 	9472 
128 	3308 	220 	2037 	2273 
129 	2306 	2542 	1035 	1271 
130 	1304 	6204 	33 	3662 
131 	302 	4000 	2355 	8107 
132 	2624 	8445 	1353 	5901 
133 	1622 	6238 	351 	3696 
134 	384 	620 	2437 	2673 
135 	2706 	2942 	1435 	1671 
136 	1704 	7080 	433 	4536 
137 	702 	4873 	2755 	8981 
138 	3024 	9318 	1753 	6776 
139 	2022 	7114 	751 	4570 
140 	1020 	4908 	3073 	9015 
141 	3106 	18 	1835 	2071 
142 	2104 	7953 	833 	5409 
143 	1102 	5747 	3155 	9854 
144 	100 	3542 	2153 	7650 
145 	2422 	7987 	1151 	5443 
146 	1420 	5781 	149 	9888 
147 	182 	418 	2235 	2471 
148 	2504 	2740 	1233 	1469 
149 	1502 	6621 	231 	4078 
150 	500 	4416 	2553 	8523 
151 	2822 	8861 	1551 	6317 
152 	1820 	6657 	549 	4112 
153 	582 	818 	2635 	2871 
154 	2904 	3140 	1633 	1869 
155 	1902 	7496 	631 	4952 
156 	900 	5290 	2953 	9397 
157 	3222 	9735 	1951 	7192 
158 	2220 	7530 	949 	4986 
159 	1218 	5324 	3271 	9431 
160 	3304 	216 	2033 	2269 
161 	2302 	8370 	1031 	5826 
162 	1300 	6163 	29 	3621 
163 	298 	3959 	2351 	8066 
164 	2620 	8404 	1349 	5860 
165 	1618 	6198 	347 	3655 
166 	380 	616 	2433 	2669 
167 	2702 	2938 	1431 	1667 
168 	1700 	7039 	429 	4495 
169 	698 	4832 	2751 	8940 
170 	3020 	9278 	1749 	6735 
171 	2018 	7073 	747 	4529 
172 	780 	1016 	2833 	3069 
173 	3102 	14 	1831 	2067 
174 	2100 	7912 	829 	5368 
175 	1098 	5706 	3151 	9813 
176 	96 	3501 	2149 	7609 
177 	2418 	7947 	1147 	5402 
178 	1416 	5740 	145 	9847 
179 	178 	414 	2231 	2467 
180 	2500 	8786 	1229 	6242 
181 	1498 	6580 	227 	4037 
182 	496 	4375 	2549 	8482 
183 	2818 	8820 	1547 	6276 
184 	1816 	6614 	545 	4071 
185 	578 	814 	2631 	2867 
186 	2900 	3136 	1629 	1865 
187 	1898 	7455 	627 	4911 
188 	896 	5249 	2949 	9356 
189 	3218 	9694 	1947 	7151 
190 	2216 	7489 	945 	4945 
191 	1214 	5283 	3267 	9390 
192 	3300 	212 	2029 	2265 
193 	2298 	8329 	1027 	5785 
194 	1296 	6122 	25 	3580 
195 	294 	3918 	2347 	8025 
196 	2616 	8363 	1345 	5819 
197 	1614 	6157 	343 	3614 
198 	376 	612 	2429 	2665 
199 	2698 	2934 	1427 	1663 
200 	1696 	6998 	425 	4454 
201 	694 	4791 	2747 	8899 
202 	3016 	9237 	1745 	6694 
203 	2014 	7032 	743 	4488 
204 	776 	1012 	2829 	3065 
205 	3098 	10 	1827 	2063 
206 	2096 	7871 	825 	5327 
207 	1094 	5665 	3147 	9772 
208 	92 	3461 	2145 	7568 
209 	2414 	7906 	1143 	5361 
210 	1412 	5699 	141 	9806 
211 	174 	410 	2227 	2463 
212 	2496 	8745 	1225 	6201 
213 	1494 	6539 	223 	3996 
214 	492 	4334 	2545 	8441 
215 	2814 	8779 	1543 	6235 
216 	1812 	6573 	541 	4030 
217 	574 	810 	2627 	2863 
218 	2896 	3132 	1625 	1861 
219 	1894 	7414 	623 	4870 
220 	892 	5208 	2945 	9315 
221 	3214 	9653 	1943 	7110 
222 	2212 	7448 	941 	4904 
223 	974 	1210 	3027 	3263 
224 	3296 	208 	2025 	2261 
225 	2294 	8288 	1023 	5744 
226 	1292 	6081 	21 	3539 
227 	290 	3877 	2343 	7984 
228 	2612 	8322 	1341 	5778 
229 	1610 	6116 	339 	3573 
230 	372 	608 	2425 	2661 
231 	2694 	9161 	1423 	6617 
232 	1692 	6957 	421 	4413 
233 	690 	4751 	2743 	8858 
234 	3012 	9196 	1741 	6653 
235 	2010 	6991 	739 	4447 
236 	772 	1008 	2825 	3061 
237 	3094 	6 	1823 	2059 
238 	2092 	7831 	821 	5286 
239 	1090 	5624 	3143 	9731 
240 	88 	3420 	2141 	7527 
241 	2410 	7865 	1139 	5320 
242 	1172 	1408 	3225 	137 
243 	170 	406 	2223 	2459 
244 	2492 	8704 	1221 	6160 
245 	1490 	6498 	219 	3955 
246 	488 	4293 	2541 	8400 
247 	2810 	8738 	1539 	6194 
248 	1808 	6532 	537 	3989 
249 	570 	806 	2623 	2859 
250 	2892 	9578 	1621 	7035 
251 	1890 	7373 	619 	4829 
252 	888 	5167 	2941 	9274 
253 	3210 	9612 	1939 	7069 
254 	2208 	7407 	937 	4863 
255 	970 	1206 	3023 	3259 
256 	3292 	204 	2021 	2257 
257 	2290 	8247 	1019 	5703 
258 	1288 	6041 	17 	3498 
259 	286 	3836 	2339 	7943 
260 	2608 	8281 	1337 	5737 
261 	1606 	6075 	335 	3532 
262 	368 	604 	2421 	2657 
263 	2690 	9121 	1419 	6576 
264 	1688 	6916 	417 	4372 
265 	686 	4710 	2739 	8817 
266 	3008 	9155 	1737 	6610 
267 	2006 	6950 	735 	4406 
268 	768 	1004 	2821 	3057 
269 	3090 	2 	1819 	2055 
270 	2088 	7790 	817 	5245 
271 	1086 	5583 	3139 	9690 
272 	84 	3379 	2137 	7486 
273 	2406 	7824 	1135 	5279 
274 	1168 	1404 	3221 	133 
275 	166 	402 	2219 	2455 
276 	2488 	8663 	1217 	6119 
277 	1486 	6457 	215 	3914 
278 	484 	4252 	2537 	8359 
279 	2806 	8697 	1535 	6153 
280 	1804 	6491 	533 	3949 
281 	566 	802 	2619 	2855 
282 	2888 	9537 	1617 	6994 
283 	1886 	7332 	615 	4788 
284 	884 	5126 	2937 	9233 
285 	3206 	9571 	1935 	7029 
286 	2204 	7366 	933 	4822 
287 	966 	1202 	3019 	3255 
288 	3288 	200 	2017 	2253 
289 	2286 	8206 	1015 	5662 
290 	1284 	6000 	13 	3457 
291 	282 	3795 	2335 	7902 
292 	2604 	8240 	1333 	5696 
293 	1366 	1602 	95 	331 
294 	364 	600 	2417 	2653 
295 	2686 	9080 	1415 	6535 
296 	1684 	6875 	413 	4331 
297 	682 	4669 	2735 	8776 
298 	3004 	9114 	1733 	6570 
299 	2002 	6909 	731 	4365 
300 	764 	1000 	2817 	3053 
301 	3086 	9953 	1815 	7411 
302 	2084 	7749 	813 	5204 
303 	1082 	5542 	3135 	9649 
304 	80 	3338 	2133 	7445 
305 	2402 	7783 	1131 	5239 
306 	1164 	1400 	3217 	129 
307 	162 	398 	2215 	2451 
308 	2484 	8622 	1213 	6078 
309 	1482 	6416 	211 	3873 
310 	480 	4211 	2533 	8319 
311 	2802 	8656 	1531 	6112 
312 	1564 	1800 	293 	529 
313 	562 	798 	2615 	2851 
314 	2884 	9496 	1613 	6953 
315 	1882 	7291 	611 	4747 
316 	880 	5085 	2933 	9192 
317 	3202 	9530 	1931 	6988 
318 	2200 	7325 	929 	4781 
319 	962 	1198 	3015 	3251 
320 	3284 	196 	2013 	2249 
321 	2282 	8165 	1011 	5621 
322 	1280 	5959 	9 	3416 
323 	278 	3754 	2331 	7861 
324 	2600 	8199 	1329 	5655 
325 	1362 	1598 	91 	327 
326 	360 	596 	2413 	2649 
327 	2682 	9039 	1411 	6494 
328 	1680 	6834 	409 	4290 
329 	678 	4628 	2731 	8735 
330 	3000 	9073 	1729 	6529 
331 	1998 	6868 	727 	4324 
332 	760 	996 	2813 	3049 
333 	3082 	9912 	1811 	7370 
334 	2080 	7708 	809 	5163 
335 	1078 	5501 	3131 	9609 
336 	76 	9946 	2129 	7404 
337 	2398 	7742 	1127 	5198 
338 	1160 	1396 	3213 	125 
339 	158 	394 	2211 	2447 
340 	2480 	8581 	1209 	6037 
341 	1478 	6375 	207 	3832 
342 	476 	4170 	2529 	8278 
343 	2798 	8615 	1527 	6071 
344 	1560 	1796 	289 	525 
345 	558 	794 	2611 	2847 
346 	2880 	9455 	1609 	6912 
347 	1878 	7250 	607 	4706 
348 	876 	5044 	2929 	9151 
349 	3198 	9489 	1927 	6947 
350 	2196 	7284 	925 	4740 
351 	958 	1194 	3011 	3247 
352 	3280 	3679 	2009 	7786 
353 	2278 	8124 	1007 	5580 
354 	1276 	5918 	5 	3375 
355 	274 	3713 	2327 	7820 
356 	2596 	8158 	1325 	5614 
357 	1358 	1594 	87 	323 
358 	356 	592 	2409 	2645 
359 	2678 	8998 	1407 	6453 
360 	1676 	6793 	405 	4249 
361 	674 	4587 	2727 	8694 
362 	2996 	9032 	1725 	6488 
363 	1758 	1994 	487 	723 
364 	756 	992 	2809 	3045 
365 	3078 	9871 	1807 	7329 
366 	2076 	7667 	805 	5123 
367 	1074 	5460 	3127 	9568 
368 	72 	9905 	2125 	7363 
369 	2394 	7701 	1123 	5157 
370 	1156 	1392 	3209 	121 
371 	154 	4095 	2207 	8202 
372 	2476 	8540 	1205 	5996 
373 	1474 	6334 	203 	3792 
374 	472 	4129 	2525 	8237 
375 	2794 	8574 	1523 	6030 
376 	1556 	1792 	285 	521 
377 	554 	790 	2607 	2843 
378 	2876 	9414 	1605 	6872 
379 	1874 	7209 	603 	4665 
380 	872 	5003 	2925 	9110 
381 	3194 	9448 	1923 	6906 
382 	2192 	7244 	921 	4699 
383 	954 	1190 	3007 	3243 
384 	3276 	3638 	2005 	7745 
385 	2274 	8083 	1003 	5539 
386 	1272 	5877 	1 	3334 
387 	270 	3672 	2323 	7779 
388 	2592 	8117 	1321 	5573 
389 	1354 	1590 	83 	319 
390 	352 	588 	2405 	2641 
391 	2674 	8957 	1403 	6413 
392 	1672 	6752 	401 	4208 
393 	670 	4546 	2723 	8653 
394 	2992 	8991 	1721 	6447 
395 	1754 	1990 	483 	719 
396 	752 	988 	2805 	3041 
397 	3074 	9830 	1803 	7288 
398 	2072 	7626 	801 	5082 
399 	1070 	5419 	3123 	9527 
400 	68 	9864 	2121 	7322 
401 	2390 	7660 	1119 	5116 
402 	1152 	1388 	3205 	117 
403 	150 	4054 	2203 	8162 
404 	2472 	8499 	1201 	5955 
405 	1470 	6293 	199 	3751 
406 	468 	4088 	2521 	8196 
407 	2790 	8534 	1519 	5989 
408 	1552 	1788 	281 	517 
409 	550 	786 	2603 	2839 
410 	2872 	9373 	1601 	6831 
411 	1870 	7168 	599 	4624 
412 	868 	4962 	2921 	9069 
413 	3190 	9407 	1919 	6865 
414 	1952 	2188 	681 	917 
415 	950 	1186 	3003 	3239 
416 	3272 	3597 	2001 	7704 
417 	2270 	8042 	999 	5498 
418 	1268 	5836 	3321 	9943 
419 	266 	3631 	2319 	7738 
420 	2588 	8076 	1317 	5532 
421 	1350 	1586 	79 	315 
422 	348 	4471 	2401 	8578 
423 	2670 	8916 	1399 	6372 
424 	1668 	6711 	397 	4167 
425 	666 	4505 	2719 	8612 
426 	2988 	8950 	1717 	6406 
427 	1750 	1986 	479 	715 
428 	748 	984 	2801 	3037 
429 	3070 	9789 	1799 	7247 
430 	2068 	7585 	797 	5041 
431 	1066 	5378 	3119 	9486 
432 	64 	9824 	2117 	7281 
433 	2150 	2386 	879 	1115 
434 	1148 	1384 	3201 	113 
435 	146 	4013 	2199 	8121 
436 	2468 	8458 	1197 	5914 
437 	1466 	6252 	195 	3710 
438 	464 	4047 	2517 	8155 
439 	2786 	8493 	1515 	5948 
440 	1548 	1784 	277 	513 
441 	546 	4887 	2599 	8994 
442 	2868 	9332 	1597 	6790 
443 	1866 	7127 	595 	4583 
444 	864 	4921 	2917 	9028 
445 	3186 	9366 	1915 	6824 
446 	1948 	2184 	677 	913 
447 	946 	1182 	2999 	3235 
448 	3268 	3556 	1997 	7663 
449 	2266 	8001 	995 	5457 
450 	1264 	5795 	3317 	9902 
451 	262 	3590 	2315 	7697 
452 	2584 	8035 	1313 	5491 
453 	1346 	1582 	75 	311 
454 	344 	4430 	2397 	8537 
455 	2666 	8875 	1395 	6331 
456 	1664 	6670 	393 	4126 
457 	662 	4464 	2715 	8571 
458 	2984 	8909 	1713 	6365 
459 	1746 	1982 	475 	711 
460 	744 	980 	2797 	3033 
461 	3066 	9748 	1795 	7206 
462 	2064 	7544 	793 	5000 
463 	1062 	5338 	3115 	9445 
464 	60 	9783 	2113 	7240 
465 	2146 	2382 	875 	1111 
466 	1144 	1380 	3197 	109 
467 	142 	3972 	2195 	8080 
468 	2464 	8418 	1193 	5873 
469 	1462 	6211 	191 	3669 
470 	460 	4007 	2513 	8114 
471 	2782 	8452 	1511 	5907 
472 	1544 	1780 	273 	509 
473 	542 	4846 	2595 	8953 
474 	2864 	9291 	1593 	6749 
475 	1862 	7087 	591 	4542 
476 	860 	4880 	2913 	8987 
477 	3182 	9325 	1911 	6783 
478 	1944 	2180 	673 	909 
479 	942 	1178 	2995 	3231 
480 	3264 	3515 	1993 	7622 
481 	2262 	7960 	991 	5416 
482 	1260 	5754 	3313 	9861 
483 	258 	3549 	2311 	7656 
484 	2344 	2580 	1073 	1309 
485 	1342 	1578 	71 	307 
486 	340 	4389 	2393 	8496 
487 	2662 	8834 	1391 	6290 
488 	1660 	6628 	389 	4085 
489 	658 	4423 	2711 	8530 
490 	2980 	8868 	1709 	6324 
491 	1742 	1978 	471 	707 
492 	740 	5262 	2793 	9370 
493 	3062 	9708 	1791 	7165 
494 	2060 	7503 	789 	4959 
495 	1058 	5297 	3111 	9404 
496 	56 	9742 	2109 	7199 
497 	2142 	2378 	871 	1107 
498 	1140 	1376 	3193 	105 
499 	138 	3931 	2191 	8039 
500 	2460 	8377 	1189 	5832 
501 	1458 	6170 	187 	3628 
502 	456 	3966 	2509 	8073 
503 	2778 	8411 	1507 	5866 
504 	1540 	1776 	269 	505 
505 	538 	4805 	2591 	8912 
506 	2860 	9250 	1589 	6708 
507 	1858 	7046 	587 	4501 
508 	856 	4839 	2909 	8946 
509 	3178 	9284 	1907 	6742 
510 	1940 	2176 	669 	905 
511 	938 	1174 	2991 	3227 
512 	3260 	3474 	1989 	7581 
513 	2258 	7919 	987 	5375 
514 	1256 	5713 	3309 	9820 
515 	254 	3508 	2307 	7616 
516 	2340 	2576 	1069 	1305 
517 	1338 	1574 	67 	303 
518 	336 	4348 	2389 	8455 
519 	2658 	8793 	1387 	6249 
520 	1656 	6587 	385 	4044 
521 	654 	4382 	2707 	8489 
522 	2976 	8827 	1705 	6283 
523 	1738 	1974 	467 	703 
524 	736 	5221 	2789 	9329 
525 	3058 	9667 	1787 	7124 
526 	2056 	7462 	785 	4918 
527 	1054 	5256 	3107 	9363 
528 	52 	9701 	2105 	7158 
529 	2138 	2374 	867 	1103 
530 	1136 	1372 	3189 	101 
531 	134 	3891 	2187 	7998 
532 	2456 	8336 	1185 	5791 
533 	1454 	6129 	183 	3587 
534 	452 	3925 	2505 	8032 
535 	2538 	2774 	1267 	1503 
536 	1536 	1772 	265 	501 
537 	534 	4764 	2587 	8871 
538 	2856 	9209 	1585 	6667 
539 	1854 	7005 	583 	4460 
540 	852 	4798 	2905 	8906 
541 	3174 	9243 	1903 	6701 
542 	1936 	2172 	665 	901 
543 	934 	5638 	2987 	9745 
544 	3256 	3433 	1985 	7540 
545 	2254 	7878 	983 	5334 
546 	1252 	5672 	3305 	9779 
547 	250 	3467 	2303 	7575 
548 	2336 	2572 	1065 	1301 
549 	1334 	1570 	63 	299 
550 	332 	4307 	2385 	8414 
551 	2654 	8752 	1383 	6208 
552 	1652 	6546 	381 	4003 
553 	650 	4341 	2703 	8448 
554 	2736 	2972 	1465 	1701 
555 	1734 	1970 	463 	699 
556 	732 	5181 	2785 	9288 
557 	3054 	9626 	1783 	7083 
558 	2052 	7421 	781 	4877 
559 	1050 	5215 	3103 	9322 
560 	48 	9660 	2101 	7117 
561 	2134 	2370 	863 	1099 
562 	1132 	6054 	3185 	3512 
563 	130 	3850 	2183 	7957 
564 	2452 	8295 	1181 	5750 
565 	1450 	6088 	179 	3546 
566 	448 	3884 	2501 	7991 
567 	2534 	2770 	1263 	1499 
568 	1532 	1768 	261 	497 
569 	530 	4723 	2583 	8830 
570 	2852 	9168 	1581 	6624 
571 	1850 	6964 	579 	4419 
572 	848 	4757 	2901 	8865 
573 	3170 	9202 	1899 	6660 
574 	1932 	2168 	661 	897 
575 	930 	5597 	2983 	9704 
576 	3252 	3392 	1981 	7499 
577 	2250 	7837 	979 	5293 
578 	1248 	5631 	3301 	9738 
579 	246 	3426 	2299 	7534 
580 	2332 	2568 	1061 	1297 
581 	1330 	1566 	59 	295 
582 	328 	4266 	2381 	8373 
583 	2650 	8711 	1379 	6167 
584 	1648 	6505 	377 	3962 
585 	646 	4300 	2699 	8407 
586 	2732 	2968 	1461 	1697 
587 	1730 	1966 	459 	695 
588 	728 	5140 	2781 	9247 
589 	3050 	9585 	1779 	7042 
590 	2048 	7380 	777 	4836 
591 	1046 	5174 	3099 	9281 
592 	44 	9619 	2097 	7076 
593 	2130 	2366 	859 	1095 
594 	1128 	6013 	3181 	3471 
595 	126 	3809 	2179 	7916 
596 	2448 	8254 	1177 	5709 
597 	1446 	6047 	175 	3505 
598 	444 	3843 	2497 	7950 
599 	2530 	2766 	1259 	1495 
600 	1528 	1764 	257 	493 
601 	526 	4682 	2579 	8789 
602 	2848 	9127 	1577 	6583 
603 	1846 	6923 	575 	4379 
604 	844 	4716 	2897 	8824 
605 	2930 	3166 	1659 	1895 
606 	1928 	2164 	657 	893 
607 	926 	5556 	2979 	9663 
608 	3248 	3351 	1977 	7459 
609 	2246 	7796 	975 	5252 
610 	1244 	5590 	3297 	9697 
611 	242 	3385 	2295 	7493 
612 	2328 	2564 	1057 	1293 
613 	1326 	6430 	55 	3887 
614 	324 	4225 	2377 	8332 
615 	2646 	8670 	1375 	6126 
616 	1644 	6464 	373 	3921 
617 	642 	4259 	2695 	8366 
618 	2728 	2964 	1457 	1693 
619 	1726 	1962 	455 	691 
620 	724 	5099 	2777 	9206 
621 	3046 	9544 	1775 	7001 
622 	2044 	7339 	773 	4795 
623 	1042 	5133 	3095 	9240 
624 	3128 	40 	1857 	2093 
625 	2126 	2362 	855 	1091 
626 	1124 	5972 	3177 	3430 
627 	122 	3768 	2175 	7875 
628 	2444 	8213 	1173 	5669 
629 	1442 	6006 	171 	3464 
630 	440 	3802 	2493 	7909 
631 	2526 	2762 	1255 	1491 
632 	1524 	1760 	253 	489 
633 	522 	4641 	2575 	8749 
634 	2844 	9086 	1573 	6542 
635 	1842 	6882 	571 	4338 
636 	840 	4675 	2893 	8783 
637 	2926 	3162 	1655 	1891 
638 	1924 	2160 	653 	889 
639 	922 	5515 	2975 	9622 
640 	3244 	9960 	1973 	7418 
641 	2242 	7755 	971 	5211 
642 	1240 	5549 	3293 	9656 
643 	238 	3344 	2291 	7452 
644 	2324 	2560 	1053 	1289 
645 	1322 	6389 	51 	3846 
646 	320 	4184 	2373 	8291 
647 	2642 	8629 	1371 	6085 
648 	1640 	6423 	369 	3880 
649 	638 	4218 	2691 	8325 
650 	2724 	2960 	1453 	1689 
651 	1722 	1958 	451 	687 
652 	720 	5058 	2773 	9165 
653 	3042 	9503 	1771 	6960 
654 	2040 	7298 	769 	4754 
655 	1038 	5092 	3091 	9199 
656 	3124 	36 	1853 	2089 
657 	2122 	2358 	851 	1087 
658 	1120 	5931 	3173 	3389 
659 	118 	3727 	2171 	7834 
660 	2440 	8172 	1169 	5628 
661 	1438 	5965 	167 	3423 
662 	436 	3761 	2489 	7868 
663 	2522 	2758 	1251 	1487 
664 	1520 	6807 	249 	4263 
665 	518 	4600 	2571 	8708 
666 	2840 	9045 	1569 	6501 
667 	1838 	6841 	567 	4297 
668 	836 	4634 	2889 	8742 
669 	2922 	3158 	1651 	1887 
670 	1920 	2156 	649 	885 
671 	918 	5474 	2971 	9581 
672 	3240 	9919 	1969 	7377 
673 	2238 	7714 	967 	5170 
674 	1236 	5508 	3289 	9615 
675 	3322 	234 	2051 	2287 
676 	2320 	2556 	1049 	1285 
677 	1318 	6348 	47 	3805 
678 	316 	4143 	2369 	8250 
679 	2638 	8588 	1367 	6044 
680 	1636 	6382 	365 	3839 
681 	634 	4177 	2687 	8284 
682 	2720 	2956 	1449 	1685 
683 	1718 	7223 	447 	4679 
684 	716 	5017 	2769 	9124 
685 	3038 	9462 	1767 	6919 
686 	2036 	7257 	765 	4713 
687 	1034 	5051 	3087 	9158 
688 	3120 	32 	1849 	2085 
689 	2118 	2354 	847 	1083 
690 	1116 	5890 	3169 	3348 
691 	114 	3686 	2167 	7793 
692 	2436 	8131 	1165 	5587 
693 	1434 	5925 	163 	3382 
694 	432 	3720 	2485 	7827 
695 	2518 	2754 	1247 	1483 
696 	1516 	6766 	245 	4222 
697 	514 	4559 	2567 	8667 
698 	2836 	9004 	1565 	6460 
699 	1834 	6800 	563 	4256 
700 	832 	4594 	2885 	8701 
701 	2918 	3154 	1647 	1883 
702 	1916 	2152 	645 	881 
703 	914 	5433 	2967 	9540 
704 	3236 	9878 	1965 	7336 
705 	2234 	7674 	963 	5129 
706 	1232 	5467 	3285 	9574 
707 	3318 	230 	2047 	2283 
708 	2316 	2552 	1045 	1281 
709 	1314 	6307 	43 	3764 
710 	312 	4102 	2365 	8209 
711 	2634 	8547 	1363 	6003 
712 	1632 	6341 	361 	3798 
713 	630 	4136 	2683 	8243 
714 	2716 	2952 	1445 	1681 
715 	1714 	7182 	443 	4638 
716 	712 	4976 	2765 	9083 
717 	3034 	9421 	1763 	6878 
718 	2032 	7216 	761 	4672 
719 	1030 	5010 	3083 	9117 
720 	3116 	28 	1845 	2081 
721 	2114 	2350 	843 	1079 
722 	1112 	5849 	3165 	9957 
723 	110 	3645 	2163 	7752 
724 	2432 	8090 	1161 	5546 
725 	1430 	5884 	159 	3341 
726 	192 	428 	2245 	2481 
727 	2514 	2750 	1243 	1479 
728 	1512 	6725 	241 	4181 
729 	510 	4518 	2563 	8626 
730 	2832 	8964 	1561 	6419 
731 	1830 	6759 	559 	4215 
732 	828 	4553 	2881 	8660 
733 	2914 	3150 	1643 	1879 
734 	1912 	7598 	641 	5054 
735 	910 	5392 	2963 	9499 
736 	3232 	9837 	1961 	7295 
737 	2230 	7633 	959 	5088 
738 	1228 	5426 	3281 	9533 
739 	3314 	226 	2043 	2279 
740 	2312 	2548 	1041 	1277 
741 	1310 	6266 	39 	3723 
742 	308 	4061 	2361 	8168 
743 	2630 	8506 	1359 	5962 
744 	1628 	6300 	357 	3757 
745 	390 	626 	2443 	2679 
746 	2712 	2948 	1441 	1677 
747 	1710 	7141 	439 	4597 
748 	708 	4935 	2761 	9042 
749 	3030 	9380 	1759 	6837 
750 	2028 	7175 	757 	4631 
751 	1026 	4969 	3079 	9076 
752 	3112 	24 	1841 	2077 
753 	2110 	8015 	839 	5471 
754 	1108 	5808 	3161 	9916 
755 	106 	3604 	2159 	7711 
756 	2428 	8049 	1157 	5505 
757 	1426 	5843 	155 	9950 
758 	188 	424 	2241 	2477 
759 	2510 	2746 	1239 	1475 
760 	1508 	6684 	237 	4140 
761 	506 	4478 	2559 	8585 
762 	2828 	8923 	1557 	6378 
763 	1826 	6718 	555 	4174 
764 	824 	4512 	2877 	8619 
765 	2910 	3146 	1639 	1875 
766 	1908 	7557 	637 	5013 
767 	906 	5351 	2959 	9458 
768 	3228 	9796 	1957 	7254 
769 	2226 	7592 	955 	5047 
770 	1224 	5385 	3277 	9493 
771 	3310 	222 	2039 	2275 
772 	2308 	2544 	1037 	1273 
773 	1306 	6225 	35 	3682 
774 	304 	4020 	2357 	8127 
775 	2626 	8465 	1355 	5921 
776 	1624 	6259 	353 	3716 
777 	386 	622 	2439 	2675 
778 	2708 	2944 	1437 	1673 
779 	1706 	7100 	435 	4556 
780 	704 	4894 	2757 	9001 
781 	3026 	9339 	1755 	6796 
782 	2024 	7134 	753 	4590 
783 	1022 	4928 	3075 	9035 
784 	3108 	20 	1837 	2073 
785 	2106 	7974 	835 	5430 
786 	1104 	5768 	3157 	9875 
787 	102 	3563 	2155 	7670 
788 	2424 	8008 	1153 	5464 
789 	1422 	5802 	151 	9909 
790 	184 	420 	2237 	2473 
791 	2506 	2742 	1235 	1471 
792 	1504 	6641 	233 	4099 
793 	502 	4437 	2555 	8544 
794 	2824 	8882 	1553 	6337 
795 	1822 	6677 	551 	4133 
796 	584 	820 	2637 	2873 
797 	2906 	3142 	1635 	1871 
798 	1904 	7517 	633 	4972 
799 	902 	5310 	2955 	9417 
800 	3224 	9755 	1953 	7213 
801 	2222 	7551 	951 	5006 
802 	1220 	5344 	3273 	9452 
803 	3306 	218 	2035 	2271 
804 	2304 	8390 	1033 	5846 
805 	1302 	6184 	31 	3641 
806 	300 	3979 	2353 	8086 
807 	2622 	8424 	1351 	5880 
808 	1620 	6218 	349 	3676 
809 	382 	618 	2435 	2671 
810 	2704 	2940 	1433 	1669 
811 	1702 	7059 	431 	4515 
812 	700 	4853 	2753 	8960 
813 	3022 	9298 	1751 	6756 
814 	2020 	7093 	749 	4549 
815 	782 	1018 	2835 	3071 
816 	3104 	16 	1833 	2069 
817 	2102 	7933 	831 	5389 
818 	1100 	5727 	3153 	9834 
819 	98 	3522 	2151 	7629 
820 	2420 	7967 	1149 	5423 
821 	1418 	5761 	147 	9868 
822 	180 	416 	2233 	2469 
823 	2502 	2738 	1231 	1467 
824 	1500 	6600 	229 	4058 
825 	498 	4396 	2551 	8503 
826 	2820 	8841 	1549 	6296 
827 	1818 	6634 	547 	4092 
828 	580 	816 	2633 	2869 
829 	2902 	3138 	1631 	1867 
830 	1900 	7476 	629 	4931 
831 	898 	5269 	2951 	9376 
832 	3220 	9714 	1949 	7172 
833 	2218 	7510 	947 	4966 
834 	1216 	5303 	3269 	9411 
835 	3302 	214 	2031 	2267 
836 	2300 	8349 	1029 	5805 
837 	1298 	6143 	27 	3600 
838 	296 	3938 	2349 	8046 
839 	2618 	8383 	1347 	5839 
840 	1616 	6177 	345 	3635 
841 	378 	614 	2431 	2667 
842 	2700 	2936 	1429 	1665 
843 	1698 	7018 	427 	4474 
844 	696 	4812 	2749 	8919 
845 	3018 	9257 	1747 	6715 
846 	2016 	7052 	745 	4508 
847 	778 	1014 	2831 	3067 
848 	3100 	12 	1829 	2065 
849 	2098 	7892 	827 	5348 
850 	1096 	5686 	3149 	9793 
851 	94 	3481 	2147 	7588 
852 	2416 	7926 	1145 	5382 
853 	1414 	5720 	143 	9827 
854 	176 	412 	2229 	2465 
855 	2498 	8766 	1227 	6221 
856 	1496 	6559 	225 	4017 
857 	494 	4355 	2547 	8462 
858 	2816 	8800 	1545 	6256 
859 	1814 	6593 	543 	4051 
860 	576 	812 	2629 	2865 
861 	2898 	3134 	1627 	1863 
862 	1896 	7435 	625 	4890 
863 	894 	5228 	2947 	9336 
864 	3216 	9673 	1945 	7131 
865 	2214 	7469 	943 	4925 
866 	976 	1212 	3029 	3265 
867 	3298 	210 	2027 	2263 
868 	2296 	8308 	1025 	5764 
869 	1294 	6102 	23 	3559 
870 	292 	3897 	2345 	8005 
871 	2614 	8342 	1343 	5798 
872 	1612 	6136 	341 	3594 
873 	374 	610 	2427 	2663 
874 	2696 	9182 	1425 	6638 
875 	1694 	6977 	423 	4433 
876 	692 	4771 	2745 	8878 
877 	3014 	9216 	1743 	6674 
878 	2012 	7011 	741 	4467 
879 	774 	1010 	2827 	3063 
880 	3096 	8 	1825 	2061 
881 	2094 	7851 	823 	5307 
882 	1092 	5645 	3145 	9752 
883 	90 	3440 	2143 	7547 
884 	2412 	7885 	1141 	5341 
885 	1410 	5679 	139 	9786 
886 	172 	408 	2225 	2461 
887 	2494 	8725 	1223 	6180 
888 	1492 	6518 	221 	3976 
889 	490 	4314 	2543 	8421 
890 	2812 	8759 	1541 	6215 
891 	1810 	6552 	539 	4010 
892 	572 	808 	2625 	2861 
893 	2894 	3130 	1623 	1859 
894 	1892 	7394 	621 	4849 
895 	890 	5187 	2943 	9295 
896 	3212 	9632 	1941 	7090 
897 	2210 	7428 	939 	4884 
898 	972 	1208 	3025 	3261 
899 	3294 	206 	2023 	2259 
900 	2292 	8267 	1021 	5723 
901 	1290 	6061 	19 	3519 
902 	288 	3856 	2341 	7964 
903 	2610 	8301 	1339 	5757 
904 	1608 	6095 	337 	3553 
905 	370 	606 	2423 	2659 
906 	2692 	9141 	1421 	6597 
907 	1690 	6936 	419 	4392 
908 	688 	4730 	2741 	8837 
909 	3010 	9175 	1739 	6631 
910 	2008 	6971 	737 	4426 
911 	770 	1006 	2823 	3059 
912 	3092 	4 	1821 	2057 
913 	2090 	7810 	819 	5266 
914 	1088 	5604 	3141 	9711 
915 	86 	3399 	2139 	7506 
916 	2408 	7844 	1137 	5300 
917 	1170 	1406 	3223 	135 
918 	168 	404 	2221 	2457 
919 	2490 	8684 	1219 	6140 
920 	1488 	6477 	217 	3935 
921 	486 	4273 	2539 	8380 
922 	2808 	8718 	1537 	6174 
923 	1806 	6511 	535 	3969 
924 	568 	804 	2621 	2857 
925 	2890 	9557 	1619 	7015 
926 	1888 	7353 	617 	4809 
927 	886 	5146 	2939 	9254 
928 	3208 	9591 	1937 	7049 
929 	2206 	7387 	935 	4843 
930 	968 	1204 	3021 	3257 
931 	3290 	202 	2019 	2255 
932 	2288 	8226 	1017 	5682 
933 	1286 	6020 	15 	3478 
934 	284 	3815 	2337 	7923 
935 	2606 	8261 	1335 	5716 
936 	1368 	1604 	97 	333 
937 	366 	602 	2419 	2655 
938 	2688 	9100 	1417 	6556 
939 	1686 	6895 	415 	4351 
940 	684 	4689 	2737 	8796 
941 	3006 	9134 	1735 	6590 
942 	2004 	6930 	733 	4385 
943 	766 	1002 	2819 	3055 
944 	3088 	3324 	1817 	7431 
945 	2086 	7769 	815 	5225 
946 	1084 	5563 	3137 	9670 
947 	82 	3358 	2135 	7465 
948 	2404 	7803 	1133 	5259 
949 	1166 	1402 	3219 	131 
950 	164 	400 	2217 	2453 
951 	2486 	8643 	1215 	6099 
952 	1484 	6436 	213 	3894 
953 	482 	4232 	2535 	8339 
954 	2804 	8677 	1533 	6133 
955 	1802 	6471 	531 	3928 
956 	564 	800 	2617 	2853 
957 	2886 	9516 	1615 	6974 
958 	1884 	7312 	613 	4768 
959 	882 	5105 	2935 	9213 
960 	3204 	9551 	1933 	7008 
961 	2202 	7346 	931 	4802 
962 	964 	1200 	3017 	3253 
963 	3286 	198 	2015 	2251 
964 	2284 	8185 	1013 	5641 
965 	1282 	5979 	11 	3437 
966 	280 	3774 	2333 	7882 
967 	2602 	8220 	1331 	5675 
968 	1364 	1600 	93 	329 
969 	362 	598 	2415 	2651 
970 	2684 	9059 	1413 	6515 
971 	1682 	6854 	411 	4310 
972 	680 	4648 	2733 	8755 
973 	3002 	9093 	1731 	6549 
974 	2000 	6889 	729 	4344 
975 	762 	998 	2815 	3051 
976 	3084 	9933 	1813 	7390 
977 	2082 	7728 	811 	5184 
978 	1080 	5522 	3133 	9629 
979 	78 	9967 	2131 	7424 
980 	2400 	7762 	1129 	5218 
981 	1162 	1398 	3215 	127 
982 	160 	396 	2213 	2449 
983 	2482 	8602 	1211 	6058 
984 	1480 	6395 	209 	3853 
985 	478 	4191 	2531 	8298 
986 	2800 	8636 	1529 	6092 
987 	1562 	1798 	291 	527 
988 	560 	796 	2613 	2849 
989 	2882 	9475 	1611 	6933 
990 	1880 	7271 	609 	4727 
991 	878 	5064 	2931 	9172 
992 	3200 	9510 	1929 	6967 
993 	2198 	7305 	927 	4761 
994 	960 	1196 	3013 	3249 
995 	3282 	3699 	2011 	7807 
996 	2280 	8144 	1009 	5600 
997 	1278 	5938 	7 	3396 
998 	276 	3734 	2329 	7841 
999 	2598 	8179 	1327 	5634 
1000 	1360 	1596 	89 	325 
1001 	358 	594 	2411 	2647 
1002 	2680 	9018 	1409 	6474 
1003 	1678 	6814 	407 	4269 
1004 	676 	4607 	2729 	8714 
1005 	2998 	9052 	1727 	6508 
1006 	1996 	6848 	725 	4303 
1007 	758 	994 	2811 	3047 
1008 	3080 	9892 	1809 	7349 
1009 	2078 	7687 	807 	5143 
1010 	1076 	5481 	3129 	9588 
1011 	74 	9926 	2127 	7383 
1012 	2396 	7721 	1125 	5177 
1013 	1158 	1394 	3211 	123 
1014 	156 	392 	2209 	2445 
1015 	2478 	8561 	1207 	6017 
1016 	1476 	6355 	205 	3812 
1017 	474 	4150 	2527 	8257 
1018 	2796 	8595 	1525 	6051 
1019 	1558 	1794 	287 	523 
1020 	556 	792 	2609 	2845 
1021 	2878 	9434 	1607 	6892 
1022 	1876 	7230 	605 	4686 
1023 	874 	5024 	2927 	9131 
1024 	3196 	9469 	1925 	6926 
1025 	2194 	7264 	923 	4720 
1026 	956 	1192 	3009 	3245 
1027 	3278 	3658 	2007 	7766 
1028 	2276 	8104 	1005 	5559 
1029 	1274 	5897 	3 	3355 
1030 	272 	3693 	2325 	7800 
1031 	2594 	8138 	1323 	5593 
1032 	1356 	1592 	85 	321 
1033 	354 	590 	2407 	2643 
1034 	2676 	8977 	1405 	6433 
1035 	1674 	6773 	403 	4228 
1036 	672 	4566 	2725 	8673 
1037 	2994 	9011 	1723 	6467 
1038 	1756 	1992 	485 	721 
1039 	754 	990 	2807 	3043 
1040 	3076 	9851 	1805 	7308 
1041 	2074 	7646 	803 	5102 
1042 	1072 	5440 	3125 	9547 
1043 	70 	9885 	2123 	7342 
1044 	2392 	7680 	1121 	5136 
1045 	1154 	1390 	3207 	119 
1046 	152 	4075 	2205 	8182 
1047 	2474 	8520 	1203 	5976 
1048 	1472 	6314 	201 	3771 
1049 	470 	4109 	2523 	8216 
1050 	2792 	8554 	1521 	6010 
1051 	1554 	1790 	283 	519 
1052 	552 	788 	2605 	2841 
1053 	2874 	9394 	1603 	6851 
1054 	1872 	7189 	601 	4645 
1055 	870 	4983 	2923 	9090 
1056 	3192 	9428 	1921 	6885 
1057 	1954 	2190 	683 	919 
1058 	952 	1188 	3005 	3241 
1059 	3274 	3617 	2003 	7725 
1060 	2272 	8063 	1001 	5518 
1061 	1270 	5856 	3323 	9963 
1062 	268 	3652 	2321 	7759 
1063 	2590 	8097 	1319 	5553 
1064 	1352 	1588 	81 	317 
1065 	350 	4491 	2403 	8598 
1066 	2672 	8936 	1401 	6392 
1067 	1670 	6732 	399 	4187 
1068 	668 	4525 	2721 	8633 
1069 	2990 	8970 	1719 	6426 
1070 	1752 	1988 	481 	717 
1071 	750 	986 	2803 	3039 
1072 	3072 	9810 	1801 	7267 
1073 	2070 	7605 	799 	5061 
1074 	1068 	5399 	3121 	9506 
1075 	66 	9844 	2119 	7302 
1076 	2388 	7639 	1117 	5095 
1077 	1150 	1386 	3203 	115 
1078 	148 	4034 	2201 	8141 
1079 	2470 	8479 	1199 	5935 
1080 	1468 	6273 	197 	3730 
1081 	466 	4068 	2519 	8175 
1082 	2788 	8513 	1517 	5969 
1083 	1550 	1786 	279 	515 
1084 	548 	784 	2601 	2837 
1085 	2870 	9353 	1599 	6810 
1086 	1868 	7148 	597 	4604 
1087 	866 	4942 	2919 	9049 
1088 	3188 	9387 	1917 	6844 
1089 	1950 	2186 	679 	915 
1090 	948 	1184 	3001 	3237 
1091 	3270 	3577 	1999 	7684 
1092 	2268 	8022 	997 	5477 
1093 	1266 	5815 	3319 	9923 
1094 	264 	3611 	2317 	7718 
1095 	2586 	8056 	1315 	5512 
1096 	1348 	1584 	77 	313 
1097 	346 	4450 	2399 	8557 
1098 	2668 	8895 	1397 	6351 
1099 	1666 	6691 	395 	4146 
1100 	664 	4484 	2717 	8592 
1101 	2986 	8929 	1715 	6385 
1102 	1748 	1984 	477 	713 
1103 	746 	982 	2799 	3035 
1104 	3068 	9769 	1797 	7226 
1105 	2066 	7564 	795 	5020 
1106 	1064 	5358 	3117 	9465 
1107 	62 	9803 	2115 	7261 
1108 	2148 	2384 	877 	1113 
1109 	1146 	1382 	3199 	111 
1110 	144 	3993 	2197 	8100 
1111 	2466 	8438 	1195 	5894 
1112 	1464 	6232 	193 	3689 
1113 	462 	4027 	2515 	8134 
1114 	2784 	8472 	1513 	5928 
1115 	1546 	1782 	275 	511 
1116 	544 	4867 	2597 	8974 
1117 	2866 	9312 	1595 	6769 
1118 	1864 	7107 	593 	4563 
1119 	862 	4901 	2915 	9008 
1120 	3184 	9346 	1913 	6803 
1121 	1946 	2182 	675 	911 
1122 	944 	1180 	2997 	3233 
1123 	3266 	3536 	1995 	7643 
1124 	2264 	7981 	993 	5436 
1125 	1262 	5774 	3315 	9882 
1126 	260 	3570 	2313 	7677 
1127 	2346 	2582 	1075 	1311 
1128 	1344 	1580 	73 	309 
1129 	342 	4409 	2395 	8516 
1130 	2664 	8854 	1393 	6310 
1131 	1662 	6650 	391 	4106 
1132 	660 	4443 	2713 	8551 
1133 	2982 	8888 	1711 	6344 
1134 	1744 	1980 	473 	709 
1135 	742 	978 	2795 	3031 
1136 	3064 	9728 	1793 	7186 
1137 	2062 	7523 	791 	4979 
1138 	1060 	5317 	3113 	9424 
1139 	58 	9762 	2111 	7220 
1140 	2144 	2380 	873 	1109 
1141 	1142 	1378 	3195 	107 
1142 	140 	3952 	2193 	8059 
1143 	2462 	8397 	1191 	5853 
1144 	1460 	6191 	189 	3648 
1145 	458 	3986 	2511 	8093 
1146 	2780 	8431 	1509 	5887 
1147 	1542 	1778 	271 	507 
1148 	540 	4826 	2593 	8933 
1149 	2862 	9271 	1591 	6728 
1150 	1860 	7066 	589 	4522 
1151 	858 	4860 	2911 	8967 
1152 	3180 	9305 	1909 	6762 
1153 	1942 	2178 	671 	907 
1154 	940 	1176 	2993 	3229 
1155 	3262 	3495 	1991 	7602 
1156 	2260 	7940 	989 	5396 
1157 	1258 	5733 	3311 	9841 
1158 	256 	3529 	2309 	7636 
1159 	2342 	2578 	1071 	1307 
1160 	1340 	1576 	69 	305 
1161 	338 	4368 	2391 	8476 
1162 	2660 	8813 	1389 	6269 
1163 	1658 	6607 	387 	4065 
1164 	656 	4402 	2709 	8510 
1165 	2978 	8848 	1707 	6303 
1166 	1740 	1976 	469 	705 
1167 	738 	5242 	2791 	9349 
1168 	3060 	9687 	1789 	7145 
1169 	2058 	7482 	787 	4938 
1170 	1056 	5276 	3109 	9383 
1171 	54 	9721 	2107 	7179 
1172 	2140 	2376 	869 	1105 
1173 	1138 	1374 	3191 	103 
1174 	136 	3911 	2189 	8018 
1175 	2458 	8356 	1187 	5812 
1176 	1456 	6150 	185 	3607 
1177 	454 	3945 	2507 	8052 
1178 	2540 	2776 	1269 	1505 
1179 	1538 	1774 	267 	503 
1180 	536 	4785 	2589 	8892 
1181 	2858 	9230 	1587 	6687 
1182 	1856 	7025 	585 	4481 
1183 	854 	4819 	2907 	8926 
1184 	3176 	9264 	1905 	6721 
1185 	1938 	2174 	667 	903 
1186 	936 	5658 	2989 	9766 
1187 	3258 	3454 	1987 	7561 
1188 	2256 	7899 	985 	5355 
1189 	1254 	5692 	3307 	9800 
1190 	252 	3488 	2305 	7595 
1191 	2338 	2574 	1067 	1303 
1192 	1336 	1572 	65 	301 
1193 	334 	4327 	2387 	8435 
1194 	2656 	8772 	1385 	6228 
1195 	1654 	6566 	383 	4024 
1196 	652 	4361 	2705 	8469 
1197 	2974 	8807 	1703 	6262 
1198 	1736 	1972 	465 	701 
1199 	734 	5201 	2787 	9308 
1200 	3056 	9646 	1785 	7104 
1201 	2054 	7441 	783 	4897 
1202 	1052 	5235 	3105 	9342 
1203 	50 	9680 	2103 	7138 
1204 	2136 	2372 	865 	1101 
1205 	1134 	1370 	3187 	99 
1206 	132 	3870 	2185 	7977 
1207 	2454 	8315 	1183 	5771 
1208 	1452 	6109 	181 	3566 
1209 	450 	3904 	2503 	8011 
1210 	2536 	2772 	1265 	1501 
1211 	1534 	1770 	263 	499 
1212 	532 	4744 	2585 	8851 
1213 	2854 	9189 	1583 	6645 
1214 	1852 	6984 	581 	4440 
1215 	850 	4778 	2903 	8885 
1216 	3172 	9223 	1901 	6680 
1217 	1934 	2170 	663 	899 
1218 	932 	5617 	2985 	9725 
1219 	3254 	3413 	1983 	7520 
1220 	2252 	7858 	981 	5314 
1221 	1250 	5651 	3303 	9759 
1222 	248 	3447 	2301 	7554 
1223 	2334 	2570 	1063 	1299 
1224 	1332 	1568 	61 	297 
1225 	330 	4286 	2383 	8394 
1226 	2652 	8731 	1381 	6187 
1227 	1650 	6525 	379 	3983 
1228 	648 	4321 	2701 	8428 
1229 	2734 	2970 	1463 	1699 
1230 	1732 	1968 	461 	697 
1231 	730 	5160 	2783 	9267 
1232 	3052 	9605 	1781 	7063 
1233 	2050 	7401 	779 	4856 
1234 	1048 	5194 	3101 	9301 
1235 	46 	9639 	2099 	7097 
1236 	2132 	2368 	861 	1097 
1237 	1130 	6034 	3183 	3491 
1238 	128 	3829 	2181 	7936 
1239 	2450 	8274 	1179 	5730 
1240 	1448 	6068 	177 	3525 
1241 	446 	3863 	2499 	7970 
1242 	2532 	2768 	1261 	1497 
1243 	1530 	1766 	259 	495 
1244 	528 	4703 	2581 	8810 
1245 	2850 	9148 	1579 	6604 
1246 	1848 	6943 	577 	4399 
1247 	846 	4737 	2899 	8844 
1248 	2932 	3168 	1661 	1897 
1249 	1930 	2166 	659 	895 
1250 	928 	5576 	2981 	9684 
1251 	3250 	3372 	1979 	7479 
1252 	2248 	7817 	977 	5273 
1253 	1246 	5611 	3299 	9718 
1254 	244 	3406 	2297 	7513 
1255 	2330 	2566 	1059 	1295 
1256 	1328 	6450 	57 	3908 
1257 	326 	4245 	2379 	8353 
1258 	2648 	8691 	1377 	6146 
1259 	1646 	6484 	375 	3942 
1260 	644 	4280 	2697 	8387 
1261 	2730 	2966 	1459 	1695 
1262 	1728 	1964 	457 	693 
1263 	726 	5119 	2779 	9226 
1264 	3048 	9564 	1777 	7022 
1265 	2046 	7360 	775 	4815 
1266 	1044 	5153 	3097 	9260 
1267 	42 	9598 	2095 	7056 
1268 	2128 	2364 	857 	1093 
1269 	1126 	5993 	3179 	3450 
1270 	124 	3788 	2177 	7895 
1271 	2446 	8233 	1175 	5689 
1272 	1444 	6027 	173 	3484 
1273 	442 	3822 	2495 	7929 
1274 	2528 	2764 	1257 	1493 
1275 	1526 	1762 	255 	491 
1276 	524 	4662 	2577 	8769 
1277 	2846 	9107 	1575 	6563 
1278 	1844 	6902 	573 	4358 
1279 	842 	4696 	2895 	8803 
1280 	2928 	3164 	1657 	1893 
1281 	1926 	2162 	655 	891 
1282 	924 	5535 	2977 	9643 
1283 	3246 	3331 	1975 	7438 
1284 	2244 	7776 	973 	5232 
1285 	1242 	5570 	3295 	9677 
1286 	240 	3365 	2293 	7472 
1287 	2326 	2562 	1055 	1291 
1288 	1324 	6409 	53 	3867 
1289 	322 	4204 	2375 	8312 
1290 	2644 	8650 	1373 	6105 
1291 	1642 	6443 	371 	3901 
1292 	640 	4239 	2693 	8346 
1293 	2726 	2962 	1455 	1691 
1294 	1724 	1960 	453 	689 
1295 	722 	5078 	2775 	9185 
1296 	3044 	9523 	1773 	6981 
1297 	2042 	7319 	771 	4774 
1298 	1040 	5112 	3093 	9219 
1299 	3126 	38 	1855 	2091 
1300 	2124 	2360 	853 	1089 
1301 	1122 	5952 	3175 	3409 
1302 	120 	3747 	2173 	7854 
1303 	2442 	8192 	1171 	5648 
1304 	1440 	5986 	169 	3443 
1305 	438 	3781 	2491 	7889 
1306 	2524 	2760 	1253 	1489 
1307 	1522 	6827 	251 	4283 
1308 	520 	4621 	2573 	8728 
1309 	2842 	9066 	1571 	6522 
1310 	1840 	6861 	569 	4317 
1311 	838 	4655 	2891 	8762 
1312 	2924 	3160 	1653 	1889 
1313 	1922 	2158 	651 	887 
1314 	920 	5494 	2973 	9602 
1315 	3242 	9940 	1971 	7397 
1316 	2240 	7735 	969 	5191 
1317 	1238 	5529 	3291 	9636 
