FR80T5X16L2
Channel Interleaving, Puncturing and Mapping to 16-QAM
User data=2400, with flush=2404, Channel Symbols=1479, Channel Bits=5916, p=1756, q=1756, Coding Rate=0.405680

Symbol	b3 	b2 	b1 	b0 
0 	0 	4636 	1485 	2800 
1 	2294 	4797 	1375 	2961 
2 	2184 	4959 	1265 	3123 
3 	2074 	5121 	1155 	3284 
4 	1964 	5282 	1045 	3446 
5 	1854 	5444 	935 	3607 
6 	1744 	5605 	825 	3769 
7 	1634 	5767 	715 	3930 
8 	1524 	5929 	605 	4092 
9 	1414 	6090 	495 	4254 
10 	1304 	6252 	385 	4415 
11 	1194 	6413 	275 	4577 
12 	1084 	6575 	165 	4738 
13 	974 	6736 	55 	4900 
14 	4321 	6898 	2485 	5062 
15 	4482 	7059 	2646 	5223 
16 	4644 	2412 	2808 	5385 
17 	12 	4805 	1497 	2969 
18 	2306 	4967 	1387 	3131 
19 	2196 	5129 	1277 	3292 
20 	2086 	5291 	1167 	3454 
21 	1976 	5452 	1057 	3616 
22 	1866 	5614 	947 	3777 
23 	1756 	5775 	837 	3939 
24 	1646 	5937 	727 	4100 
25 	1536 	6098 	617 	4262 
26 	1426 	6260 	507 	4423 
27 	1316 	6421 	397 	4585 
28 	1206 	6583 	287 	4746 
29 	1096 	6744 	177 	4909 
30 	986 	6906 	67 	5070 
31 	4490 	7068 	2655 	5232 
32 	4652 	2420 	2816 	5393 
33 	4814 	2582 	2978 	5555 
34 	24 	4976 	1509 	3139 
35 	2318 	5137 	1399 	3301 
36 	2208 	5299 	1289 	3462 
37 	2098 	5460 	1179 	3624 
38 	1988 	5622 	1069 	3785 
39 	1878 	5783 	959 	3947 
40 	1768 	5945 	849 	4108 
41 	1658 	6107 	739 	4270 
42 	1548 	6268 	629 	4432 
43 	1438 	6430 	519 	4593 
44 	1328 	6591 	409 	4755 
45 	1218 	6753 	299 	4917 
46 	1108 	6914 	189 	5078 
47 	4499 	7076 	2663 	5240 
48 	4660 	2429 	2824 	5401 
49 	4822 	2590 	2986 	5563 
50 	146 	4984 	1631 	3147 
51 	36 	5145 	1521 	3309 
52 	2330 	5307 	1411 	3470 
53 	2220 	5469 	1301 	3632 
54 	2110 	5630 	1191 	3794 
55 	2000 	5792 	1081 	3955 
56 	1890 	5953 	971 	4117 
57 	1780 	6115 	861 	4278 
58 	1670 	6276 	751 	4440 
59 	1560 	6438 	641 	4601 
60 	1450 	6599 	531 	4763 
61 	1340 	6761 	421 	4925 
62 	1230 	6922 	311 	5087 
63 	1120 	7084 	201 	5248 
64 	4668 	2437 	2833 	5410 
65 	4831 	2598 	2994 	5571 
66 	4992 	2760 	3156 	5733 
67 	158 	5154 	1643 	3317 
68 	48 	5315 	1533 	3479 
69 	2342 	5477 	1423 	3640 
70 	2232 	5638 	1313 	3802 
71 	2122 	5800 	1203 	3963 
72 	2012 	5961 	1093 	4125 
73 	1902 	6123 	983 	4286 
74 	1792 	6284 	873 	4448 
75 	1682 	6446 	763 	4609 
76 	1572 	6608 	653 	4771 
77 	1462 	6769 	543 	4933 
78 	1352 	6931 	433 	5095 
79 	1242 	7092 	323 	5256 
80 	4677 	2445 	2841 	5418 
81 	4839 	2607 	3002 	5579 
82 	5000 	2768 	3164 	5741 
83 	5162 	2930 	3325 	5903 
84 	170 	5323 	1655 	3487 
85 	60 	5485 	1545 	3648 
86 	2354 	5647 	1435 	3810 
87 	2244 	5808 	1325 	3972 
88 	2134 	5970 	1215 	4133 
89 	2024 	6131 	1105 	4295 
90 	1914 	6293 	995 	4456 
91 	1804 	6454 	885 	4618 
92 	1694 	6616 	775 	4779 
93 	1584 	6777 	665 	4941 
94 	1474 	6939 	555 	5103 
95 	1364 	7100 	445 	5265 
96 	1254 	2453 	335 	5426 
97 	4847 	2615 	3010 	5588 
98 	5009 	2776 	3172 	5749 
99 	5170 	2938 	3334 	5911 
100 	292 	5332 	1777 	3495 
101 	182 	5493 	1667 	3657 
102 	72 	5655 	1557 	3818 
103 	2366 	5816 	1447 	3980 
104 	2256 	5978 	1337 	4141 
105 	2146 	6139 	1227 	4303 
106 	2036 	6301 	1117 	4464 
107 	1926 	6462 	1007 	4626 
108 	1816 	6624 	897 	4787 
109 	1706 	6786 	787 	4950 
110 	1596 	6947 	677 	5111 
111 	1486 	7109 	567 	5273 
112 	1376 	2461 	457 	5434 
113 	1266 	2623 	347 	5596 
114 	5017 	2785 	3180 	5757 
115 	5178 	2946 	3342 	5919 
116 	5340 	3108 	3503 	6081 
117 	304 	5501 	1789 	3665 
118 	194 	5663 	1679 	3826 
119 	84 	5824 	1569 	3988 
120 	2378 	5986 	1459 	4150 
121 	2268 	6148 	1349 	4311 
122 	2158 	6309 	1239 	4473 
123 	2048 	6471 	1129 	4634 
124 	1938 	6632 	1019 	4796 
125 	1828 	6794 	909 	4958 
126 	1718 	6955 	799 	5119 
127 	1608 	7117 	689 	5281 
128 	1498 	2470 	579 	5443 
129 	1388 	2631 	469 	5604 
130 	5025 	2793 	3188 	5766 
131 	5187 	2954 	3350 	5927 
132 	5348 	3116 	3512 	6089 
133 	426 	5510 	1911 	3673 
134 	316 	5671 	1801 	3835 
135 	206 	5833 	1691 	3996 
136 	96 	5994 	1581 	4158 
137 	2390 	6156 	1471 	4319 
138 	2280 	6317 	1361 	4481 
139 	2170 	6479 	1251 	4642 
140 	2060 	6640 	1141 	4804 
141 	1950 	6802 	1031 	4966 
142 	1840 	6964 	921 	5128 
143 	1730 	7125 	811 	5289 
144 	1620 	2478 	701 	5451 
145 	1510 	2639 	591 	5612 
146 	1400 	2801 	481 	5774 
147 	5195 	2963 	3358 	5935 
148 	5356 	3124 	3520 	6097 
149 	5518 	3286 	3681 	6258 
150 	438 	5679 	1923 	3843 
151 	328 	5841 	1813 	4004 
152 	218 	6002 	1703 	4166 
153 	108 	6164 	1593 	4327 
154 	2402 	6326 	1483 	4489 
155 	2292 	6487 	1373 	4651 
156 	2182 	6649 	1263 	4813 
157 	2072 	6810 	1153 	4974 
158 	1962 	6972 	1043 	5136 
159 	1852 	7133 	933 	5297 
160 	1742 	2486 	823 	5459 
161 	1632 	2648 	713 	5621 
162 	1522 	2809 	603 	5782 
163 	1412 	2971 	493 	5944 
164 	5365 	3132 	3528 	6105 
165 	5526 	3294 	3690 	6267 
166 	5688 	3455 	3851 	6428 
167 	450 	5849 	1935 	4013 
168 	340 	6011 	1825 	4174 
169 	230 	6172 	1715 	4336 
170 	120 	6334 	1605 	4497 
171 	10 	6495 	1495 	4659 
172 	2304 	6657 	1385 	4821 
173 	2194 	6818 	1275 	4983 
174 	2084 	6980 	1165 	5144 
175 	1974 	7141 	1055 	5306 
176 	1864 	2494 	945 	5467 
177 	1754 	2656 	835 	5629 
178 	1644 	2817 	725 	5790 
179 	1534 	2979 	615 	5952 
180 	5373 	3141 	3536 	6113 
181 	5534 	3302 	3698 	6275 
182 	5696 	3464 	3859 	6436 
183 	572 	5857 	2057 	4021 
184 	462 	6019 	1947 	4182 
185 	352 	6180 	1837 	4344 
186 	242 	6342 	1727 	4505 
187 	132 	6504 	1617 	4667 
188 	22 	6665 	1507 	4829 
189 	2316 	6827 	1397 	4991 
190 	2206 	6988 	1287 	5152 
191 	2096 	7150 	1177 	5314 
192 	1986 	2503 	1067 	5475 
193 	1876 	2664 	957 	5637 
194 	1766 	2826 	847 	5798 
195 	1656 	2987 	737 	5960 
196 	1546 	3149 	627 	6122 
197 	5542 	3310 	3706 	6283 
198 	5704 	3472 	3867 	6445 
199 	5866 	3633 	4029 	6606 
200 	584 	6027 	2069 	4191 
201 	474 	6189 	1959 	4352 
202 	364 	6350 	1849 	4514 
203 	254 	6512 	1739 	4675 
204 	144 	6673 	1629 	4837 
205 	34 	6835 	1519 	4999 
206 	2328 	6996 	1409 	5161 
207 	2218 	7158 	1299 	5322 
208 	2108 	2511 	1189 	5484 
209 	1998 	2672 	1079 	5645 
210 	1888 	2834 	969 	5807 
211 	1778 	2995 	859 	5968 
212 	1668 	3157 	749 	6130 
213 	5551 	3319 	3714 	6291 
214 	5712 	3480 	3876 	6453 
215 	5874 	3642 	4037 	6614 
216 	6035 	3803 	4199 	6776 
217 	596 	6197 	2081 	4360 
218 	486 	6358 	1971 	4522 
219 	376 	6520 	1861 	4683 
220 	266 	6682 	1751 	4846 
221 	156 	6843 	1641 	5007 
222 	46 	7005 	1531 	5169 
223 	2340 	7166 	1421 	5330 
224 	2230 	2519 	1311 	5492 
225 	2120 	2681 	1201 	5653 
226 	2010 	2842 	1091 	5815 
227 	1900 	3004 	981 	5976 
228 	1790 	3165 	871 	6138 
229 	1680 	3327 	761 	6300 
230 	5720 	3488 	3884 	6461 
231 	5882 	3650 	4045 	6623 
232 	6044 	3811 	4207 	6784 
233 	718 	6205 	2203 	4369 
234 	608 	6367 	2093 	4530 
235 	498 	6528 	1983 	4692 
236 	388 	6690 	1873 	4854 
237 	278 	6851 	1763 	5015 
238 	168 	7013 	1653 	5177 
239 	58 	7174 	1543 	5338 
240 	2352 	2527 	1433 	5500 
241 	2242 	2689 	1323 	5662 
242 	2132 	2850 	1213 	5823 
243 	2022 	3012 	1103 	5985 
244 	1912 	3173 	993 	6146 
245 	1802 	3335 	883 	6308 
246 	1692 	3496 	773 	6469 
247 	5890 	3658 	4054 	6631 
248 	6052 	3820 	4215 	6792 
249 	6213 	3981 	4377 	6954 
250 	730 	6375 	2215 	4538 
251 	620 	6536 	2105 	4700 
252 	510 	6698 	1995 	4862 
253 	400 	6859 	1885 	5024 
254 	290 	7021 	1775 	5185 
255 	180 	7183 	1665 	5347 
256 	70 	2535 	1555 	5508 
257 	2364 	2697 	1445 	5670 
258 	2254 	2859 	1335 	5831 
259 	2144 	3020 	1225 	5993 
260 	2034 	3182 	1115 	6154 
261 	1924 	3343 	1005 	6316 
262 	1814 	3505 	895 	6478 
263 	5898 	3666 	4062 	6639 
264 	6060 	3828 	4223 	6801 
265 	6222 	3989 	4385 	6962 
266 	852 	6383 	2337 	4547 
267 	742 	6545 	2227 	4708 
268 	632 	6706 	2117 	4870 
269 	522 	6868 	2007 	5032 
270 	412 	7029 	1897 	5193 
271 	302 	7191 	1787 	5355 
272 	192 	2544 	1677 	5516 
273 	82 	2705 	1567 	5678 
274 	2376 	2867 	1457 	5840 
275 	2266 	3028 	1347 	6001 
276 	2156 	3190 	1237 	6163 
277 	2046 	3351 	1127 	6324 
278 	1936 	3513 	1017 	6486 
279 	1826 	3674 	907 	6647 
280 	6068 	3836 	4232 	6809 
281 	6230 	3998 	4393 	6970 
282 	6391 	4159 	4555 	7132 
283 	864 	6553 	2349 	4716 
284 	754 	6714 	2239 	4879 
285 	644 	6876 	2129 	5040 
286 	534 	7037 	2019 	5202 
287 	424 	7199 	1909 	5363 
288 	314 	2552 	1799 	5525 
289 	204 	2713 	1689 	5686 
290 	94 	2875 	1579 	5848 
291 	2388 	3036 	1469 	6009 
292 	2278 	3198 	1359 	6171 
293 	2168 	3360 	1249 	6332 
294 	2058 	3521 	1139 	6494 
295 	1948 	3683 	1029 	6655 
296 	1838 	3844 	919 	6817 
297 	6238 	4006 	4401 	6979 
298 	6399 	4167 	4563 	7140 
299 	6561 	4329 	4724 	2493 
300 	876 	6723 	2361 	4887 
301 	766 	6884 	2251 	5048 
302 	656 	7046 	2141 	5210 
303 	546 	7207 	2031 	5371 
304 	436 	2560 	1921 	5533 
305 	326 	2722 	1811 	5694 
306 	216 	2883 	1701 	5856 
307 	106 	3045 	1591 	6018 
308 	2400 	3206 	1481 	6179 
309 	2290 	3368 	1371 	6341 
310 	2180 	3529 	1261 	6502 
311 	2070 	3691 	1151 	6664 
312 	1960 	3852 	1041 	6825 
313 	6246 	4014 	4410 	6987 
314 	6408 	4176 	4571 	7148 
315 	6569 	4337 	4733 	2501 
316 	998 	6731 	79 	4895 
317 	888 	6892 	2373 	5056 
318 	778 	7054 	2263 	5218 
319 	668 	2407 	2153 	5380 
320 	558 	2568 	2043 	5541 
321 	448 	2730 	1933 	5703 
322 	338 	2891 	1823 	5864 
323 	228 	3053 	1713 	6026 
324 	118 	3214 	1603 	6187 
325 	8 	3376 	1493 	6349 
326 	2302 	3538 	1383 	6510 
327 	2192 	3699 	1273 	6672 
328 	2082 	3861 	1163 	6833 
329 	1972 	4022 	1053 	6995 
330 	6416 	4184 	4579 	7157 
331 	6577 	4345 	4741 	2509 
332 	6739 	4507 	4903 	2671 
333 	1010 	6901 	91 	5065 
334 	900 	7062 	2385 	5226 
335 	790 	2415 	2275 	5388 
336 	680 	2576 	2165 	5549 
337 	570 	2738 	2055 	5711 
338 	460 	2900 	1945 	5872 
339 	350 	3061 	1835 	6034 
340 	240 	3223 	1725 	6196 
341 	130 	3384 	1615 	6357 
342 	20 	3546 	1505 	6519 
343 	2314 	3707 	1395 	6680 
344 	2204 	3869 	1285 	6842 
345 	2094 	4030 	1175 	7003 
346 	6424 	4192 	4588 	7165 
347 	6586 	4353 	4749 	2518 
348 	6747 	4515 	4911 	2679 
349 	1132 	6909 	213 	5073 
350 	1022 	7070 	103 	5234 
351 	912 	2423 	2397 	5396 
352 	802 	2585 	2287 	5558 
353 	692 	2746 	2177 	5719 
354 	582 	2908 	2067 	5881 
355 	472 	3069 	1957 	6042 
356 	362 	3231 	1847 	6204 
357 	252 	3392 	1737 	6365 
358 	142 	3554 	1627 	6527 
359 	32 	3716 	1517 	6688 
360 	2326 	3877 	1407 	6850 
361 	2216 	4039 	1297 	7011 
362 	2106 	4200 	1187 	7173 
363 	6594 	4362 	4757 	2526 
364 	6755 	4523 	4920 	2687 
365 	6917 	4685 	5081 	2849 
366 	1144 	7079 	225 	5243 
367 	1034 	2431 	115 	5404 
368 	924 	2593 	5 	5566 
369 	814 	2754 	2299 	5727 
370 	704 	2916 	2189 	5889 
371 	594 	3078 	2079 	6050 
372 	484 	3239 	1969 	6212 
373 	374 	3401 	1859 	6373 
374 	264 	3562 	1749 	6535 
375 	154 	3724 	1639 	6697 
376 	44 	3885 	1529 	6858 
377 	2338 	4047 	1419 	7020 
378 	2228 	4208 	1309 	7181 
379 	2118 	4370 	1199 	2534 
380 	6764 	4531 	4928 	2696 
381 	6925 	4693 	5089 	2857 
382 	7087 	4855 	5251 	3019 
383 	1156 	2440 	237 	5412 
384 	1046 	2601 	127 	5574 
385 	936 	2763 	17 	5736 
386 	826 	2924 	2311 	5897 
387 	716 	3086 	2201 	6059 
388 	606 	3247 	2091 	6220 
389 	496 	3409 	1981 	6382 
390 	386 	3570 	1871 	6543 
391 	276 	3732 	1761 	6705 
392 	166 	3893 	1651 	6866 
393 	56 	4055 	1541 	7028 
394 	2350 	4217 	1431 	7189 
395 	2240 	4378 	1321 	2542 
396 	6772 	4540 	4936 	2704 
397 	6933 	4701 	5098 	2865 
398 	7095 	4863 	5259 	3027 
399 	1278 	2448 	359 	5421 
400 	1168 	2609 	249 	5582 
401 	1058 	2771 	139 	5744 
402 	948 	2932 	29 	5905 
403 	838 	3094 	2323 	6067 
404 	728 	3256 	2213 	6228 
405 	618 	3417 	2103 	6390 
406 	508 	3579 	1993 	6551 
407 	398 	3740 	1883 	6713 
408 	288 	3902 	1773 	6875 
409 	178 	4063 	1663 	7036 
410 	68 	4225 	1553 	7198 
411 	2362 	4386 	1443 	2550 
412 	2252 	4548 	1333 	2712 
413 	6942 	4709 	5106 	2874 
414 	7103 	4872 	5267 	3035 
415 	2456 	5033 	5429 	3197 
416 	1290 	2618 	371 	5590 
417 	1180 	2779 	261 	5752 
418 	1070 	2941 	151 	5913 
419 	960 	3102 	41 	6075 
420 	850 	3264 	2335 	6237 
421 	740 	3425 	2225 	6398 
422 	630 	3587 	2115 	6560 
423 	520 	3748 	2005 	6721 
424 	410 	3910 	1895 	6883 
425 	300 	4071 	1785 	7044 
426 	190 	4233 	1675 	7206 
427 	80 	4395 	1565 	2559 
428 	2374 	4556 	1455 	2720 
429 	6950 	4718 	5114 	2882 
430 	7111 	4880 	5276 	3043 
431 	2464 	5041 	5437 	3205 
432 	2626 	5203 	5599 	3366 
433 	1302 	2787 	383 	5760 
434 	1192 	2949 	273 	5922 
435 	1082 	3110 	163 	6083 
436 	972 	3272 	53 	6245 
437 	862 	3434 	2347 	6406 
438 	752 	3595 	2237 	6568 
439 	642 	3757 	2127 	6729 
440 	532 	3918 	2017 	6891 
441 	422 	4080 	1907 	7053 
442 	312 	4241 	1797 	2405 
443 	202 	4403 	1687 	2567 
444 	92 	4564 	1577 	2728 
445 	2386 	4726 	1467 	2890 
446 	7120 	4888 	5284 	3052 
447 	2472 	5050 	5445 	3213 
448 	2634 	5211 	5607 	3375 
449 	1424 	2796 	505 	5768 
450 	1314 	2957 	395 	5930 
451 	1204 	3119 	285 	6091 
452 	1094 	3280 	175 	6253 
453 	984 	3442 	65 	6415 
454 	874 	3603 	2359 	6576 
455 	764 	3765 	2249 	6738 
456 	654 	3926 	2139 	6899 
457 	544 	4088 	2029 	7061 
458 	434 	4249 	1919 	2414 
459 	324 	4411 	1809 	2575 
460 	214 	4573 	1699 	2737 
461 	104 	4734 	1589 	2898 
462 	2398 	4896 	1479 	3060 
463 	2481 	5058 	5453 	3221 
464 	2642 	5219 	5615 	3383 
465 	2804 	5381 	5777 	3544 
466 	1436 	2965 	517 	5938 
467 	1326 	3127 	407 	6100 
468 	1216 	3288 	297 	6261 
469 	1106 	3450 	187 	6423 
470 	996 	3611 	77 	6584 
471 	886 	3773 	2371 	6746 
472 	776 	3935 	2261 	6907 
473 	666 	4096 	2151 	7069 
474 	556 	4258 	2041 	2422 
475 	446 	4419 	1931 	2583 
476 	336 	4581 	1821 	2745 
477 	226 	4742 	1711 	2906 
478 	116 	4905 	1601 	3068 
479 	2489 	5066 	5462 	3230 
480 	2650 	5228 	5623 	3391 
481 	2812 	5389 	5785 	3553 
482 	1558 	2974 	639 	5946 
483 	1448 	3135 	529 	6108 
484 	1338 	3297 	419 	6269 
485 	1228 	3458 	309 	6431 
486 	1118 	3620 	199 	6593 
487 	1008 	3781 	89 	6754 
488 	898 	3943 	2383 	6916 
489 	788 	4104 	2273 	7077 
490 	678 	4266 	2163 	2430 
491 	568 	4427 	2053 	2592 
492 	458 	4589 	1943 	2753 
493 	348 	4751 	1833 	2915 
494 	238 	4913 	1723 	3076 
495 	128 	5074 	1613 	3238 
496 	2659 	5236 	5631 	3399 
497 	2820 	5397 	5793 	3561 
498 	2982 	5559 	5955 	3722 
499 	1570 	3143 	651 	6116 
500 	1460 	3305 	541 	6278 
501 	1350 	3466 	431 	6439 
502 	1240 	3628 	321 	6601 
503 	1130 	3789 	211 	6762 
504 	1020 	3951 	101 	6924 
505 	910 	4113 	2395 	7085 
506 	800 	4274 	2285 	2438 
507 	690 	4436 	2175 	2600 
508 	580 	4597 	2065 	2761 
509 	470 	4759 	1955 	2923 
510 	360 	4921 	1845 	3084 
511 	250 	5082 	1735 	3246 
512 	140 	5244 	1625 	3407 
513 	2828 	5406 	5801 	3569 
514 	2990 	5567 	5963 	3731 
515 	3151 	5729 	6124 	3892 
516 	1582 	3313 	663 	6286 
517 	1472 	3475 	553 	6447 
518 	1362 	3636 	443 	6609 
519 	1252 	3798 	333 	6770 
520 	1142 	3959 	223 	6932 
521 	1032 	4121 	113 	7094 
522 	922 	4282 	3 	2446 
523 	812 	4444 	2297 	2608 
524 	702 	4605 	2187 	2770 
525 	592 	4767 	2077 	2931 
526 	482 	4929 	1967 	3093 
527 	372 	5091 	1857 	3254 
528 	262 	5252 	1747 	3416 
529 	2837 	5414 	5809 	3577 
530 	2998 	5575 	5971 	3739 
531 	3160 	5737 	6133 	3900 
532 	1704 	3321 	785 	6294 
533 	1594 	3483 	675 	6456 
534 	1484 	3644 	565 	6617 
535 	1374 	3806 	455 	6779 
536 	1264 	3967 	345 	6940 
537 	1154 	4129 	235 	7102 
538 	1044 	4291 	125 	2455 
539 	934 	4452 	15 	2616 
540 	824 	4614 	2309 	2778 
541 	714 	4775 	2199 	2939 
542 	604 	4937 	2089 	3101 
543 	494 	5099 	1979 	3262 
544 	384 	5260 	1869 	3424 
545 	274 	5422 	1759 	3585 
546 	3006 	5584 	5979 	3747 
547 	3168 	5745 	6141 	3909 
548 	3329 	5907 	6302 	4070 
549 	1716 	3491 	797 	6464 
550 	1606 	3653 	687 	6625 
551 	1496 	3814 	577 	6787 
552 	1386 	3976 	467 	6948 
553 	1276 	4137 	357 	7110 
554 	1166 	4299 	247 	2463 
555 	1056 	4460 	137 	2624 
556 	946 	4622 	27 	2786 
557 	836 	4783 	2321 	2948 
558 	726 	4946 	2211 	3109 
559 	616 	5107 	2101 	3271 
560 	506 	5269 	1991 	3432 
561 	396 	5430 	1881 	3594 
562 	3015 	5592 	5987 	3755 
563 	3176 	5753 	6149 	3917 
564 	3338 	5915 	6310 	4078 
565 	3499 	6076 	6472 	4240 
566 	1728 	3661 	809 	6634 
567 	1618 	3822 	699 	6795 
568 	1508 	3984 	589 	6957 
569 	1398 	4145 	479 	7118 
570 	1288 	4307 	369 	2471 
571 	1178 	4468 	259 	2633 
572 	1068 	4630 	149 	2794 
573 	958 	4792 	39 	2956 
574 	848 	4954 	2333 	3117 
575 	738 	5115 	2223 	3279 
576 	628 	5277 	2113 	3440 
577 	518 	5438 	2003 	3602 
578 	408 	5600 	1893 	3763 
579 	3184 	5762 	6157 	3925 
580 	3346 	5923 	6319 	4087 
581 	3507 	6085 	6480 	4248 
582 	1850 	3669 	931 	6642 
583 	1740 	3831 	821 	6803 
584 	1630 	3992 	711 	6965 
585 	1520 	4154 	601 	7126 
586 	1410 	4315 	491 	2479 
587 	1300 	4477 	381 	2641 
588 	1190 	4638 	271 	2802 
589 	1080 	4800 	161 	2964 
590 	970 	4962 	51 	3125 
591 	860 	5124 	2345 	3287 
592 	750 	5285 	2235 	3449 
593 	640 	5447 	2125 	3610 
594 	530 	5608 	2015 	3772 
595 	420 	5770 	1905 	3933 
596 	3354 	5931 	6327 	4095 
597 	3516 	6093 	6488 	4256 
598 	3677 	6254 	6650 	4418 
599 	1862 	3839 	943 	6812 
600 	1752 	4000 	833 	6973 
601 	1642 	4162 	723 	7135 
602 	1532 	4323 	613 	2488 
603 	1422 	4485 	503 	2649 
604 	1312 	4646 	393 	2811 
605 	1202 	4809 	283 	2972 
606 	1092 	4970 	173 	3134 
607 	982 	5132 	63 	3295 
608 	872 	5293 	2357 	3457 
609 	762 	5455 	2247 	3618 
610 	652 	5616 	2137 	3780 
611 	542 	5778 	2027 	3941 
612 	3362 	5939 	6335 	4103 
613 	3524 	6101 	6497 	4264 
614 	3685 	6263 	6658 	4426 
615 	1984 	3847 	1065 	6820 
616 	1874 	4008 	955 	6981 
617 	1764 	4170 	845 	7143 
618 	1654 	4332 	735 	2496 
619 	1544 	4493 	625 	2657 
620 	1434 	4655 	515 	2819 
621 	1324 	4817 	405 	2980 
622 	1214 	4978 	295 	3142 
623 	1104 	5140 	185 	3303 
624 	994 	5302 	75 	3465 
625 	884 	5463 	2369 	3627 
626 	774 	5625 	2259 	3788 
627 	664 	5786 	2149 	3950 
628 	554 	5948 	2039 	4111 
629 	3532 	6109 	6505 	4273 
630 	3694 	6271 	6666 	4434 
631 	3855 	6432 	6828 	4596 
632 	1996 	4017 	1077 	6990 
633 	1886 	4178 	967 	7151 
634 	1776 	4340 	857 	2504 
635 	1666 	4501 	747 	2665 
636 	1556 	4663 	637 	2827 
637 	1446 	4825 	527 	2989 
638 	1336 	4987 	417 	3150 
639 	1226 	5148 	307 	3312 
640 	1116 	5310 	197 	3473 
641 	1006 	5471 	87 	3635 
642 	896 	5633 	2381 	3796 
643 	786 	5794 	2271 	3958 
644 	676 	5956 	2161 	4119 
645 	3540 	6117 	6513 	4281 
646 	3702 	6279 	6675 	4442 
647 	3863 	6441 	6836 	4604 
648 	4025 	6602 	6998 	4766 
649 	2008 	4186 	1089 	7159 
650 	1898 	4348 	979 	2512 
651 	1788 	4510 	869 	2674 
652 	1678 	4671 	759 	2835 
653 	1568 	4833 	649 	2997 
654 	1458 	4995 	539 	3158 
655 	1348 	5156 	429 	3320 
656 	1238 	5318 	319 	3481 
657 	1128 	5480 	209 	3643 
658 	1018 	5641 	99 	3805 
659 	908 	5803 	2393 	3966 
660 	798 	5964 	2283 	4128 
661 	688 	6126 	2173 	4289 
662 	3710 	6287 	6683 	4451 
663 	3872 	6449 	6844 	4612 
664 	4033 	6610 	7006 	4774 
665 	2130 	4195 	1211 	7168 
666 	2020 	4356 	1101 	2520 
667 	1910 	4518 	991 	2682 
668 	1800 	4679 	881 	2843 
669 	1690 	4842 	771 	3005 
670 	1580 	5003 	661 	3167 
671 	1470 	5165 	551 	3328 
672 	1360 	5326 	441 	3490 
673 	1250 	5488 	331 	3651 
674 	1140 	5649 	221 	3813 
675 	1030 	5811 	111 	3974 
676 	920 	5972 	1 	4136 
677 	810 	6134 	2295 	4297 
678 	700 	6295 	2185 	4459 
679 	3880 	6457 	6853 	4620 
680 	4041 	6619 	7014 	4782 
681 	4203 	6780 	7176 	4944 
682 	2142 	4364 	1223 	2529 
683 	2032 	4526 	1113 	2690 
684 	1922 	4688 	1003 	2852 
685 	1812 	4850 	893 	3013 
686 	1702 	5011 	783 	3175 
687 	1592 	5173 	673 	3336 
688 	1482 	5334 	563 	3498 
689 	1372 	5496 	453 	3659 
690 	1262 	5657 	343 	3821 
691 	1152 	5819 	233 	3982 
692 	1042 	5981 	123 	4144 
693 	932 	6142 	13 	4306 
694 	822 	6304 	2307 	4467 
695 	3888 	6465 	6861 	4629 
696 	4050 	6627 	7022 	4790 
697 	4211 	6788 	7184 	4952 
698 	2264 	4373 	1345 	2537 
699 	2154 	4534 	1235 	2698 
700 	2044 	4696 	1125 	2860 
701 	1934 	4858 	1015 	3021 
702 	1824 	5020 	905 	3183 
703 	1714 	5181 	795 	3345 
704 	1604 	5343 	685 	3506 
705 	1494 	5504 	575 	3668 
706 	1384 	5666 	465 	3829 
707 	1274 	5827 	355 	3991 
708 	1164 	5989 	245 	4152 
709 	1054 	6150 	135 	4314 
710 	944 	6312 	25 	4475 
711 	834 	6473 	2319 	4637 
712 	4058 	6635 	7031 	4798 
713 	4219 	6797 	7192 	4961 
714 	4381 	6958 	2545 	5122 
715 	2276 	4542 	1357 	2707 
716 	2166 	4704 	1247 	2868 
717 	2056 	4866 	1137 	3030 
718 	1946 	5028 	1027 	3191 
719 	1836 	5189 	917 	3353 
720 	1726 	5351 	807 	3514 
721 	1616 	5512 	697 	3676 
722 	1506 	5674 	587 	3837 
723 	1396 	5835 	477 	3999 
724 	1286 	5997 	367 	4160 
725 	1176 	6159 	257 	4322 
726 	1066 	6320 	147 	4484 
727 	956 	6482 	37 	4645 
728 	846 	6643 	2331 	4807 
729 	4228 	6805 	7200 	4969 
730 	4389 	6966 	2553 	5130 
731 	4551 	7128 	2715 	5292 
732 	2288 	4712 	1369 	2876 
733 	2178 	4874 	1259 	3038 
734 	2068 	5036 	1149 	3199 
735 	1958 	5197 	1039 	3361 
736 	1848 	5359 	929 	3522 
737 	1738 	5521 	819 	3684 
738 	1628 	5682 	709 	3846 
739 	1518 	5844 	599 	4007 
740 	1408 	6005 	489 	4169 
741 	1298 	6167 	379 	4330 
742 	1188 	6328 	269 	4492 
743 	1078 	6490 	159 	4653 
744 	968 	6651 	49 	4816 
745 	4236 	6813 	7209 	4977 
746 	4397 	6974 	2561 	5139 
747 	4559 	7136 	2723 	5300 
748 	6 	4720 	1491 	2885 
749 	2300 	4883 	1381 	3046 
750 	2190 	5044 	1271 	3208 
751 	2080 	5206 	1161 	3369 
752 	1970 	5367 	1051 	3531 
753 	1860 	5529 	941 	3692 
754 	1750 	5690 	831 	3854 
755 	1640 	5852 	721 	4015 
756 	1530 	6013 	611 	4177 
757 	1420 	6175 	501 	4338 
758 	1310 	6337 	391 	4500 
759 	1200 	6498 	281 	4662 
760 	1090 	6660 	171 	4824 
761 	980 	6821 	61 	4985 
762 	4406 	6983 	2570 	5147 
763 	4567 	7144 	2731 	5308 
764 	4729 	2497 	2893 	5470 
765 	18 	4891 	1503 	3054 
766 	2312 	5052 	1393 	3216 
767 	2202 	5214 	1283 	3377 
768 	2092 	5375 	1173 	3539 
769 	1982 	5537 	1063 	3700 
770 	1872 	5699 	953 	3862 
771 	1762 	5860 	843 	4024 
772 	1652 	6022 	733 	4185 
773 	1542 	6183 	623 	4347 
774 	1432 	6345 	513 	4508 
775 	1322 	6506 	403 	4670 
776 	1212 	6668 	293 	4832 
777 	1102 	6829 	183 	4994 
778 	4414 	6991 	2578 	5155 
779 	4575 	7152 	2739 	5317 
780 	4737 	2505 	2901 	5478 
781 	4899 	2667 	3062 	5640 
782 	30 	5061 	1515 	3224 
783 	2324 	5222 	1405 	3386 
784 	2214 	5384 	1295 	3547 
785 	2104 	5545 	1185 	3709 
786 	1994 	5707 	1075 	3870 
787 	1884 	5868 	965 	4032 
788 	1774 	6030 	855 	4193 
789 	1664 	6191 	745 	4355 
790 	1554 	6353 	635 	4516 
791 	1444 	6514 	525 	4678 
792 	1334 	6676 	415 	4840 
793 	1224 	6838 	305 	5002 
794 	1114 	6999 	195 	5163 
795 	4583 	7161 	2748 	5325 
796 	4745 	2514 	2909 	5486 
797 	4907 	2675 	3071 	5648 
798 	152 	5069 	1637 	3232 
799 	42 	5230 	1527 	3394 
800 	2336 	5392 	1417 	3555 
801 	2226 	5553 	1307 	3717 
802 	2116 	5715 	1197 	3878 
803 	2006 	5877 	1087 	4040 
804 	1896 	6038 	977 	4202 
805 	1786 	6200 	867 	4363 
806 	1676 	6361 	757 	4525 
807 	1566 	6523 	647 	4686 
808 	1456 	6684 	537 	4848 
809 	1346 	6846 	427 	5010 
810 	1236 	7007 	317 	5171 
811 	1126 	7169 	207 	5333 
812 	4753 	2522 	2917 	5495 
813 	4915 	2683 	3079 	5656 
814 	5077 	2845 	3240 	5818 
815 	164 	5239 	1649 	3402 
816 	54 	5400 	1539 	3564 
817 	2348 	5562 	1429 	3725 
818 	2238 	5723 	1319 	3887 
819 	2128 	5885 	1209 	4048 
820 	2018 	6046 	1099 	4210 
821 	1908 	6208 	989 	4371 
822 	1798 	6369 	879 	4533 
823 	1688 	6531 	769 	4694 
824 	1578 	6692 	659 	4857 
825 	1468 	6854 	549 	5018 
826 	1358 	7016 	439 	5180 
827 	1248 	7177 	329 	5341 
828 	4761 	2530 	2926 	5503 
829 	4924 	2691 	3087 	5664 
830 	5085 	2853 	3249 	5826 
831 	286 	5247 	1771 	3410 
832 	176 	5408 	1661 	3572 
833 	66 	5570 	1551 	3733 
834 	2360 	5731 	1441 	3895 
835 	2250 	5893 	1331 	4056 
836 	2140 	6054 	1221 	4218 
837 	2030 	6216 	1111 	4379 
838 	1920 	6378 	1001 	4541 
839 	1810 	6539 	891 	4703 
840 	1700 	6701 	781 	4865 
841 	1590 	6862 	671 	5026 
842 	1480 	7024 	561 	5188 
843 	1370 	7185 	451 	5349 
844 	1260 	2538 	341 	5511 
845 	4932 	2700 	3095 	5673 
846 	5093 	2861 	3257 	5834 
847 	5255 	3023 	3418 	5996 
848 	298 	5417 	1783 	3580 
849 	188 	5578 	1673 	3742 
850 	78 	5740 	1563 	3903 
851 	2372 	5901 	1453 	4065 
852 	2262 	6063 	1343 	4226 
853 	2152 	6224 	1233 	4388 
854 	2042 	6386 	1123 	4549 
855 	1932 	6547 	1013 	4711 
856 	1822 	6709 	903 	4873 
857 	1712 	6870 	793 	5035 
858 	1602 	7032 	683 	5196 
859 	1492 	7194 	573 	5358 
860 	1382 	2546 	463 	5519 
861 	1272 	2708 	353 	5681 
862 	5102 	2869 	3265 	5842 
863 	5263 	3031 	3427 	6004 
864 	5425 	3193 	3588 	6165 
865 	310 	5586 	1795 	3750 
866 	200 	5748 	1685 	3911 
867 	90 	5909 	1575 	4073 
868 	2384 	6071 	1465 	4234 
869 	2274 	6232 	1355 	4396 
870 	2164 	6394 	1245 	4557 
871 	2054 	6556 	1135 	4719 
872 	1944 	6717 	1025 	4881 
873 	1834 	6879 	915 	5043 
874 	1724 	7040 	805 	5204 
875 	1614 	7202 	695 	5366 
876 	1504 	2555 	585 	5527 
877 	1394 	2716 	475 	5689 
878 	5110 	2878 	3273 	5851 
879 	5271 	3039 	3435 	6012 
880 	5433 	3201 	3596 	6174 
881 	432 	5595 	1917 	3758 
882 	322 	5756 	1807 	3920 
883 	212 	5918 	1697 	4081 
884 	102 	6079 	1587 	4243 
885 	2396 	6241 	1477 	4404 
886 	2286 	6402 	1367 	4566 
887 	2176 	6564 	1257 	4727 
888 	2066 	6725 	1147 	4889 
889 	1956 	6887 	1037 	5051 
890 	1846 	7048 	927 	5213 
891 	1736 	7210 	817 	5374 
892 	1626 	2563 	707 	5536 
893 	1516 	2724 	597 	5697 
894 	1406 	2886 	487 	5859 
895 	5280 	3047 	3443 	6020 
896 	5441 	3209 	3605 	6182 
897 	5603 	3371 	3766 	6343 
898 	444 	5764 	1929 	3928 
899 	334 	5926 	1819 	4089 
900 	224 	6087 	1709 	4251 
901 	114 	6249 	1599 	4412 
902 	4 	6410 	1489 	4574 
903 	2298 	6572 	1379 	4735 
904 	2188 	6734 	1269 	4898 
905 	2078 	6895 	1159 	5059 
906 	1968 	7057 	1049 	5221 
907 	1858 	2409 	939 	5382 
908 	1748 	2571 	829 	5544 
909 	1638 	2733 	719 	5705 
910 	1528 	2894 	609 	5867 
911 	5288 	3056 	3451 	6028 
912 	5449 	3217 	3613 	6190 
913 	5611 	3379 	3774 	6352 
914 	566 	5772 	2051 	3936 
915 	456 	5934 	1941 	4097 
916 	346 	6096 	1831 	4259 
917 	236 	6257 	1721 	4421 
918 	126 	6419 	1611 	4582 
919 	16 	6580 	1501 	4744 
920 	2310 	6742 	1391 	4906 
921 	2200 	6903 	1281 	5067 
922 	2090 	7065 	1171 	5229 
923 	1980 	2418 	1061 	5391 
924 	1870 	2579 	951 	5552 
925 	1760 	2741 	841 	5714 
926 	1650 	2902 	731 	5875 
927 	1540 	3064 	621 	6037 
928 	5458 	3225 	3621 	6198 
929 	5619 	3387 	3783 	6360 
930 	5781 	3549 	3944 	6521 
931 	578 	5942 	2063 	4106 
932 	468 	6104 	1953 	4267 
933 	358 	6265 	1843 	4429 
934 	248 	6427 	1733 	4590 
935 	138 	6588 	1623 	4752 
936 	28 	6750 	1513 	4914 
937 	2322 	6911 	1403 	5076 
938 	2212 	7073 	1293 	5237 
939 	2102 	2426 	1183 	5399 
940 	1992 	2587 	1073 	5560 
941 	1882 	2749 	963 	5722 
942 	1772 	2911 	853 	5883 
943 	1662 	3072 	743 	6045 
944 	1552 	3234 	633 	6206 
945 	5627 	3395 	3791 	6368 
946 	5789 	3557 	3952 	6530 
947 	5950 	3718 	4114 	6691 
948 	590 	6112 	2075 	4275 
949 	480 	6274 	1965 	4437 
950 	370 	6435 	1855 	4599 
951 	260 	6597 	1745 	4760 
952 	150 	6758 	1635 	4922 
953 	40 	6920 	1525 	5084 
954 	2334 	7081 	1415 	5245 
955 	2224 	2434 	1305 	5407 
956 	2114 	2596 	1195 	5568 
957 	2004 	2757 	1085 	5730 
958 	1894 	2919 	975 	5892 
959 	1784 	3080 	865 	6053 
960 	1674 	3242 	755 	6215 
961 	5636 	3403 	3799 	6376 
962 	5797 	3565 	3961 	6538 
963 	5959 	3726 	4122 	6699 
964 	712 	6120 	2197 	4284 
965 	602 	6282 	2087 	4445 
966 	492 	6443 	1977 	4607 
967 	382 	6605 	1867 	4768 
968 	272 	6766 	1757 	4931 
969 	162 	6928 	1647 	5092 
970 	52 	7089 	1537 	5254 
971 	2346 	2442 	1427 	5415 
972 	2236 	2604 	1317 	5577 
973 	2126 	2765 	1207 	5738 
974 	2016 	2927 	1097 	5900 
975 	1906 	3089 	987 	6061 
976 	1796 	3250 	877 	6223 
977 	1686 	3412 	767 	6384 
978 	5805 	3573 	3969 	6546 
979 	5967 	3735 	4130 	6708 
980 	6128 	3896 	4292 	6869 
981 	724 	6290 	2209 	4453 
982 	614 	6452 	2099 	4615 
983 	504 	6613 	1989 	4777 
984 	394 	6775 	1879 	4939 
985 	284 	6936 	1769 	5100 
986 	174 	7098 	1659 	5262 
987 	64 	2451 	1549 	5423 
988 	2358 	2612 	1439 	5585 
989 	2248 	2774 	1329 	5746 
990 	2138 	2935 	1219 	5908 
991 	2028 	3097 	1109 	6070 
992 	1918 	3258 	999 	6231 
993 	1808 	3420 	889 	6393 
994 	5814 	3581 	3977 	6554 
995 	5975 	3743 	4139 	6716 
996 	6137 	3904 	4300 	6877 
997 	6298 	4066 	4462 	7039 
998 	736 	6460 	2221 	4623 
999 	626 	6621 	2111 	4785 
1000 	516 	6783 	2001 	4947 
1001 	406 	6944 	1891 	5108 
1002 	296 	7106 	1781 	5270 
1003 	186 	2459 	1671 	5432 
1004 	76 	2620 	1561 	5593 
1005 	2370 	2782 	1451 	5755 
1006 	2260 	2943 	1341 	5916 
1007 	2150 	3105 	1231 	6078 
1008 	2040 	3266 	1121 	6239 
1009 	1930 	3428 	1011 	6401 
1010 	1820 	3590 	901 	6562 
1011 	5983 	3751 	4147 	6724 
1012 	6145 	3913 	4308 	6885 
1013 	6306 	4074 	4470 	7047 
1014 	858 	6468 	2343 	4631 
1015 	748 	6629 	2233 	4793 
1016 	638 	6791 	2123 	4955 
1017 	528 	6953 	2013 	5117 
1018 	418 	7114 	1903 	5278 
1019 	308 	2467 	1793 	5440 
1020 	198 	2629 	1683 	5601 
1021 	88 	2790 	1573 	5763 
1022 	2382 	2952 	1463 	5924 
1023 	2272 	3113 	1353 	6086 
1024 	2162 	3275 	1243 	6248 
1025 	2052 	3436 	1133 	6409 
1026 	1942 	3598 	1023 	6571 
1027 	1832 	3759 	913 	6732 
1028 	6153 	3921 	4317 	6894 
1029 	6315 	4082 	4478 	7055 
1030 	6476 	4244 	4640 	2408 
1031 	870 	6638 	2355 	4801 
1032 	760 	6799 	2245 	4963 
1033 	650 	6961 	2135 	5125 
1034 	540 	7122 	2025 	5286 
1035 	430 	2475 	1915 	5448 
1036 	320 	2637 	1805 	5610 
1037 	210 	2798 	1695 	5771 
1038 	100 	2960 	1585 	5933 
1039 	2394 	3121 	1475 	6094 
1040 	2284 	3283 	1365 	6256 
1041 	2174 	3444 	1255 	6417 
1042 	2064 	3606 	1145 	6579 
1043 	1954 	3768 	1035 	6740 
1044 	6161 	3929 	4325 	6902 
1045 	6323 	4091 	4486 	7063 
1046 	6484 	4252 	4648 	2416 
1047 	992 	6646 	73 	4810 
1048 	882 	6807 	2367 	4972 
1049 	772 	6969 	2257 	5133 
1050 	662 	7131 	2147 	5295 
1051 	552 	2483 	2037 	5456 
1052 	442 	2645 	1927 	5618 
1053 	332 	2806 	1817 	5779 
1054 	222 	2968 	1707 	5941 
1055 	112 	3130 	1597 	6102 
1056 	2 	3291 	1487 	6264 
1057 	2296 	3453 	1377 	6425 
1058 	2186 	3614 	1267 	6587 
1059 	2076 	3776 	1157 	6749 
1060 	1966 	3937 	1047 	6910 
1061 	6331 	4099 	4494 	7072 
1062 	6493 	4260 	4656 	2425 
1063 	6654 	4422 	4818 	2586 
1064 	1004 	6816 	85 	4980 
1065 	894 	6977 	2379 	5141 
1066 	784 	7139 	2269 	5303 
1067 	674 	2492 	2159 	5464 
1068 	564 	2653 	2049 	5626 
1069 	454 	2815 	1939 	5788 
1070 	344 	2976 	1829 	5949 
1071 	234 	3138 	1719 	6111 
1072 	124 	3299 	1609 	6272 
1073 	14 	3461 	1499 	6434 
1074 	2308 	3622 	1389 	6595 
1075 	2198 	3784 	1279 	6757 
1076 	2088 	3946 	1169 	6918 
1077 	1978 	4107 	1059 	7080 
1078 	6501 	4269 	4664 	2433 
1079 	6662 	4430 	4826 	2594 
1080 	6824 	4592 	4988 	2756 
1081 	1016 	6985 	97 	5150 
1082 	906 	7147 	2391 	5311 
1083 	796 	2500 	2281 	5473 
1084 	686 	2661 	2171 	5634 
1085 	576 	2823 	2061 	5796 
1086 	466 	2984 	1951 	5957 
1087 	356 	3146 	1841 	6119 
1088 	246 	3308 	1731 	6280 
1089 	136 	3469 	1621 	6442 
1090 	26 	3631 	1511 	6603 
1091 	2320 	3792 	1401 	6765 
1092 	2210 	3954 	1291 	6927 
1093 	2100 	4115 	1181 	7088 
1094 	6509 	4277 	4672 	2441 
1095 	6671 	4438 	4835 	2603 
1096 	6832 	4600 	4996 	2764 
1097 	1138 	6994 	219 	5158 
1098 	1028 	7155 	109 	5319 
1099 	918 	2508 	2403 	5481 
1100 	808 	2670 	2293 	5642 
1101 	698 	2831 	2183 	5804 
1102 	588 	2993 	2073 	5966 
1103 	478 	3154 	1963 	6127 
1104 	368 	3316 	1853 	6289 
1105 	258 	3477 	1743 	6450 
1106 	148 	3639 	1633 	6612 
1107 	38 	3800 	1523 	6773 
1108 	2332 	3962 	1413 	6935 
1109 	2222 	4123 	1303 	7096 
1110 	2112 	4285 	1193 	2449 
1111 	6679 	4447 	4843 	2611 
1112 	6840 	4608 	5004 	2772 
1113 	7002 	4770 	5166 	2934 
1114 	1150 	7163 	231 	5328 
1115 	1040 	2516 	121 	5489 
1116 	930 	2678 	11 	5651 
1117 	820 	2839 	2305 	5812 
1118 	710 	3001 	2195 	5974 
1119 	600 	3162 	2085 	6135 
1120 	490 	3324 	1975 	6297 
1121 	380 	3486 	1865 	6458 
1122 	270 	3647 	1755 	6620 
1123 	160 	3809 	1645 	6781 
1124 	50 	3970 	1535 	6943 
1125 	2344 	4132 	1425 	7105 
1126 	2234 	4293 	1315 	2457 
1127 	6687 	4455 	4851 	2619 
1128 	6849 	4616 	5013 	2780 
1129 	7010 	4778 	5174 	2942 
1130 	7172 	4940 	5336 	3104 
1131 	1162 	2524 	243 	5497 
1132 	1052 	2686 	133 	5659 
1133 	942 	2848 	23 	5820 
1134 	832 	3009 	2317 	5982 
1135 	722 	3171 	2207 	6143 
1136 	612 	3332 	2097 	6305 
1137 	502 	3494 	1987 	6467 
1138 	392 	3655 	1877 	6628 
1139 	282 	3817 	1767 	6790 
1140 	172 	3978 	1657 	6951 
1141 	62 	4140 	1547 	7113 
1142 	2356 	4301 	1437 	2466 
1143 	2246 	4463 	1327 	2627 
1144 	6857 	4625 	5021 	2789 
1145 	7018 	4786 	5182 	2950 
1146 	7180 	4948 	5344 	3112 
1147 	1284 	2533 	365 	5506 
1148 	1174 	2694 	255 	5667 
1149 	1064 	2856 	145 	5829 
1150 	954 	3017 	35 	5990 
1151 	844 	3179 	2329 	6152 
1152 	734 	3340 	2219 	6313 
1153 	624 	3502 	2109 	6475 
1154 	514 	3663 	1999 	6636 
1155 	404 	3825 	1889 	6798 
1156 	294 	3987 	1779 	6959 
1157 	184 	4148 	1669 	7121 
1158 	74 	4310 	1559 	2474 
1159 	2368 	4471 	1449 	2635 
1160 	2258 	4633 	1339 	2797 
1161 	7026 	4794 	5191 	2958 
1162 	7188 	4957 	5352 	3120 
1163 	2541 	5118 	5514 	3282 
1164 	1296 	2702 	377 	5675 
1165 	1186 	2864 	267 	5837 
1166 	1076 	3026 	157 	5998 
1167 	966 	3187 	47 	6160 
1168 	856 	3349 	2341 	6321 
1169 	746 	3510 	2231 	6483 
1170 	636 	3672 	2121 	6645 
1171 	526 	3833 	2011 	6806 
1172 	416 	3995 	1901 	6968 
1173 	306 	4156 	1791 	7129 
1174 	196 	4318 	1681 	2482 
1175 	86 	4479 	1571 	2644 
1176 	2380 	4641 	1461 	2805 
1177 	7035 	4803 	5199 	2967 
1178 	7196 	4965 	5360 	3128 
1179 	2549 	5126 	5522 	3290 
1180 	1418 	2711 	499 	5683 
1181 	1308 	2872 	389 	5845 
1182 	1198 	3034 	279 	6007 
1183 	1088 	3195 	169 	6168 
1184 	978 	3357 	59 	6330 
1185 	868 	3518 	2353 	6491 
1186 	758 	3680 	2243 	6653 
1187 	648 	3841 	2133 	6814 
1188 	538 	4003 	2023 	6976 
1189 	428 	4165 	1913 	7137 
1190 	318 	4326 	1803 	2490 
1191 	208 	4488 	1693 	2652 
1192 	98 	4649 	1583 	2813 
1193 	2392 	4811 	1473 	2975 
1194 	7204 	4973 	5369 	3136 
1195 	2557 	5135 	5530 	3298 
1196 	2719 	5296 	5692 	3460 
1197 	1430 	2880 	511 	5853 
1198 	1320 	3042 	401 	6015 
1199 	1210 	3204 	291 	6176 
1200 	1100 	3365 	181 	6338 
1201 	990 	3527 	71 	6499 
1202 	880 	3688 	2365 	6661 
1203 	770 	3850 	2255 	6823 
1204 	660 	4011 	2145 	6984 
1205 	550 	4173 	2035 	7146 
1206 	440 	4334 	1925 	2498 
1207 	330 	4496 	1815 	2660 
1208 	220 	4657 	1705 	2822 
1209 	110 	4820 	1595 	2983 
1210 	2404 	4981 	5377 	3145 
1211 	2566 	5143 	5538 	3306 
1212 	2727 	5304 	5700 	3468 
1213 	2889 	5466 	5861 	3629 
1214 	1442 	3050 	523 	6023 
1215 	1332 	3212 	413 	6185 
1216 	1222 	3373 	303 	6346 
1217 	1112 	3535 	193 	6508 
1218 	1002 	3696 	83 	6669 
1219 	892 	3858 	2377 	6831 
1220 	782 	4019 	2267 	6992 
1221 	672 	4181 	2157 	7154 
1222 	562 	4343 	2047 	2507 
1223 	452 	4504 	1937 	2668 
1224 	342 	4666 	1827 	2830 
1225 	232 	4828 	1717 	2991 
1226 	122 	4989 	1607 	3153 
1227 	2574 	5151 	5547 	3314 
1228 	2735 	5312 	5708 	3476 
1229 	2897 	5474 	5870 	3637 
1230 	1564 	3058 	645 	6031 
1231 	1454 	3220 	535 	6193 
1232 	1344 	3381 	425 	6354 
1233 	1234 	3543 	315 	6516 
1234 	1124 	3705 	205 	6677 
1235 	1014 	3866 	95 	6839 
1236 	904 	4028 	2389 	7000 
1237 	794 	4189 	2279 	7162 
1238 	684 	4351 	2169 	2515 
1239 	574 	4512 	2059 	2676 
1240 	464 	4674 	1949 	2838 
1241 	354 	4836 	1839 	3000 
1242 	244 	4998 	1729 	3161 
1243 	134 	5159 	1619 	3323 
1244 	2744 	5321 	5716 	3484 
1245 	2905 	5482 	5878 	3646 
1246 	3067 	5644 	6039 	3807 
1247 	1576 	3228 	657 	6201 
1248 	1466 	3390 	547 	6363 
1249 	1356 	3551 	437 	6524 
1250 	1246 	3713 	327 	6686 
1251 	1136 	3874 	217 	6847 
1252 	1026 	4036 	107 	7009 
1253 	916 	4197 	2401 	7170 
1254 	806 	4359 	2291 	2523 
1255 	696 	4521 	2181 	2685 
1256 	586 	4682 	2071 	2846 
1257 	476 	4844 	1961 	3008 
1258 	366 	5006 	1851 	3169 
1259 	256 	5167 	1741 	3331 
1260 	2752 	5329 	5725 	3492 
1261 	2913 	5490 	5886 	3654 
1262 	3075 	5652 	6048 	3815 
1263 	1698 	3236 	779 	6209 
1264 	1588 	3398 	669 	6371 
1265 	1478 	3559 	559 	6532 
1266 	1368 	3721 	449 	6694 
1267 	1258 	3883 	339 	6855 
1268 	1148 	4044 	229 	7017 
1269 	1038 	4206 	119 	7178 
1270 	928 	4367 	9 	2531 
1271 	818 	4529 	2303 	2693 
1272 	708 	4690 	2193 	2854 
1273 	598 	4852 	2083 	3016 
1274 	488 	5014 	1973 	3177 
1275 	378 	5176 	1863 	3339 
1276 	268 	5337 	1753 	3501 
1277 	2921 	5499 	5894 	3662 
1278 	3083 	5660 	6056 	3824 
1279 	3245 	5822 	6217 	3985 
1280 	1710 	3406 	791 	6379 
1281 	1600 	3568 	681 	6540 
1282 	1490 	3729 	571 	6702 
1283 	1380 	3891 	461 	6864 
1284 	1270 	4052 	351 	7025 
1285 	1160 	4214 	241 	7187 
1286 	1050 	4375 	131 	2540 
1287 	940 	4537 	21 	2701 
1288 	830 	4698 	2315 	2863 
1289 	720 	4861 	2205 	3024 
1290 	610 	5022 	2095 	3186 
1291 	500 	5184 	1985 	3347 
1292 	390 	5345 	1875 	3509 
1293 	280 	5507 	1765 	3670 
1294 	3091 	5668 	6064 	3832 
1295 	3253 	5830 	6226 	3993 
1296 	3414 	5992 	6387 	4155 
1297 	1722 	3576 	803 	6549 
1298 	1612 	3737 	693 	6710 
1299 	1502 	3899 	583 	6872 
1300 	1392 	4061 	473 	7033 
1301 	1282 	4222 	363 	7195 
1302 	1172 	4384 	253 	2548 
1303 	1062 	4545 	143 	2709 
1304 	952 	4707 	33 	2871 
1305 	842 	4869 	2327 	3032 
1306 	732 	5030 	2217 	3194 
1307 	622 	5192 	2107 	3355 
1308 	512 	5354 	1997 	3517 
1309 	402 	5515 	1887 	3679 
1310 	3099 	5677 	6072 	3840 
1311 	3261 	5838 	6234 	4002 
1312 	3423 	6000 	6395 	4163 
1313 	1844 	3584 	925 	6557 
1314 	1734 	3746 	815 	6718 
1315 	1624 	3907 	705 	6880 
1316 	1514 	4069 	595 	7042 
1317 	1404 	4230 	485 	7203 
1318 	1294 	4392 	375 	2556 
1319 	1184 	4553 	265 	2718 
1320 	1074 	4715 	155 	2879 
1321 	964 	4877 	45 	3041 
1322 	854 	5039 	2339 	3202 
1323 	744 	5200 	2229 	3364 
1324 	634 	5362 	2119 	3525 
1325 	524 	5523 	2009 	3687 
1326 	414 	5685 	1899 	3848 
1327 	3269 	5846 	6242 	4010 
1328 	3431 	6008 	6404 	4171 
1329 	3592 	6169 	6565 	4333 
1330 	1856 	3754 	937 	6727 
1331 	1746 	3915 	827 	6888 
1332 	1636 	4077 	717 	7050 
1333 	1526 	4238 	607 	7211 
1334 	1416 	4400 	497 	2564 
1335 	1306 	4562 	387 	2726 
1336 	1196 	4723 	277 	2887 
1337 	1086 	4885 	167 	3049 
1338 	976 	5047 	57 	3210 
1339 	866 	5208 	2351 	3372 
1340 	756 	5370 	2241 	3533 
1341 	646 	5532 	2131 	3695 
1342 	536 	5693 	2021 	3857 
1343 	3277 	5855 	6250 	4018 
1344 	3439 	6016 	6412 	4180 
1345 	3601 	6178 	6573 	4341 
1346 	3762 	6339 	6735 	4503 
1347 	1868 	3924 	949 	6896 
1348 	1758 	4085 	839 	7058 
1349 	1648 	4247 	729 	2411 
1350 	1538 	4408 	619 	2572 
1351 	1428 	4570 	509 	2734 
1352 	1318 	4731 	399 	2895 
1353 	1208 	4894 	289 	3057 
1354 	1098 	5055 	179 	3219 
1355 	988 	5217 	69 	3380 
1356 	878 	5378 	2363 	3542 
1357 	768 	5540 	2253 	3703 
1358 	658 	5701 	2143 	3865 
1359 	548 	5863 	2033 	4026 
1360 	3447 	6024 	6420 	4188 
1361 	3609 	6186 	6582 	4349 
1362 	3770 	6347 	6743 	4511 
1363 	1990 	3932 	1071 	6905 
1364 	1880 	4093 	961 	7066 
1365 	1770 	4255 	851 	2419 
1366 	1660 	4416 	741 	2581 
1367 	1550 	4578 	631 	2742 
1368 	1440 	4740 	521 	2904 
1369 	1330 	4902 	411 	3065 
1370 	1220 	5063 	301 	3227 
1371 	1110 	5225 	191 	3388 
1372 	1000 	5386 	81 	3550 
1373 	890 	5548 	2375 	3711 
1374 	780 	5709 	2265 	3873 
1375 	670 	5871 	2155 	4035 
1376 	560 	6033 	2045 	4196 
1377 	3617 	6194 	6590 	4358 
1378 	3778 	6356 	6751 	4519 
1379 	3940 	6517 	6913 	4681 
1380 	2002 	4102 	1083 	7074 
1381 	1892 	4263 	973 	2427 
1382 	1782 	4425 	863 	2589 
1383 	1672 	4586 	753 	2750 
1384 	1562 	4748 	643 	2912 
1385 	1452 	4910 	533 	3073 
1386 	1342 	5072 	423 	3235 
1387 	1232 	5233 	313 	3397 
1388 	1122 	5395 	203 	3558 
1389 	1012 	5556 	93 	3720 
1390 	902 	5718 	2387 	3881 
1391 	792 	5879 	2277 	4043 
1392 	682 	6041 	2167 	4204 
1393 	3625 	6202 	6598 	4366 
1394 	3787 	6364 	6760 	4527 
1395 	3948 	6525 	6921 	4689 
1396 	2124 	4110 	1205 	7083 
1397 	2014 	4271 	1095 	2435 
1398 	1904 	4433 	985 	2597 
1399 	1794 	4594 	875 	2759 
1400 	1684 	4756 	765 	2920 
1401 	1574 	4918 	655 	3082 
1402 	1464 	5080 	545 	3243 
1403 	1354 	5241 	435 	3405 
1404 	1244 	5403 	325 	3566 
1405 	1134 	5564 	215 	3728 
1406 	1024 	5726 	105 	3889 
1407 	914 	5887 	2399 	4051 
1408 	804 	6049 	2289 	4212 
1409 	694 	6211 	2179 	4374 
1410 	3795 	6372 	6768 	4536 
1411 	3956 	6534 	6929 	4697 
1412 	4118 	6695 	7091 	4859 
1413 	2136 	4280 	1217 	2444 
1414 	2026 	4441 	1107 	2605 
1415 	1916 	4603 	997 	2767 
1416 	1806 	4764 	887 	2928 
1417 	1696 	4926 	777 	3090 
1418 	1586 	5088 	667 	3251 
1419 	1476 	5250 	557 	3413 
1420 	1366 	5411 	447 	3575 
1421 	1256 	5573 	337 	3736 
1422 	1146 	5734 	227 	3898 
1423 	1036 	5896 	117 	4059 
1424 	926 	6057 	7 	4221 
1425 	816 	6219 	2301 	4382 
1426 	706 	6380 	2191 	4544 
1427 	3965 	6542 	6938 	4705 
1428 	4126 	6703 	7099 	4868 
1429 	4288 	6865 	2452 	5029 
1430 	2148 	4449 	1229 	2613 
1431 	2038 	4611 	1119 	2775 
1432 	1928 	4772 	1009 	2937 
1433 	1818 	4935 	899 	3098 
1434 	1708 	5096 	789 	3260 
1435 	1598 	5258 	679 	3421 
1436 	1488 	5419 	569 	3583 
1437 	1378 	5581 	459 	3744 
1438 	1268 	5742 	349 	3906 
1439 	1158 	5904 	239 	4067 
1440 	1048 	6065 	129 	4229 
1441 	938 	6227 	19 	4390 
1442 	828 	6389 	2313 	4552 
1443 	3973 	6550 	6946 	4714 
1444 	4134 	6712 	7107 	4876 
1445 	4296 	6873 	2460 	5037 
1446 	2270 	4458 	1351 	2622 
1447 	2160 	4619 	1241 	2783 
1448 	2050 	4781 	1131 	2945 
1449 	1940 	4943 	1021 	3106 
1450 	1830 	5104 	911 	3268 
1451 	1720 	5266 	801 	3429 
1452 	1610 	5427 	691 	3591 
1453 	1500 	5589 	581 	3752 
1454 	1390 	5751 	471 	3914 
1455 	1280 	5912 	361 	4076 
1456 	1170 	6074 	251 	4237 
1457 	1060 	6235 	141 	4399 
1458 	950 	6397 	31 	4560 
1459 	840 	6558 	2325 	4722 
1460 	4143 	6720 	7115 	4884 
1461 	4304 	6881 	2468 	5046 
1462 	4466 	7043 	2630 	5207 
1463 	2282 	4627 	1363 	2791 
1464 	2172 	4789 	1253 	2953 
1465 	2062 	4951 	1143 	3115 
1466 	1952 	5113 	1033 	3276 
1467 	1842 	5274 	923 	3438 
1468 	1732 	5436 	813 	3599 
1469 	1622 	5597 	703 	3761 
1470 	1512 	5759 	593 	3922 
1471 	1402 	5920 	483 	4084 
1472 	1292 	6082 	373 	4245 
1473 	1182 	6243 	263 	4407 
1474 	1072 	6405 	153 	4568 
1475 	962 	6567 	43 	4730 
1476 	4151 	6728 	7124 	4892 
1477 	4312 	6890 	2477 	5054 
1478 	4474 	7051 	2638 	5215 
