FR80T25X64H6
Channel Interleaving, Puncturing and Mapping to 64-QAM
User data=4720, with flush=4724, Channel Symbols=941, Channel Bits=5646, p=461, q=461, Coding Rate=0.835990

Symbol	b5 	b4 	b3 	b2 	b1 	b0 
0 	3816 	4270 	0 	2011 	2465 	2919 
1 	9171 	54 	508 	5554 	2973 	3427 
2 	13624 	1016 	1470 	10006 	3935 	4389 
3 	1524 	1978 	2432 	4443 	173 	627 
4 	2486 	2940 	3394 	681 	1135 	1589 
5 	3448 	3902 	4356 	1643 	2097 	2551 
6 	7327 	4410 	140 	13163 	2605 	3059 
7 	11779 	648 	1102 	8157 	3567 	4021 
8 	6773 	1610 	2064 	12609 	4529 	259 
9 	2118 	2572 	3026 	313 	767 	1221 
10 	3080 	3534 	3988 	1275 	1729 	2183 
11 	5482 	4042 	4496 	11318 	2237 	2691 
12 	9935 	280 	734 	6312 	3199 	3653 
13 	4929 	1242 	1696 	10765 	4161 	4615 
14 	1750 	2204 	2658 	4669 	399 	853 
15 	2712 	3166 	3620 	907 	1361 	1815 
16 	3674 	4128 	4582 	1869 	2323 	2777 
17 	8085 	4636 	366 	13921 	2831 	3285 
18 	12538 	874 	1328 	8915 	3793 	4247 
19 	1382 	1836 	2290 	4301 	31 	485 
20 	2344 	2798 	3252 	539 	993 	1447 
21 	3306 	3760 	4214 	1501 	1955 	2409 
22 	6241 	4268 	4722 	12076 	2463 	2917 
23 	10693 	506 	960 	7071 	3425 	3879 
24 	5687 	1468 	1922 	11523 	4387 	117 
25 	1976 	2430 	2884 	171 	625 	1079 
26 	2938 	3392 	3846 	1133 	1587 	2041 
27 	3900 	4354 	84 	2095 	2549 	3003 
28 	8843 	138 	592 	5226 	3057 	3511 
29 	13296 	1100 	1554 	9679 	4019 	4473 
30 	1608 	2062 	2516 	4527 	257 	711 
31 	2570 	3024 	3478 	765 	1219 	1673 
32 	3532 	3986 	4440 	1727 	2181 	2635 
33 	6999 	4494 	224 	12835 	2689 	3143 
34 	11451 	732 	1186 	7829 	3651 	4105 
35 	6446 	1694 	2148 	12281 	4613 	343 
36 	2202 	2656 	3110 	397 	851 	1305 
37 	3164 	3618 	4072 	1359 	1813 	2267 
38 	4126 	4580 	310 	2321 	2775 	3229 
39 	9607 	364 	818 	5984 	3283 	3737 
40 	14054 	1326 	1780 	10437 	4245 	4699 
41 	1834 	2288 	2742 	29 	483 	937 
42 	2796 	3250 	3704 	991 	1445 	1899 
43 	3758 	4212 	4666 	1953 	2407 	2861 
44 	7757 	4720 	450 	13593 	2915 	3369 
45 	12210 	958 	1412 	8587 	3877 	4331 
46 	7204 	1920 	2374 	13040 	115 	569 
47 	2428 	2882 	3336 	623 	1077 	1531 
48 	3390 	3844 	4298 	1585 	2039 	2493 
49 	5913 	4352 	82 	11749 	2547 	3001 
50 	10365 	590 	1044 	6743 	3509 	3963 
51 	5359 	1552 	2006 	11195 	4471 	201 
52 	2060 	2514 	2968 	255 	709 	1163 
53 	3022 	3476 	3930 	1217 	1671 	2125 
54 	3984 	4438 	168 	2179 	2633 	3087 
55 	8515 	222 	676 	4898 	3141 	3595 
56 	12968 	1184 	1638 	9346 	4103 	4557 
57 	7962 	2146 	2600 	13798 	341 	795 
58 	2654 	3108 	3562 	849 	1303 	1757 
59 	3616 	4070 	4524 	1811 	2265 	2719 
60 	6671 	4578 	308 	12507 	2773 	3227 
61 	11123 	816 	1270 	7501 	3735 	4189 
62 	6118 	1778 	2232 	11953 	4697 	427 
63 	2286 	2740 	3194 	481 	935 	1389 
64 	3248 	3702 	4156 	1443 	1897 	2351 
65 	4210 	4664 	394 	2405 	2859 	3313 
66 	9274 	448 	902 	5657 	3367 	3821 
67 	13726 	1410 	1864 	10109 	4329 	59 
68 	1918 	2372 	2826 	113 	567 	1021 
69 	2880 	3334 	3788 	1075 	1529 	1983 
70 	3842 	4296 	26 	2037 	2491 	2945 
71 	7429 	80 	534 	13265 	2999 	3453 
72 	11882 	1042 	1496 	8259 	3961 	4415 
73 	6876 	2004 	2458 	12712 	199 	653 
74 	2512 	2966 	3420 	707 	1161 	1615 
75 	3474 	3928 	4382 	1669 	2123 	2577 
76 	4436 	166 	620 	2631 	3085 	3539 
77 	10037 	674 	1128 	6415 	3593 	4047 
78 	5031 	1636 	2090 	10867 	4555 	285 
79 	2144 	2598 	3052 	339 	793 	1247 
80 	3106 	3560 	4014 	1301 	1755 	2209 
81 	4068 	4522 	252 	2263 	2717 	3171 
82 	8188 	306 	760 	14023 	3225 	3679 
83 	12640 	1268 	1722 	9018 	4187 	4641 
84 	7634 	2230 	2684 	13470 	425 	879 
85 	2738 	3192 	3646 	933 	1387 	1841 
86 	3700 	4154 	4608 	1895 	2349 	2803 
87 	4662 	392 	846 	2857 	3311 	3765 
88 	10796 	900 	1354 	7173 	3819 	4273 
89 	5790 	1862 	2316 	11626 	57 	511 
90 	2370 	2824 	3278 	565 	1019 	1473 
91 	3332 	3786 	4240 	1527 	1981 	2435 
92 	4294 	24 	478 	2489 	2943 	3397 
93 	8946 	532 	986 	5329 	3451 	3905 
94 	13398 	1494 	1948 	9781 	4413 	143 
95 	8393 	2456 	2910 	4775 	651 	1105 
96 	2964 	3418 	3872 	1159 	1613 	2067 
97 	3926 	4380 	110 	2121 	2575 	3029 
98 	7101 	164 	618 	12937 	3083 	3537 
99 	11554 	1126 	1580 	7931 	4045 	4499 
100 	6548 	2088 	2542 	12384 	283 	737 
101 	2596 	3050 	3504 	791 	1245 	1699 
102 	3558 	4012 	4466 	1753 	2207 	2661 
103 	4520 	250 	704 	2715 	3169 	3623 
104 	9709 	758 	1212 	6087 	3677 	4131 
105 	14157 	1720 	2174 	10539 	4639 	369 
106 	9151 	2682 	3136 	5534 	877 	1331 
107 	3190 	3644 	4098 	1385 	1839 	2293 
108 	4152 	4606 	336 	2347 	2801 	3255 
109 	7860 	390 	844 	13696 	3309 	3763 
110 	12312 	1352 	1806 	8690 	4271 	1 
111 	7306 	2314 	2768 	13142 	509 	963 
112 	2822 	3276 	3730 	1017 	1471 	1925 
113 	3784 	4238 	4692 	1979 	2433 	2887 
114 	22 	476 	930 	2941 	3395 	3849 
115 	10468 	984 	1438 	6845 	3903 	4357 
116 	5462 	1946 	2400 	11298 	141 	595 
117 	2454 	2908 	3362 	649 	1103 	1557 
118 	3416 	3870 	4324 	1611 	2065 	2519 
119 	4378 	108 	562 	2573 	3027 	3481 
120 	8618 	616 	1070 	5001 	3535 	3989 
121 	13070 	1578 	2032 	9453 	4497 	227 
122 	8065 	2540 	2994 	13900 	735 	1189 
123 	3048 	3502 	3956 	1243 	1697 	2151 
124 	4010 	4464 	194 	2205 	2659 	3113 
125 	248 	702 	1156 	3167 	3621 	4075 
126 	11226 	1210 	1664 	7603 	4129 	4583 
127 	6220 	2172 	2626 	12056 	367 	821 
128 	2680 	3134 	3588 	875 	1329 	1783 
129 	3642 	4096 	4550 	1837 	2291 	2745 
130 	4604 	334 	788 	2799 	3253 	3707 
131 	9376 	842 	1296 	5759 	3761 	4215 
132 	13829 	1804 	2258 	10211 	4723 	453 
133 	8823 	2766 	3220 	5206 	961 	1415 
134 	3274 	3728 	4182 	1469 	1923 	2377 
135 	4236 	4690 	420 	2431 	2885 	3339 
136 	7532 	474 	928 	13368 	3393 	3847 
137 	11984 	1436 	1890 	8362 	4355 	85 
138 	6978 	2398 	2852 	12814 	593 	1047 
139 	2906 	3360 	3814 	1101 	1555 	2009 
140 	3868 	4322 	52 	2063 	2517 	2971 
141 	106 	560 	1014 	3025 	3479 	3933 
142 	10140 	1068 	1522 	6517 	3987 	4441 
143 	5134 	2030 	2484 	10970 	225 	679 
144 	9586 	2992 	3446 	5964 	1187 	1641 
145 	3500 	3954 	4408 	1695 	2149 	2603 
146 	4462 	192 	646 	2657 	3111 	3565 
147 	8290 	700 	1154 	14126 	3619 	4073 
148 	12743 	1662 	2116 	9120 	4581 	311 
149 	7737 	2624 	3078 	13573 	819 	1273 
150 	3132 	3586 	4040 	1327 	1781 	2235 
151 	4094 	4548 	278 	2289 	2743 	3197 
152 	332 	786 	1240 	3251 	3705 	4159 
153 	10898 	1294 	1748 	7276 	4213 	4667 
154 	5892 	2256 	2710 	11728 	451 	905 
155 	2764 	3218 	3672 	959 	1413 	1867 
156 	3726 	4180 	4634 	1921 	2375 	2829 
157 	4688 	418 	872 	2883 	3337 	3791 
158 	9048 	926 	1380 	5431 	3845 	4299 
159 	13501 	1888 	2342 	9884 	83 	537 
160 	8495 	2850 	3304 	4878 	1045 	1499 
161 	3358 	3812 	4266 	1553 	2007 	2461 
162 	4320 	50 	504 	2515 	2969 	3423 
163 	558 	1012 	1466 	3477 	3931 	4385 
164 	11656 	1520 	1974 	8034 	4439 	169 
165 	6650 	2482 	2936 	12486 	677 	1131 
166 	2990 	3444 	3898 	1185 	1639 	2093 
167 	3952 	4406 	136 	2147 	2601 	3055 
168 	190 	644 	1098 	3109 	3563 	4017 
169 	9812 	1152 	1606 	6189 	4071 	4525 
170 	4806 	2114 	2568 	10642 	309 	763 
171 	9253 	3076 	3530 	5636 	1271 	1725 
172 	3584 	4038 	4492 	1779 	2233 	2687 
173 	4546 	276 	730 	2741 	3195 	3649 
174 	784 	1238 	1692 	3703 	4157 	4611 
175 	12415 	1746 	2200 	8792 	4665 	395 
176 	7409 	2708 	3162 	13245 	903 	1357 
177 	3216 	3670 	4124 	1411 	1865 	2319 
178 	4178 	4632 	362 	2373 	2827 	3281 
179 	416 	870 	1324 	3335 	3789 	4243 
180 	10570 	1378 	1832 	6948 	4297 	27 
181 	5564 	2340 	2794 	11400 	535 	989 
182 	10017 	3302 	3756 	6394 	1497 	1951 
183 	3810 	4264 	4718 	2005 	2459 	2913 
184 	48 	502 	956 	2967 	3421 	3875 
185 	8720 	1010 	1464 	5103 	3929 	4383 
186 	13173 	1972 	2426 	9556 	167 	621 
187 	8167 	2934 	3388 	14003 	1129 	1583 
188 	3442 	3896 	4350 	1637 	2091 	2545 
189 	4404 	134 	588 	2599 	3053 	3507 
190 	642 	1096 	1550 	3561 	4015 	4469 
191 	11328 	1604 	2058 	7706 	4523 	253 
192 	6323 	2566 	3020 	12158 	761 	1215 
193 	10775 	3528 	3982 	7153 	1723 	2177 
194 	4036 	4490 	220 	2231 	2685 	3139 
195 	274 	728 	1182 	3193 	3647 	4101 
196 	9484 	1236 	1690 	5861 	4155 	4609 
197 	13931 	2198 	2652 	10314 	393 	847 
198 	8925 	3160 	3614 	5308 	1355 	1809 
199 	3668 	4122 	4576 	1863 	2317 	2771 
200 	4630 	360 	814 	2825 	3279 	3733 
201 	868 	1322 	1776 	3787 	4241 	4695 
202 	12087 	1830 	2284 	8464 	25 	479 
203 	7081 	2792 	3246 	12917 	987 	1441 
204 	3300 	3754 	4208 	1495 	1949 	2403 
205 	4262 	4716 	446 	2457 	2911 	3365 
206 	500 	954 	1408 	3419 	3873 	4327 
207 	10242 	1462 	1916 	6620 	4381 	111 
208 	5236 	2424 	2878 	11072 	619 	1073 
209 	9689 	3386 	3840 	6066 	1581 	2035 
210 	3894 	4348 	78 	2089 	2543 	2997 
211 	132 	586 	1040 	3051 	3505 	3959 
212 	1094 	1548 	2002 	4013 	4467 	197 
213 	12845 	2056 	2510 	9223 	251 	705 
214 	7839 	3018 	3472 	13675 	1213 	1667 
215 	3526 	3980 	4434 	1721 	2175 	2629 
216 	4488 	218 	672 	2683 	3137 	3591 
217 	726 	1180 	1634 	3645 	4099 	4553 
218 	11000 	1688 	2142 	7378 	4607 	337 
219 	5995 	2650 	3104 	11830 	845 	1299 
220 	10447 	3612 	4066 	6825 	1807 	2261 
221 	4120 	4574 	304 	2315 	2769 	3223 
222 	358 	812 	1266 	3277 	3731 	4185 
223 	1320 	1774 	2228 	4239 	4693 	423 
224 	13603 	2282 	2736 	9986 	477 	931 
225 	8597 	3244 	3698 	4980 	1439 	1893 
226 	3752 	4206 	4660 	1947 	2401 	2855 
227 	4714 	444 	898 	2909 	3363 	3817 
228 	952 	1406 	1860 	3871 	4325 	55 
229 	11759 	1914 	2368 	8136 	109 	563 
230 	6753 	2876 	3330 	12589 	1071 	1525 
231 	11205 	3838 	4292 	7583 	2033 	2487 
232 	4346 	76 	530 	2541 	2995 	3449 
233 	584 	1038 	1492 	3503 	3957 	4411 
234 	9914 	1546 	2000 	6292 	4465 	195 
235 	4908 	2508 	2962 	10744 	703 	1157 
236 	9356 	3470 	3924 	5738 	1665 	2119 
237 	3978 	4432 	162 	2173 	2627 	3081 
238 	216 	670 	1124 	3135 	3589 	4043 
239 	1178 	1632 	2086 	4097 	4551 	281 
240 	12517 	2140 	2594 	8895 	335 	789 
241 	7511 	3102 	3556 	13347 	1297 	1751 
242 	3610 	4064 	4518 	1805 	2259 	2713 
243 	4572 	302 	756 	2767 	3221 	3675 
244 	810 	1264 	1718 	3729 	4183 	4637 
245 	10673 	1772 	2226 	7050 	4691 	421 
246 	5667 	2734 	3188 	11503 	929 	1383 
247 	10119 	3696 	4150 	6497 	1891 	2345 
248 	4204 	4658 	388 	2399 	2853 	3307 
249 	442 	896 	1350 	3361 	3815 	4269 
250 	1404 	1858 	2312 	4323 	53 	507 
251 	13275 	2366 	2820 	9658 	561 	1015 
252 	8270 	3328 	3782 	14105 	1523 	1977 
253 	3836 	4290 	20 	2031 	2485 	2939 
254 	74 	528 	982 	2993 	3447 	3901 
255 	1036 	1490 	1944 	3955 	4409 	139 
256 	11431 	1998 	2452 	7808 	193 	647 
257 	6425 	2960 	3414 	12261 	1155 	1609 
258 	10877 	3922 	4376 	7255 	2117 	2571 
259 	4430 	160 	614 	2625 	3079 	3533 
260 	668 	1122 	1576 	3587 	4041 	4495 
261 	1630 	2084 	2538 	4549 	279 	733 
262 	14034 	2592 	3046 	10416 	787 	1241 
263 	9028 	3554 	4008 	5411 	1749 	2203 
264 	4062 	4516 	246 	2257 	2711 	3165 
265 	300 	754 	1208 	3219 	3673 	4127 
266 	1262 	1716 	2170 	4181 	4635 	365 
267 	12189 	2224 	2678 	8567 	419 	873 
268 	7183 	3186 	3640 	13019 	1381 	1835 
269 	11636 	4148 	4602 	8013 	2343 	2797 
270 	4656 	386 	840 	2851 	3305 	3759 
271 	894 	1348 	1802 	3813 	4267 	4721 
272 	10345 	1856 	2310 	6722 	51 	505 
273 	5339 	2818 	3272 	11175 	1013 	1467 
274 	9791 	3780 	4234 	6169 	1975 	2429 
275 	4288 	18 	472 	2483 	2937 	3391 
276 	526 	980 	1434 	3445 	3899 	4353 
277 	1488 	1942 	2396 	4407 	137 	591 
278 	12947 	2450 	2904 	9325 	645 	1099 
279 	7942 	3412 	3866 	13777 	1607 	2061 
280 	12394 	4374 	104 	8772 	2569 	3023 
281 	158 	612 	1066 	3077 	3531 	3985 
282 	1120 	1574 	2028 	4039 	4493 	223 
283 	11103 	2082 	2536 	7481 	277 	731 
284 	6097 	3044 	3498 	11933 	1239 	1693 
285 	10550 	4006 	4460 	6927 	2201 	2655 
286 	4514 	244 	698 	2709 	3163 	3617 
287 	752 	1206 	1660 	3671 	4125 	4579 
288 	1714 	2168 	2622 	4633 	363 	817 
289 	13706 	2676 	3130 	10088 	871 	1325 
290 	8700 	3638 	4092 	5083 	1833 	2287 
291 	4146 	4600 	330 	2341 	2795 	3249 
292 	384 	838 	1292 	3303 	3757 	4211 
293 	1346 	1800 	2254 	4265 	4719 	449 
294 	11861 	2308 	2762 	8239 	503 	957 
295 	6855 	3270 	3724 	12691 	1465 	1919 
296 	11308 	4232 	4686 	7685 	2427 	2881 
297 	16 	470 	924 	2935 	3389 	3843 
298 	978 	1432 	1886 	3897 	4351 	81 
299 	1940 	2394 	2848 	135 	589 	1043 
300 	5011 	2902 	3356 	10847 	1097 	1551 
301 	9463 	3864 	4318 	5841 	2059 	2513 
302 	4372 	102 	556 	2567 	3021 	3475 
303 	610 	1064 	1518 	3529 	3983 	4437 
304 	1572 	2026 	2480 	4491 	221 	675 
305 	12620 	2534 	2988 	8997 	729 	1183 
306 	7614 	3496 	3950 	13450 	1691 	2145 
307 	12066 	4458 	188 	8444 	2653 	3107 
308 	242 	696 	1150 	3161 	3615 	4069 
309 	1204 	1658 	2112 	4123 	4577 	307 
310 	2166 	2620 	3074 	361 	815 	1269 
311 	5769 	3128 	3582 	11605 	1323 	1777 
312 	10222 	4090 	4544 	6599 	2285 	2739 
313 	4598 	328 	782 	2793 	3247 	3701 
314 	836 	1290 	1744 	3755 	4209 	4663 
315 	1798 	2252 	2706 	4717 	447 	901 
316 	13378 	2760 	3214 	9761 	955 	1409 
317 	8372 	3722 	4176 	4755 	1917 	2371 
318 	12824 	4684 	414 	9202 	2879 	3333 
319 	468 	922 	1376 	3387 	3841 	4295 
320 	1430 	1884 	2338 	4349 	79 	533 
321 	11533 	2392 	2846 	7911 	587 	1041 
322 	6528 	3354 	3808 	12363 	1549 	2003 
323 	10980 	4316 	46 	7358 	2511 	2965 
324 	100 	554 	1008 	3019 	3473 	3927 
325 	1062 	1516 	1970 	3981 	4435 	165 
326 	2024 	2478 	2932 	219 	673 	1127 
327 	14136 	2986 	3440 	10519 	1181 	1635 
328 	9130 	3948 	4402 	5513 	2143 	2597 
329 	13583 	186 	640 	9965 	3105 	3559 
330 	694 	1148 	1602 	3613 	4067 	4521 
331 	1656 	2110 	2564 	4575 	305 	759 
332 	12292 	2618 	3072 	8669 	813 	1267 
333 	7286 	3580 	4034 	13122 	1775 	2229 
334 	11738 	4542 	272 	8116 	2737 	3191 
335 	326 	780 	1234 	3245 	3699 	4153 
336 	1288 	1742 	2196 	4207 	4661 	391 
337 	2250 	2704 	3158 	445 	899 	1353 
338 	5441 	3212 	3666 	11277 	1407 	1861 
339 	9894 	4174 	4628 	6271 	2369 	2823 
340 	4682 	412 	866 	2877 	3331 	3785 
341 	920 	1374 	1828 	3839 	4293 	23 
342 	1882 	2336 	2790 	77 	531 	985 
343 	13050 	2844 	3298 	9428 	1039 	1493 
344 	8044 	3806 	4260 	13880 	2001 	2455 
345 	12497 	44 	498 	8874 	2963 	3417 
346 	552 	1006 	1460 	3471 	3925 	4379 
347 	1514 	1968 	2422 	4433 	163 	617 
348 	2476 	2930 	3384 	671 	1125 	1579 
349 	6200 	3438 	3892 	12035 	1633 	2087 
350 	10652 	4400 	130 	7030 	2595 	3049 
351 	184 	638 	1092 	3103 	3557 	4011 
352 	1146 	1600 	2054 	4065 	4519 	249 
353 	2108 	2562 	3016 	303 	757 	1211 
354 	13808 	3070 	3524 	10191 	1265 	1719 
355 	8802 	4032 	4486 	5185 	2227 	2681 
356 	13255 	270 	724 	9638 	3189 	3643 
357 	778 	1232 	1686 	3697 	4151 	4605 
358 	1740 	2194 	2648 	4659 	389 	843 
359 	11964 	2702 	3156 	8341 	897 	1351 
360 	6958 	3664 	4118 	12794 	1859 	2313 
361 	11410 	4626 	356 	7788 	2821 	3275 
362 	410 	864 	1318 	3329 	3783 	4237 
363 	1372 	1826 	2280 	4291 	21 	475 
364 	2334 	2788 	3242 	529 	983 	1437 
365 	5113 	3296 	3750 	10949 	1491 	1945 
366 	9566 	4258 	4712 	5943 	2453 	2907 
367 	14013 	496 	950 	10396 	3415 	3869 
368 	1004 	1458 	1912 	3923 	4377 	107 
369 	1966 	2420 	2874 	161 	615 	1069 
370 	12722 	2928 	3382 	9100 	1123 	1577 
371 	7716 	3890 	4344 	13552 	2085 	2539 
372 	12169 	128 	582 	8546 	3047 	3501 
373 	636 	1090 	1544 	3555 	4009 	4463 
374 	1598 	2052 	2506 	4517 	247 	701 
375 	2560 	3014 	3468 	755 	1209 	1663 
376 	5872 	3522 	3976 	11708 	1717 	2171 
377 	10324 	4484 	214 	6702 	2679 	3133 
378 	268 	722 	1176 	3187 	3641 	4095 
379 	1230 	1684 	2138 	4149 	4603 	333 
380 	2192 	2646 	3100 	387 	841 	1295 
381 	13480 	3154 	3608 	9863 	1349 	1803 
382 	8475 	4116 	4570 	4857 	2311 	2765 
383 	12927 	354 	808 	9305 	3273 	3727 
384 	862 	1316 	1770 	3781 	4235 	4689 
385 	1824 	2278 	2732 	19 	473 	927 
386 	2786 	3240 	3694 	981 	1435 	1889 
387 	6630 	3748 	4202 	12466 	1943 	2397 
388 	11082 	4710 	440 	7460 	2905 	3359 
389 	494 	948 	1402 	3413 	3867 	4321 
390 	1456 	1910 	2364 	4375 	105 	559 
391 	2418 	2872 	3326 	613 	1067 	1521 
392 	4785 	3380 	3834 	10621 	1575 	2029 
393 	9233 	4342 	72 	5616 	2537 	2991 
394 	13685 	580 	1034 	10068 	3499 	3953 
395 	1088 	1542 	1996 	4007 	4461 	191 
396 	2050 	2504 	2958 	245 	699 	1153 
397 	3012 	3466 	3920 	1207 	1661 	2115 
398 	7388 	3974 	4428 	13224 	2169 	2623 
399 	11841 	212 	666 	8218 	3131 	3585 
400 	720 	1174 	1628 	3639 	4093 	4547 
401 	1682 	2136 	2590 	4601 	331 	785 
402 	2644 	3098 	3552 	839 	1293 	1747 
403 	5544 	3606 	4060 	11380 	1801 	2255 
404 	9996 	4568 	298 	6374 	2763 	3217 
405 	4990 	806 	1260 	10826 	3725 	4179 
406 	1314 	1768 	2222 	4233 	4687 	417 
407 	2276 	2730 	3184 	471 	925 	1379 
408 	13152 	3238 	3692 	9535 	1433 	1887 
409 	8147 	4200 	4654 	13982 	2395 	2849 
410 	12599 	438 	892 	8977 	3357 	3811 
411 	946 	1400 	1854 	3865 	4319 	49 
412 	1908 	2362 	2816 	103 	557 	1011 
413 	2870 	3324 	3778 	1065 	1519 	1973 
414 	6302 	3832 	4286 	12138 	2027 	2481 
415 	10755 	70 	524 	7132 	2989 	3443 
416 	5749 	1032 	1486 	11585 	3951 	4405 
417 	1540 	1994 	2448 	4459 	189 	643 
418 	2502 	2956 	3410 	697 	1151 	1605 
419 	13911 	3464 	3918 	10293 	1659 	2113 
420 	8905 	4426 	156 	5288 	2621 	3075 
421 	13357 	664 	1118 	9740 	3583 	4037 
422 	1172 	1626 	2080 	4091 	4545 	275 
423 	2134 	2588 	3042 	329 	783 	1237 
424 	3096 	3550 	4004 	1291 	1745 	2199 
425 	7060 	4058 	4512 	12896 	2253 	2707 
426 	11513 	296 	750 	7890 	3215 	3669 
427 	804 	1258 	1712 	3723 	4177 	4631 
428 	1766 	2220 	2674 	4685 	415 	869 
429 	2728 	3182 	3636 	923 	1377 	1831 
430 	5216 	3690 	4144 	11052 	1885 	2339 
431 	9668 	4652 	382 	6046 	2847 	3301 
432 	14116 	890 	1344 	10498 	3809 	4263 
433 	1398 	1852 	2306 	4317 	47 	501 
434 	2360 	2814 	3268 	555 	1009 	1463 
435 	3322 	3776 	4230 	1517 	1971 	2425 
436 	7819 	4284 	14 	13655 	2479 	2933 
437 	12271 	522 	976 	8649 	3441 	3895 
438 	1030 	1484 	1938 	3949 	4403 	133 
439 	1992 	2446 	2900 	187 	641 	1095 
440 	2954 	3408 	3862 	1149 	1603 	2057 
441 	5974 	3916 	4370 	11810 	2111 	2565 
442 	10427 	154 	608 	6804 	3073 	3527 
443 	5421 	1116 	1570 	11257 	4035 	4489 
444 	1624 	2078 	2532 	4543 	273 	727 
445 	2586 	3040 	3494 	781 	1235 	1689 
446 	3548 	4002 	4456 	1743 	2197 	2651 
447 	8577 	4510 	240 	4960 	2705 	3159 
448 	13029 	748 	1202 	9407 	3667 	4121 
449 	1256 	1710 	2164 	4175 	4629 	359 
450 	2218 	2672 	3126 	413 	867 	1321 
451 	3180 	3634 	4088 	1375 	1829 	2283 
452 	6732 	4142 	4596 	12568 	2337 	2791 
453 	11185 	380 	834 	7562 	3299 	3753 
454 	6179 	1342 	1796 	12015 	4261 	4715 
455 	1850 	2304 	2758 	45 	499 	953 
456 	2812 	3266 	3720 	1007 	1461 	1915 
457 	4888 	3774 	4228 	10724 	1969 	2423 
458 	9335 	12 	466 	5718 	2931 	3385 
459 	13788 	974 	1428 	10170 	3893 	4347 
460 	1482 	1936 	2390 	4401 	131 	585 
461 	2444 	2898 	3352 	639 	1093 	1547 
462 	3406 	3860 	4314 	1601 	2055 	2509 
463 	7491 	4368 	98 	13327 	2563 	3017 
464 	11943 	606 	1060 	8321 	3525 	3979 
465 	6937 	1568 	2022 	12773 	4487 	217 
466 	2076 	2530 	2984 	271 	725 	1179 
467 	3038 	3492 	3946 	1233 	1687 	2141 
468 	5646 	4000 	4454 	11482 	2195 	2649 
469 	10099 	238 	692 	6476 	3157 	3611 
470 	5093 	1200 	1654 	10929 	4119 	4573 
471 	1708 	2162 	2616 	4627 	357 	811 
472 	2670 	3124 	3578 	865 	1319 	1773 
473 	3632 	4086 	4540 	1827 	2281 	2735 
474 	8249 	4594 	324 	14085 	2789 	3243 
475 	12702 	832 	1286 	9079 	3751 	4205 
476 	1340 	1794 	2248 	4259 	4713 	443 
477 	2302 	2756 	3210 	497 	951 	1405 
478 	3264 	3718 	4172 	1459 	1913 	2367 
479 	6405 	4226 	4680 	12240 	2421 	2875 
480 	10857 	464 	918 	7235 	3383 	3837 
481 	5851 	1426 	1880 	11687 	4345 	75 
482 	1934 	2388 	2842 	129 	583 	1037 
483 	2896 	3350 	3804 	1091 	1545 	1999 
484 	3858 	4312 	42 	2053 	2507 	2961 
485 	9007 	96 	550 	5390 	3015 	3469 
486 	13460 	1058 	1512 	9843 	3977 	4431 
487 	1566 	2020 	2474 	4485 	215 	669 
488 	2528 	2982 	3436 	723 	1177 	1631 
489 	3490 	3944 	4398 	1685 	2139 	2593 
490 	7163 	4452 	182 	12999 	2647 	3101 
491 	11615 	690 	1144 	7993 	3609 	4063 
492 	6610 	1652 	2106 	12445 	4571 	301 
493 	2160 	2614 	3068 	355 	809 	1263 
494 	3122 	3576 	4030 	1317 	1771 	2225 
495 	5318 	4084 	4538 	11154 	2279 	2733 
496 	9771 	322 	776 	6148 	3241 	3695 
497 	4765 	1284 	1738 	10601 	4203 	4657 
498 	1792 	2246 	2700 	4711 	441 	895 
499 	2754 	3208 	3662 	949 	1403 	1857 
500 	3716 	4170 	4624 	1911 	2365 	2819 
501 	7921 	4678 	408 	13757 	2873 	3327 
502 	12374 	916 	1370 	8751 	3835 	4289 
503 	7368 	1878 	2332 	13204 	73 	527 
504 	2386 	2840 	3294 	581 	1035 	1489 
505 	3348 	3802 	4256 	1543 	1997 	2451 
506 	6077 	4310 	40 	11912 	2505 	2959 
507 	10529 	548 	1002 	6907 	3467 	3921 
508 	5523 	1510 	1964 	11359 	4429 	159 
509 	2018 	2472 	2926 	213 	667 	1121 
510 	2980 	3434 	3888 	1175 	1629 	2083 
511 	3942 	4396 	126 	2137 	2591 	3045 
512 	8679 	180 	634 	5062 	3099 	3553 
513 	13132 	1142 	1596 	9515 	4061 	4515 
514 	1650 	2104 	2558 	4569 	299 	753 
515 	2612 	3066 	3520 	807 	1261 	1715 
516 	3574 	4028 	4482 	1769 	2223 	2677 
517 	6835 	4536 	266 	12671 	2731 	3185 
518 	11287 	774 	1228 	7665 	3693 	4147 
519 	6282 	1736 	2190 	12117 	4655 	385 
520 	2244 	2698 	3152 	439 	893 	1347 
521 	3206 	3660 	4114 	1401 	1855 	2309 
522 	4168 	4622 	352 	2363 	2817 	3271 
523 	9438 	406 	860 	5820 	3325 	3779 
524 	13890 	1368 	1822 	10273 	4287 	17 
525 	1876 	2330 	2784 	71 	525 	979 
526 	2838 	3292 	3746 	1033 	1487 	1941 
527 	3800 	4254 	4708 	1995 	2449 	2903 
528 	7593 	38 	492 	13429 	2957 	3411 
529 	12046 	1000 	1454 	8423 	3919 	4373 
530 	7040 	1962 	2416 	12876 	157 	611 
531 	2470 	2924 	3378 	665 	1119 	1573 
532 	3432 	3886 	4340 	1627 	2081 	2535 
533 	4394 	124 	578 	2589 	3043 	3497 
534 	10201 	632 	1086 	6579 	3551 	4005 
535 	5195 	1594 	2048 	11031 	4513 	243 
536 	2102 	2556 	3010 	297 	751 	1205 
537 	3064 	3518 	3972 	1259 	1713 	2167 
538 	4026 	4480 	210 	2221 	2675 	3129 
539 	8352 	264 	718 	4734 	3183 	3637 
540 	12804 	1226 	1680 	9182 	4145 	4599 
541 	7798 	2188 	2642 	13634 	383 	837 
542 	2696 	3150 	3604 	891 	1345 	1799 
543 	3658 	4112 	4566 	1853 	2307 	2761 
544 	6507 	4620 	350 	12343 	2815 	3269 
545 	10959 	858 	1312 	7337 	3777 	4231 
546 	5954 	1820 	2274 	11790 	15 	469 
547 	2328 	2782 	3236 	523 	977 	1431 
548 	3290 	3744 	4198 	1485 	1939 	2393 
549 	4252 	4706 	436 	2447 	2901 	3355 
550 	9110 	490 	944 	5493 	3409 	3863 
551 	13562 	1452 	1906 	9945 	4371 	101 
552 	8556 	2414 	2868 	4939 	609 	1063 
553 	2922 	3376 	3830 	1117 	1571 	2025 
554 	3884 	4338 	68 	2079 	2533 	2987 
555 	7265 	122 	576 	13101 	3041 	3495 
556 	11718 	1084 	1538 	8095 	4003 	4457 
557 	6712 	2046 	2500 	12548 	241 	695 
558 	2554 	3008 	3462 	749 	1203 	1657 
559 	3516 	3970 	4424 	1711 	2165 	2619 
560 	4478 	208 	662 	2673 	3127 	3581 
561 	9873 	716 	1170 	6251 	3635 	4089 
562 	4867 	1678 	2132 	10703 	4597 	327 
563 	2186 	2640 	3094 	381 	835 	1289 
564 	3148 	3602 	4056 	1343 	1797 	2251 
565 	4110 	4564 	294 	2305 	2759 	3213 
566 	8024 	348 	802 	13859 	3267 	3721 
567 	12476 	1310 	1764 	8854 	4229 	4683 
568 	7470 	2272 	2726 	13306 	467 	921 
569 	2780 	3234 	3688 	975 	1429 	1883 
570 	3742 	4196 	4650 	1937 	2391 	2845 
571 	4704 	434 	888 	2899 	3353 	3807 
572 	10632 	942 	1396 	7009 	3861 	4315 
573 	5626 	1904 	2358 	11462 	99 	553 
574 	2412 	2866 	3320 	607 	1061 	1515 
575 	3374 	3828 	4282 	1569 	2023 	2477 
576 	4336 	66 	520 	2531 	2985 	3439 
577 	8782 	574 	1028 	5165 	3493 	3947 
578 	13234 	1536 	1990 	9617 	4455 	185 
579 	8229 	2498 	2952 	14064 	693 	1147 
580 	3006 	3460 	3914 	1201 	1655 	2109 
581 	3968 	4422 	152 	2163 	2617 	3071 
582 	206 	660 	1114 	3125 	3579 	4033 
583 	11390 	1168 	1622 	7767 	4087 	4541 
584 	6384 	2130 	2584 	12220 	325 	779 
585 	2638 	3092 	3546 	833 	1287 	1741 
586 	3600 	4054 	4508 	1795 	2249 	2703 
587 	4562 	292 	746 	2757 	3211 	3665 
588 	9545 	800 	1254 	5923 	3719 	4173 
589 	13993 	1762 	2216 	10375 	4681 	411 
590 	8987 	2724 	3178 	5370 	919 	1373 
591 	3232 	3686 	4140 	1427 	1881 	2335 
592 	4194 	4648 	378 	2389 	2843 	3297 
593 	7696 	432 	886 	13532 	3351 	3805 
594 	12148 	1394 	1848 	8526 	4313 	43 
595 	7142 	2356 	2810 	12978 	551 	1005 
596 	2864 	3318 	3772 	1059 	1513 	1967 
597 	3826 	4280 	10 	2021 	2475 	2929 
598 	64 	518 	972 	2983 	3437 	3891 
599 	10304 	1026 	1480 	6681 	3945 	4399 
600 	5298 	1988 	2442 	11134 	183 	637 
601 	2496 	2950 	3404 	691 	1145 	1599 
602 	3458 	3912 	4366 	1653 	2107 	2561 
603 	4420 	150 	604 	2615 	3069 	3523 
604 	8454 	658 	1112 	4837 	3577 	4031 
605 	12906 	1620 	2074 	9284 	4539 	269 
606 	7901 	2582 	3036 	13736 	777 	1231 
607 	3090 	3544 	3998 	1285 	1739 	2193 
608 	4052 	4506 	236 	2247 	2701 	3155 
609 	290 	744 	1198 	3209 	3663 	4117 
610 	11062 	1252 	1706 	7440 	4171 	4625 
611 	6056 	2214 	2668 	11892 	409 	863 
612 	2722 	3176 	3630 	917 	1371 	1825 
613 	3684 	4138 	4592 	1879 	2333 	2787 
614 	4646 	376 	830 	2841 	3295 	3749 
615 	9212 	884 	1338 	5595 	3803 	4257 
616 	13665 	1846 	2300 	10047 	41 	495 
617 	8659 	2808 	3262 	5042 	1003 	1457 
618 	3316 	3770 	4224 	1511 	1965 	2419 
619 	4278 	8 	462 	2473 	2927 	3381 
620 	516 	970 	1424 	3435 	3889 	4343 
621 	11820 	1478 	1932 	8198 	4397 	127 
622 	6814 	2440 	2894 	12650 	635 	1089 
623 	2948 	3402 	3856 	1143 	1597 	2051 
624 	3910 	4364 	94 	2105 	2559 	3013 
625 	148 	602 	1056 	3067 	3521 	3975 
626 	9976 	1110 	1564 	6353 	4029 	4483 
627 	4970 	2072 	2526 	10806 	267 	721 
628 	9417 	3034 	3488 	5800 	1229 	1683 
629 	3542 	3996 	4450 	1737 	2191 	2645 
630 	4504 	234 	688 	2699 	3153 	3607 
631 	8126 	742 	1196 	13962 	3661 	4115 
632 	12579 	1704 	2158 	8956 	4623 	353 
633 	7573 	2666 	3120 	13409 	861 	1315 
634 	3174 	3628 	4082 	1369 	1823 	2277 
635 	4136 	4590 	320 	2331 	2785 	3239 
636 	374 	828 	1282 	3293 	3747 	4201 
637 	10734 	1336 	1790 	7112 	4255 	4709 
638 	5728 	2298 	2752 	11564 	493 	947 
639 	10181 	3260 	3714 	6558 	1455 	1909 
640 	3768 	4222 	4676 	1963 	2417 	2871 
641 	6 	460 	914 	2925 	3379 	3833 
642 	8884 	968 	1422 	5267 	3887 	4341 
643 	13337 	1930 	2384 	9720 	125 	579 
644 	8331 	2892 	3346 	14167 	1087 	1541 
645 	3400 	3854 	4308 	1595 	2049 	2503 
646 	4362 	92 	546 	2557 	3011 	3465 
647 	600 	1054 	1508 	3519 	3973 	4427 
648 	11492 	1562 	2016 	7870 	4481 	211 
649 	6487 	2524 	2978 	12322 	719 	1173 
650 	3032 	3486 	3940 	1227 	1681 	2135 
651 	3994 	4448 	178 	2189 	2643 	3097 
652 	232 	686 	1140 	3151 	3605 	4059 
653 	9648 	1194 	1648 	6025 	4113 	4567 
654 	14095 	2156 	2610 	10478 	351 	805 
655 	9089 	3118 	3572 	5472 	1313 	1767 
656 	3626 	4080 	4534 	1821 	2275 	2729 
657 	4588 	318 	772 	2783 	3237 	3691 
658 	826 	1280 	1734 	3745 	4199 	4653 
659 	12251 	1788 	2242 	8628 	4707 	437 
660 	7245 	2750 	3204 	13081 	945 	1399 
661 	3258 	3712 	4166 	1453 	1907 	2361 
662 	4220 	4674 	404 	2415 	2869 	3323 
663 	458 	912 	1366 	3377 	3831 	4285 
664 	10406 	1420 	1874 	6784 	4339 	69 
665 	5400 	2382 	2836 	11236 	577 	1031 
666 	9853 	3344 	3798 	6230 	1539 	1993 
667 	3852 	4306 	36 	2047 	2501 	2955 
668 	90 	544 	998 	3009 	3463 	3917 
669 	1052 	1506 	1960 	3971 	4425 	155 
670 	13009 	2014 	2468 	9387 	209 	663 
671 	8003 	2976 	3430 	13839 	1171 	1625 
672 	3484 	3938 	4392 	1679 	2133 	2587 
673 	4446 	176 	630 	2641 	3095 	3549 
674 	684 	1138 	1592 	3603 	4057 	4511 
675 	11164 	1646 	2100 	7542 	4565 	295 
676 	6159 	2608 	3062 	11994 	803 	1257 
677 	10611 	3570 	4024 	6989 	1765 	2219 
678 	4078 	4532 	262 	2273 	2727 	3181 
679 	316 	770 	1224 	3235 	3689 	4143 
680 	9315 	1278 	1732 	5697 	4197 	4651 
681 	13767 	2240 	2694 	10150 	435 	889 
682 	8761 	3202 	3656 	5144 	1397 	1851 
683 	3710 	4164 	4618 	1905 	2359 	2813 
684 	4672 	402 	856 	2867 	3321 	3775 
685 	910 	1364 	1818 	3829 	4283 	13 
686 	11923 	1872 	2326 	8300 	67 	521 
687 	6917 	2834 	3288 	12753 	1029 	1483 
688 	11369 	3796 	4250 	7747 	1991 	2445 
689 	4304 	34 	488 	2499 	2953 	3407 
690 	542 	996 	1450 	3461 	3915 	4369 
691 	10078 	1504 	1958 	6456 	4423 	153 
692 	5072 	2466 	2920 	10908 	661 	1115 
693 	9525 	3428 	3882 	5902 	1623 	2077 
694 	3936 	4390 	120 	2131 	2585 	3039 
695 	174 	628 	1082 	3093 	3547 	4001 
696 	1136 	1590 	2044 	4055 	4509 	239 
697 	12681 	2098 	2552 	9059 	293 	747 
698 	7675 	3060 	3514 	13511 	1255 	1709 
699 	3568 	4022 	4476 	1763 	2217 	2671 
700 	4530 	260 	714 	2725 	3179 	3633 
701 	768 	1222 	1676 	3687 	4141 	4595 
702 	10837 	1730 	2184 	7214 	4649 	379 
703 	5831 	2692 	3146 	11667 	887 	1341 
704 	10283 	3654 	4108 	6661 	1849 	2303 
705 	4162 	4616 	346 	2357 	2811 	3265 
706 	400 	854 	1308 	3319 	3773 	4227 
707 	1362 	1816 	2270 	4281 	11 	465 
708 	13439 	2324 	2778 	9822 	519 	973 
709 	8434 	3286 	3740 	4816 	1481 	1935 
710 	3794 	4248 	4702 	1989 	2443 	2897 
711 	32 	486 	940 	2951 	3405 	3859 
712 	994 	1448 	1902 	3913 	4367 	97 
713 	11595 	1956 	2410 	7972 	151 	605 
714 	6589 	2918 	3372 	12425 	1113 	1567 
715 	11041 	3880 	4334 	7419 	2075 	2529 
716 	4388 	118 	572 	2583 	3037 	3491 
717 	626 	1080 	1534 	3545 	3999 	4453 
718 	9750 	1588 	2042 	6128 	4507 	237 
719 	4744 	2550 	3004 	10580 	745 	1199 
720 	9192 	3512 	3966 	5575 	1707 	2161 
721 	4020 	4474 	204 	2215 	2669 	3123 
722 	258 	712 	1166 	3177 	3631 	4085 
723 	1220 	1674 	2128 	4139 	4593 	323 
724 	12353 	2182 	2636 	8731 	377 	831 
725 	7347 	3144 	3598 	13183 	1339 	1793 
726 	11800 	4106 	4560 	8177 	2301 	2755 
727 	4614 	344 	798 	2809 	3263 	3717 
728 	852 	1306 	1760 	3771 	4225 	4679 
729 	10509 	1814 	2268 	6886 	9 	463 
730 	5503 	2776 	3230 	11339 	971 	1425 
731 	9955 	3738 	4192 	6333 	1933 	2387 
732 	4246 	4700 	430 	2441 	2895 	3349 
733 	484 	938 	1392 	3403 	3857 	4311 
734 	1446 	1900 	2354 	4365 	95 	549 
735 	13111 	2408 	2862 	9494 	603 	1057 
736 	8106 	3370 	3824 	13941 	1565 	2019 
737 	3878 	4332 	62 	2073 	2527 	2981 
738 	116 	570 	1024 	3035 	3489 	3943 
739 	1078 	1532 	1986 	3997 	4451 	181 
740 	11267 	2040 	2494 	7644 	235 	689 
741 	6261 	3002 	3456 	12097 	1197 	1651 
742 	10714 	3964 	4418 	7091 	2159 	2613 
743 	4472 	202 	656 	2667 	3121 	3575 
744 	710 	1164 	1618 	3629 	4083 	4537 
745 	1672 	2126 	2580 	4591 	321 	775 
746 	13870 	2634 	3088 	10252 	829 	1283 
747 	8864 	3596 	4050 	5247 	1791 	2245 
748 	4104 	4558 	288 	2299 	2753 	3207 
749 	342 	796 	1250 	3261 	3715 	4169 
750 	1304 	1758 	2212 	4223 	4677 	407 
751 	12025 	2266 	2720 	8403 	461 	915 
752 	7019 	3228 	3682 	12855 	1423 	1877 
753 	11472 	4190 	4644 	7849 	2385 	2839 
754 	4698 	428 	882 	2893 	3347 	3801 
755 	936 	1390 	1844 	3855 	4309 	39 
756 	1898 	2352 	2806 	93 	547 	1001 
757 	5175 	2860 	3314 	11011 	1055 	1509 
758 	9627 	3822 	4276 	6005 	2017 	2471 
759 	4330 	60 	514 	2525 	2979 	3433 
760 	568 	1022 	1476 	3487 	3941 	4395 
761 	1530 	1984 	2438 	4449 	179 	633 
762 	12783 	2492 	2946 	9161 	687 	1141 
763 	7778 	3454 	3908 	13614 	1649 	2103 
764 	12230 	4416 	146 	8608 	2611 	3065 
765 	200 	654 	1108 	3119 	3573 	4027 
766 	1162 	1616 	2070 	4081 	4535 	265 
767 	10939 	2124 	2578 	7317 	319 	773 
768 	5933 	3086 	3540 	11769 	1281 	1735 
769 	10386 	4048 	4502 	6763 	2243 	2697 
770 	4556 	286 	740 	2751 	3205 	3659 
771 	794 	1248 	1702 	3713 	4167 	4621 
772 	1756 	2210 	2664 	4675 	405 	859 
773 	13542 	2718 	3172 	9924 	913 	1367 
774 	8536 	3680 	4134 	4919 	1875 	2329 
775 	12988 	4642 	372 	9366 	2837 	3291 
776 	426 	880 	1334 	3345 	3799 	4253 
777 	1388 	1842 	2296 	4307 	37 	491 
778 	11697 	2350 	2804 	8075 	545 	999 
779 	6691 	3312 	3766 	12527 	1507 	1961 
780 	11144 	4274 	4 	7522 	2469 	2923 
781 	58 	512 	966 	2977 	3431 	3885 
782 	1020 	1474 	1928 	3939 	4393 	123 
783 	1982 	2436 	2890 	177 	631 	1085 
784 	4847 	2944 	3398 	10683 	1139 	1593 
785 	9294 	3906 	4360 	5677 	2101 	2555 
786 	4414 	144 	598 	2609 	3063 	3517 
787 	652 	1106 	1560 	3571 	4025 	4479 
788 	1614 	2068 	2522 	4533 	263 	717 
789 	12456 	2576 	3030 	8833 	771 	1225 
790 	7450 	3538 	3992 	13286 	1733 	2187 
791 	11902 	4500 	230 	8280 	2695 	3149 
792 	284 	738 	1192 	3203 	3657 	4111 
793 	1246 	1700 	2154 	4165 	4619 	349 
794 	2208 	2662 	3116 	403 	857 	1311 
795 	5605 	3170 	3624 	11441 	1365 	1819 
796 	10058 	4132 	4586 	6435 	2327 	2781 
797 	4640 	370 	824 	2835 	3289 	3743 
798 	878 	1332 	1786 	3797 	4251 	4705 
799 	1840 	2294 	2748 	35 	489 	943 
800 	13214 	2802 	3256 	9597 	997 	1451 
801 	8208 	3764 	4218 	14044 	1959 	2413 
802 	12661 	2 	456 	9038 	2921 	3375 
803 	510 	964 	1418 	3429 	3883 	4337 
804 	1472 	1926 	2380 	4391 	121 	575 
805 	2434 	2888 	3342 	629 	1083 	1537 
806 	6364 	3396 	3850 	12199 	1591 	2045 
807 	10816 	4358 	88 	7194 	2553 	3007 
808 	142 	596 	1050 	3061 	3515 	3969 
809 	1104 	1558 	2012 	4023 	4477 	207 
810 	2066 	2520 	2974 	261 	715 	1169 
811 	13972 	3028 	3482 	10355 	1223 	1677 
812 	8966 	3990 	4444 	5349 	2185 	2639 
813 	13419 	228 	682 	9802 	3147 	3601 
814 	736 	1190 	1644 	3655 	4109 	4563 
815 	1698 	2152 	2606 	4617 	347 	801 
816 	12128 	2660 	3114 	8505 	855 	1309 
817 	7122 	3622 	4076 	12958 	1817 	2271 
818 	11574 	4584 	314 	7952 	2779 	3233 
819 	368 	822 	1276 	3287 	3741 	4195 
820 	1330 	1784 	2238 	4249 	4703 	433 
821 	2292 	2746 	3200 	487 	941 	1395 
822 	5277 	3254 	3708 	11113 	1449 	1903 
823 	9730 	4216 	4670 	6107 	2411 	2865 
824 	4724 	454 	908 	10560 	3373 	3827 
825 	962 	1416 	1870 	3881 	4335 	65 
826 	1924 	2378 	2832 	119 	573 	1027 
827 	12886 	2886 	3340 	9264 	1081 	1535 
828 	7880 	3848 	4302 	13716 	2043 	2497 
829 	12333 	86 	540 	8710 	3005 	3459 
830 	594 	1048 	1502 	3513 	3967 	4421 
831 	1556 	2010 	2464 	4475 	205 	659 
832 	2518 	2972 	3426 	713 	1167 	1621 
833 	6036 	3480 	3934 	11871 	1675 	2129 
834 	10488 	4442 	172 	6866 	2637 	3091 
835 	226 	680 	1134 	3145 	3599 	4053 
836 	1188 	1642 	2096 	4107 	4561 	291 
837 	2150 	2604 	3058 	345 	799 	1253 
838 	13644 	3112 	3566 	10027 	1307 	1761 
839 	8638 	4074 	4528 	5021 	2269 	2723 
840 	13091 	312 	766 	9474 	3231 	3685 
841 	820 	1274 	1728 	3739 	4193 	4647 
842 	1782 	2236 	2690 	4701 	431 	885 
843 	2744 	3198 	3652 	939 	1393 	1847 
844 	6794 	3706 	4160 	12630 	1901 	2355 
845 	11246 	4668 	398 	7624 	2863 	3317 
846 	452 	906 	1360 	3371 	3825 	4279 
847 	1414 	1868 	2322 	4333 	63 	517 
848 	2376 	2830 	3284 	571 	1025 	1479 
849 	4949 	3338 	3792 	10785 	1533 	1987 
850 	9397 	4300 	30 	5779 	2495 	2949 
851 	13849 	538 	992 	10232 	3457 	3911 
852 	1046 	1500 	1954 	3965 	4419 	149 
853 	2008 	2462 	2916 	203 	657 	1111 
854 	12558 	2970 	3424 	8936 	1165 	1619 
855 	7552 	3932 	4386 	13388 	2127 	2581 
856 	12005 	170 	624 	8382 	3089 	3543 
857 	678 	1132 	1586 	3597 	4051 	4505 
858 	1640 	2094 	2548 	4559 	289 	743 
859 	2602 	3056 	3510 	797 	1251 	1705 
860 	5708 	3564 	4018 	11544 	1759 	2213 
861 	10160 	4526 	256 	6538 	2721 	3175 
862 	5154 	764 	1218 	10990 	3683 	4137 
863 	1272 	1726 	2180 	4191 	4645 	375 
864 	2234 	2688 	3142 	429 	883 	1337 
865 	13316 	3196 	3650 	9699 	1391 	1845 
866 	8311 	4158 	4612 	14146 	2353 	2807 
867 	12763 	396 	850 	9141 	3315 	3769 
868 	904 	1358 	1812 	3823 	4277 	7 
869 	1866 	2320 	2774 	61 	515 	969 
870 	2828 	3282 	3736 	1023 	1477 	1931 
871 	6466 	3790 	4244 	12302 	1985 	2439 
872 	10918 	28 	482 	7296 	2947 	3401 
873 	536 	990 	1444 	3455 	3909 	4363 
874 	1498 	1952 	2406 	4417 	147 	601 
875 	2460 	2914 	3368 	655 	1109 	1563 
876 	14075 	3422 	3876 	10457 	1617 	2071 
877 	9069 	4384 	114 	5452 	2579 	3033 
878 	13521 	622 	1076 	9904 	3541 	3995 
879 	1130 	1584 	2038 	4049 	4503 	233 
880 	2092 	2546 	3000 	287 	741 	1195 
881 	3054 	3508 	3962 	1249 	1703 	2157 
882 	7224 	4016 	4470 	13060 	2211 	2665 
883 	11677 	254 	708 	8054 	3173 	3627 
884 	762 	1216 	1670 	3681 	4135 	4589 
885 	1724 	2178 	2632 	4643 	373 	827 
886 	2686 	3140 	3594 	881 	1335 	1789 
887 	5380 	3648 	4102 	11216 	1843 	2297 
888 	9832 	4610 	340 	6210 	2805 	3259 
889 	4826 	848 	1302 	10662 	3767 	4221 
890 	1356 	1810 	2264 	4275 	5 	459 
891 	2318 	2772 	3226 	513 	967 	1421 
892 	3280 	3734 	4188 	1475 	1929 	2383 
893 	7983 	4242 	4696 	13818 	2437 	2891 
894 	12435 	480 	934 	8813 	3399 	3853 
895 	988 	1442 	1896 	3907 	4361 	91 
896 	1950 	2404 	2858 	145 	599 	1053 
897 	2912 	3366 	3820 	1107 	1561 	2015 
898 	6138 	3874 	4328 	11974 	2069 	2523 
899 	10591 	112 	566 	6968 	3031 	3485 
900 	5585 	1074 	1528 	11421 	3993 	4447 
901 	1582 	2036 	2490 	4501 	231 	685 
902 	2544 	2998 	3452 	739 	1193 	1647 
903 	13747 	3506 	3960 	10129 	1701 	2155 
904 	8741 	4468 	198 	5124 	2663 	3117 
905 	13193 	706 	1160 	9576 	3625 	4079 
906 	1214 	1668 	2122 	4133 	4587 	317 
907 	2176 	2630 	3084 	371 	825 	1279 
908 	3138 	3592 	4046 	1333 	1787 	2241 
909 	6896 	4100 	4554 	12732 	2295 	2749 
910 	11349 	338 	792 	7726 	3257 	3711 
911 	6343 	1300 	1754 	12179 	4219 	4673 
912 	1808 	2262 	2716 	3 	457 	911 
913 	2770 	3224 	3678 	965 	1419 	1873 
914 	5052 	3732 	4186 	10888 	1927 	2381 
915 	9504 	4694 	424 	5882 	2889 	3343 
916 	13952 	932 	1386 	10334 	3851 	4305 
917 	1440 	1894 	2348 	4359 	89 	543 
918 	2402 	2856 	3310 	597 	1051 	1505 
919 	3364 	3818 	4272 	1559 	2013 	2467 
920 	7655 	4326 	56 	13491 	2521 	2975 
921 	12107 	564 	1018 	8485 	3483 	3937 
922 	1072 	1526 	1980 	3991 	4445 	175 
923 	2034 	2488 	2942 	229 	683 	1137 
924 	2996 	3450 	3904 	1191 	1645 	2099 
925 	5810 	3958 	4412 	11646 	2153 	2607 
926 	10263 	196 	650 	6640 	3115 	3569 
927 	5257 	1158 	1612 	11093 	4077 	4531 
928 	1666 	2120 	2574 	4585 	315 	769 
929 	2628 	3082 	3536 	823 	1277 	1731 
930 	3590 	4044 	4498 	1785 	2239 	2693 
931 	8413 	4552 	282 	4796 	2747 	3201 
932 	12865 	790 	1244 	9243 	3709 	4163 
933 	1298 	1752 	2206 	4217 	4671 	401 
934 	2260 	2714 	3168 	455 	909 	1363 
935 	3222 	3676 	4130 	1417 	1871 	2325 
936 	6569 	4184 	4638 	12404 	2379 	2833 
937 	11021 	422 	876 	7399 	3341 	3795 
938 	6015 	1384 	1838 	11851 	4303 	33 
939 	1892 	2346 	2800 	87 	541 	995 
940 	2854 	3308 	3762 	1049 	1503 	1957 
