FR80T5X64H2
Channel Interleaving, Puncturing and Mapping to 64-QAM
User data=3904, with flush=3908, Channel Symbols=1024, Channel Bits=6144, p=1118, q=1118, Coding Rate=0.635417

Symbol	b5 	b4 	b3 	b2 	b1 	b0 
0 	4789 	2300 	0 	9618 	807 	2415 
1 	4390 	5271 	2394 	9219 	10100 	901 
2 	4873 	880 	2488 	9702 	3295 	995 
3 	5355 	974 	2582 	10184 	3389 	1089 
4 	5838 	1068 	2676 	10667 	3483 	1183 
5 	6320 	1162 	2770 	11149 	3577 	1277 
6 	6802 	1256 	2864 	11631 	3671 	1371 
7 	7285 	1350 	2958 	4296 	3765 	1465 
8 	7767 	1444 	3052 	4778 	3859 	1559 
9 	8251 	1538 	3146 	5261 	45 	1653 
10 	8734 	1632 	3240 	5743 	139 	1747 
11 	9216 	1726 	3334 	6226 	233 	1841 
12 	9698 	1820 	3428 	6708 	327 	1935 
13 	10181 	1914 	3522 	7190 	421 	2029 
14 	10663 	2008 	3616 	7673 	515 	2123 
15 	11145 	2102 	3710 	8157 	609 	2217 
16 	11628 	2196 	3804 	8639 	703 	2311 
17 	4293 	2290 	3898 	9122 	797 	2405 
18 	4775 	2384 	84 	9604 	891 	2499 
19 	4376 	5257 	2478 	9205 	10086 	985 
20 	4859 	5740 	2572 	9688 	10569 	1079 
21 	5341 	1058 	2666 	10170 	3473 	1173 
22 	5824 	1152 	2760 	10653 	3567 	1267 
23 	6306 	1246 	2854 	11135 	3661 	1361 
24 	6788 	1340 	2948 	11617 	3755 	1455 
25 	7271 	1434 	3042 	4282 	3849 	1549 
26 	7753 	1528 	3136 	4764 	35 	1643 
27 	8237 	1622 	3230 	5247 	129 	1737 
28 	8720 	1716 	3324 	5729 	223 	1831 
29 	9202 	1810 	3418 	6212 	317 	1925 
30 	9684 	1904 	3512 	6694 	411 	2019 
31 	10167 	1998 	3606 	7176 	505 	2113 
32 	10649 	2092 	3700 	7659 	599 	2207 
33 	11132 	2186 	3794 	8143 	693 	2301 
34 	11614 	2280 	3888 	8625 	787 	2395 
35 	4279 	2374 	74 	9108 	881 	2489 
36 	4761 	2468 	168 	9590 	975 	2583 
37 	5243 	2562 	262 	10072 	1069 	2677 
38 	4845 	5726 	2656 	9674 	10555 	1163 
39 	5327 	1142 	2750 	10156 	3557 	1257 
40 	5810 	1236 	2844 	10639 	3651 	1351 
41 	6292 	1330 	2938 	11121 	3745 	1445 
42 	6774 	1424 	3032 	11603 	3839 	1539 
43 	7257 	1518 	3126 	4268 	25 	1633 
44 	7739 	1612 	3220 	4750 	119 	1727 
45 	8223 	1706 	3314 	5233 	213 	1821 
46 	8706 	1800 	3408 	5715 	307 	1915 
47 	9188 	1894 	3502 	6198 	401 	2009 
48 	9670 	1988 	3596 	6680 	495 	2103 
49 	10153 	2082 	3690 	7162 	589 	2197 
50 	10635 	2176 	3784 	7645 	683 	2291 
51 	11118 	2270 	3878 	8129 	777 	2385 
52 	11600 	2364 	64 	8611 	871 	2479 
53 	4265 	2458 	158 	9094 	965 	2573 
54 	4747 	2552 	252 	9576 	1059 	2667 
55 	5229 	2646 	346 	10058 	1153 	2761 
56 	4831 	5712 	2740 	9660 	10541 	1247 
57 	5313 	6194 	2834 	10142 	11023 	1341 
58 	5796 	1320 	2928 	10625 	3735 	1435 
59 	6278 	1414 	3022 	11107 	3829 	1529 
60 	6760 	1508 	3116 	11589 	15 	1623 
61 	7243 	1602 	3210 	4254 	109 	1717 
62 	7725 	1696 	3304 	4736 	203 	1811 
63 	8209 	1790 	3398 	5219 	297 	1905 
64 	8692 	1884 	3492 	5701 	391 	1999 
65 	9174 	1978 	3586 	6184 	485 	2093 
66 	9656 	2072 	3680 	6666 	579 	2187 
67 	10139 	2166 	3774 	7148 	673 	2281 
68 	10621 	2260 	3868 	7631 	767 	2375 
69 	11104 	2354 	54 	8115 	861 	2469 
70 	11586 	2448 	148 	8597 	955 	2563 
71 	4251 	2542 	242 	9080 	1049 	2657 
72 	4733 	2636 	336 	9562 	1143 	2751 
73 	5215 	2730 	430 	10044 	1237 	2845 
74 	5698 	2824 	524 	10527 	1331 	2939 
75 	5299 	6180 	2918 	10128 	11009 	1425 
76 	5782 	6662 	3012 	10611 	11492 	1519 
77 	6264 	1498 	3106 	11093 	5 	1613 
78 	6746 	1592 	3200 	11575 	99 	1707 
79 	7229 	1686 	3294 	4240 	193 	1801 
80 	7711 	1780 	3388 	4722 	287 	1895 
81 	8195 	1874 	3482 	5205 	381 	1989 
82 	8678 	1968 	3576 	5687 	475 	2083 
83 	9160 	2062 	3670 	6170 	569 	2177 
84 	9642 	2156 	3764 	6652 	663 	2271 
85 	10125 	2250 	3858 	7134 	757 	2365 
86 	10607 	2344 	44 	7617 	851 	2459 
87 	11090 	2438 	138 	8101 	945 	2553 
88 	11572 	2532 	232 	8583 	1039 	2647 
89 	4237 	2626 	326 	9066 	1133 	2741 
90 	4719 	2720 	420 	9548 	1227 	2835 
91 	5201 	2814 	514 	10030 	1321 	2929 
92 	5684 	2908 	608 	10513 	1415 	3023 
93 	6166 	3002 	702 	10995 	1509 	3117 
94 	5768 	6648 	3096 	10597 	11478 	1603 
95 	6250 	1582 	3190 	11079 	89 	1697 
96 	6732 	1676 	3284 	11561 	183 	1791 
97 	7215 	1770 	3378 	4226 	277 	1885 
98 	7697 	1864 	3472 	4708 	371 	1979 
99 	8181 	1958 	3566 	5191 	465 	2073 
100 	8664 	2052 	3660 	5673 	559 	2167 
101 	9146 	2146 	3754 	6156 	653 	2261 
102 	9628 	2240 	3848 	6638 	747 	2355 
103 	10111 	2334 	34 	7120 	841 	2449 
104 	10593 	2428 	128 	7603 	935 	2543 
105 	11076 	2522 	222 	8087 	1029 	2637 
106 	11558 	2616 	316 	8569 	1123 	2731 
107 	4223 	2710 	410 	9052 	1217 	2825 
108 	4705 	2804 	504 	9534 	1311 	2919 
109 	5187 	2898 	598 	10016 	1405 	3013 
110 	5670 	2992 	692 	10499 	1499 	3107 
111 	6152 	3086 	786 	10981 	1593 	3201 
112 	5754 	6635 	3180 	10583 	11464 	1687 
113 	6236 	7117 	3274 	11065 	4128 	1781 
114 	6718 	1760 	3368 	11547 	267 	1875 
115 	7201 	1854 	3462 	4212 	361 	1969 
116 	7683 	1948 	3556 	4694 	455 	2063 
117 	8167 	2042 	3650 	5177 	549 	2157 
118 	8650 	2136 	3744 	5659 	643 	2251 
119 	9132 	2230 	3838 	6142 	737 	2345 
120 	9614 	2324 	24 	6624 	831 	2439 
121 	10097 	2418 	118 	7106 	925 	2533 
122 	10579 	2512 	212 	7589 	1019 	2627 
123 	11062 	2606 	306 	8073 	1113 	2721 
124 	11544 	2700 	400 	8555 	1207 	2815 
125 	4209 	2794 	494 	9038 	1301 	2909 
126 	4691 	2888 	588 	9520 	1395 	3003 
127 	5173 	2982 	682 	10002 	1489 	3097 
128 	5656 	3076 	776 	10485 	1583 	3191 
129 	6138 	3170 	870 	10967 	1677 	3285 
130 	6621 	3264 	964 	11450 	1771 	3379 
131 	6222 	7103 	3358 	11051 	4114 	1865 
132 	6704 	7585 	3452 	11533 	4597 	1959 
133 	7187 	1938 	3546 	4198 	445 	2053 
134 	7669 	2032 	3640 	4681 	539 	2147 
135 	8153 	2126 	3734 	5163 	633 	2241 
136 	8636 	2220 	3828 	5645 	727 	2335 
137 	9118 	2314 	14 	6128 	821 	2429 
138 	9600 	2408 	108 	6610 	915 	2523 
139 	10083 	2502 	202 	7092 	1009 	2617 
140 	10565 	2596 	296 	7575 	1103 	2711 
141 	11048 	2690 	390 	8059 	1197 	2805 
142 	11530 	2784 	484 	8541 	1291 	2899 
143 	4195 	2878 	578 	9024 	1385 	2993 
144 	4677 	2972 	672 	9506 	1479 	3087 
145 	5159 	3066 	766 	9988 	1573 	3181 
146 	5642 	3160 	860 	10471 	1667 	3275 
147 	6124 	3254 	954 	10953 	1761 	3369 
148 	6607 	3348 	1048 	11436 	1855 	3463 
149 	6208 	7089 	3442 	11037 	4100 	1949 
150 	6690 	7571 	3536 	11520 	4583 	2043 
151 	7173 	2022 	3630 	4184 	529 	2137 
152 	7655 	2116 	3724 	4667 	623 	2231 
153 	8139 	2210 	3818 	5149 	717 	2325 
154 	8622 	2304 	4 	5631 	811 	2419 
155 	9104 	2398 	98 	6114 	905 	2513 
156 	9586 	2492 	192 	6596 	999 	2607 
157 	10069 	2586 	286 	7078 	1093 	2701 
158 	10551 	2680 	380 	7561 	1187 	2795 
159 	11034 	2774 	474 	8045 	1281 	2889 
160 	11516 	2868 	568 	8527 	1375 	2983 
161 	4181 	2962 	662 	9010 	1469 	3077 
162 	4663 	3056 	756 	9492 	1563 	3171 
163 	5145 	3150 	850 	9974 	1657 	3265 
164 	5628 	3244 	944 	10457 	1751 	3359 
165 	6110 	3338 	1038 	10939 	1845 	3453 
166 	6593 	3432 	1132 	11422 	1939 	3547 
167 	7075 	3526 	1226 	4086 	2033 	3641 
168 	6676 	7557 	3620 	11506 	4569 	2127 
169 	7159 	8041 	3714 	4170 	5051 	2221 
170 	7641 	2200 	3808 	4653 	707 	2315 
171 	8125 	2294 	3902 	5135 	801 	2409 
172 	8608 	2388 	88 	5617 	895 	2503 
173 	9090 	2482 	182 	6100 	989 	2597 
174 	9573 	2576 	276 	6582 	1083 	2691 
175 	10055 	2670 	370 	7064 	1177 	2785 
176 	10537 	2764 	464 	7547 	1271 	2879 
177 	11020 	2858 	558 	8031 	1365 	2973 
178 	11502 	2952 	652 	8513 	1459 	3067 
179 	4167 	3046 	746 	8996 	1553 	3161 
180 	4649 	3140 	840 	9478 	1647 	3255 
181 	5131 	3234 	934 	9961 	1741 	3349 
182 	5614 	3328 	1028 	10443 	1835 	3443 
183 	6096 	3422 	1122 	10925 	1929 	3537 
184 	6579 	3516 	1216 	11408 	2023 	3631 
185 	7061 	3610 	1310 	4072 	2117 	3725 
186 	7543 	3704 	1404 	4555 	2211 	3819 
187 	7145 	8027 	3798 	4156 	5037 	2305 
188 	7627 	2284 	3892 	4639 	791 	2399 
189 	8111 	2378 	78 	5121 	885 	2493 
190 	8594 	2472 	172 	5603 	979 	2587 
191 	9076 	2566 	266 	6086 	1073 	2681 
192 	9559 	2660 	360 	6568 	1167 	2775 
193 	10041 	2754 	454 	7050 	1261 	2869 
194 	10523 	2848 	548 	7533 	1355 	2963 
195 	11006 	2942 	642 	8017 	1449 	3057 
196 	11488 	3036 	736 	8499 	1543 	3151 
197 	4153 	3130 	830 	8982 	1637 	3245 
198 	4635 	3224 	924 	9464 	1731 	3339 
199 	5117 	3318 	1018 	9947 	1825 	3433 
200 	5600 	3412 	1112 	10429 	1919 	3527 
201 	6082 	3506 	1206 	10911 	2013 	3621 
202 	6565 	3600 	1300 	11394 	2107 	3715 
203 	7047 	3694 	1394 	4058 	2201 	3809 
204 	7529 	3788 	1488 	4541 	2295 	3903 
205 	7131 	8013 	3882 	4142 	5023 	2389 
206 	7613 	8496 	68 	4625 	5505 	2483 
207 	8097 	2462 	162 	5107 	969 	2577 
208 	8580 	2556 	256 	5589 	1063 	2671 
209 	9062 	2650 	350 	6072 	1157 	2765 
210 	9545 	2744 	444 	6554 	1251 	2859 
211 	10027 	2838 	538 	7036 	1345 	2953 
212 	10509 	2932 	632 	7519 	1439 	3047 
213 	10992 	3026 	726 	8003 	1533 	3141 
214 	11474 	3120 	820 	8485 	1627 	3235 
215 	4139 	3214 	914 	8968 	1721 	3329 
216 	4621 	3308 	1008 	9450 	1815 	3423 
217 	5103 	3402 	1102 	9933 	1909 	3517 
218 	5586 	3496 	1196 	10415 	2003 	3611 
219 	6068 	3590 	1290 	10897 	2097 	3705 
220 	6551 	3684 	1384 	11380 	2191 	3799 
221 	7033 	3778 	1478 	4044 	2285 	3893 
222 	7515 	3872 	1572 	4527 	2379 	79 
223 	8000 	58 	1666 	5009 	2473 	173 
224 	7599 	8482 	152 	4611 	5491 	2567 
225 	8083 	8964 	246 	5093 	5974 	2661 
226 	8566 	2640 	340 	5575 	1147 	2755 
227 	9048 	2734 	434 	6058 	1241 	2849 
228 	9531 	2828 	528 	6540 	1335 	2943 
229 	10013 	2922 	622 	7023 	1429 	3037 
230 	10495 	3016 	716 	7505 	1523 	3131 
231 	10978 	3110 	810 	7989 	1617 	3225 
232 	11460 	3204 	904 	8471 	1711 	3319 
233 	4125 	3298 	998 	8954 	1805 	3413 
234 	4607 	3392 	1092 	9436 	1899 	3507 
235 	5089 	3486 	1186 	9919 	1993 	3601 
236 	5572 	3580 	1280 	10401 	2087 	3695 
237 	6054 	3674 	1374 	10883 	2181 	3789 
238 	6537 	3768 	1468 	11366 	2275 	3883 
239 	7019 	3862 	1562 	4030 	2369 	69 
240 	7501 	48 	1656 	4513 	2463 	163 
241 	7986 	142 	1750 	4995 	2557 	257 
242 	8468 	236 	1844 	5477 	2651 	351 
243 	8069 	8950 	330 	5079 	5960 	2745 
244 	8552 	2724 	424 	5561 	1231 	2839 
245 	9034 	2818 	518 	6044 	1325 	2933 
246 	9517 	2912 	612 	6526 	1419 	3027 
247 	9999 	3006 	706 	7009 	1513 	3121 
248 	10481 	3100 	800 	7491 	1607 	3215 
249 	10964 	3194 	894 	7975 	1701 	3309 
250 	11446 	3288 	988 	8457 	1795 	3403 
251 	4111 	3382 	1082 	8940 	1889 	3497 
252 	4593 	3476 	1176 	9422 	1983 	3591 
253 	5076 	3570 	1270 	9905 	2077 	3685 
254 	5558 	3664 	1364 	10387 	2171 	3779 
255 	6040 	3758 	1458 	10869 	2265 	3873 
256 	6523 	3852 	1552 	11352 	2359 	59 
257 	7005 	38 	1646 	4016 	2453 	153 
258 	7487 	132 	1740 	4499 	2547 	247 
259 	7972 	226 	1834 	4981 	2641 	341 
260 	8454 	320 	1928 	5464 	2735 	435 
261 	8055 	8936 	414 	5065 	5946 	2829 
262 	8538 	9419 	508 	5547 	6428 	2923 
263 	9020 	2902 	602 	6030 	1409 	3017 
264 	9503 	2996 	696 	6512 	1503 	3111 
265 	9985 	3090 	790 	6995 	1597 	3205 
266 	10467 	3184 	884 	7477 	1691 	3299 
267 	10950 	3278 	978 	7961 	1785 	3393 
268 	11432 	3372 	1072 	8443 	1879 	3487 
269 	4097 	3466 	1166 	8926 	1973 	3581 
270 	4579 	3560 	1260 	9408 	2067 	3675 
271 	5062 	3654 	1354 	9891 	2161 	3769 
272 	5544 	3748 	1448 	10373 	2255 	3863 
273 	6026 	3842 	1542 	10855 	2349 	49 
274 	6509 	28 	1636 	11338 	2443 	143 
275 	6991 	122 	1730 	4002 	2537 	237 
276 	7473 	216 	1824 	4485 	2631 	331 
277 	7958 	310 	1918 	4967 	2725 	425 
278 	8440 	404 	2012 	5450 	2819 	519 
279 	8922 	498 	2106 	5932 	2913 	613 
280 	8524 	9405 	592 	5533 	6414 	3007 
281 	9006 	2986 	686 	6016 	1493 	3101 
282 	9489 	3080 	780 	6498 	1587 	3195 
283 	9971 	3174 	874 	6981 	1681 	3289 
284 	10453 	3268 	968 	7463 	1775 	3383 
285 	10936 	3362 	1062 	7947 	1869 	3477 
286 	11418 	3456 	1156 	8429 	1963 	3571 
287 	4083 	3550 	1250 	8912 	2057 	3665 
288 	4565 	3644 	1344 	9394 	2151 	3759 
289 	5048 	3738 	1438 	9877 	2245 	3853 
290 	5530 	3832 	1532 	10359 	2339 	39 
291 	6012 	18 	1626 	10841 	2433 	133 
292 	6495 	112 	1720 	11324 	2527 	227 
293 	6977 	206 	1814 	3988 	2621 	321 
294 	7459 	300 	1908 	4471 	2715 	415 
295 	7944 	394 	2002 	4953 	2809 	509 
296 	8426 	488 	2096 	5436 	2903 	603 
297 	8908 	582 	2190 	5918 	2997 	697 
298 	8510 	9391 	676 	5519 	6400 	3091 
299 	8992 	9873 	770 	6002 	6883 	3185 
300 	9475 	3164 	864 	6484 	1671 	3279 
301 	9957 	3258 	958 	6967 	1765 	3373 
302 	10439 	3352 	1052 	7449 	1859 	3467 
303 	10922 	3446 	1146 	7933 	1953 	3561 
304 	11404 	3540 	1240 	8415 	2047 	3655 
305 	4069 	3634 	1334 	8898 	2141 	3749 
306 	4551 	3728 	1428 	9380 	2235 	3843 
307 	5034 	3822 	1522 	9863 	2329 	29 
308 	5516 	8 	1616 	10345 	2423 	123 
309 	5998 	102 	1710 	10827 	2517 	217 
310 	6481 	196 	1804 	11310 	2611 	311 
311 	6963 	290 	1898 	3974 	2705 	405 
312 	7445 	384 	1992 	4457 	2799 	499 
313 	7930 	478 	2086 	4939 	2893 	593 
314 	8412 	572 	2180 	5422 	2987 	687 
315 	8894 	666 	2274 	5904 	3081 	781 
316 	9377 	760 	2368 	6386 	3175 	875 
317 	8978 	9859 	854 	5988 	6869 	3269 
318 	9461 	10342 	948 	6470 	7351 	3363 
319 	9943 	3342 	1042 	6953 	1849 	3457 
320 	10425 	3436 	1136 	7435 	1943 	3551 
321 	10908 	3530 	1230 	7919 	2037 	3645 
322 	11390 	3624 	1324 	8402 	2131 	3739 
323 	4055 	3718 	1418 	8884 	2225 	3833 
324 	4537 	3812 	1512 	9366 	2319 	19 
325 	5020 	3906 	1606 	9849 	2413 	113 
326 	5502 	92 	1700 	10331 	2507 	207 
327 	5984 	186 	1794 	10813 	2601 	301 
328 	6467 	280 	1888 	11296 	2695 	395 
329 	6949 	374 	1982 	3960 	2789 	489 
330 	7431 	468 	2076 	4443 	2883 	583 
331 	7916 	562 	2170 	4925 	2977 	677 
332 	8398 	656 	2264 	5408 	3071 	771 
333 	8880 	750 	2358 	5890 	3165 	865 
334 	9363 	844 	2452 	6372 	3259 	959 
335 	9845 	938 	2546 	6855 	3353 	1053 
336 	9447 	10328 	1032 	6456 	7337 	3447 
337 	9929 	3426 	1126 	6939 	1933 	3541 
338 	10411 	3520 	1220 	7421 	2027 	3635 
339 	10894 	3614 	1314 	7905 	2121 	3729 
340 	11376 	3708 	1408 	8388 	2215 	3823 
341 	4041 	3802 	1502 	8870 	2309 	9 
342 	4523 	3896 	1596 	9352 	2403 	103 
343 	5006 	82 	1690 	9835 	2497 	197 
344 	5488 	176 	1784 	10317 	2591 	291 
345 	5970 	270 	1878 	10799 	2685 	385 
346 	6453 	364 	1972 	11282 	2779 	479 
347 	6935 	458 	2066 	3946 	2873 	573 
348 	7418 	552 	2160 	4429 	2967 	667 
349 	7902 	646 	2254 	4911 	3061 	761 
350 	8384 	740 	2348 	5394 	3155 	855 
351 	8866 	834 	2442 	5876 	3249 	949 
352 	9349 	928 	2536 	6358 	3343 	1043 
353 	9831 	1022 	2630 	6841 	3437 	1137 
354 	9433 	10314 	1116 	6442 	7323 	3531 
355 	9915 	10796 	1210 	6925 	7806 	3625 
356 	10397 	3604 	1304 	7407 	2111 	3719 
357 	10880 	3698 	1398 	7891 	2205 	3813 
358 	11362 	3792 	1492 	8374 	2299 	3907 
359 	4027 	3886 	1586 	8856 	2393 	93 
360 	4509 	72 	1680 	9338 	2487 	187 
361 	4992 	166 	1774 	9821 	2581 	281 
362 	5474 	260 	1868 	10303 	2675 	375 
363 	5956 	354 	1962 	10785 	2769 	469 
364 	6439 	448 	2056 	11268 	2863 	563 
365 	6921 	542 	2150 	3932 	2957 	657 
366 	7404 	636 	2244 	4415 	3051 	751 
367 	7888 	730 	2338 	4897 	3145 	845 
368 	8370 	824 	2432 	5380 	3239 	939 
369 	8852 	918 	2526 	5862 	3333 	1033 
370 	9335 	1012 	2620 	6344 	3427 	1127 
371 	9817 	1106 	2714 	6827 	3521 	1221 
372 	10300 	1200 	2808 	7309 	3615 	1315 
373 	9901 	10782 	1294 	6911 	7792 	3709 
374 	10383 	11264 	1388 	7393 	8276 	3803 
375 	10866 	3782 	1482 	7877 	2289 	3897 
376 	11348 	3876 	1576 	8360 	2383 	83 
377 	4013 	62 	1670 	8842 	2477 	177 
378 	4495 	156 	1764 	9324 	2571 	271 
379 	4978 	250 	1858 	9807 	2665 	365 
380 	5460 	344 	1952 	10289 	2759 	459 
381 	5942 	438 	2046 	10771 	2853 	553 
382 	6425 	532 	2140 	11254 	2947 	647 
383 	6907 	626 	2234 	3918 	3041 	741 
384 	7390 	720 	2328 	4401 	3135 	835 
385 	7874 	814 	2422 	4883 	3229 	929 
386 	8356 	908 	2516 	5366 	3323 	1023 
387 	8838 	1002 	2610 	5848 	3417 	1117 
388 	9321 	1096 	2704 	6330 	3511 	1211 
389 	9803 	1190 	2798 	6813 	3605 	1305 
390 	10286 	1284 	2892 	7295 	3699 	1399 
391 	9887 	10768 	1378 	6897 	7778 	3793 
392 	10369 	11250 	1472 	7379 	8262 	3887 
393 	10852 	3866 	1566 	7863 	2373 	73 
394 	11334 	52 	1660 	8346 	2467 	167 
395 	3999 	146 	1754 	8828 	2561 	261 
396 	4481 	240 	1848 	9310 	2655 	355 
397 	4964 	334 	1942 	9793 	2749 	449 
398 	5446 	428 	2036 	10275 	2843 	543 
399 	5928 	522 	2130 	10757 	2937 	637 
400 	6411 	616 	2224 	11240 	3031 	731 
401 	6893 	710 	2318 	11722 	3125 	825 
402 	7376 	804 	2412 	4387 	3219 	919 
403 	7860 	898 	2506 	4869 	3313 	1013 
404 	8342 	992 	2600 	5352 	3407 	1107 
405 	8824 	1086 	2694 	5834 	3501 	1201 
406 	9307 	1180 	2788 	6316 	3595 	1295 
407 	9789 	1274 	2882 	6799 	3689 	1389 
408 	10272 	1368 	2976 	7281 	3783 	1483 
409 	10754 	1462 	3070 	7764 	3877 	1577 
410 	10356 	11236 	1556 	7365 	8248 	63 
411 	10838 	11719 	1650 	7849 	8730 	157 
412 	11320 	136 	1744 	8332 	2551 	251 
413 	3985 	230 	1838 	8814 	2645 	345 
414 	4467 	324 	1932 	9296 	2739 	439 
415 	4950 	418 	2026 	9779 	2833 	533 
416 	5432 	512 	2120 	10261 	2927 	627 
417 	5914 	606 	2214 	10744 	3021 	721 
418 	6397 	700 	2308 	11226 	3115 	815 
419 	6879 	794 	2402 	11708 	3209 	909 
420 	7362 	888 	2496 	4373 	3303 	1003 
421 	7846 	982 	2590 	4855 	3397 	1097 
422 	8328 	1076 	2684 	5338 	3491 	1191 
423 	8810 	1170 	2778 	5820 	3585 	1285 
424 	9293 	1264 	2872 	6302 	3679 	1379 
425 	9775 	1358 	2966 	6785 	3773 	1473 
426 	10258 	1452 	3060 	7267 	3867 	1567 
427 	10740 	1546 	3154 	7750 	53 	1661 
428 	11222 	1640 	3248 	8234 	147 	1755 
429 	10824 	11705 	1734 	7835 	8716 	241 
430 	11306 	220 	1828 	8318 	2635 	335 
431 	3971 	314 	1922 	8800 	2729 	429 
432 	4453 	408 	2016 	9282 	2823 	523 
433 	4936 	502 	2110 	9765 	2917 	617 
434 	5418 	596 	2204 	10247 	3011 	711 
435 	5900 	690 	2298 	10730 	3105 	805 
436 	6383 	784 	2392 	11212 	3199 	899 
437 	6865 	878 	2486 	11694 	3293 	993 
438 	7348 	972 	2580 	4359 	3387 	1087 
439 	7832 	1066 	2674 	4841 	3481 	1181 
440 	8314 	1160 	2768 	5324 	3575 	1275 
441 	8796 	1254 	2862 	5806 	3669 	1369 
442 	9279 	1348 	2956 	6288 	3763 	1463 
443 	9761 	1442 	3050 	6771 	3857 	1557 
444 	10244 	1536 	3144 	7253 	43 	1651 
445 	10726 	1630 	3238 	7736 	137 	1745 
446 	11208 	1724 	3332 	8220 	231 	1839 
447 	10810 	11691 	1818 	7821 	8702 	325 
448 	11292 	4355 	1912 	8304 	9184 	419 
449 	3957 	398 	2006 	8786 	2813 	513 
450 	4439 	492 	2100 	9268 	2907 	607 
451 	4922 	586 	2194 	9751 	3001 	701 
452 	5404 	680 	2288 	10233 	3095 	795 
453 	5886 	774 	2382 	10716 	3189 	889 
454 	6369 	868 	2476 	11198 	3283 	983 
455 	6851 	962 	2570 	11680 	3377 	1077 
456 	7334 	1056 	2664 	4345 	3471 	1171 
457 	7818 	1150 	2758 	4827 	3565 	1265 
458 	8300 	1244 	2852 	5310 	3659 	1359 
459 	8783 	1338 	2946 	5792 	3753 	1453 
460 	9265 	1432 	3040 	6274 	3847 	1547 
461 	9747 	1526 	3134 	6757 	33 	1641 
462 	10230 	1620 	3228 	7239 	127 	1735 
463 	10712 	1714 	3322 	7722 	221 	1829 
464 	11194 	1808 	3416 	8206 	315 	1923 
465 	11677 	1902 	3510 	8688 	409 	2017 
466 	11278 	4341 	1996 	8290 	9171 	503 
467 	3943 	4824 	2090 	8772 	9653 	597 
468 	4425 	576 	2184 	9254 	2991 	691 
469 	4908 	670 	2278 	9737 	3085 	785 
470 	5390 	764 	2372 	10219 	3179 	879 
471 	5872 	858 	2466 	10702 	3273 	973 
472 	6355 	952 	2560 	11184 	3367 	1067 
473 	6837 	1046 	2654 	11666 	3461 	1161 
474 	7320 	1140 	2748 	4331 	3555 	1255 
475 	7802 	1234 	2842 	4813 	3649 	1349 
476 	8286 	1328 	2936 	5296 	3743 	1443 
477 	8769 	1422 	3030 	5778 	3837 	1537 
478 	9251 	1516 	3124 	6260 	23 	1631 
479 	9733 	1610 	3218 	6743 	117 	1725 
480 	10216 	1704 	3312 	7225 	211 	1819 
481 	10698 	1798 	3406 	7708 	305 	1913 
482 	11180 	1892 	3500 	8192 	399 	2007 
483 	11663 	1986 	3594 	8674 	493 	2101 
484 	4327 	2080 	3688 	9157 	587 	2195 
485 	3929 	4810 	2174 	8758 	9639 	681 
486 	4411 	660 	2268 	9240 	3075 	775 
487 	4894 	754 	2362 	9723 	3169 	869 
488 	5376 	848 	2456 	10205 	3263 	963 
489 	5859 	942 	2550 	10688 	3357 	1057 
490 	6341 	1036 	2644 	11170 	3451 	1151 
491 	6823 	1130 	2738 	11652 	3545 	1245 
492 	7306 	1224 	2832 	4317 	3639 	1339 
493 	7788 	1318 	2926 	4799 	3733 	1433 
494 	8272 	1412 	3020 	5282 	3827 	1527 
495 	8755 	1506 	3114 	5764 	13 	1621 
496 	9237 	1600 	3208 	6247 	107 	1715 
497 	9719 	1694 	3302 	6729 	201 	1809 
498 	10202 	1788 	3396 	7211 	295 	1903 
499 	10684 	1882 	3490 	7694 	389 	1997 
500 	11166 	1976 	3584 	8178 	483 	2091 
501 	11649 	2070 	3678 	8660 	577 	2185 
502 	4313 	2164 	3772 	9143 	671 	2279 
503 	3915 	4796 	2258 	8744 	9625 	765 
504 	4397 	5278 	2352 	9226 	10107 	859 
505 	4880 	838 	2446 	9709 	3253 	953 
506 	5362 	932 	2540 	10191 	3347 	1047 
507 	5845 	1026 	2634 	10674 	3441 	1141 
508 	6327 	1120 	2728 	11156 	3535 	1235 
509 	6809 	1214 	2822 	11638 	3629 	1329 
510 	7292 	1308 	2916 	4303 	3723 	1423 
511 	7774 	1402 	3010 	4785 	3817 	1517 
512 	8258 	1496 	3104 	5268 	3 	1611 
513 	8741 	1590 	3198 	5750 	97 	1705 
514 	9223 	1684 	3292 	6233 	191 	1799 
515 	9705 	1778 	3386 	6715 	285 	1893 
516 	10188 	1872 	3480 	7197 	379 	1987 
517 	10670 	1966 	3574 	7680 	473 	2081 
518 	11152 	2060 	3668 	8164 	567 	2175 
519 	11635 	2154 	3762 	8646 	661 	2269 
520 	4299 	2248 	3856 	9129 	755 	2363 
521 	4782 	2342 	42 	9611 	849 	2457 
522 	4383 	5264 	2436 	9212 	10093 	943 
523 	4866 	5747 	2530 	9695 	10576 	1037 
524 	5348 	1016 	2624 	10177 	3431 	1131 
525 	5831 	1110 	2718 	10660 	3525 	1225 
526 	6313 	1204 	2812 	11142 	3619 	1319 
527 	6795 	1298 	2906 	11624 	3713 	1413 
528 	7278 	1392 	3000 	4289 	3807 	1507 
529 	7760 	1486 	3094 	4771 	3901 	1601 
530 	8244 	1580 	3188 	5254 	87 	1695 
531 	8727 	1674 	3282 	5736 	181 	1789 
532 	9209 	1768 	3376 	6219 	275 	1883 
533 	9691 	1862 	3470 	6701 	369 	1977 
534 	10174 	1956 	3564 	7183 	463 	2071 
535 	10656 	2050 	3658 	7666 	557 	2165 
536 	11138 	2144 	3752 	8150 	651 	2259 
537 	11621 	2238 	3846 	8632 	745 	2353 
538 	4286 	2332 	32 	9115 	839 	2447 
539 	4768 	2426 	126 	9597 	933 	2541 
540 	4369 	5250 	2520 	9198 	10079 	1027 
541 	4852 	5733 	2614 	9681 	10562 	1121 
542 	5334 	1100 	2708 	10163 	3515 	1215 
543 	5817 	1194 	2802 	10646 	3609 	1309 
544 	6299 	1288 	2896 	11128 	3703 	1403 
545 	6781 	1382 	2990 	11610 	3797 	1497 
546 	7264 	1476 	3084 	4275 	3891 	1591 
547 	7746 	1570 	3178 	4757 	77 	1685 
548 	8230 	1664 	3272 	5240 	171 	1779 
549 	8713 	1758 	3366 	5722 	265 	1873 
550 	9195 	1852 	3460 	6205 	359 	1967 
551 	9677 	1946 	3554 	6687 	453 	2061 
552 	10160 	2040 	3648 	7169 	547 	2155 
553 	10642 	2134 	3742 	7652 	641 	2249 
554 	11125 	2228 	3836 	8136 	735 	2343 
555 	11607 	2322 	22 	8618 	829 	2437 
556 	4272 	2416 	116 	9101 	923 	2531 
557 	4754 	2510 	210 	9583 	1017 	2625 
558 	5236 	2604 	304 	10065 	1111 	2719 
559 	4838 	5719 	2698 	9667 	10548 	1205 
560 	5320 	6201 	2792 	10149 	11030 	1299 
561 	5803 	1278 	2886 	10632 	3693 	1393 
562 	6285 	1372 	2980 	11114 	3787 	1487 
563 	6767 	1466 	3074 	11596 	3881 	1581 
564 	7250 	1560 	3168 	4261 	67 	1675 
565 	7732 	1654 	3262 	4743 	161 	1769 
566 	8216 	1748 	3356 	5226 	255 	1863 
567 	8699 	1842 	3450 	5708 	349 	1957 
568 	9181 	1936 	3544 	6191 	443 	2051 
569 	9663 	2030 	3638 	6673 	537 	2145 
570 	10146 	2124 	3732 	7155 	631 	2239 
571 	10628 	2218 	3826 	7638 	725 	2333 
572 	11111 	2312 	12 	8122 	819 	2427 
573 	11593 	2406 	106 	8604 	913 	2521 
574 	4258 	2500 	200 	9087 	1007 	2615 
575 	4740 	2594 	294 	9569 	1101 	2709 
576 	5222 	2688 	388 	10051 	1195 	2803 
577 	5705 	2782 	482 	10534 	1289 	2897 
578 	5306 	6187 	2876 	10135 	11016 	1383 
579 	5789 	1362 	2970 	10618 	3777 	1477 
580 	6271 	1456 	3064 	11100 	3871 	1571 
581 	6753 	1550 	3158 	11582 	57 	1665 
582 	7236 	1644 	3252 	4247 	151 	1759 
583 	7718 	1738 	3346 	4729 	245 	1853 
584 	8202 	1832 	3440 	5212 	339 	1947 
585 	8685 	1926 	3534 	5694 	433 	2041 
586 	9167 	2020 	3628 	6177 	527 	2135 
587 	9649 	2114 	3722 	6659 	621 	2229 
588 	10132 	2208 	3816 	7141 	715 	2323 
589 	10614 	2302 	2 	7624 	809 	2417 
590 	11097 	2396 	96 	8108 	903 	2511 
591 	11579 	2490 	190 	8590 	997 	2605 
592 	4244 	2584 	284 	9073 	1091 	2699 
593 	4726 	2678 	378 	9555 	1185 	2793 
594 	5208 	2772 	472 	10037 	1279 	2887 
595 	5691 	2866 	566 	10520 	1373 	2981 
596 	5292 	6173 	2960 	10121 	11002 	1467 
597 	5775 	6655 	3054 	10604 	11485 	1561 
598 	6257 	1540 	3148 	11086 	47 	1655 
599 	6739 	1634 	3242 	11568 	141 	1749 
600 	7222 	1728 	3336 	4233 	235 	1843 
601 	7704 	1822 	3430 	4715 	329 	1937 
602 	8188 	1916 	3524 	5198 	423 	2031 
603 	8671 	2010 	3618 	5680 	517 	2125 
604 	9153 	2104 	3712 	6163 	611 	2219 
605 	9635 	2198 	3806 	6645 	705 	2313 
606 	10118 	2292 	3900 	7127 	799 	2407 
607 	10600 	2386 	86 	7610 	893 	2501 
608 	11083 	2480 	180 	8094 	987 	2595 
609 	11565 	2574 	274 	8576 	1081 	2689 
610 	4230 	2668 	368 	9059 	1175 	2783 
611 	4712 	2762 	462 	9541 	1269 	2877 
612 	5194 	2856 	556 	10023 	1363 	2971 
613 	5677 	2950 	650 	10506 	1457 	3065 
614 	6159 	3044 	744 	10988 	1551 	3159 
615 	5761 	6642 	3138 	10590 	11471 	1645 
616 	6243 	7124 	3232 	11072 	4135 	1739 
617 	6725 	1718 	3326 	11554 	225 	1833 
618 	7208 	1812 	3420 	4219 	319 	1927 
619 	7690 	1906 	3514 	4701 	413 	2021 
620 	8174 	2000 	3608 	5184 	507 	2115 
621 	8657 	2094 	3702 	5666 	601 	2209 
622 	9139 	2188 	3796 	6149 	695 	2303 
623 	9621 	2282 	3890 	6631 	789 	2397 
624 	10104 	2376 	76 	7113 	883 	2491 
625 	10586 	2470 	170 	7596 	977 	2585 
626 	11069 	2564 	264 	8080 	1071 	2679 
627 	11551 	2658 	358 	8562 	1165 	2773 
628 	4216 	2752 	452 	9045 	1259 	2867 
629 	4698 	2846 	546 	9527 	1353 	2961 
630 	5180 	2940 	640 	10009 	1447 	3055 
631 	5663 	3034 	734 	10492 	1541 	3149 
632 	6145 	3128 	828 	10974 	1635 	3243 
633 	6628 	3222 	922 	11457 	1729 	3337 
634 	6229 	7110 	3316 	11058 	4121 	1823 
635 	6711 	1802 	3410 	11540 	309 	1917 
636 	7194 	1896 	3504 	4205 	403 	2011 
637 	7676 	1990 	3598 	4688 	497 	2105 
638 	8160 	2084 	3692 	5170 	591 	2199 
639 	8643 	2178 	3786 	5652 	685 	2293 
640 	9125 	2272 	3880 	6135 	779 	2387 
641 	9607 	2366 	66 	6617 	873 	2481 
642 	10090 	2460 	160 	7099 	967 	2575 
643 	10572 	2554 	254 	7582 	1061 	2669 
644 	11055 	2648 	348 	8066 	1155 	2763 
645 	11537 	2742 	442 	8548 	1249 	2857 
646 	4202 	2836 	536 	9031 	1343 	2951 
647 	4684 	2930 	630 	9513 	1437 	3045 
648 	5166 	3024 	724 	9995 	1531 	3139 
649 	5649 	3118 	818 	10478 	1625 	3233 
650 	6131 	3212 	912 	10960 	1719 	3327 
651 	6614 	3306 	1006 	11443 	1813 	3421 
652 	6215 	7096 	3400 	11044 	4107 	1907 
653 	6697 	7578 	3494 	11527 	4590 	2001 
654 	7180 	1980 	3588 	4191 	487 	2095 
655 	7662 	2074 	3682 	4674 	581 	2189 
656 	8146 	2168 	3776 	5156 	675 	2283 
657 	8629 	2262 	3870 	5638 	769 	2377 
658 	9111 	2356 	56 	6121 	863 	2471 
659 	9593 	2450 	150 	6603 	957 	2565 
660 	10076 	2544 	244 	7085 	1051 	2659 
661 	10558 	2638 	338 	7568 	1145 	2753 
662 	11041 	2732 	432 	8052 	1239 	2847 
663 	11523 	2826 	526 	8534 	1333 	2941 
664 	4188 	2920 	620 	9017 	1427 	3035 
665 	4670 	3014 	714 	9499 	1521 	3129 
666 	5152 	3108 	808 	9981 	1615 	3223 
667 	5635 	3202 	902 	10464 	1709 	3317 
668 	6117 	3296 	996 	10946 	1803 	3411 
669 	6600 	3390 	1090 	11429 	1897 	3505 
670 	7082 	3484 	1184 	4093 	1991 	3599 
671 	6683 	7564 	3578 	11513 	4576 	2085 
672 	7166 	2064 	3672 	4177 	571 	2179 
673 	7648 	2158 	3766 	4660 	665 	2273 
674 	8132 	2252 	3860 	5142 	759 	2367 
675 	8615 	2346 	46 	5624 	853 	2461 
676 	9097 	2440 	140 	6107 	947 	2555 
677 	9579 	2534 	234 	6589 	1041 	2649 
678 	10062 	2628 	328 	7071 	1135 	2743 
679 	10544 	2722 	422 	7554 	1229 	2837 
680 	11027 	2816 	516 	8038 	1323 	2931 
681 	11509 	2910 	610 	8520 	1417 	3025 
682 	4174 	3004 	704 	9003 	1511 	3119 
683 	4656 	3098 	798 	9485 	1605 	3213 
684 	5138 	3192 	892 	9967 	1699 	3307 
685 	5621 	3286 	986 	10450 	1793 	3401 
686 	6103 	3380 	1080 	10932 	1887 	3495 
687 	6586 	3474 	1174 	11415 	1981 	3589 
688 	7068 	3568 	1268 	4079 	2075 	3683 
689 	6669 	7550 	3662 	11499 	4562 	2169 
690 	7152 	8034 	3756 	4163 	5044 	2263 
691 	7634 	2242 	3850 	4646 	749 	2357 
692 	8118 	2336 	36 	5128 	843 	2451 
693 	8601 	2430 	130 	5610 	937 	2545 
694 	9083 	2524 	224 	6093 	1031 	2639 
695 	9566 	2618 	318 	6575 	1125 	2733 
696 	10048 	2712 	412 	7057 	1219 	2827 
697 	10530 	2806 	506 	7540 	1313 	2921 
698 	11013 	2900 	600 	8024 	1407 	3015 
699 	11495 	2994 	694 	8506 	1501 	3109 
700 	4160 	3088 	788 	8989 	1595 	3203 
701 	4642 	3182 	882 	9471 	1689 	3297 
702 	5124 	3276 	976 	9954 	1783 	3391 
703 	5607 	3370 	1070 	10436 	1877 	3485 
704 	6089 	3464 	1164 	10918 	1971 	3579 
705 	6572 	3558 	1258 	11401 	2065 	3673 
706 	7054 	3652 	1352 	4065 	2159 	3767 
707 	7536 	3746 	1446 	4548 	2253 	3861 
708 	7138 	8020 	3840 	4149 	5030 	2347 
709 	7620 	8503 	26 	4632 	5512 	2441 
710 	8104 	2420 	120 	5114 	927 	2535 
711 	8587 	2514 	214 	5596 	1021 	2629 
712 	9069 	2608 	308 	6079 	1115 	2723 
713 	9552 	2702 	402 	6561 	1209 	2817 
714 	10034 	2796 	496 	7043 	1303 	2911 
715 	10516 	2890 	590 	7526 	1397 	3005 
716 	10999 	2984 	684 	8010 	1491 	3099 
717 	11481 	3078 	778 	8492 	1585 	3193 
718 	4146 	3172 	872 	8975 	1679 	3287 
719 	4628 	3266 	966 	9457 	1773 	3381 
720 	5110 	3360 	1060 	9940 	1867 	3475 
721 	5593 	3454 	1154 	10422 	1961 	3569 
722 	6075 	3548 	1248 	10904 	2055 	3663 
723 	6558 	3642 	1342 	11387 	2149 	3757 
724 	7040 	3736 	1436 	4051 	2243 	3851 
725 	7522 	3830 	1530 	4534 	2337 	37 
726 	8007 	16 	1624 	5016 	2431 	131 
727 	7606 	8489 	110 	4618 	5498 	2525 
728 	8090 	2504 	204 	5100 	1011 	2619 
729 	8573 	2598 	298 	5582 	1105 	2713 
730 	9055 	2692 	392 	6065 	1199 	2807 
731 	9538 	2786 	486 	6547 	1293 	2901 
732 	10020 	2880 	580 	7030 	1387 	2995 
733 	10502 	2974 	674 	7512 	1481 	3089 
734 	10985 	3068 	768 	7996 	1575 	3183 
735 	11467 	3162 	862 	8478 	1669 	3277 
736 	4132 	3256 	956 	8961 	1763 	3371 
737 	4614 	3350 	1050 	9443 	1857 	3465 
738 	5096 	3444 	1144 	9926 	1951 	3559 
739 	5579 	3538 	1238 	10408 	2045 	3653 
740 	6061 	3632 	1332 	10890 	2139 	3747 
741 	6544 	3726 	1426 	11373 	2233 	3841 
742 	7026 	3820 	1520 	4037 	2327 	27 
743 	7508 	6 	1614 	4520 	2421 	121 
744 	7993 	100 	1708 	5002 	2515 	215 
745 	7592 	8475 	194 	4604 	5484 	2609 
746 	8076 	8957 	288 	5086 	5967 	2703 
747 	8559 	2682 	382 	5568 	1189 	2797 
748 	9041 	2776 	476 	6051 	1283 	2891 
749 	9524 	2870 	570 	6533 	1377 	2985 
750 	10006 	2964 	664 	7016 	1471 	3079 
751 	10488 	3058 	758 	7498 	1565 	3173 
752 	10971 	3152 	852 	7982 	1659 	3267 
753 	11453 	3246 	946 	8464 	1753 	3361 
754 	4118 	3340 	1040 	8947 	1847 	3455 
755 	4600 	3434 	1134 	9429 	1941 	3549 
756 	5082 	3528 	1228 	9912 	2035 	3643 
757 	5565 	3622 	1322 	10394 	2129 	3737 
758 	6047 	3716 	1416 	10876 	2223 	3831 
759 	6530 	3810 	1510 	11359 	2317 	17 
760 	7012 	3904 	1604 	4023 	2411 	111 
761 	7494 	90 	1698 	4506 	2505 	205 
762 	7979 	184 	1792 	4988 	2599 	299 
763 	8461 	278 	1886 	5471 	2693 	393 
764 	8062 	8943 	372 	5072 	5953 	2787 
765 	8545 	9426 	466 	5554 	6435 	2881 
766 	9027 	2860 	560 	6037 	1367 	2975 
767 	9510 	2954 	654 	6519 	1461 	3069 
768 	9992 	3048 	748 	7002 	1555 	3163 
769 	10474 	3142 	842 	7484 	1649 	3257 
770 	10957 	3236 	936 	7968 	1743 	3351 
771 	11439 	3330 	1030 	8450 	1837 	3445 
772 	4104 	3424 	1124 	8933 	1931 	3539 
773 	4586 	3518 	1218 	9415 	2025 	3633 
774 	5069 	3612 	1312 	9898 	2119 	3727 
775 	5551 	3706 	1406 	10380 	2213 	3821 
776 	6033 	3800 	1500 	10862 	2307 	7 
777 	6516 	3894 	1594 	11345 	2401 	101 
778 	6998 	80 	1688 	4009 	2495 	195 
779 	7480 	174 	1782 	4492 	2589 	289 
780 	7965 	268 	1876 	4974 	2683 	383 
781 	8447 	362 	1970 	5457 	2777 	477 
782 	8048 	8929 	456 	5058 	5939 	2871 
783 	8531 	9412 	550 	5540 	6421 	2965 
784 	9013 	2944 	644 	6023 	1451 	3059 
785 	9496 	3038 	738 	6505 	1545 	3153 
786 	9978 	3132 	832 	6988 	1639 	3247 
787 	10460 	3226 	926 	7470 	1733 	3341 
788 	10943 	3320 	1020 	7954 	1827 	3435 
789 	11425 	3414 	1114 	8436 	1921 	3529 
790 	4090 	3508 	1208 	8919 	2015 	3623 
791 	4572 	3602 	1302 	9401 	2109 	3717 
792 	5055 	3696 	1396 	9884 	2203 	3811 
793 	5537 	3790 	1490 	10366 	2297 	3905 
794 	6019 	3884 	1584 	10848 	2391 	91 
795 	6502 	70 	1678 	11331 	2485 	185 
796 	6984 	164 	1772 	3995 	2579 	279 
797 	7466 	258 	1866 	4478 	2673 	373 
798 	7951 	352 	1960 	4960 	2767 	467 
799 	8433 	446 	2054 	5443 	2861 	561 
800 	8915 	540 	2148 	5925 	2955 	655 
801 	8517 	9398 	634 	5526 	6407 	3049 
802 	8999 	9880 	728 	6009 	6890 	3143 
803 	9482 	3122 	822 	6491 	1629 	3237 
804 	9964 	3216 	916 	6974 	1723 	3331 
805 	10446 	3310 	1010 	7456 	1817 	3425 
806 	10929 	3404 	1104 	7940 	1911 	3519 
807 	11411 	3498 	1198 	8422 	2005 	3613 
808 	4076 	3592 	1292 	8905 	2099 	3707 
809 	4558 	3686 	1386 	9387 	2193 	3801 
810 	5041 	3780 	1480 	9870 	2287 	3895 
811 	5523 	3874 	1574 	10352 	2381 	81 
812 	6005 	60 	1668 	10834 	2475 	175 
813 	6488 	154 	1762 	11317 	2569 	269 
814 	6970 	248 	1856 	3981 	2663 	363 
815 	7452 	342 	1950 	4464 	2757 	457 
816 	7937 	436 	2044 	4946 	2851 	551 
817 	8419 	530 	2138 	5429 	2945 	645 
818 	8901 	624 	2232 	5911 	3039 	739 
819 	9384 	718 	2326 	6393 	3133 	833 
820 	8985 	9866 	812 	5995 	6876 	3227 
821 	9468 	3206 	906 	6477 	1713 	3321 
822 	9950 	3300 	1000 	6960 	1807 	3415 
823 	10432 	3394 	1094 	7442 	1901 	3509 
824 	10915 	3488 	1188 	7926 	1995 	3603 
825 	11397 	3582 	1282 	8408 	2089 	3697 
826 	4062 	3676 	1376 	8891 	2183 	3791 
827 	4544 	3770 	1470 	9373 	2277 	3885 
828 	5027 	3864 	1564 	9856 	2371 	71 
829 	5509 	50 	1658 	10338 	2465 	165 
830 	5991 	144 	1752 	10820 	2559 	259 
831 	6474 	238 	1846 	11303 	2653 	353 
832 	6956 	332 	1940 	3967 	2747 	447 
833 	7438 	426 	2034 	4450 	2841 	541 
834 	7923 	520 	2128 	4932 	2935 	635 
835 	8405 	614 	2222 	5415 	3029 	729 
836 	8887 	708 	2316 	5897 	3123 	823 
837 	9370 	802 	2410 	6379 	3217 	917 
838 	8971 	9852 	896 	5981 	6862 	3311 
839 	9454 	10335 	990 	6463 	7344 	3405 
840 	9936 	3384 	1084 	6946 	1891 	3499 
841 	10418 	3478 	1178 	7428 	1985 	3593 
842 	10901 	3572 	1272 	7912 	2079 	3687 
843 	11383 	3666 	1366 	8395 	2173 	3781 
844 	4048 	3760 	1460 	8877 	2267 	3875 
845 	4530 	3854 	1554 	9359 	2361 	61 
846 	5013 	40 	1648 	9842 	2455 	155 
847 	5495 	134 	1742 	10324 	2549 	249 
848 	5977 	228 	1836 	10806 	2643 	343 
849 	6460 	322 	1930 	11289 	2737 	437 
850 	6942 	416 	2024 	3953 	2831 	531 
851 	7425 	510 	2118 	4436 	2925 	625 
852 	7909 	604 	2212 	4918 	3019 	719 
853 	8391 	698 	2306 	5401 	3113 	813 
854 	8873 	792 	2400 	5883 	3207 	907 
855 	9356 	886 	2494 	6365 	3301 	1001 
856 	9838 	980 	2588 	6848 	3395 	1095 
857 	9440 	10321 	1074 	6449 	7330 	3489 
858 	9922 	10803 	1168 	6932 	7813 	3583 
859 	10404 	3562 	1262 	7414 	2069 	3677 
860 	10887 	3656 	1356 	7898 	2163 	3771 
861 	11369 	3750 	1450 	8381 	2257 	3865 
862 	4034 	3844 	1544 	8863 	2351 	51 
863 	4516 	30 	1638 	9345 	2445 	145 
864 	4999 	124 	1732 	9828 	2539 	239 
865 	5481 	218 	1826 	10310 	2633 	333 
866 	5963 	312 	1920 	10792 	2727 	427 
867 	6446 	406 	2014 	11275 	2821 	521 
868 	6928 	500 	2108 	3939 	2915 	615 
869 	7411 	594 	2202 	4422 	3009 	709 
870 	7895 	688 	2296 	4904 	3103 	803 
871 	8377 	782 	2390 	5387 	3197 	897 
872 	8859 	876 	2484 	5869 	3291 	991 
873 	9342 	970 	2578 	6351 	3385 	1085 
874 	9824 	1064 	2672 	6834 	3479 	1179 
875 	10307 	1158 	2766 	7316 	3573 	1273 
876 	9908 	10789 	1252 	6918 	7799 	3667 
877 	10390 	3646 	1346 	7400 	2153 	3761 
878 	10873 	3740 	1440 	7884 	2247 	3855 
879 	11355 	3834 	1534 	8367 	2341 	41 
880 	4020 	20 	1628 	8849 	2435 	135 
881 	4502 	114 	1722 	9331 	2529 	229 
882 	4985 	208 	1816 	9814 	2623 	323 
883 	5467 	302 	1910 	10296 	2717 	417 
884 	5949 	396 	2004 	10778 	2811 	511 
885 	6432 	490 	2098 	11261 	2905 	605 
886 	6914 	584 	2192 	3925 	2999 	699 
887 	7397 	678 	2286 	4408 	3093 	793 
888 	7881 	772 	2380 	4890 	3187 	887 
889 	8363 	866 	2474 	5373 	3281 	981 
890 	8845 	960 	2568 	5855 	3375 	1075 
891 	9328 	1054 	2662 	6337 	3469 	1169 
892 	9810 	1148 	2756 	6820 	3563 	1263 
893 	10293 	1242 	2850 	7302 	3657 	1357 
894 	9894 	10775 	1336 	6904 	7785 	3751 
895 	10376 	11257 	1430 	7386 	8269 	3845 
896 	10859 	3824 	1524 	7870 	2331 	31 
897 	11341 	10 	1618 	8353 	2425 	125 
898 	4006 	104 	1712 	8835 	2519 	219 
899 	4488 	198 	1806 	9317 	2613 	313 
900 	4971 	292 	1900 	9800 	2707 	407 
901 	5453 	386 	1994 	10282 	2801 	501 
902 	5935 	480 	2088 	10764 	2895 	595 
903 	6418 	574 	2182 	11247 	2989 	689 
904 	6900 	668 	2276 	3911 	3083 	783 
905 	7383 	762 	2370 	4394 	3177 	877 
906 	7867 	856 	2464 	4876 	3271 	971 
907 	8349 	950 	2558 	5359 	3365 	1065 
908 	8831 	1044 	2652 	5841 	3459 	1159 
909 	9314 	1138 	2746 	6323 	3553 	1253 
910 	9796 	1232 	2840 	6806 	3647 	1347 
911 	10279 	1326 	2934 	7288 	3741 	1441 
912 	10761 	1420 	3028 	7771 	3835 	1535 
913 	10362 	11243 	1514 	7372 	8255 	21 
914 	10845 	3908 	1608 	7856 	8737 	115 
915 	11327 	94 	1702 	8339 	2509 	209 
916 	3992 	188 	1796 	8821 	2603 	303 
917 	4474 	282 	1890 	9303 	2697 	397 
918 	4957 	376 	1984 	9786 	2791 	491 
919 	5439 	470 	2078 	10268 	2885 	585 
920 	5921 	564 	2172 	10750 	2979 	679 
921 	6404 	658 	2266 	11233 	3073 	773 
922 	6886 	752 	2360 	11715 	3167 	867 
923 	7369 	846 	2454 	4380 	3261 	961 
924 	7853 	940 	2548 	4862 	3355 	1055 
925 	8335 	1034 	2642 	5345 	3449 	1149 
926 	8817 	1128 	2736 	5827 	3543 	1243 
927 	9300 	1222 	2830 	6309 	3637 	1337 
928 	9782 	1316 	2924 	6792 	3731 	1431 
929 	10265 	1410 	3018 	7274 	3825 	1525 
930 	10747 	1504 	3112 	7757 	11 	1619 
931 	10349 	11229 	1598 	7358 	8241 	105 
932 	10831 	11712 	1692 	7842 	8723 	199 
933 	11313 	178 	1786 	8325 	2593 	293 
934 	3978 	272 	1880 	8807 	2687 	387 
935 	4460 	366 	1974 	9289 	2781 	481 
936 	4943 	460 	2068 	9772 	2875 	575 
937 	5425 	554 	2162 	10254 	2969 	669 
938 	5907 	648 	2256 	10737 	3063 	763 
939 	6390 	742 	2350 	11219 	3157 	857 
940 	6872 	836 	2444 	11701 	3251 	951 
941 	7355 	930 	2538 	4366 	3345 	1045 
942 	7839 	1024 	2632 	4848 	3439 	1139 
943 	8321 	1118 	2726 	5331 	3533 	1233 
944 	8803 	1212 	2820 	5813 	3627 	1327 
945 	9286 	1306 	2914 	6295 	3721 	1421 
946 	9768 	1400 	3008 	6778 	3815 	1515 
947 	10251 	1494 	3102 	7260 	1 	1609 
948 	10733 	1588 	3196 	7743 	95 	1703 
949 	11215 	1682 	3290 	8227 	189 	1797 
950 	10817 	11698 	1776 	7828 	8709 	283 
951 	11299 	4362 	1870 	8311 	9191 	377 
952 	3964 	356 	1964 	8793 	2771 	471 
953 	4446 	450 	2058 	9275 	2865 	565 
954 	4929 	544 	2152 	9758 	2959 	659 
955 	5411 	638 	2246 	10240 	3053 	753 
956 	5893 	732 	2340 	10723 	3147 	847 
957 	6376 	826 	2434 	11205 	3241 	941 
958 	6858 	920 	2528 	11687 	3335 	1035 
959 	7341 	1014 	2622 	4352 	3429 	1129 
960 	7825 	1108 	2716 	4834 	3523 	1223 
961 	8307 	1202 	2810 	5317 	3617 	1317 
962 	8790 	1296 	2904 	5799 	3711 	1411 
963 	9272 	1390 	2998 	6281 	3805 	1505 
964 	9754 	1484 	3092 	6764 	3899 	1599 
965 	10237 	1578 	3186 	7246 	85 	1693 
966 	10719 	1672 	3280 	7729 	179 	1787 
967 	11201 	1766 	3374 	8213 	273 	1881 
968 	11684 	1860 	3468 	8695 	367 	1975 
969 	11285 	4348 	1954 	8297 	9178 	461 
970 	3950 	440 	2048 	8779 	2855 	555 
971 	4432 	534 	2142 	9261 	2949 	649 
972 	4915 	628 	2236 	9744 	3043 	743 
973 	5397 	722 	2330 	10226 	3137 	837 
974 	5879 	816 	2424 	10709 	3231 	931 
975 	6362 	910 	2518 	11191 	3325 	1025 
976 	6844 	1004 	2612 	11673 	3419 	1119 
977 	7327 	1098 	2706 	4338 	3513 	1213 
978 	7809 	1192 	2800 	4820 	3607 	1307 
979 	8293 	1286 	2894 	5303 	3701 	1401 
980 	8776 	1380 	2988 	5785 	3795 	1495 
981 	9258 	1474 	3082 	6267 	3889 	1589 
982 	9740 	1568 	3176 	6750 	75 	1683 
983 	10223 	1662 	3270 	7232 	169 	1777 
984 	10705 	1756 	3364 	7715 	263 	1871 
985 	11187 	1850 	3458 	8199 	357 	1965 
986 	11670 	1944 	3552 	8681 	451 	2059 
987 	11271 	4334 	2038 	8283 	9164 	545 
988 	3936 	4817 	2132 	8765 	9646 	639 
989 	4418 	618 	2226 	9247 	3033 	733 
990 	4901 	712 	2320 	9730 	3127 	827 
991 	5383 	806 	2414 	10212 	3221 	921 
992 	5865 	900 	2508 	10695 	3315 	1015 
993 	6348 	994 	2602 	11177 	3409 	1109 
994 	6830 	1088 	2696 	11659 	3503 	1203 
995 	7313 	1182 	2790 	4324 	3597 	1297 
996 	7795 	1276 	2884 	4806 	3691 	1391 
997 	8279 	1370 	2978 	5289 	3785 	1485 
998 	8762 	1464 	3072 	5771 	3879 	1579 
999 	9244 	1558 	3166 	6253 	65 	1673 
1000 	9726 	1652 	3260 	6736 	159 	1767 
1001 	10209 	1746 	3354 	7218 	253 	1861 
1002 	10691 	1840 	3448 	7701 	347 	1955 
1003 	11173 	1934 	3542 	8185 	441 	2049 
1004 	11656 	2028 	3636 	8667 	535 	2143 
1005 	4320 	2122 	3730 	9150 	629 	2237 
1006 	3922 	4803 	2216 	8751 	9632 	723 
1007 	4404 	5285 	2310 	9233 	10114 	817 
1008 	4887 	796 	2404 	9716 	3211 	911 
1009 	5369 	890 	2498 	10198 	3305 	1005 
1010 	5852 	984 	2592 	10681 	3399 	1099 
1011 	6334 	1078 	2686 	11163 	3493 	1193 
1012 	6816 	1172 	2780 	11645 	3587 	1287 
1013 	7299 	1266 	2874 	4310 	3681 	1381 
1014 	7781 	1360 	2968 	4792 	3775 	1475 
1015 	8265 	1454 	3062 	5275 	3869 	1569 
1016 	8748 	1548 	3156 	5757 	55 	1663 
1017 	9230 	1642 	3250 	6240 	149 	1757 
1018 	9712 	1736 	3344 	6722 	243 	1851 
1019 	10195 	1830 	3438 	7204 	337 	1945 
1020 	10677 	1924 	3532 	7687 	431 	2039 
1021 	11159 	2018 	3626 	8171 	525 	2133 
1022 	11642 	2112 	3720 	8653 	619 	2227 
1023 	4306 	2206 	3814 	9136 	713 	2321 
