FR80T25X32H4
Channel Interleaving, Puncturing and Mapping to 32-QAM
User data=4520, with flush=4524, Channel Symbols=1098, Channel Bits=5490, p=483, q=483, Coding Rate=0.823315

Symbol	b4 	b3 	b2 	b1 	b0 
0 	2584 	6013 	1292 	3391 	0 
1 	3369 	13371 	2077 	4176 	785 
2 	4154 	763 	2862 	8617 	1570 
3 	8411 	1548 	3647 	256 	2355 
4 	234 	2333 	4432 	1041 	3140 
5 	1019 	3118 	11020 	1826 	3925 
6 	1804 	3903 	512 	2611 	6266 
7 	2589 	6060 	1297 	3396 	5 
8 	3374 	13417 	2082 	4181 	790 
9 	4159 	768 	2867 	8664 	1575 
10 	8458 	1553 	3652 	261 	2360 
11 	239 	2338 	4437 	1046 	3145 
12 	1024 	3123 	11066 	1831 	3930 
13 	1809 	3908 	517 	2616 	6313 
14 	2594 	6107 	1302 	3401 	10 
15 	3379 	13464 	2087 	4186 	795 
16 	4164 	773 	2872 	8711 	1580 
17 	8505 	1558 	3657 	266 	2365 
18 	244 	2343 	4442 	1051 	3150 
19 	1029 	3128 	11113 	1836 	3935 
20 	1814 	3913 	522 	2621 	6360 
21 	2599 	6154 	1307 	3406 	15 
22 	3384 	13511 	2092 	4191 	800 
23 	4169 	778 	2877 	8758 	1585 
24 	8552 	1563 	3662 	271 	2370 
25 	249 	2348 	4447 	1056 	3155 
26 	1034 	3133 	11160 	1841 	3940 
27 	1819 	3918 	527 	2626 	6407 
28 	2604 	6201 	1312 	3411 	20 
29 	3389 	13558 	2097 	4196 	805 
30 	4174 	783 	2882 	8804 	1590 
31 	8598 	1568 	3667 	276 	2375 
32 	254 	2353 	4452 	1061 	3160 
33 	1039 	3138 	11207 	1846 	3945 
34 	1824 	3923 	532 	2631 	6453 
35 	2609 	6247 	1317 	3416 	25 
36 	3394 	3 	2102 	4201 	810 
37 	4179 	788 	2887 	8851 	1595 
38 	8645 	1573 	3672 	281 	2380 
39 	259 	2358 	4457 	1066 	3165 
40 	1044 	3143 	11254 	1851 	3950 
41 	1829 	3928 	537 	2636 	6500 
42 	2614 	6294 	1322 	3421 	30 
43 	3399 	8 	2107 	4206 	815 
44 	4184 	793 	2892 	8898 	1600 
45 	8692 	1578 	3677 	286 	2385 
46 	264 	2363 	4462 	1071 	3170 
47 	1049 	3148 	11301 	1856 	3955 
48 	1834 	3933 	542 	2641 	6547 
49 	2619 	6341 	1327 	3426 	35 
50 	3404 	13 	2112 	4211 	820 
51 	4189 	798 	2897 	8945 	1605 
52 	8739 	1583 	3682 	291 	2390 
53 	269 	2368 	4467 	1076 	3175 
54 	1054 	3153 	11347 	1861 	3960 
55 	1839 	3938 	547 	2646 	6594 
56 	2624 	6388 	1332 	3431 	40 
57 	3409 	18 	2117 	4216 	825 
58 	4194 	803 	2902 	8992 	1610 
59 	8786 	1588 	3687 	296 	2395 
60 	274 	2373 	4472 	1081 	3180 
61 	1059 	3158 	11394 	1866 	3965 
62 	1844 	3943 	552 	2651 	6641 
63 	2629 	6435 	1337 	3436 	45 
64 	3414 	23 	2122 	4221 	830 
65 	4199 	808 	2907 	9039 	1615 
66 	8833 	1593 	3692 	301 	2400 
67 	279 	2378 	4477 	1086 	3185 
68 	1064 	3163 	11441 	1871 	3970 
69 	1849 	3948 	557 	2656 	6688 
70 	2634 	6482 	1342 	3441 	50 
71 	3419 	28 	2127 	4226 	835 
72 	4204 	813 	2912 	9090 	1620 
73 	8879 	1598 	3697 	306 	2405 
74 	284 	2383 	4482 	1091 	3190 
75 	1069 	3168 	11488 	1876 	3975 
76 	1854 	3953 	562 	2661 	6734 
77 	2639 	6528 	1347 	3446 	55 
78 	3424 	33 	2132 	4231 	840 
79 	4209 	818 	2917 	9137 	1625 
80 	8926 	1603 	3702 	311 	2410 
81 	289 	2388 	4487 	1096 	3195 
82 	1074 	3173 	11535 	1881 	3980 
83 	1859 	3958 	567 	2666 	6781 
84 	2644 	6575 	1352 	3451 	60 
85 	3429 	38 	2137 	4236 	845 
86 	4214 	823 	2922 	9184 	1630 
87 	8973 	1608 	3707 	316 	2415 
88 	294 	2393 	4492 	1101 	3200 
89 	1079 	3178 	11582 	1886 	3985 
90 	1864 	3963 	572 	2671 	6828 
91 	2649 	6622 	1357 	3456 	65 
92 	3434 	43 	2142 	4241 	850 
93 	4219 	828 	2927 	9231 	1635 
94 	9020 	1613 	3712 	321 	2420 
95 	299 	2398 	4497 	1106 	3205 
96 	1084 	3183 	11628 	1891 	3990 
97 	1869 	3968 	577 	2676 	6875 
98 	2654 	6669 	1362 	3461 	70 
99 	3439 	48 	2147 	4246 	855 
100 	4224 	833 	2932 	9277 	1640 
101 	9071 	1618 	3717 	326 	2425 
102 	304 	2403 	4502 	1111 	3210 
103 	1089 	3188 	11675 	1896 	3995 
104 	1874 	3973 	582 	2681 	6922 
105 	2659 	6716 	1367 	3466 	75 
106 	3444 	53 	2152 	4251 	860 
107 	4229 	838 	2937 	9324 	1645 
108 	9118 	1623 	3722 	331 	2430 
109 	309 	2408 	4507 	1116 	3215 
110 	1094 	3193 	11722 	1901 	4000 
111 	1879 	3978 	587 	2686 	6969 
112 	2664 	6763 	1372 	3471 	80 
113 	3449 	58 	2157 	4256 	865 
114 	4234 	843 	2942 	9371 	1650 
115 	9165 	1628 	3727 	336 	2435 
116 	314 	2413 	4512 	1121 	3220 
117 	1099 	3198 	11769 	1906 	4005 
118 	1884 	3983 	592 	2691 	7015 
119 	2669 	6809 	1377 	3476 	85 
120 	3454 	63 	2162 	4261 	870 
121 	4239 	848 	2947 	9418 	1655 
122 	9212 	1633 	3732 	341 	2440 
123 	319 	2418 	4517 	1126 	3225 
124 	1104 	3203 	11816 	1911 	4010 
125 	1889 	3988 	597 	2696 	7062 
126 	2674 	6856 	1382 	3481 	90 
127 	3459 	68 	2167 	4266 	875 
128 	4244 	853 	2952 	9465 	1660 
129 	9259 	1638 	3737 	346 	2445 
130 	324 	2423 	4522 	1131 	3230 
131 	1109 	3208 	11863 	1916 	4015 
132 	1894 	3993 	602 	2701 	7109 
133 	2679 	6903 	1387 	3486 	95 
134 	3464 	73 	2172 	4271 	880 
135 	4249 	858 	2957 	9512 	1665 
136 	9306 	1643 	3742 	351 	2450 
137 	329 	2428 	4552 	1136 	3235 
138 	1114 	3213 	11909 	1921 	4020 
139 	1899 	3998 	607 	2706 	7156 
140 	2684 	6950 	1392 	3491 	100 
141 	3469 	78 	2177 	4276 	885 
142 	4254 	863 	2962 	9558 	1670 
143 	9352 	1648 	3747 	356 	2455 
144 	334 	2433 	4599 	1141 	3240 
145 	1119 	3218 	11956 	1926 	4025 
146 	1904 	4003 	612 	2711 	7203 
147 	2689 	6997 	1397 	3496 	105 
148 	3474 	83 	2182 	4281 	890 
149 	4259 	868 	2967 	9605 	1675 
150 	9399 	1653 	3752 	361 	2460 
151 	339 	2438 	4646 	1146 	3245 
152 	1124 	3223 	12003 	1931 	4030 
153 	1909 	4008 	617 	2716 	7250 
154 	2694 	7044 	1402 	3501 	110 
155 	3479 	88 	2187 	4286 	895 
156 	4264 	873 	2972 	9652 	1680 
157 	9446 	1658 	3757 	366 	2465 
158 	344 	2443 	4693 	1151 	3250 
159 	1129 	3228 	12050 	1936 	4035 
160 	1914 	4013 	622 	2721 	7296 
161 	2699 	7090 	1407 	3506 	115 
162 	3484 	93 	2192 	4291 	900 
163 	4269 	878 	2977 	9699 	1685 
164 	9493 	1663 	3762 	371 	2470 
165 	349 	2448 	4739 	1156 	3255 
166 	1134 	3233 	12097 	1941 	4040 
167 	1919 	4018 	627 	2726 	7343 
168 	2704 	7137 	1412 	3511 	120 
169 	3489 	98 	2197 	4296 	905 
170 	4274 	883 	2982 	9746 	1690 
171 	9540 	1668 	3767 	376 	2475 
172 	354 	2453 	4786 	1161 	3260 
173 	1139 	3238 	12144 	1946 	4045 
174 	1924 	4023 	632 	2731 	7390 
175 	2709 	7184 	1417 	3516 	125 
176 	3494 	103 	2202 	4301 	910 
177 	4279 	888 	2987 	9793 	1695 
178 	9587 	1673 	3772 	381 	2480 
179 	359 	2458 	4833 	1166 	3265 
180 	1144 	3243 	12190 	1951 	4050 
181 	1929 	4028 	637 	2736 	7437 
182 	2714 	7231 	1422 	3521 	130 
183 	3499 	108 	2207 	4306 	915 
184 	4284 	893 	2992 	9839 	1700 
185 	9633 	1678 	3777 	386 	2485 
186 	364 	2463 	4880 	1171 	3270 
187 	1149 	3248 	12237 	1956 	4055 
188 	1934 	4033 	642 	2741 	7484 
189 	2719 	7278 	1427 	3526 	135 
190 	3504 	113 	2212 	4311 	920 
191 	4289 	898 	2997 	9886 	1705 
192 	9680 	1683 	3782 	391 	2490 
193 	369 	2468 	4927 	1176 	3275 
194 	1154 	3253 	12284 	1961 	4060 
195 	1939 	4038 	647 	2746 	7531 
196 	2724 	7325 	1432 	3531 	140 
197 	3509 	118 	2217 	4316 	925 
198 	4294 	903 	3002 	9933 	1710 
199 	9727 	1688 	3787 	396 	2495 
200 	374 	2473 	4974 	1181 	3280 
201 	1159 	3258 	12331 	1966 	4065 
202 	1944 	4043 	652 	2751 	7577 
203 	2729 	7371 	1437 	3536 	145 
204 	3514 	123 	2222 	4321 	930 
205 	4299 	908 	3007 	9980 	1715 
206 	9774 	1693 	3792 	401 	2500 
207 	379 	2478 	5020 	1186 	3285 
208 	1164 	3263 	12378 	1971 	4070 
209 	1949 	4048 	657 	2756 	7624 
210 	2734 	7418 	1442 	3541 	150 
211 	3519 	128 	2227 	4326 	935 
212 	4304 	913 	3012 	10027 	1720 
213 	9821 	1698 	3797 	406 	2505 
214 	384 	2483 	5067 	1191 	3290 
215 	1169 	3268 	12425 	1976 	4075 
216 	1954 	4053 	662 	2761 	7671 
217 	2739 	7465 	1447 	3546 	155 
218 	3524 	133 	2232 	4331 	940 
219 	4309 	918 	3017 	10074 	1725 
220 	9868 	1703 	3802 	411 	2510 
221 	389 	2488 	5114 	1196 	3295 
222 	1174 	3273 	12471 	1981 	4080 
223 	1959 	4058 	667 	2766 	7718 
224 	2744 	7512 	1452 	3551 	160 
225 	3529 	138 	2237 	4336 	945 
226 	4314 	923 	3022 	10120 	1730 
227 	9914 	1708 	3807 	416 	2515 
228 	394 	2493 	5161 	1201 	3300 
229 	1179 	3278 	12518 	1986 	4085 
230 	1964 	4063 	672 	2771 	7765 
231 	2749 	7559 	1457 	3556 	165 
232 	3534 	143 	2242 	4341 	950 
233 	4319 	928 	3027 	10167 	1735 
234 	9961 	1713 	3812 	421 	2520 
235 	399 	2498 	5208 	1206 	3305 
236 	1184 	3283 	12565 	1991 	4090 
237 	1969 	4068 	677 	2776 	7812 
238 	2754 	7606 	1462 	3561 	170 
239 	3539 	148 	2247 	4346 	955 
240 	4324 	933 	3032 	10214 	1740 
241 	10008 	1718 	3817 	426 	2525 
242 	404 	2503 	5255 	1211 	3310 
243 	1189 	3288 	12612 	1996 	4095 
244 	1974 	4073 	682 	2781 	7858 
245 	2759 	7652 	1467 	3566 	175 
246 	3544 	153 	2252 	4351 	960 
247 	4329 	938 	3037 	10261 	1745 
248 	10055 	1723 	3822 	431 	2530 
249 	409 	2508 	5301 	1216 	3315 
250 	1194 	3293 	12659 	2001 	4100 
251 	1979 	4078 	687 	2786 	7905 
252 	2764 	7699 	1472 	3571 	180 
253 	3549 	158 	2257 	4356 	965 
254 	4334 	943 	3042 	10308 	1750 
255 	10102 	1728 	3827 	436 	2535 
256 	414 	2513 	5348 	1221 	3320 
257 	1199 	3298 	12706 	2006 	4105 
258 	1984 	4083 	692 	2791 	7952 
259 	2769 	7746 	1477 	3576 	185 
260 	3554 	163 	2262 	4361 	970 
261 	4339 	948 	3047 	10355 	1755 
262 	10149 	1733 	3832 	441 	2540 
263 	419 	2518 	5395 	1226 	3325 
264 	1204 	3303 	12752 	2011 	4110 
265 	1989 	4088 	697 	2796 	7999 
266 	2774 	7793 	1482 	3581 	190 
267 	3559 	168 	2267 	4366 	975 
268 	4344 	953 	3052 	10401 	1760 
269 	10195 	1738 	3837 	446 	2545 
270 	424 	2523 	5442 	1231 	3330 
271 	1209 	3308 	12799 	2016 	4115 
272 	1994 	4093 	702 	2801 	8046 
273 	2779 	7840 	1487 	3586 	195 
274 	3564 	173 	2272 	4371 	980 
275 	4349 	958 	3057 	10448 	1765 
276 	10242 	1743 	3842 	451 	2550 
277 	429 	2528 	5489 	1236 	3335 
278 	1214 	3313 	12846 	2021 	4120 
279 	1999 	4098 	707 	2806 	8093 
280 	2784 	7887 	1492 	3591 	200 
281 	3569 	178 	2277 	4376 	985 
282 	4354 	963 	3062 	10495 	1770 
283 	10289 	1748 	3847 	456 	2555 
284 	434 	2533 	5536 	1241 	3340 
285 	1219 	3318 	12893 	2026 	4125 
286 	2004 	4103 	712 	2811 	8139 
287 	2789 	7933 	1497 	3596 	205 
288 	3574 	183 	2282 	4381 	990 
289 	4359 	968 	3067 	10542 	1775 
290 	10336 	1753 	3852 	461 	2560 
291 	439 	2538 	5582 	1246 	3345 
292 	1224 	3323 	12940 	2031 	4130 
293 	2009 	4108 	717 	2816 	8186 
294 	2794 	7980 	1502 	3601 	210 
295 	3579 	188 	2287 	4386 	995 
296 	4364 	973 	3072 	10589 	1780 
297 	10383 	1758 	3857 	466 	2565 
298 	444 	2543 	5629 	1251 	3350 
299 	1229 	3328 	12987 	2036 	4135 
300 	2014 	4113 	722 	2821 	8233 
301 	2799 	8027 	1507 	3606 	215 
302 	3584 	193 	2292 	4391 	1000 
303 	4369 	978 	3077 	10636 	1785 
304 	10430 	1763 	3862 	471 	2570 
305 	449 	2548 	5676 	1256 	3355 
306 	1234 	3333 	13033 	2041 	4140 
307 	2019 	4118 	727 	2826 	8280 
308 	2804 	8074 	1512 	3611 	220 
309 	3589 	198 	2297 	4396 	1005 
310 	4374 	983 	3082 	10682 	1790 
311 	10476 	1768 	3867 	476 	2575 
312 	454 	2553 	5723 	1261 	3360 
313 	1239 	3338 	13080 	2046 	4145 
314 	2024 	4123 	732 	2831 	8327 
315 	2809 	8121 	1517 	3616 	225 
316 	3594 	203 	2302 	4401 	1010 
317 	4379 	988 	3087 	10729 	1795 
318 	10523 	1773 	3872 	481 	2580 
319 	459 	2558 	5770 	1266 	3365 
320 	1244 	3343 	13127 	2051 	4150 
321 	2029 	4128 	737 	2836 	8374 
322 	2814 	8168 	1522 	3621 	230 
323 	3599 	208 	2307 	4406 	1015 
324 	4384 	993 	3092 	10776 	1800 
325 	10570 	1778 	3877 	486 	2585 
326 	464 	2563 	5817 	1271 	3370 
327 	1249 	3348 	13174 	2056 	4155 
328 	2034 	4133 	742 	2841 	8420 
329 	2819 	8214 	1527 	3626 	235 
330 	3604 	213 	2312 	4411 	1020 
331 	4389 	998 	3097 	10823 	1805 
332 	10617 	1783 	3882 	491 	2590 
333 	469 	2568 	5863 	1276 	3375 
334 	1254 	3353 	13221 	2061 	4160 
335 	2039 	4138 	747 	2846 	8467 
336 	2824 	8261 	1532 	3631 	240 
337 	3609 	218 	2317 	4416 	1025 
338 	4394 	1003 	3102 	10870 	1810 
339 	10664 	1788 	3887 	496 	2595 
340 	474 	2573 	5910 	1281 	3380 
341 	1259 	3358 	13268 	2066 	4165 
342 	2044 	4143 	752 	2851 	8514 
343 	2829 	8308 	1537 	3636 	245 
344 	3614 	223 	2322 	4421 	1030 
345 	4399 	1008 	3107 	10917 	1815 
346 	10711 	1793 	3892 	501 	2600 
347 	479 	2578 	5957 	1286 	3385 
348 	1264 	3363 	13314 	2071 	4170 
349 	2049 	4148 	757 	2856 	8561 
350 	2834 	8355 	1542 	3641 	250 
351 	3619 	228 	2327 	4426 	1035 
352 	4404 	1013 	3112 	10963 	1820 
353 	10757 	1798 	3897 	506 	2605 
354 	484 	2583 	6004 	1291 	3390 
355 	1269 	3368 	13361 	2076 	4175 
356 	2054 	4153 	762 	2861 	8608 
357 	2839 	8402 	1547 	3646 	255 
358 	3624 	233 	2332 	4431 	1040 
359 	4409 	1018 	3117 	11010 	1825 
360 	10804 	1803 	3902 	511 	2610 
361 	489 	2588 	6051 	1296 	3395 
362 	1274 	3373 	13408 	2081 	4180 
363 	2059 	4158 	767 	2866 	8655 
364 	2844 	8449 	1552 	3651 	260 
365 	3629 	238 	2337 	4436 	1045 
366 	4414 	1023 	3122 	11057 	1830 
367 	10851 	1808 	3907 	516 	2615 
368 	494 	2593 	6098 	1301 	3400 
369 	1279 	3378 	13455 	2086 	4185 
370 	2064 	4163 	772 	2871 	8701 
371 	2849 	8495 	1557 	3656 	265 
372 	3634 	243 	2342 	4441 	1050 
373 	4419 	1028 	3127 	11104 	1835 
374 	10898 	1813 	3912 	521 	2620 
375 	499 	2598 	6144 	1306 	3405 
376 	1284 	3383 	13502 	2091 	4190 
377 	2069 	4168 	777 	2876 	8748 
378 	2854 	8542 	1562 	3661 	270 
379 	3639 	248 	2347 	4446 	1055 
380 	4424 	1033 	3132 	11151 	1840 
381 	10945 	1818 	3917 	526 	2625 
382 	504 	2603 	6191 	1311 	3410 
383 	1289 	3388 	13549 	2096 	4195 
384 	2074 	4173 	782 	2881 	8795 
385 	2859 	8589 	1567 	3666 	275 
386 	3644 	253 	2352 	4451 	1060 
387 	4429 	1038 	3137 	11198 	1845 
388 	10992 	1823 	3922 	531 	2630 
389 	509 	2608 	6238 	1316 	3415 
390 	1294 	3393 	2 	2101 	4200 
391 	2079 	4178 	787 	2886 	8842 
392 	2864 	8636 	1572 	3671 	280 
393 	3649 	258 	2357 	4456 	1065 
394 	4434 	1043 	3142 	11244 	1850 
395 	11038 	1828 	3927 	536 	2635 
396 	514 	2613 	6285 	1321 	3420 
397 	1299 	3398 	7 	2106 	4205 
398 	2084 	4183 	792 	2891 	8889 
399 	2869 	8683 	1577 	3676 	285 
400 	3654 	263 	2362 	4461 	1070 
401 	4439 	1048 	3147 	11291 	1855 
402 	11085 	1833 	3932 	541 	2640 
403 	519 	2618 	6332 	1326 	3425 
404 	1304 	3403 	12 	2111 	4210 
405 	2089 	4188 	797 	2896 	8936 
406 	2874 	8730 	1582 	3681 	290 
407 	3659 	268 	2367 	4466 	1075 
408 	4444 	1053 	3152 	11338 	1860 
409 	11132 	1838 	3937 	546 	2645 
410 	524 	2623 	6379 	1331 	3430 
411 	1309 	3408 	17 	2116 	4215 
412 	2094 	4193 	802 	2901 	8982 
413 	2879 	8776 	1587 	3686 	295 
414 	3664 	273 	2372 	4471 	1080 
415 	4449 	1058 	3157 	11385 	1865 
416 	11179 	1843 	3942 	551 	2650 
417 	529 	2628 	6425 	1336 	3435 
418 	1314 	3413 	22 	2121 	4220 
419 	2099 	4198 	807 	2906 	9029 
420 	2884 	8823 	1592 	3691 	300 
421 	3669 	278 	2377 	4476 	1085 
422 	4454 	1063 	3162 	11432 	1870 
423 	11226 	1848 	3947 	556 	2655 
424 	534 	2633 	6472 	1341 	3440 
425 	1319 	3418 	27 	2126 	4225 
426 	2104 	4203 	812 	2911 	9081 
427 	2889 	8870 	1597 	3696 	305 
428 	3674 	283 	2382 	4481 	1090 
429 	4459 	1068 	3167 	11479 	1875 
430 	11273 	1853 	3952 	561 	2660 
431 	539 	2638 	6519 	1346 	3445 
432 	1324 	3423 	32 	2131 	4230 
433 	2109 	4208 	817 	2916 	9128 
434 	2894 	8917 	1602 	3701 	310 
435 	3679 	288 	2387 	4486 	1095 
436 	4464 	1073 	3172 	11525 	1880 
437 	11319 	1858 	3957 	566 	2665 
438 	544 	2643 	6566 	1351 	3450 
439 	1329 	3428 	37 	2136 	4235 
440 	2114 	4213 	822 	2921 	9174 
441 	2899 	8964 	1607 	3706 	315 
442 	3684 	293 	2392 	4491 	1100 
443 	4469 	1078 	3177 	11572 	1885 
444 	11366 	1863 	3962 	571 	2670 
445 	549 	2648 	6613 	1356 	3455 
446 	1334 	3433 	42 	2141 	4240 
447 	2119 	4218 	827 	2926 	9221 
448 	2904 	9011 	1612 	3711 	320 
449 	3689 	298 	2397 	4496 	1105 
450 	4474 	1083 	3182 	11619 	1890 
451 	11413 	1868 	3967 	576 	2675 
452 	554 	2653 	6660 	1361 	3460 
453 	1339 	3438 	47 	2146 	4245 
454 	2124 	4223 	832 	2931 	9268 
455 	2909 	9062 	1617 	3716 	325 
456 	3694 	303 	2402 	4501 	1110 
457 	4479 	1088 	3187 	11666 	1895 
458 	11460 	1873 	3972 	581 	2680 
459 	559 	2658 	6706 	1366 	3465 
460 	1344 	3443 	52 	2151 	4250 
461 	2129 	4228 	837 	2936 	9315 
462 	2914 	9109 	1622 	3721 	330 
463 	3699 	308 	2407 	4506 	1115 
464 	4484 	1093 	3192 	11713 	1900 
465 	11507 	1878 	3977 	586 	2685 
466 	564 	2663 	6753 	1371 	3470 
467 	1349 	3448 	57 	2156 	4255 
468 	2134 	4233 	842 	2941 	9362 
469 	2919 	9156 	1627 	3726 	335 
470 	3704 	313 	2412 	4511 	1120 
471 	4489 	1098 	3197 	11760 	1905 
472 	11554 	1883 	3982 	591 	2690 
473 	569 	2668 	6800 	1376 	3475 
474 	1354 	3453 	62 	2161 	4260 
475 	2139 	4238 	847 	2946 	9409 
476 	2924 	9203 	1632 	3731 	340 
477 	3709 	318 	2417 	4516 	1125 
478 	4494 	1103 	3202 	11806 	1910 
479 	11600 	1888 	3987 	596 	2695 
480 	574 	2673 	6847 	1381 	3480 
481 	1359 	3458 	67 	2166 	4265 
482 	2144 	4243 	852 	2951 	9455 
483 	2929 	9249 	1637 	3736 	345 
484 	3714 	323 	2422 	4521 	1130 
485 	4499 	1108 	3207 	11853 	1915 
486 	11647 	1893 	3992 	601 	2700 
487 	579 	2678 	6894 	1386 	3485 
488 	1364 	3463 	72 	2171 	4270 
489 	2149 	4248 	857 	2956 	9502 
490 	2934 	9296 	1642 	3741 	350 
491 	3719 	328 	2427 	4543 	1135 
492 	4504 	1113 	3212 	11900 	1920 
493 	11694 	1898 	3997 	606 	2705 
494 	584 	2683 	6941 	1391 	3490 
495 	1369 	3468 	77 	2176 	4275 
496 	2154 	4253 	862 	2961 	9549 
497 	2939 	9343 	1647 	3746 	355 
498 	3724 	333 	2432 	4590 	1140 
499 	4509 	1118 	3217 	11947 	1925 
500 	11741 	1903 	4002 	611 	2710 
501 	589 	2688 	6987 	1396 	3495 
502 	1374 	3473 	82 	2181 	4280 
503 	2159 	4258 	867 	2966 	9596 
504 	2944 	9390 	1652 	3751 	360 
505 	3729 	338 	2437 	4636 	1145 
506 	4514 	1123 	3222 	11994 	1930 
507 	11788 	1908 	4007 	616 	2715 
508 	594 	2693 	7034 	1401 	3500 
509 	1379 	3478 	87 	2186 	4285 
510 	2164 	4263 	872 	2971 	9643 
511 	2949 	9437 	1657 	3756 	365 
512 	3734 	343 	2442 	4683 	1150 
513 	4519 	1128 	3227 	12041 	1935 
514 	11835 	1913 	4012 	621 	2720 
515 	599 	2698 	7081 	1406 	3505 
516 	1384 	3483 	92 	2191 	4290 
517 	2169 	4268 	877 	2976 	9690 
518 	2954 	9484 	1662 	3761 	370 
519 	3739 	348 	2447 	4730 	1155 
520 	4524 	1133 	3232 	12087 	1940 
521 	11881 	1918 	4017 	626 	2725 
522 	604 	2703 	7128 	1411 	3510 
523 	1389 	3488 	97 	2196 	4295 
524 	2174 	4273 	882 	2981 	9736 
525 	2959 	9530 	1667 	3766 	375 
526 	3744 	353 	2452 	4777 	1160 
527 	4571 	1138 	3237 	12134 	1945 
528 	11928 	1923 	4022 	631 	2730 
529 	609 	2708 	7175 	1416 	3515 
530 	1394 	3493 	102 	2201 	4300 
531 	2179 	4278 	887 	2986 	9783 
532 	2964 	9577 	1672 	3771 	380 
533 	3749 	358 	2457 	4824 	1165 
534 	4618 	1143 	3242 	12181 	1950 
535 	11975 	1928 	4027 	636 	2735 
536 	614 	2713 	7222 	1421 	3520 
537 	1399 	3498 	107 	2206 	4305 
538 	2184 	4283 	892 	2991 	9830 
539 	2969 	9624 	1677 	3776 	385 
540 	3754 	363 	2462 	4871 	1170 
541 	4664 	1148 	3247 	12228 	1955 
542 	12022 	1933 	4032 	641 	2740 
543 	619 	2718 	7268 	1426 	3525 
544 	1404 	3503 	112 	2211 	4310 
545 	2189 	4288 	897 	2996 	9877 
546 	2974 	9671 	1682 	3781 	390 
547 	3759 	368 	2467 	4917 	1175 
548 	4711 	1153 	3252 	12275 	1960 
549 	12069 	1938 	4037 	646 	2745 
550 	624 	2723 	7315 	1431 	3530 
551 	1409 	3508 	117 	2216 	4315 
552 	2194 	4293 	902 	3001 	9924 
553 	2979 	9718 	1687 	3786 	395 
554 	3764 	373 	2472 	4964 	1180 
555 	4758 	1158 	3257 	12322 	1965 
556 	12116 	1943 	4042 	651 	2750 
557 	629 	2728 	7362 	1436 	3535 
558 	1414 	3513 	122 	2221 	4320 
559 	2199 	4298 	907 	3006 	9971 
560 	2984 	9765 	1692 	3791 	400 
561 	3769 	378 	2477 	5011 	1185 
562 	4805 	1163 	3262 	12368 	1970 
563 	12162 	1948 	4047 	656 	2755 
564 	634 	2733 	7409 	1441 	3540 
565 	1419 	3518 	127 	2226 	4325 
566 	2204 	4303 	912 	3011 	10017 
567 	2989 	9811 	1697 	3796 	405 
568 	3774 	383 	2482 	5058 	1190 
569 	4852 	1168 	3267 	12415 	1975 
570 	12209 	1953 	4052 	661 	2760 
571 	639 	2738 	7456 	1446 	3545 
572 	1424 	3523 	132 	2231 	4330 
573 	2209 	4308 	917 	3016 	10064 
574 	2994 	9858 	1702 	3801 	410 
575 	3779 	388 	2487 	5105 	1195 
576 	4899 	1173 	3272 	12462 	1980 
577 	12256 	1958 	4057 	666 	2765 
578 	644 	2743 	7503 	1451 	3550 
579 	1429 	3528 	137 	2236 	4335 
580 	2214 	4313 	922 	3021 	10111 
581 	2999 	9905 	1707 	3806 	415 
582 	3784 	393 	2492 	5152 	1200 
583 	4945 	1178 	3277 	12509 	1985 
584 	12303 	1963 	4062 	671 	2770 
585 	649 	2748 	7549 	1456 	3555 
586 	1434 	3533 	142 	2241 	4340 
587 	2219 	4318 	927 	3026 	10158 
588 	3004 	9952 	1712 	3811 	420 
589 	3789 	398 	2497 	5198 	1205 
590 	4992 	1183 	3282 	12556 	1990 
591 	12350 	1968 	4067 	676 	2775 
592 	654 	2753 	7596 	1461 	3560 
593 	1439 	3538 	147 	2246 	4345 
594 	2224 	4323 	932 	3031 	10205 
595 	3009 	9999 	1717 	3816 	425 
596 	3794 	403 	2502 	5245 	1210 
597 	5039 	1188 	3287 	12603 	1995 
598 	12397 	1973 	4072 	681 	2780 
599 	659 	2758 	7643 	1466 	3565 
600 	1444 	3543 	152 	2251 	4350 
601 	2229 	4328 	937 	3036 	10252 
602 	3014 	10046 	1722 	3821 	430 
603 	3799 	408 	2507 	5292 	1215 
604 	5086 	1193 	3292 	12649 	2000 
605 	12443 	1978 	4077 	686 	2785 
606 	664 	2763 	7690 	1471 	3570 
607 	1449 	3548 	157 	2256 	4355 
608 	2234 	4333 	942 	3041 	10298 
609 	3019 	10092 	1727 	3826 	435 
610 	3804 	413 	2512 	5339 	1220 
611 	5133 	1198 	3297 	12696 	2005 
612 	12490 	1983 	4082 	691 	2790 
613 	669 	2768 	7737 	1476 	3575 
614 	1454 	3553 	162 	2261 	4360 
615 	2239 	4338 	947 	3046 	10345 
616 	3024 	10139 	1732 	3831 	440 
617 	3809 	418 	2517 	5386 	1225 
618 	5180 	1203 	3302 	12743 	2010 
619 	12537 	1988 	4087 	696 	2795 
620 	674 	2773 	7784 	1481 	3580 
621 	1459 	3558 	167 	2266 	4365 
622 	2244 	4343 	952 	3051 	10392 
623 	3029 	10186 	1737 	3836 	445 
624 	3814 	423 	2522 	5433 	1230 
625 	5226 	1208 	3307 	12790 	2015 
626 	12584 	1993 	4092 	701 	2800 
627 	679 	2778 	7830 	1486 	3585 
628 	1464 	3563 	172 	2271 	4370 
629 	2249 	4348 	957 	3056 	10439 
630 	3034 	10233 	1742 	3841 	450 
631 	3819 	428 	2527 	5479 	1235 
632 	5273 	1213 	3312 	12837 	2020 
633 	12631 	1998 	4097 	706 	2805 
634 	684 	2783 	7877 	1491 	3590 
635 	1469 	3568 	177 	2276 	4375 
636 	2254 	4353 	962 	3061 	10486 
637 	3039 	10280 	1747 	3846 	455 
638 	3824 	433 	2532 	5526 	1240 
639 	5320 	1218 	3317 	12884 	2025 
640 	12678 	2003 	4102 	711 	2810 
641 	689 	2788 	7924 	1496 	3595 
642 	1474 	3573 	182 	2281 	4380 
643 	2259 	4358 	967 	3066 	10533 
644 	3044 	10327 	1752 	3851 	460 
645 	3829 	438 	2537 	5573 	1245 
646 	5367 	1223 	3322 	12930 	2030 
647 	12724 	2008 	4107 	716 	2815 
648 	694 	2793 	7971 	1501 	3600 
649 	1479 	3578 	187 	2286 	4385 
650 	2264 	4363 	972 	3071 	10579 
651 	3049 	10373 	1757 	3856 	465 
652 	3834 	443 	2542 	5620 	1250 
653 	5414 	1228 	3327 	12977 	2035 
654 	12771 	2013 	4112 	721 	2820 
655 	699 	2798 	8018 	1506 	3605 
656 	1484 	3583 	192 	2291 	4390 
657 	2269 	4368 	977 	3076 	10626 
658 	3054 	10420 	1762 	3861 	470 
659 	3839 	448 	2547 	5667 	1255 
660 	5461 	1233 	3332 	13024 	2040 
661 	12818 	2018 	4117 	726 	2825 
662 	704 	2803 	8065 	1511 	3610 
663 	1489 	3588 	197 	2296 	4395 
664 	2274 	4373 	982 	3081 	10673 
665 	3059 	10467 	1767 	3866 	475 
666 	3844 	453 	2552 	5714 	1260 
667 	5507 	1238 	3337 	13071 	2045 
668 	12865 	2023 	4122 	731 	2830 
669 	709 	2808 	8111 	1516 	3615 
670 	1494 	3593 	202 	2301 	4400 
671 	2279 	4378 	987 	3086 	10720 
672 	3064 	10514 	1772 	3871 	480 
673 	3849 	458 	2557 	5760 	1265 
674 	5554 	1243 	3342 	13118 	2050 
675 	12912 	2028 	4127 	736 	2835 
676 	714 	2813 	8158 	1521 	3620 
677 	1499 	3598 	207 	2306 	4405 
678 	2284 	4383 	992 	3091 	10767 
679 	3069 	10561 	1777 	3876 	485 
680 	3854 	463 	2562 	5807 	1270 
681 	5601 	1248 	3347 	13165 	2055 
682 	12958 	2033 	4132 	741 	2840 
683 	719 	2818 	8205 	1526 	3625 
684 	1504 	3603 	212 	2311 	4410 
685 	2289 	4388 	997 	3096 	10814 
686 	3074 	10608 	1782 	3881 	490 
687 	3859 	468 	2567 	5854 	1275 
688 	5648 	1253 	3352 	13211 	2060 
689 	13005 	2038 	4137 	746 	2845 
690 	724 	2823 	8252 	1531 	3630 
691 	1509 	3608 	217 	2316 	4415 
692 	2294 	4393 	1002 	3101 	10860 
693 	3079 	10654 	1787 	3886 	495 
694 	3864 	473 	2572 	5901 	1280 
695 	5695 	1258 	3357 	13258 	2065 
696 	13052 	2043 	4142 	751 	2850 
697 	729 	2828 	8299 	1536 	3635 
698 	1514 	3613 	222 	2321 	4420 
699 	2299 	4398 	1007 	3106 	10907 
700 	3084 	10701 	1792 	3891 	500 
701 	3869 	478 	2577 	5948 	1285 
702 	5742 	1263 	3362 	13305 	2070 
703 	13099 	2048 	4147 	756 	2855 
704 	734 	2833 	8346 	1541 	3640 
705 	1519 	3618 	227 	2326 	4425 
706 	2304 	4403 	1012 	3111 	10954 
707 	3089 	10748 	1797 	3896 	505 
708 	3874 	483 	2582 	5995 	1290 
709 	5788 	1268 	3367 	13352 	2075 
710 	13146 	2053 	4152 	761 	2860 
711 	739 	2838 	8392 	1546 	3645 
712 	1524 	3623 	232 	2331 	4430 
713 	2309 	4408 	1017 	3116 	11001 
714 	3094 	10795 	1802 	3901 	510 
715 	3879 	488 	2587 	6041 	1295 
716 	5835 	1273 	3372 	13399 	2080 
717 	13193 	2058 	4157 	766 	2865 
718 	744 	2843 	8439 	1551 	3650 
719 	1529 	3628 	237 	2336 	4435 
720 	2314 	4413 	1022 	3121 	11048 
721 	3099 	10842 	1807 	3906 	515 
722 	3884 	493 	2592 	6088 	1300 
723 	5882 	1278 	3377 	13446 	2085 
724 	13239 	2063 	4162 	771 	2870 
725 	749 	2848 	8486 	1556 	3655 
726 	1534 	3633 	242 	2341 	4440 
727 	2319 	4418 	1027 	3126 	11095 
728 	3104 	10889 	1812 	3911 	520 
729 	3889 	498 	2597 	6135 	1305 
730 	5929 	1283 	3382 	13492 	2090 
731 	13286 	2068 	4167 	776 	2875 
732 	754 	2853 	8533 	1561 	3660 
733 	1539 	3638 	247 	2346 	4445 
734 	2324 	4423 	1032 	3131 	11141 
735 	3109 	10935 	1817 	3916 	525 
736 	3894 	503 	2602 	6182 	1310 
737 	5976 	1288 	3387 	13539 	2095 
738 	13333 	2073 	4172 	781 	2880 
739 	759 	2858 	8580 	1566 	3665 
740 	1544 	3643 	252 	2351 	4450 
741 	2329 	4428 	1037 	3136 	11188 
742 	3114 	10982 	1822 	3921 	530 
743 	3899 	508 	2607 	6229 	1315 
744 	6023 	1293 	3392 	1 	2100 
745 	13380 	2078 	4177 	786 	2885 
746 	764 	2863 	8627 	1571 	3670 
747 	1549 	3648 	257 	2356 	4455 
748 	2334 	4433 	1042 	3141 	11235 
749 	3119 	11029 	1827 	3926 	535 
750 	3904 	513 	2612 	6276 	1320 
751 	6069 	1298 	3397 	6 	2105 
752 	13427 	2083 	4182 	791 	2890 
753 	769 	2868 	8673 	1576 	3675 
754 	1554 	3653 	262 	2361 	4460 
755 	2339 	4438 	1047 	3146 	11282 
756 	3124 	11076 	1832 	3931 	540 
757 	3909 	518 	2617 	6322 	1325 
758 	6116 	1303 	3402 	11 	2110 
759 	13474 	2088 	4187 	796 	2895 
760 	774 	2873 	8720 	1581 	3680 
761 	1559 	3658 	267 	2366 	4465 
762 	2344 	4443 	1052 	3151 	11329 
763 	3129 	11123 	1837 	3936 	545 
764 	3914 	523 	2622 	6369 	1330 
765 	6163 	1308 	3407 	16 	2115 
766 	13520 	2093 	4192 	801 	2900 
767 	779 	2878 	8767 	1586 	3685 
768 	1564 	3663 	272 	2371 	4470 
769 	2349 	4448 	1057 	3156 	11376 
770 	3134 	11170 	1842 	3941 	550 
771 	3919 	528 	2627 	6416 	1335 
772 	6210 	1313 	3412 	21 	2120 
773 	13567 	2098 	4197 	806 	2905 
774 	784 	2883 	8814 	1591 	3690 
775 	1569 	3668 	277 	2376 	4475 
776 	2354 	4453 	1062 	3161 	11422 
777 	3139 	11216 	1847 	3946 	555 
778 	3924 	533 	2632 	6463 	1340 
779 	6257 	1318 	3417 	26 	2125 
780 	4 	2103 	4202 	811 	2910 
781 	789 	2888 	8861 	1596 	3695 
782 	1574 	3673 	282 	2381 	4480 
783 	2359 	4458 	1067 	3166 	11469 
784 	3144 	11263 	1852 	3951 	560 
785 	3929 	538 	2637 	6510 	1345 
786 	6304 	1323 	3422 	31 	2130 
787 	9 	2108 	4207 	816 	2915 
788 	794 	2893 	8908 	1601 	3700 
789 	1579 	3678 	287 	2386 	4485 
790 	2364 	4463 	1072 	3171 	11516 
791 	3149 	11310 	1857 	3956 	565 
792 	3934 	543 	2642 	6557 	1350 
793 	6350 	1328 	3427 	36 	2135 
794 	14 	2113 	4212 	821 	2920 
795 	799 	2898 	8954 	1606 	3705 
796 	1584 	3683 	292 	2391 	4490 
797 	2369 	4468 	1077 	3176 	11563 
798 	3154 	11357 	1862 	3961 	570 
799 	3939 	548 	2647 	6603 	1355 
800 	6397 	1333 	3432 	41 	2140 
801 	19 	2118 	4217 	826 	2925 
802 	804 	2903 	9001 	1611 	3710 
803 	1589 	3688 	297 	2396 	4495 
804 	2374 	4473 	1082 	3181 	11610 
805 	3159 	11404 	1867 	3966 	575 
806 	3944 	553 	2652 	6650 	1360 
807 	6444 	1338 	3437 	46 	2145 
808 	24 	2123 	4222 	831 	2930 
809 	809 	2908 	9053 	1616 	3715 
810 	1594 	3693 	302 	2401 	4500 
811 	2379 	4478 	1087 	3186 	11657 
812 	3164 	11450 	1872 	3971 	580 
813 	3949 	558 	2657 	6697 	1365 
814 	6491 	1343 	3442 	51 	2150 
815 	29 	2128 	4227 	836 	2935 
816 	814 	2913 	9100 	1621 	3720 
817 	1599 	3698 	307 	2406 	4505 
818 	2384 	4483 	1092 	3191 	11703 
819 	3169 	11497 	1877 	3976 	585 
820 	3954 	563 	2662 	6744 	1370 
821 	6538 	1348 	3447 	56 	2155 
822 	34 	2133 	4232 	841 	2940 
823 	819 	2918 	9146 	1626 	3725 
824 	1604 	3703 	312 	2411 	4510 
825 	2389 	4488 	1097 	3196 	11750 
826 	3174 	11544 	1882 	3981 	590 
827 	3959 	568 	2667 	6791 	1375 
828 	6585 	1353 	3452 	61 	2160 
829 	39 	2138 	4237 	846 	2945 
830 	824 	2923 	9193 	1631 	3730 
831 	1609 	3708 	317 	2416 	4515 
832 	2394 	4493 	1102 	3201 	11797 
833 	3179 	11591 	1887 	3986 	595 
834 	3964 	573 	2672 	6838 	1380 
835 	6631 	1358 	3457 	66 	2165 
836 	44 	2143 	4242 	851 	2950 
837 	829 	2928 	9240 	1636 	3735 
838 	1614 	3713 	322 	2421 	4520 
839 	2399 	4498 	1107 	3206 	11844 
840 	3184 	11638 	1892 	3991 	600 
841 	3969 	578 	2677 	6884 	1385 
842 	6678 	1363 	3462 	71 	2170 
843 	49 	2148 	4247 	856 	2955 
844 	834 	2933 	9287 	1641 	3740 
845 	1619 	3718 	327 	2426 	4533 
846 	2404 	4503 	1112 	3211 	11891 
847 	3189 	11685 	1897 	3996 	605 
848 	3974 	583 	2682 	6931 	1390 
849 	6725 	1368 	3467 	76 	2175 
850 	54 	2153 	4252 	861 	2960 
851 	839 	2938 	9334 	1646 	3745 
852 	1624 	3723 	332 	2431 	4580 
853 	2409 	4508 	1117 	3216 	11938 
854 	3194 	11731 	1902 	4001 	610 
855 	3979 	588 	2687 	6978 	1395 
856 	6772 	1373 	3472 	81 	2180 
857 	59 	2158 	4257 	866 	2965 
858 	844 	2943 	9381 	1651 	3750 
859 	1629 	3728 	337 	2436 	4627 
860 	2414 	4513 	1122 	3221 	11984 
861 	3199 	11778 	1907 	4006 	615 
862 	3984 	593 	2692 	7025 	1400 
863 	6819 	1378 	3477 	86 	2185 
864 	64 	2163 	4262 	871 	2970 
865 	849 	2948 	9427 	1656 	3755 
866 	1634 	3733 	342 	2441 	4674 
867 	2419 	4518 	1127 	3226 	12031 
868 	3204 	11825 	1912 	4011 	620 
869 	3989 	598 	2697 	7072 	1405 
870 	6866 	1383 	3482 	91 	2190 
871 	69 	2168 	4267 	876 	2975 
872 	854 	2953 	9474 	1661 	3760 
873 	1639 	3738 	347 	2446 	4721 
874 	2424 	4523 	1132 	3231 	12078 
875 	3209 	11872 	1917 	4016 	625 
876 	3994 	603 	2702 	7119 	1410 
877 	6912 	1388 	3487 	96 	2195 
878 	74 	2173 	4272 	881 	2980 
879 	859 	2958 	9521 	1666 	3765 
880 	1644 	3743 	352 	2451 	4768 
881 	2429 	4561 	1137 	3236 	12125 
882 	3214 	11919 	1922 	4021 	630 
883 	3999 	608 	2707 	7165 	1415 
884 	6959 	1393 	3492 	101 	2200 
885 	79 	2178 	4277 	886 	2985 
886 	864 	2963 	9568 	1671 	3770 
887 	1649 	3748 	357 	2456 	4814 
888 	2434 	4608 	1142 	3241 	12172 
889 	3219 	11966 	1927 	4026 	635 
890 	4004 	613 	2712 	7212 	1420 
891 	7006 	1398 	3497 	106 	2205 
892 	84 	2183 	4282 	891 	2990 
893 	869 	2968 	9615 	1676 	3775 
894 	1654 	3753 	362 	2461 	4861 
895 	2439 	4655 	1147 	3246 	12219 
896 	3224 	12012 	1932 	4031 	640 
897 	4009 	618 	2717 	7259 	1425 
898 	7053 	1403 	3502 	111 	2210 
899 	89 	2188 	4287 	896 	2995 
900 	874 	2973 	9662 	1681 	3780 
901 	1659 	3758 	367 	2466 	4908 
902 	2444 	4702 	1152 	3251 	12265 
903 	3229 	12059 	1937 	4036 	645 
904 	4014 	623 	2722 	7306 	1430 
905 	7100 	1408 	3507 	116 	2215 
906 	94 	2193 	4292 	901 	3000 
907 	879 	2978 	9708 	1686 	3785 
908 	1664 	3763 	372 	2471 	4955 
909 	2449 	4749 	1157 	3256 	12312 
910 	3234 	12106 	1942 	4041 	650 
911 	4019 	628 	2727 	7353 	1435 
912 	7147 	1413 	3512 	121 	2220 
913 	99 	2198 	4297 	906 	3005 
914 	884 	2983 	9755 	1691 	3790 
915 	1669 	3768 	377 	2476 	5002 
916 	2454 	4796 	1162 	3261 	12359 
917 	3239 	12153 	1947 	4046 	655 
918 	4024 	633 	2732 	7400 	1440 
919 	7193 	1418 	3517 	126 	2225 
920 	104 	2203 	4302 	911 	3010 
921 	889 	2988 	9802 	1696 	3795 
922 	1674 	3773 	382 	2481 	5049 
923 	2459 	4842 	1167 	3266 	12406 
924 	3244 	12200 	1952 	4051 	660 
925 	4029 	638 	2737 	7446 	1445 
926 	7240 	1423 	3522 	131 	2230 
927 	109 	2208 	4307 	916 	3015 
928 	894 	2993 	9849 	1701 	3800 
929 	1679 	3778 	387 	2486 	5095 
930 	2464 	4889 	1172 	3271 	12453 
931 	3249 	12247 	1957 	4056 	665 
932 	4034 	643 	2742 	7493 	1450 
933 	7287 	1428 	3527 	136 	2235 
934 	114 	2213 	4312 	921 	3020 
935 	899 	2998 	9896 	1706 	3805 
936 	1684 	3783 	392 	2491 	5142 
937 	2469 	4936 	1177 	3276 	12500 
938 	3254 	12293 	1962 	4061 	670 
939 	4039 	648 	2747 	7540 	1455 
940 	7334 	1433 	3532 	141 	2240 
941 	119 	2218 	4317 	926 	3025 
942 	904 	3003 	9942 	1711 	3810 
943 	1689 	3788 	397 	2496 	5189 
944 	2474 	4983 	1182 	3281 	12546 
945 	3259 	12340 	1967 	4066 	675 
946 	4044 	653 	2752 	7587 	1460 
947 	7381 	1438 	3537 	146 	2245 
948 	124 	2223 	4322 	931 	3030 
949 	909 	3008 	9989 	1716 	3815 
950 	1694 	3793 	402 	2501 	5236 
951 	2479 	5030 	1187 	3286 	12593 
952 	3264 	12387 	1972 	4071 	680 
953 	4049 	658 	2757 	7634 	1465 
954 	7428 	1443 	3542 	151 	2250 
955 	129 	2228 	4327 	936 	3035 
956 	914 	3013 	10036 	1721 	3820 
957 	1699 	3798 	407 	2506 	5283 
958 	2484 	5077 	1192 	3291 	12640 
959 	3269 	12434 	1977 	4076 	685 
960 	4054 	663 	2762 	7680 	1470 
961 	7474 	1448 	3547 	156 	2255 
962 	134 	2233 	4332 	941 	3040 
963 	919 	3018 	10083 	1726 	3825 
964 	1704 	3803 	412 	2511 	5330 
965 	2489 	5123 	1197 	3296 	12687 
966 	3274 	12481 	1982 	4081 	690 
967 	4059 	668 	2767 	7727 	1475 
968 	7521 	1453 	3552 	161 	2260 
969 	139 	2238 	4337 	946 	3045 
970 	924 	3023 	10130 	1731 	3830 
971 	1709 	3808 	417 	2516 	5376 
972 	2494 	5170 	1202 	3301 	12734 
973 	3279 	12528 	1987 	4086 	695 
974 	4064 	673 	2772 	7774 	1480 
975 	7568 	1458 	3557 	166 	2265 
976 	144 	2243 	4342 	951 	3050 
977 	929 	3028 	10177 	1736 	3835 
978 	1714 	3813 	422 	2521 	5423 
979 	2499 	5217 	1207 	3306 	12781 
980 	3284 	12574 	1992 	4091 	700 
981 	4069 	678 	2777 	7821 	1485 
982 	7615 	1463 	3562 	171 	2270 
983 	149 	2248 	4347 	956 	3055 
984 	934 	3033 	10223 	1741 	3840 
985 	1719 	3818 	427 	2526 	5470 
986 	2504 	5264 	1212 	3311 	12827 
987 	3289 	12621 	1997 	4096 	705 
988 	4074 	683 	2782 	7868 	1490 
989 	7662 	1468 	3567 	176 	2275 
990 	154 	2253 	4352 	961 	3060 
991 	939 	3038 	10270 	1746 	3845 
992 	1724 	3823 	432 	2531 	5517 
993 	2509 	5311 	1217 	3316 	12874 
994 	3294 	12668 	2002 	4101 	710 
995 	4079 	688 	2787 	7915 	1495 
996 	7709 	1473 	3572 	181 	2280 
997 	159 	2258 	4357 	966 	3065 
998 	944 	3043 	10317 	1751 	3850 
999 	1729 	3828 	437 	2536 	5564 
1000 	2514 	5358 	1222 	3321 	12921 
1001 	3299 	12715 	2007 	4106 	715 
1002 	4084 	693 	2792 	7961 	1500 
1003 	7755 	1478 	3577 	186 	2285 
1004 	164 	2263 	4362 	971 	3070 
1005 	949 	3048 	10364 	1756 	3855 
1006 	1734 	3833 	442 	2541 	5611 
1007 	2519 	5404 	1227 	3326 	12968 
1008 	3304 	12762 	2012 	4111 	720 
1009 	4089 	698 	2797 	8008 	1505 
1010 	7802 	1483 	3582 	191 	2290 
1011 	169 	2268 	4367 	976 	3075 
1012 	954 	3053 	10411 	1761 	3860 
1013 	1739 	3838 	447 	2546 	5657 
1014 	2524 	5451 	1232 	3331 	13015 
1015 	3309 	12809 	2017 	4116 	725 
1016 	4094 	703 	2802 	8055 	1510 
1017 	7849 	1488 	3587 	196 	2295 
1018 	174 	2273 	4372 	981 	3080 
1019 	959 	3058 	10458 	1766 	3865 
1020 	1744 	3843 	452 	2551 	5704 
1021 	2529 	5498 	1237 	3336 	13062 
1022 	3314 	12855 	2022 	4121 	730 
1023 	4099 	708 	2807 	8102 	1515 
1024 	7896 	1493 	3592 	201 	2300 
1025 	179 	2278 	4377 	986 	3085 
1026 	964 	3063 	10504 	1771 	3870 
1027 	1749 	3848 	457 	2556 	5751 
1028 	2534 	5545 	1242 	3341 	13108 
1029 	3319 	12902 	2027 	4126 	735 
1030 	4104 	713 	2812 	8149 	1520 
1031 	7943 	1498 	3597 	206 	2305 
1032 	184 	2283 	4382 	991 	3090 
1033 	969 	3068 	10551 	1776 	3875 
1034 	1754 	3853 	462 	2561 	5798 
1035 	2539 	5592 	1247 	3346 	13155 
1036 	3324 	12949 	2032 	4131 	740 
1037 	4109 	718 	2817 	8196 	1525 
1038 	7990 	1503 	3602 	211 	2310 
1039 	189 	2288 	4387 	996 	3095 
1040 	974 	3073 	10598 	1781 	3880 
1041 	1759 	3858 	467 	2566 	5845 
1042 	2544 	5639 	1252 	3351 	13202 
1043 	3329 	12996 	2037 	4136 	745 
1044 	4114 	723 	2822 	8242 	1530 
1045 	8036 	1508 	3607 	216 	2315 
1046 	194 	2293 	4392 	1001 	3100 
1047 	979 	3078 	10645 	1786 	3885 
1048 	1764 	3863 	472 	2571 	5892 
1049 	2549 	5685 	1257 	3356 	13249 
1050 	3334 	13043 	2042 	4141 	750 
1051 	4119 	728 	2827 	8289 	1535 
1052 	8083 	1513 	3612 	221 	2320 
1053 	199 	2298 	4397 	1006 	3105 
1054 	984 	3083 	10692 	1791 	3890 
1055 	1769 	3868 	477 	2576 	5938 
1056 	2554 	5732 	1262 	3361 	13296 
1057 	3339 	13090 	2047 	4146 	755 
1058 	4124 	733 	2832 	8336 	1540 
1059 	8130 	1518 	3617 	226 	2325 
1060 	204 	2303 	4402 	1011 	3110 
1061 	989 	3088 	10739 	1796 	3895 
1062 	1774 	3873 	482 	2581 	5985 
1063 	2559 	5779 	1267 	3366 	13343 
1064 	3344 	13136 	2052 	4151 	760 
1065 	4129 	738 	2837 	8383 	1545 
1066 	8177 	1523 	3622 	231 	2330 
1067 	209 	2308 	4407 	1016 	3115 
1068 	994 	3093 	10785 	1801 	3900 
1069 	1779 	3878 	487 	2586 	6032 
1070 	2564 	5826 	1272 	3371 	13389 
1071 	3349 	13183 	2057 	4156 	765 
1072 	4134 	743 	2842 	8430 	1550 
1073 	8224 	1528 	3627 	236 	2335 
1074 	214 	2313 	4412 	1021 	3120 
1075 	999 	3098 	10832 	1806 	3905 
1076 	1784 	3883 	492 	2591 	6079 
1077 	2569 	5873 	1277 	3376 	13436 
1078 	3354 	13230 	2062 	4161 	770 
1079 	4139 	748 	2847 	8477 	1555 
1080 	8271 	1533 	3632 	241 	2340 
1081 	219 	2318 	4417 	1026 	3125 
1082 	1004 	3103 	10879 	1811 	3910 
1083 	1789 	3888 	497 	2596 	6126 
1084 	2574 	5920 	1282 	3381 	13483 
1085 	3359 	13277 	2067 	4166 	775 
1086 	4144 	753 	2852 	8523 	1560 
1087 	8317 	1538 	3637 	246 	2345 
1088 	224 	2323 	4422 	1031 	3130 
1089 	1009 	3108 	10926 	1816 	3915 
1090 	1794 	3893 	502 	2601 	6172 
1091 	2579 	5966 	1287 	3386 	13530 
1092 	3364 	13324 	2072 	4171 	780 
1093 	4149 	758 	2857 	8570 	1565 
1094 	8364 	1543 	3642 	251 	2350 
1095 	229 	2328 	4427 	1036 	3135 
1096 	1014 	3113 	10973 	1821 	3920 
1097 	1799 	3898 	507 	2606 	6219 
