FR80T5X64H3
Channel Interleaving, Puncturing and Mapping to 64-QAM
User data=4320, with flush=4324, Channel Symbols=1024, Channel Bits=6144, p=910, q=910, Coding Rate=0.703125

Symbol	b5 	b4 	b3 	b2 	b1 	b0 
0 	696 	348 	0 	3367 	3019 	2671 
1 	5417 	918 	570 	10755 	3589 	3241 
2 	6510 	1140 	792 	11848 	3811 	3463 
3 	7603 	1362 	1014 	12941 	4033 	3685 
4 	8698 	1584 	1236 	5384 	4255 	3907 
5 	9791 	1806 	1458 	6476 	153 	4129 
6 	10884 	2028 	1680 	7569 	375 	27 
7 	11977 	2250 	1902 	8665 	597 	249 
8 	4419 	2472 	2124 	9758 	819 	471 
9 	5512 	2694 	2346 	10850 	1041 	693 
10 	6605 	2916 	2568 	11943 	1263 	915 
11 	7698 	3138 	2790 	4386 	1485 	1137 
12 	8793 	3360 	3012 	5479 	1707 	1359 
13 	9886 	3582 	3234 	6572 	1929 	1581 
14 	10979 	3804 	3456 	7664 	2151 	1803 
15 	12072 	4026 	3678 	8760 	2373 	2025 
16 	4514 	4248 	3900 	9853 	2595 	2247 
17 	494 	146 	4122 	3165 	2817 	2469 
18 	716 	368 	20 	3387 	3039 	2691 
19 	5056 	938 	590 	10394 	3609 	3261 
20 	6149 	1160 	812 	11487 	3831 	3483 
21 	7242 	1382 	1034 	12580 	4053 	3705 
22 	8334 	1604 	1256 	5022 	4275 	3927 
23 	9430 	1826 	1478 	6115 	173 	4149 
24 	10523 	2048 	1700 	7208 	395 	47 
25 	11615 	2270 	1922 	8301 	617 	269 
26 	12708 	2492 	2144 	9396 	839 	491 
27 	5151 	2714 	2366 	10489 	1061 	713 
28 	6244 	2936 	2588 	11582 	1283 	935 
29 	7337 	3158 	2810 	12675 	1505 	1157 
30 	8429 	3380 	3032 	5118 	1727 	1379 
31 	9525 	3602 	3254 	6210 	1949 	1601 
32 	10618 	3824 	3476 	7303 	2171 	1823 
33 	11710 	4046 	3698 	8396 	2393 	2045 
34 	12803 	4268 	3920 	9491 	2615 	2267 
35 	5246 	166 	4142 	10584 	2837 	2489 
36 	736 	388 	40 	3407 	3059 	2711 
37 	958 	610 	262 	3629 	3281 	2933 
38 	5788 	1180 	832 	11126 	3851 	3503 
39 	6880 	1402 	1054 	12219 	4073 	3725 
40 	7973 	1624 	1276 	4661 	4295 	3947 
41 	9069 	1846 	1498 	5754 	193 	4169 
42 	10161 	2068 	1720 	6847 	415 	67 
43 	11254 	2290 	1942 	7940 	637 	289 
44 	12347 	2512 	2164 	9035 	859 	511 
45 	4790 	2734 	2386 	10128 	1081 	733 
46 	5883 	2956 	2608 	11221 	1303 	955 
47 	6975 	3178 	2830 	12314 	1525 	1177 
48 	8068 	3400 	3052 	4756 	1747 	1399 
49 	9164 	3622 	3274 	5849 	1969 	1621 
50 	10256 	3844 	3496 	6942 	2191 	1843 
51 	11349 	4066 	3718 	8035 	2413 	2065 
52 	12442 	4288 	3940 	9130 	2635 	2287 
53 	4885 	186 	4162 	10223 	2857 	2509 
54 	756 	408 	60 	3427 	3079 	2731 
55 	978 	630 	282 	3649 	3301 	2953 
56 	5426 	1200 	852 	10765 	3871 	3523 
57 	6519 	1422 	1074 	11858 	4093 	3745 
58 	7612 	1644 	1296 	12951 	4315 	3967 
59 	8707 	1866 	1518 	5393 	213 	4189 
60 	9800 	2088 	1740 	6486 	435 	87 
61 	10893 	2310 	1962 	7579 	657 	309 
62 	11986 	2532 	2184 	8674 	879 	531 
63 	4429 	2754 	2406 	9767 	1101 	753 
64 	5521 	2976 	2628 	10860 	1323 	975 
65 	6614 	3198 	2850 	11953 	1545 	1197 
66 	7707 	3420 	3072 	4395 	1767 	1419 
67 	8802 	3642 	3294 	5488 	1989 	1641 
68 	9895 	3864 	3516 	6581 	2211 	1863 
69 	10988 	4086 	3738 	7674 	2433 	2085 
70 	12081 	4308 	3960 	8769 	2655 	2307 
71 	4524 	206 	4182 	9862 	2877 	2529 
72 	5616 	428 	80 	10955 	3099 	2751 
73 	998 	650 	302 	3669 	3321 	2973 
74 	1220 	872 	524 	3891 	3543 	3195 
75 	6158 	1442 	1094 	11497 	4113 	3765 
76 	7251 	1664 	1316 	12589 	11 	3987 
77 	8344 	1886 	1538 	5032 	233 	4209 
78 	9439 	2108 	1760 	6125 	455 	107 
79 	10532 	2330 	1982 	7218 	677 	329 
80 	11625 	2552 	2204 	8311 	899 	551 
81 	12718 	2774 	2426 	9406 	1121 	773 
82 	5160 	2996 	2648 	10499 	1343 	995 
83 	6253 	3218 	2870 	11592 	1565 	1217 
84 	7346 	3440 	3092 	12685 	1787 	1439 
85 	8439 	3662 	3314 	5127 	2009 	1661 
86 	9534 	3884 	3536 	6220 	2231 	1883 
87 	10627 	4106 	3758 	7313 	2453 	2105 
88 	11720 	4 	3980 	8406 	2675 	2327 
89 	12813 	226 	4202 	9501 	2897 	2549 
90 	5255 	448 	100 	10594 	3119 	2771 
91 	6348 	670 	322 	11687 	3341 	2993 
92 	1240 	892 	544 	3911 	3563 	3215 
93 	1462 	1114 	766 	4133 	3785 	3437 
94 	6890 	1684 	1336 	12228 	31 	4007 
95 	7983 	1906 	1558 	4671 	253 	4229 
96 	9078 	2128 	1780 	5764 	475 	127 
97 	10171 	2350 	2002 	6857 	697 	349 
98 	11264 	2572 	2224 	7950 	919 	571 
99 	12357 	2794 	2446 	9045 	1141 	793 
100 	4799 	3016 	2668 	10138 	1363 	1015 
101 	5892 	3238 	2890 	11231 	1585 	1237 
102 	6985 	3460 	3112 	12323 	1807 	1459 
103 	8078 	3682 	3334 	4766 	2029 	1681 
104 	9173 	3904 	3556 	5859 	2251 	1903 
105 	10266 	4126 	3778 	6952 	2473 	2125 
106 	11359 	24 	4000 	8045 	2695 	2347 
107 	12452 	246 	4222 	9140 	2917 	2569 
108 	4894 	468 	120 	10233 	3139 	2791 
109 	5987 	690 	342 	11326 	3361 	3013 
110 	1260 	912 	564 	3931 	3583 	3235 
111 	1482 	1134 	786 	4153 	3805 	3457 
112 	6529 	1704 	1356 	11867 	51 	4027 
113 	7622 	1926 	1578 	12960 	273 	4249 
114 	8717 	2148 	1800 	5403 	495 	147 
115 	9810 	2370 	2022 	6496 	717 	369 
116 	10903 	2592 	2244 	7588 	939 	591 
117 	11996 	2814 	2466 	8684 	1161 	813 
118 	4438 	3036 	2688 	9777 	1383 	1035 
119 	5531 	3258 	2910 	10869 	1605 	1257 
120 	6624 	3480 	3132 	11962 	1827 	1479 
121 	7717 	3702 	3354 	4405 	2049 	1701 
122 	8812 	3924 	3576 	5498 	2271 	1923 
123 	9905 	4146 	3798 	6591 	2493 	2145 
124 	10998 	44 	4020 	7683 	2715 	2367 
125 	12091 	266 	4242 	8779 	2937 	2589 
126 	4533 	488 	140 	9872 	3159 	2811 
127 	5626 	710 	362 	10964 	3381 	3033 
128 	6719 	932 	584 	12057 	3603 	3255 
129 	1502 	1154 	806 	4173 	3825 	3477 
130 	1724 	1376 	1028 	71 	4047 	3699 
131 	7261 	1946 	1598 	12599 	293 	4269 
132 	8353 	2168 	1820 	5041 	515 	167 
133 	9449 	2390 	2042 	6134 	737 	389 
134 	10542 	2612 	2264 	7227 	959 	611 
135 	11634 	2834 	2486 	8320 	1181 	833 
136 	12727 	3056 	2708 	9415 	1403 	1055 
137 	5170 	3278 	2930 	10508 	1625 	1277 
138 	6263 	3500 	3152 	11601 	1847 	1499 
139 	7356 	3722 	3374 	12694 	2069 	1721 
140 	8448 	3944 	3596 	5137 	2291 	1943 
141 	9544 	4166 	3818 	6229 	2513 	2165 
142 	10637 	64 	4040 	7322 	2735 	2387 
143 	11729 	286 	4262 	8415 	2957 	2609 
144 	12822 	508 	160 	9510 	3179 	2831 
145 	5265 	730 	382 	10603 	3401 	3053 
146 	6358 	952 	604 	11696 	3623 	3275 
147 	1522 	1174 	826 	4193 	3845 	3497 
148 	1744 	1396 	1048 	91 	4067 	3719 
149 	6899 	1966 	1618 	12238 	313 	4289 
150 	7992 	2188 	1840 	4680 	535 	187 
151 	9088 	2410 	2062 	5773 	757 	409 
152 	10180 	2632 	2284 	6866 	979 	631 
153 	11273 	2854 	2506 	7959 	1201 	853 
154 	12366 	3076 	2728 	9054 	1423 	1075 
155 	4809 	3298 	2950 	10147 	1645 	1297 
156 	5902 	3520 	3172 	11240 	1867 	1519 
157 	6994 	3742 	3394 	12333 	2089 	1741 
158 	8087 	3964 	3616 	4775 	2311 	1963 
159 	9183 	4186 	3838 	5868 	2533 	2185 
160 	10275 	84 	4060 	6961 	2755 	2407 
161 	11368 	306 	4282 	8054 	2977 	2629 
162 	12461 	528 	180 	9149 	3199 	2851 
163 	4904 	750 	402 	10242 	3421 	3073 
164 	5997 	972 	624 	11335 	3643 	3295 
165 	7089 	1194 	846 	12428 	3865 	3517 
166 	1764 	1416 	1068 	111 	4087 	3739 
167 	1986 	1638 	1290 	333 	4309 	3961 
168 	7631 	2208 	1860 	12970 	555 	207 
169 	8726 	2430 	2082 	5412 	777 	429 
170 	9819 	2652 	2304 	6505 	999 	651 
171 	10912 	2874 	2526 	7598 	1221 	873 
172 	12005 	3096 	2748 	8693 	1443 	1095 
173 	4448 	3318 	2970 	9786 	1665 	1317 
174 	5540 	3540 	3192 	10879 	1887 	1539 
175 	6633 	3762 	3414 	11972 	2109 	1761 
176 	7726 	3984 	3636 	4414 	2331 	1983 
177 	8821 	4206 	3858 	5507 	2553 	2205 
178 	9914 	104 	4080 	6600 	2775 	2427 
179 	11007 	326 	4302 	7693 	2997 	2649 
180 	12100 	548 	200 	8788 	3219 	2871 
181 	4543 	770 	422 	9881 	3441 	3093 
182 	5635 	992 	644 	10974 	3663 	3315 
183 	6728 	1214 	866 	12067 	3885 	3537 
184 	7821 	1436 	1088 	4509 	4107 	3759 
185 	2006 	1658 	1310 	353 	5 	3981 
186 	2228 	1880 	1532 	575 	227 	4203 
187 	8363 	2450 	2102 	5051 	797 	449 
188 	9458 	2672 	2324 	6144 	1019 	671 
189 	10551 	2894 	2546 	7237 	1241 	893 
190 	11644 	3116 	2768 	8330 	1463 	1115 
191 	12737 	3338 	2990 	9425 	1685 	1337 
192 	5179 	3560 	3212 	10518 	1907 	1559 
193 	6272 	3782 	3434 	11611 	2129 	1781 
194 	7365 	4004 	3656 	12704 	2351 	2003 
195 	8458 	4226 	3878 	5146 	2573 	2225 
196 	9553 	124 	4100 	6239 	2795 	2447 
197 	10646 	346 	4322 	7332 	3017 	2669 
198 	11739 	568 	220 	8425 	3239 	2891 
199 	12832 	790 	442 	9520 	3461 	3113 
200 	5274 	1012 	664 	10613 	3683 	3335 
201 	6367 	1234 	886 	11706 	3905 	3557 
202 	7460 	1456 	1108 	12799 	4127 	3779 
203 	2026 	1678 	1330 	373 	25 	4001 
204 	2248 	1900 	1552 	595 	247 	4223 
205 	8002 	2470 	2122 	4690 	817 	469 
206 	9097 	2692 	2344 	5783 	1039 	691 
207 	10190 	2914 	2566 	6876 	1261 	913 
208 	11283 	3136 	2788 	7969 	1483 	1135 
209 	12376 	3358 	3010 	9064 	1705 	1357 
210 	4818 	3580 	3232 	10157 	1927 	1579 
211 	5911 	3802 	3454 	11250 	2149 	1801 
212 	7004 	4024 	3676 	12342 	2371 	2023 
213 	8097 	4246 	3898 	4785 	2593 	2245 
214 	9192 	144 	4120 	5878 	2815 	2467 
215 	10285 	366 	18 	6971 	3037 	2689 
216 	11378 	588 	240 	8064 	3259 	2911 
217 	12471 	810 	462 	9159 	3481 	3133 
218 	4913 	1032 	684 	10252 	3703 	3355 
219 	6006 	1254 	906 	11345 	3925 	3577 
220 	7099 	1476 	1128 	12437 	4147 	3799 
221 	8192 	1698 	1350 	4880 	45 	4021 
222 	2268 	1920 	1572 	615 	267 	4243 
223 	2490 	2142 	1794 	837 	489 	141 
224 	8736 	2712 	2364 	5422 	1059 	711 
225 	9829 	2934 	2586 	6515 	1281 	933 
226 	10922 	3156 	2808 	7607 	1503 	1155 
227 	12015 	3378 	3030 	8703 	1725 	1377 
228 	4457 	3600 	3252 	9796 	1947 	1599 
229 	5550 	3822 	3474 	10888 	2169 	1821 
230 	6643 	4044 	3696 	11981 	2391 	2043 
231 	7736 	4266 	3918 	4424 	2613 	2265 
232 	8831 	164 	4140 	5517 	2835 	2487 
233 	9924 	386 	38 	6610 	3057 	2709 
234 	11017 	608 	260 	7702 	3279 	2931 
235 	12110 	830 	482 	8798 	3501 	3153 
236 	4552 	1052 	704 	9891 	3723 	3375 
237 	5645 	1274 	926 	10983 	3945 	3597 
238 	6738 	1496 	1148 	12076 	4167 	3819 
239 	7831 	1718 	1370 	4519 	65 	4041 
240 	2288 	1940 	1592 	635 	287 	4263 
241 	2510 	2162 	1814 	857 	509 	161 
242 	2732 	2384 	2036 	1079 	731 	383 
243 	9468 	2954 	2606 	6153 	1301 	953 
244 	10561 	3176 	2828 	7246 	1523 	1175 
245 	11653 	3398 	3050 	8339 	1745 	1397 
246 	12746 	3620 	3272 	9434 	1967 	1619 
247 	5189 	3842 	3494 	10527 	2189 	1841 
248 	6282 	4064 	3716 	11620 	2411 	2063 
249 	7375 	4286 	3938 	12713 	2633 	2285 
250 	8467 	184 	4160 	5156 	2855 	2507 
251 	9563 	406 	58 	6248 	3077 	2729 
252 	10656 	628 	280 	7341 	3299 	2951 
253 	11748 	850 	502 	8434 	3521 	3173 
254 	12841 	1072 	724 	9529 	3743 	3395 
255 	5284 	1294 	946 	10622 	3965 	3617 
256 	6377 	1516 	1168 	11715 	4187 	3839 
257 	7470 	1738 	1390 	12808 	85 	4061 
258 	8562 	1960 	1612 	5251 	307 	4283 
259 	2530 	2182 	1834 	877 	529 	181 
260 	2752 	2404 	2056 	1099 	751 	403 
261 	9107 	2974 	2626 	5792 	1321 	973 
262 	10199 	3196 	2848 	6885 	1543 	1195 
263 	11292 	3418 	3070 	7978 	1765 	1417 
264 	12385 	3640 	3292 	9073 	1987 	1639 
265 	4828 	3862 	3514 	10166 	2209 	1861 
266 	5921 	4084 	3736 	11259 	2431 	2083 
267 	7013 	4306 	3958 	12352 	2653 	2305 
268 	8106 	204 	4180 	4794 	2875 	2527 
269 	9202 	426 	78 	5887 	3097 	2749 
270 	10294 	648 	300 	6980 	3319 	2971 
271 	11387 	870 	522 	8073 	3541 	3193 
272 	12480 	1092 	744 	9168 	3763 	3415 
273 	4923 	1314 	966 	10261 	3985 	3637 
274 	6016 	1536 	1188 	11354 	4207 	3859 
275 	7108 	1758 	1410 	12447 	105 	4081 
276 	8201 	1980 	1632 	4889 	327 	4303 
277 	9297 	2202 	1854 	5982 	549 	201 
278 	2772 	2424 	2076 	1119 	771 	423 
279 	2994 	2646 	2298 	1341 	993 	645 
280 	9838 	3216 	2868 	6524 	1563 	1215 
281 	10931 	3438 	3090 	7617 	1785 	1437 
282 	12024 	3660 	3312 	8712 	2007 	1659 
283 	4467 	3882 	3534 	9805 	2229 	1881 
284 	5559 	4104 	3756 	10898 	2451 	2103 
285 	6652 	2 	3978 	11991 	2673 	2325 
286 	7745 	224 	4200 	4433 	2895 	2547 
287 	8840 	446 	98 	5526 	3117 	2769 
288 	9933 	668 	320 	6619 	3339 	2991 
289 	11026 	890 	542 	7712 	3561 	3213 
290 	12119 	1112 	764 	8807 	3783 	3435 
291 	4562 	1334 	986 	9900 	4005 	3657 
292 	5654 	1556 	1208 	10993 	4227 	3879 
293 	6747 	1778 	1430 	12086 	125 	4101 
294 	7840 	2000 	1652 	4528 	347 	4323 
295 	8935 	2222 	1874 	5621 	569 	221 
296 	2792 	2444 	2096 	1139 	791 	443 
297 	3014 	2666 	2318 	1361 	1013 	665 
298 	9477 	3236 	2888 	6163 	1583 	1235 
299 	10570 	3458 	3110 	7256 	1805 	1457 
300 	11663 	3680 	3332 	8349 	2027 	1679 
301 	12756 	3902 	3554 	9444 	2249 	1901 
302 	5198 	4124 	3776 	10537 	2471 	2123 
303 	6291 	22 	3998 	11630 	2693 	2345 
304 	7384 	244 	4220 	12723 	2915 	2567 
305 	8477 	466 	118 	5165 	3137 	2789 
306 	9572 	688 	340 	6258 	3359 	3011 
307 	10665 	910 	562 	7351 	3581 	3233 
308 	11758 	1132 	784 	8444 	3803 	3455 
309 	12851 	1354 	1006 	9539 	4025 	3677 
310 	5293 	1576 	1228 	10632 	4247 	3899 
311 	6386 	1798 	1450 	11725 	145 	4121 
312 	7479 	2020 	1672 	12818 	367 	19 
313 	8572 	2242 	1894 	5260 	589 	241 
314 	9667 	2464 	2116 	6353 	811 	463 
315 	3034 	2686 	2338 	1381 	1033 	685 
316 	3256 	2908 	2560 	1603 	1255 	907 
317 	10209 	3478 	3130 	6895 	1825 	1477 
318 	11302 	3700 	3352 	7988 	2047 	1699 
319 	12395 	3922 	3574 	9083 	2269 	1921 
320 	4837 	4144 	3796 	10176 	2491 	2143 
321 	5930 	42 	4018 	11269 	2713 	2365 
322 	7023 	264 	4240 	12361 	2935 	2587 
323 	8116 	486 	138 	4804 	3157 	2809 
324 	9211 	708 	360 	5897 	3379 	3031 
325 	10304 	930 	582 	6990 	3601 	3253 
326 	11397 	1152 	804 	8083 	3823 	3475 
327 	12490 	1374 	1026 	9178 	4045 	3697 
328 	4932 	1596 	1248 	10271 	4267 	3919 
329 	6025 	1818 	1470 	11364 	165 	4141 
330 	7118 	2040 	1692 	12456 	387 	39 
331 	8211 	2262 	1914 	4899 	609 	261 
332 	9306 	2484 	2136 	5992 	831 	483 
333 	10399 	2706 	2358 	7085 	1053 	705 
334 	3276 	2928 	2580 	1623 	1275 	927 
335 	3498 	3150 	2802 	1845 	1497 	1149 
336 	10941 	3720 	3372 	7626 	2067 	1719 
337 	12034 	3942 	3594 	8722 	2289 	1941 
338 	4476 	4164 	3816 	9815 	2511 	2163 
339 	5569 	62 	4038 	10907 	2733 	2385 
340 	6662 	284 	4260 	12000 	2955 	2607 
341 	7755 	506 	158 	4443 	3177 	2829 
342 	8850 	728 	380 	5536 	3399 	3051 
343 	9943 	950 	602 	6629 	3621 	3273 
344 	11036 	1172 	824 	7721 	3843 	3495 
345 	12129 	1394 	1046 	8817 	4065 	3717 
346 	4571 	1616 	1268 	9910 	4287 	3939 
347 	5664 	1838 	1490 	11002 	185 	4161 
348 	6757 	2060 	1712 	12095 	407 	59 
349 	7850 	2282 	1934 	4538 	629 	281 
350 	8945 	2504 	2156 	5631 	851 	503 
351 	10038 	2726 	2378 	6724 	1073 	725 
352 	3296 	2948 	2600 	1643 	1295 	947 
353 	3518 	3170 	2822 	1865 	1517 	1169 
354 	10580 	3740 	3392 	7265 	2087 	1739 
355 	11672 	3962 	3614 	8358 	2309 	1961 
356 	12765 	4184 	3836 	9453 	2531 	2183 
357 	5208 	82 	4058 	10546 	2753 	2405 
358 	6301 	304 	4280 	11639 	2975 	2627 
359 	7394 	526 	178 	12732 	3197 	2849 
360 	8486 	748 	400 	5175 	3419 	3071 
361 	9582 	970 	622 	6267 	3641 	3293 
362 	10675 	1192 	844 	7360 	3863 	3515 
363 	11767 	1414 	1066 	8453 	4085 	3737 
364 	12860 	1636 	1288 	9548 	4307 	3959 
365 	5303 	1858 	1510 	10641 	205 	4181 
366 	6396 	2080 	1732 	11734 	427 	79 
367 	7489 	2302 	1954 	12827 	649 	301 
368 	8581 	2524 	2176 	5270 	871 	523 
369 	9677 	2746 	2398 	6362 	1093 	745 
370 	10770 	2968 	2620 	7455 	1315 	967 
371 	3538 	3190 	2842 	1885 	1537 	1189 
372 	3760 	3412 	3064 	2107 	1759 	1411 
373 	11311 	3982 	3634 	7997 	2329 	1981 
374 	12404 	4204 	3856 	9092 	2551 	2203 
375 	4847 	102 	4078 	10185 	2773 	2425 
376 	5940 	324 	4300 	11278 	2995 	2647 
377 	7032 	546 	198 	12371 	3217 	2869 
378 	8125 	768 	420 	4813 	3439 	3091 
379 	9221 	990 	642 	5906 	3661 	3313 
380 	10313 	1212 	864 	6999 	3883 	3535 
381 	11406 	1434 	1086 	8092 	4105 	3757 
382 	12499 	1656 	1308 	9187 	3 	3979 
383 	4942 	1878 	1530 	10280 	225 	4201 
384 	6035 	2100 	1752 	11373 	447 	99 
385 	7127 	2322 	1974 	12466 	669 	321 
386 	8220 	2544 	2196 	4908 	891 	543 
387 	9316 	2766 	2418 	6001 	1113 	765 
388 	10408 	2988 	2640 	7094 	1335 	987 
389 	3558 	3210 	2862 	1905 	1557 	1209 
390 	3780 	3432 	3084 	2127 	1779 	1431 
391 	10950 	4002 	3654 	7636 	2349 	2001 
392 	12043 	4224 	3876 	8731 	2571 	2223 
393 	4486 	122 	4098 	9824 	2793 	2445 
394 	5578 	344 	4320 	10917 	3015 	2667 
395 	6671 	566 	218 	12010 	3237 	2889 
396 	7764 	788 	440 	4452 	3459 	3111 
397 	8859 	1010 	662 	5545 	3681 	3333 
398 	9952 	1232 	884 	6638 	3903 	3555 
399 	11045 	1454 	1106 	7731 	4125 	3777 
400 	12138 	1676 	1328 	8826 	23 	3999 
401 	4581 	1898 	1550 	9919 	245 	4221 
402 	5673 	2120 	1772 	11012 	467 	119 
403 	6766 	2342 	1994 	12105 	689 	341 
404 	7859 	2564 	2216 	4547 	911 	563 
405 	8954 	2786 	2438 	5640 	1133 	785 
406 	10047 	3008 	2660 	6733 	1355 	1007 
407 	11140 	3230 	2882 	7826 	1577 	1229 
408 	3800 	3452 	3104 	2147 	1799 	1451 
409 	4022 	3674 	3326 	2369 	2021 	1673 
410 	11682 	4244 	3896 	8368 	2591 	2243 
411 	12775 	142 	4118 	9463 	2813 	2465 
412 	5217 	364 	16 	10556 	3035 	2687 
413 	6310 	586 	238 	11649 	3257 	2909 
414 	7403 	808 	460 	12742 	3479 	3131 
415 	8496 	1030 	682 	5184 	3701 	3353 
416 	9591 	1252 	904 	6277 	3923 	3575 
417 	10684 	1474 	1126 	7370 	4145 	3797 
418 	11777 	1696 	1348 	8463 	43 	4019 
419 	12870 	1918 	1570 	9558 	265 	4241 
420 	5312 	2140 	1792 	10651 	487 	139 
421 	6405 	2362 	2014 	11744 	709 	361 
422 	7498 	2584 	2236 	12837 	931 	583 
423 	8591 	2806 	2458 	5279 	1153 	805 
424 	9686 	3028 	2680 	6372 	1375 	1027 
425 	10779 	3250 	2902 	7465 	1597 	1249 
426 	11872 	3472 	3124 	8558 	1819 	1471 
427 	4042 	3694 	3346 	2389 	2041 	1693 
428 	4264 	3916 	3568 	2611 	2263 	1915 
429 	12414 	162 	4138 	9102 	2833 	2485 
430 	4856 	384 	36 	10195 	3055 	2707 
431 	5949 	606 	258 	11288 	3277 	2929 
432 	7042 	828 	480 	12380 	3499 	3151 
433 	8135 	1050 	702 	4823 	3721 	3373 
434 	9230 	1272 	924 	5916 	3943 	3595 
435 	10323 	1494 	1146 	7009 	4165 	3817 
436 	11416 	1716 	1368 	8102 	63 	4039 
437 	12509 	1938 	1590 	9197 	285 	4261 
438 	4951 	2160 	1812 	10290 	507 	159 
439 	6044 	2382 	2034 	11383 	729 	381 
440 	7137 	2604 	2256 	12475 	951 	603 
441 	8230 	2826 	2478 	4918 	1173 	825 
442 	9325 	3048 	2700 	6011 	1395 	1047 
443 	10418 	3270 	2922 	7104 	1617 	1269 
444 	11511 	3492 	3144 	8197 	1839 	1491 
445 	4062 	3714 	3366 	2409 	2061 	1713 
446 	4284 	3936 	3588 	2631 	2283 	1935 
447 	12053 	182 	4158 	8741 	2853 	2505 
448 	4495 	404 	56 	9834 	3075 	2727 
449 	5588 	626 	278 	10926 	3297 	2949 
450 	6681 	848 	500 	12019 	3519 	3171 
451 	7774 	1070 	722 	4462 	3741 	3393 
452 	8869 	1292 	944 	5555 	3963 	3615 
453 	9962 	1514 	1166 	6648 	4185 	3837 
454 	11055 	1736 	1388 	7740 	83 	4059 
455 	12148 	1958 	1610 	8836 	305 	4281 
456 	4590 	2180 	1832 	9929 	527 	179 
457 	5683 	2402 	2054 	11021 	749 	401 
458 	6776 	2624 	2276 	12114 	971 	623 
459 	7869 	2846 	2498 	4557 	1193 	845 
460 	8964 	3068 	2720 	5650 	1415 	1067 
461 	10057 	3290 	2942 	6743 	1637 	1289 
462 	11150 	3512 	3164 	7835 	1859 	1511 
463 	12243 	3734 	3386 	8931 	2081 	1733 
464 	4304 	3956 	3608 	2651 	2303 	1955 
465 	202 	4178 	3830 	2873 	2525 	2177 
466 	12784 	424 	76 	9472 	3095 	2747 
467 	5227 	646 	298 	10565 	3317 	2969 
468 	6320 	868 	520 	11658 	3539 	3191 
469 	7413 	1090 	742 	12751 	3761 	3413 
470 	8505 	1312 	964 	5194 	3983 	3635 
471 	9601 	1534 	1186 	6286 	4205 	3857 
472 	10694 	1756 	1408 	7379 	103 	4079 
473 	11786 	1978 	1630 	8472 	325 	4301 
474 	12879 	2200 	1852 	9567 	547 	199 
475 	5322 	2422 	2074 	10660 	769 	421 
476 	6415 	2644 	2296 	11753 	991 	643 
477 	7508 	2866 	2518 	12846 	1213 	865 
478 	8600 	3088 	2740 	5289 	1435 	1087 
479 	9696 	3310 	2962 	6381 	1657 	1309 
480 	10789 	3532 	3184 	7474 	1879 	1531 
481 	11881 	3754 	3406 	8567 	2101 	1753 
482 	4324 	3976 	3628 	9662 	2323 	1975 
483 	222 	4198 	3850 	2893 	2545 	2197 
484 	444 	96 	4072 	3115 	2767 	2419 
485 	4866 	666 	318 	10204 	3337 	2989 
486 	5959 	888 	540 	11297 	3559 	3211 
487 	7051 	1110 	762 	12390 	3781 	3433 
488 	8144 	1332 	984 	4832 	4003 	3655 
489 	9240 	1554 	1206 	5925 	4225 	3877 
490 	10332 	1776 	1428 	7018 	123 	4099 
491 	11425 	1998 	1650 	8111 	345 	4321 
492 	12518 	2220 	1872 	9206 	567 	219 
493 	4961 	2442 	2094 	10299 	789 	441 
494 	6054 	2664 	2316 	11392 	1011 	663 
495 	7146 	2886 	2538 	12485 	1233 	885 
496 	8239 	3108 	2760 	4927 	1455 	1107 
497 	9335 	3330 	2982 	6020 	1677 	1329 
498 	10427 	3552 	3204 	7113 	1899 	1551 
499 	11520 	3774 	3426 	8206 	2121 	1773 
500 	12613 	3996 	3648 	9301 	2343 	1995 
501 	242 	4218 	3870 	2913 	2565 	2217 
502 	464 	116 	4092 	3135 	2787 	2439 
503 	4505 	686 	338 	9843 	3357 	3009 
504 	5597 	908 	560 	10936 	3579 	3231 
505 	6690 	1130 	782 	12029 	3801 	3453 
506 	7783 	1352 	1004 	4471 	4023 	3675 
507 	8878 	1574 	1226 	5564 	4245 	3897 
508 	9971 	1796 	1448 	6657 	143 	4119 
509 	11064 	2018 	1670 	7750 	365 	17 
510 	12157 	2240 	1892 	8845 	587 	239 
511 	4600 	2462 	2114 	9938 	809 	461 
512 	5692 	2684 	2336 	11031 	1031 	683 
513 	6785 	2906 	2558 	12124 	1253 	905 
514 	7878 	3128 	2780 	4566 	1475 	1127 
515 	8973 	3350 	3002 	5659 	1697 	1349 
516 	10066 	3572 	3224 	6752 	1919 	1571 
517 	11159 	3794 	3446 	7845 	2141 	1793 
518 	12252 	4016 	3668 	8940 	2363 	2015 
519 	4695 	4238 	3890 	10033 	2585 	2237 
520 	484 	136 	4112 	3155 	2807 	2459 
521 	706 	358 	10 	3377 	3029 	2681 
522 	5236 	928 	580 	10575 	3599 	3251 
523 	6329 	1150 	802 	11668 	3821 	3473 
524 	7422 	1372 	1024 	12761 	4043 	3695 
525 	8515 	1594 	1246 	5203 	4265 	3917 
526 	9610 	1816 	1468 	6296 	163 	4139 
527 	10703 	2038 	1690 	7389 	385 	37 
528 	11796 	2260 	1912 	8482 	607 	259 
529 	12889 	2482 	2134 	9577 	829 	481 
530 	5331 	2704 	2356 	10670 	1051 	703 
531 	6424 	2926 	2578 	11763 	1273 	925 
532 	7517 	3148 	2800 	12856 	1495 	1147 
533 	8610 	3370 	3022 	5298 	1717 	1369 
534 	9705 	3592 	3244 	6391 	1939 	1591 
535 	10798 	3814 	3466 	7484 	2161 	1813 
536 	11891 	4036 	3688 	8577 	2383 	2035 
537 	4334 	4258 	3910 	9672 	2605 	2257 
538 	504 	156 	4132 	3175 	2827 	2479 
539 	726 	378 	30 	3397 	3049 	2701 
540 	4875 	948 	600 	10214 	3619 	3271 
541 	5968 	1170 	822 	11307 	3841 	3493 
542 	7061 	1392 	1044 	12399 	4063 	3715 
543 	8154 	1614 	1266 	4842 	4285 	3937 
544 	9249 	1836 	1488 	5935 	183 	4159 
545 	10342 	2058 	1710 	7028 	405 	57 
546 	11435 	2280 	1932 	8121 	627 	279 
547 	12528 	2502 	2154 	9216 	849 	501 
548 	4970 	2724 	2376 	10309 	1071 	723 
549 	6063 	2946 	2598 	11402 	1293 	945 
550 	7156 	3168 	2820 	12494 	1515 	1167 
551 	8249 	3390 	3042 	4937 	1737 	1389 
552 	9344 	3612 	3264 	6030 	1959 	1611 
553 	10437 	3834 	3486 	7123 	2181 	1833 
554 	11530 	4056 	3708 	8216 	2403 	2055 
555 	12623 	4278 	3930 	9311 	2625 	2277 
556 	5065 	176 	4152 	10404 	2847 	2499 
557 	746 	398 	50 	3417 	3069 	2721 
558 	968 	620 	272 	3639 	3291 	2943 
559 	5607 	1190 	842 	10945 	3861 	3513 
560 	6700 	1412 	1064 	12038 	4083 	3735 
561 	7793 	1634 	1286 	4481 	4305 	3957 
562 	8888 	1856 	1508 	5574 	203 	4179 
563 	9981 	2078 	1730 	6667 	425 	77 
564 	11074 	2300 	1952 	7759 	647 	299 
565 	12167 	2522 	2174 	8855 	869 	521 
566 	4609 	2744 	2396 	9948 	1091 	743 
567 	5702 	2966 	2618 	11040 	1313 	965 
568 	6795 	3188 	2840 	12133 	1535 	1187 
569 	7888 	3410 	3062 	4576 	1757 	1409 
570 	8983 	3632 	3284 	5669 	1979 	1631 
571 	10076 	3854 	3506 	6762 	2201 	1853 
572 	11169 	4076 	3728 	7854 	2423 	2075 
573 	12262 	4298 	3950 	8950 	2645 	2297 
574 	4704 	196 	4172 	10043 	2867 	2519 
575 	5797 	418 	70 	11135 	3089 	2741 
576 	988 	640 	292 	3659 	3311 	2963 
577 	1210 	862 	514 	3881 	3533 	3185 
578 	6339 	1432 	1084 	11677 	4103 	3755 
579 	7432 	1654 	1306 	12770 	1 	3977 
580 	8524 	1876 	1528 	5213 	223 	4199 
581 	9620 	2098 	1750 	6305 	445 	97 
582 	10713 	2320 	1972 	7398 	667 	319 
583 	11805 	2542 	2194 	8491 	889 	541 
584 	12898 	2764 	2416 	9586 	1111 	763 
585 	5341 	2986 	2638 	10679 	1333 	985 
586 	6434 	3208 	2860 	11772 	1555 	1207 
587 	7527 	3430 	3082 	12865 	1777 	1429 
588 	8619 	3652 	3304 	5308 	1999 	1651 
589 	9715 	3874 	3526 	6400 	2221 	1873 
590 	10808 	4096 	3748 	7493 	2443 	2095 
591 	11901 	4318 	3970 	8586 	2665 	2317 
592 	4343 	216 	4192 	9681 	2887 	2539 
593 	5436 	438 	90 	10774 	3109 	2761 
594 	1008 	660 	312 	3679 	3331 	2983 
595 	1230 	882 	534 	3901 	3553 	3205 
596 	5978 	1452 	1104 	11316 	4123 	3775 
597 	7070 	1674 	1326 	12409 	21 	3997 
598 	8163 	1896 	1548 	4851 	243 	4219 
599 	9259 	2118 	1770 	5944 	465 	117 
600 	10351 	2340 	1992 	7037 	687 	339 
601 	11444 	2562 	2214 	8130 	909 	561 
602 	12537 	2784 	2436 	9225 	1131 	783 
603 	4980 	3006 	2658 	10318 	1353 	1005 
604 	6073 	3228 	2880 	11411 	1575 	1227 
605 	7165 	3450 	3102 	12504 	1797 	1449 
606 	8258 	3672 	3324 	4946 	2019 	1671 
607 	9354 	3894 	3546 	6039 	2241 	1893 
608 	10446 	4116 	3768 	7132 	2463 	2115 
609 	11539 	14 	3990 	8225 	2685 	2337 
610 	12632 	236 	4212 	9320 	2907 	2559 
611 	5075 	458 	110 	10413 	3129 	2781 
612 	6168 	680 	332 	11506 	3351 	3003 
613 	1250 	902 	554 	3921 	3573 	3225 
614 	1472 	1124 	776 	4143 	3795 	3447 
615 	6709 	1694 	1346 	12048 	41 	4017 
616 	7802 	1916 	1568 	4490 	263 	4239 
617 	8897 	2138 	1790 	5583 	485 	137 
618 	9990 	2360 	2012 	6676 	707 	359 
619 	11083 	2582 	2234 	7769 	929 	581 
620 	12176 	2804 	2456 	8864 	1151 	803 
621 	4619 	3026 	2678 	9957 	1373 	1025 
622 	5711 	3248 	2900 	11050 	1595 	1247 
623 	6804 	3470 	3122 	12143 	1817 	1469 
624 	7897 	3692 	3344 	4585 	2039 	1691 
625 	8992 	3914 	3566 	5678 	2261 	1913 
626 	10085 	4136 	3788 	6771 	2483 	2135 
627 	11178 	34 	4010 	7864 	2705 	2357 
628 	12271 	256 	4232 	8959 	2927 	2579 
629 	4714 	478 	130 	10052 	3149 	2801 
630 	5807 	700 	352 	11145 	3371 	3023 
631 	1270 	922 	574 	3941 	3593 	3245 
632 	1492 	1144 	796 	4163 	3815 	3467 
633 	1714 	1366 	1018 	61 	4037 	3689 
634 	7441 	1936 	1588 	12780 	283 	4259 
635 	8534 	2158 	1810 	5222 	505 	157 
636 	9629 	2380 	2032 	6315 	727 	379 
637 	10722 	2602 	2254 	7408 	949 	601 
638 	11815 	2824 	2476 	8501 	1171 	823 
639 	12908 	3046 	2698 	9596 	1393 	1045 
640 	5350 	3268 	2920 	10689 	1615 	1267 
641 	6443 	3490 	3142 	11782 	1837 	1489 
642 	7536 	3712 	3364 	12875 	2059 	1711 
643 	8629 	3934 	3586 	5317 	2281 	1933 
644 	9724 	4156 	3808 	6410 	2503 	2155 
645 	10817 	54 	4030 	7503 	2725 	2377 
646 	11910 	276 	4252 	8596 	2947 	2599 
647 	4353 	498 	150 	9691 	3169 	2821 
648 	5445 	720 	372 	10784 	3391 	3043 
649 	6538 	942 	594 	11877 	3613 	3265 
650 	1512 	1164 	816 	4183 	3835 	3487 
651 	1734 	1386 	1038 	81 	4057 	3709 
652 	7080 	1956 	1608 	12418 	303 	4279 
653 	8173 	2178 	1830 	4861 	525 	177 
654 	9268 	2400 	2052 	5954 	747 	399 
655 	10361 	2622 	2274 	7047 	969 	621 
656 	11454 	2844 	2496 	8140 	1191 	843 
657 	12547 	3066 	2718 	9235 	1413 	1065 
658 	4989 	3288 	2940 	10328 	1635 	1287 
659 	6082 	3510 	3162 	11421 	1857 	1509 
660 	7175 	3732 	3384 	12513 	2079 	1731 
661 	8268 	3954 	3606 	4956 	2301 	1953 
662 	9363 	4176 	3828 	6049 	2523 	2175 
663 	10456 	74 	4050 	7142 	2745 	2397 
664 	11549 	296 	4272 	8235 	2967 	2619 
665 	12642 	518 	170 	9330 	3189 	2841 
666 	5084 	740 	392 	10423 	3411 	3063 
667 	6177 	962 	614 	11516 	3633 	3285 
668 	7270 	1184 	836 	12608 	3855 	3507 
669 	1754 	1406 	1058 	101 	4077 	3729 
670 	1976 	1628 	1280 	323 	4299 	3951 
671 	7812 	2198 	1850 	4500 	545 	197 
672 	8907 	2420 	2072 	5593 	767 	419 
673 	10000 	2642 	2294 	6686 	989 	641 
674 	11093 	2864 	2516 	7778 	1211 	863 
675 	12186 	3086 	2738 	8874 	1433 	1085 
676 	4628 	3308 	2960 	9967 	1655 	1307 
677 	5721 	3530 	3182 	11059 	1877 	1529 
678 	6814 	3752 	3404 	12152 	2099 	1751 
679 	7907 	3974 	3626 	4595 	2321 	1973 
680 	9002 	4196 	3848 	5688 	2543 	2195 
681 	10095 	94 	4070 	6781 	2765 	2417 
682 	11188 	316 	4292 	7873 	2987 	2639 
683 	12281 	538 	190 	8969 	3209 	2861 
684 	4723 	760 	412 	10062 	3431 	3083 
685 	5816 	982 	634 	11154 	3653 	3305 
686 	6909 	1204 	856 	12247 	3875 	3527 
687 	1774 	1426 	1078 	121 	4097 	3749 
688 	1996 	1648 	1300 	343 	4319 	3971 
689 	7451 	2218 	1870 	12789 	565 	217 
690 	8543 	2440 	2092 	5232 	787 	439 
691 	9639 	2662 	2314 	6324 	1009 	661 
692 	10732 	2884 	2536 	7417 	1231 	883 
693 	11824 	3106 	2758 	8510 	1453 	1105 
694 	12917 	3328 	2980 	9605 	1675 	1327 
695 	5360 	3550 	3202 	10698 	1897 	1549 
696 	6453 	3772 	3424 	11791 	2119 	1771 
697 	7546 	3994 	3646 	12884 	2341 	1993 
698 	8638 	4216 	3868 	5327 	2563 	2215 
699 	9734 	114 	4090 	6419 	2785 	2437 
700 	10827 	336 	4312 	7512 	3007 	2659 
701 	11920 	558 	210 	8605 	3229 	2881 
702 	4362 	780 	432 	9700 	3451 	3103 
703 	5455 	1002 	654 	10793 	3673 	3325 
704 	6548 	1224 	876 	11886 	3895 	3547 
705 	7641 	1446 	1098 	4329 	4117 	3769 
706 	2016 	1668 	1320 	363 	15 	3991 
707 	2238 	1890 	1542 	585 	237 	4213 
708 	8182 	2460 	2112 	4870 	807 	459 
709 	9278 	2682 	2334 	5963 	1029 	681 
710 	10370 	2904 	2556 	7056 	1251 	903 
711 	11463 	3126 	2778 	8149 	1473 	1125 
712 	12556 	3348 	3000 	9244 	1695 	1347 
713 	4999 	3570 	3222 	10337 	1917 	1569 
714 	6092 	3792 	3444 	11430 	2139 	1791 
715 	7184 	4014 	3666 	12523 	2361 	2013 
716 	8277 	4236 	3888 	4965 	2583 	2235 
717 	9373 	134 	4110 	6058 	2805 	2457 
718 	10466 	356 	8 	7151 	3027 	2679 
719 	11558 	578 	230 	8244 	3249 	2901 
720 	12651 	800 	452 	9339 	3471 	3123 
721 	5094 	1022 	674 	10432 	3693 	3345 
722 	6187 	1244 	896 	11525 	3915 	3567 
723 	7280 	1466 	1118 	12618 	4137 	3789 
724 	8372 	1688 	1340 	5061 	35 	4011 
725 	2258 	1910 	1562 	605 	257 	4233 
726 	2480 	2132 	1784 	827 	479 	131 
727 	8916 	2702 	2354 	5602 	1049 	701 
728 	10009 	2924 	2576 	6695 	1271 	923 
729 	11102 	3146 	2798 	7788 	1493 	1145 
730 	12195 	3368 	3020 	8883 	1715 	1367 
731 	4638 	3590 	3242 	9976 	1937 	1589 
732 	5730 	3812 	3464 	11069 	2159 	1811 
733 	6823 	4034 	3686 	12162 	2381 	2033 
734 	7916 	4256 	3908 	4604 	2603 	2255 
735 	9012 	154 	4130 	5697 	2825 	2477 
736 	10104 	376 	28 	6790 	3047 	2699 
737 	11197 	598 	250 	7883 	3269 	2921 
738 	12290 	820 	472 	8978 	3491 	3143 
739 	4733 	1042 	694 	10071 	3713 	3365 
740 	5826 	1264 	916 	11164 	3935 	3587 
741 	6918 	1486 	1138 	12257 	4157 	3809 
742 	8011 	1708 	1360 	4699 	55 	4031 
743 	2278 	1930 	1582 	625 	277 	4253 
744 	2500 	2152 	1804 	847 	499 	151 
745 	8553 	2722 	2374 	5241 	1069 	721 
746 	9648 	2944 	2596 	6334 	1291 	943 
747 	10741 	3166 	2818 	7427 	1513 	1165 
748 	11834 	3388 	3040 	8520 	1735 	1387 
749 	12927 	3610 	3262 	9615 	1957 	1609 
750 	5369 	3832 	3484 	10708 	2179 	1831 
751 	6462 	4054 	3706 	11801 	2401 	2053 
752 	7555 	4276 	3928 	12894 	2623 	2275 
753 	8650 	174 	4150 	5336 	2845 	2497 
754 	9743 	396 	48 	6429 	3067 	2719 
755 	10836 	618 	270 	7522 	3289 	2941 
756 	11929 	840 	492 	8615 	3511 	3163 
757 	4372 	1062 	714 	9710 	3733 	3385 
758 	5464 	1284 	936 	10803 	3955 	3607 
759 	6557 	1506 	1158 	11896 	4177 	3829 
760 	7650 	1728 	1380 	4338 	75 	4051 
761 	8745 	1950 	1602 	5431 	297 	4273 
762 	2520 	2172 	1824 	867 	519 	171 
763 	2742 	2394 	2046 	1089 	741 	393 
764 	9287 	2964 	2616 	5973 	1311 	963 
765 	10380 	3186 	2838 	7066 	1533 	1185 
766 	11473 	3408 	3060 	8159 	1755 	1407 
767 	12566 	3630 	3282 	9254 	1977 	1629 
768 	5008 	3852 	3504 	10347 	2199 	1851 
769 	6101 	4074 	3726 	11440 	2421 	2073 
770 	7194 	4296 	3948 	12532 	2643 	2295 
771 	8287 	194 	4170 	4975 	2865 	2517 
772 	9382 	416 	68 	6068 	3087 	2739 
773 	10475 	638 	290 	7161 	3309 	2961 
774 	11568 	860 	512 	8254 	3531 	3183 
775 	12661 	1082 	734 	9349 	3753 	3405 
776 	5103 	1304 	956 	10442 	3975 	3627 
777 	6196 	1526 	1178 	11535 	4197 	3849 
778 	7289 	1748 	1400 	12628 	95 	4071 
779 	8382 	1970 	1622 	5070 	317 	4293 
780 	2540 	2192 	1844 	887 	539 	191 
781 	2762 	2414 	2066 	1109 	761 	413 
782 	8926 	2984 	2636 	5612 	1331 	983 
783 	10019 	3206 	2858 	6705 	1553 	1205 
784 	11112 	3428 	3080 	7797 	1775 	1427 
785 	12205 	3650 	3302 	8893 	1997 	1649 
786 	4647 	3872 	3524 	9986 	2219 	1871 
787 	5740 	4094 	3746 	11078 	2441 	2093 
788 	6833 	4316 	3968 	12171 	2663 	2315 
789 	7926 	214 	4190 	4614 	2885 	2537 
790 	9021 	436 	88 	5707 	3107 	2759 
791 	10114 	658 	310 	6800 	3329 	2981 
792 	11207 	880 	532 	7892 	3551 	3203 
793 	12300 	1102 	754 	8988 	3773 	3425 
794 	4742 	1324 	976 	10081 	3995 	3647 
795 	5835 	1546 	1198 	11174 	4217 	3869 
796 	6928 	1768 	1420 	12266 	115 	4091 
797 	8021 	1990 	1642 	4709 	337 	4313 
798 	9116 	2212 	1864 	5802 	559 	211 
799 	2782 	2434 	2086 	1129 	781 	433 
800 	3004 	2656 	2308 	1351 	1003 	655 
801 	9658 	3226 	2878 	6343 	1573 	1225 
802 	10751 	3448 	3100 	7436 	1795 	1447 
803 	11843 	3670 	3322 	8529 	2017 	1669 
804 	12936 	3892 	3544 	9624 	2239 	1891 
805 	5379 	4114 	3766 	10717 	2461 	2113 
806 	6472 	12 	3988 	11810 	2683 	2335 
807 	7565 	234 	4210 	12903 	2905 	2557 
808 	8660 	456 	108 	5346 	3127 	2779 
809 	9753 	678 	330 	6438 	3349 	3001 
810 	10846 	900 	552 	7531 	3571 	3223 
811 	11939 	1122 	774 	8624 	3793 	3445 
812 	4381 	1344 	996 	9719 	4015 	3667 
813 	5474 	1566 	1218 	10812 	4237 	3889 
814 	6567 	1788 	1440 	11905 	135 	4111 
815 	7660 	2010 	1662 	4348 	357 	9 
816 	8755 	2232 	1884 	5441 	579 	231 
817 	9848 	2454 	2106 	6534 	801 	453 
818 	3024 	2676 	2328 	1371 	1023 	675 
819 	3246 	2898 	2550 	1593 	1245 	897 
820 	10389 	3468 	3120 	7075 	1815 	1467 
821 	11482 	3690 	3342 	8168 	2037 	1689 
822 	12575 	3912 	3564 	9263 	2259 	1911 
823 	5018 	4134 	3786 	10356 	2481 	2133 
824 	6111 	32 	4008 	11449 	2703 	2355 
825 	7203 	254 	4230 	12542 	2925 	2577 
826 	8296 	476 	128 	4984 	3147 	2799 
827 	9392 	698 	350 	6077 	3369 	3021 
828 	10485 	920 	572 	7170 	3591 	3243 
829 	11577 	1142 	794 	8263 	3813 	3465 
830 	12670 	1364 	1016 	9358 	4035 	3687 
831 	5113 	1586 	1238 	10451 	4257 	3909 
832 	6206 	1808 	1460 	11544 	155 	4131 
833 	7299 	2030 	1682 	12637 	377 	29 
834 	8391 	2252 	1904 	5080 	599 	251 
835 	9487 	2474 	2126 	6172 	821 	473 
836 	3044 	2696 	2348 	1391 	1043 	695 
837 	3266 	2918 	2570 	1613 	1265 	917 
838 	10028 	3488 	3140 	6714 	1835 	1487 
839 	11121 	3710 	3362 	7807 	2057 	1709 
840 	12214 	3932 	3584 	8902 	2279 	1931 
841 	4657 	4154 	3806 	9995 	2501 	2153 
842 	5749 	52 	4028 	11088 	2723 	2375 
843 	6842 	274 	4250 	12181 	2945 	2597 
844 	7935 	496 	148 	4623 	3167 	2819 
845 	9031 	718 	370 	5716 	3389 	3041 
846 	10123 	940 	592 	6809 	3611 	3263 
847 	11216 	1162 	814 	7902 	3833 	3485 
848 	12309 	1384 	1036 	8997 	4055 	3707 
849 	4752 	1606 	1258 	10090 	4277 	3929 
850 	5845 	1828 	1480 	11183 	175 	4151 
851 	6937 	2050 	1702 	12276 	397 	49 
852 	8030 	2272 	1924 	4718 	619 	271 
853 	9126 	2494 	2146 	5811 	841 	493 
854 	10218 	2716 	2368 	6904 	1063 	715 
855 	3286 	2938 	2590 	1633 	1285 	937 
856 	3508 	3160 	2812 	1855 	1507 	1159 
857 	10760 	3730 	3382 	7446 	2077 	1729 
858 	11853 	3952 	3604 	8539 	2299 	1951 
859 	12946 	4174 	3826 	9634 	2521 	2173 
860 	5388 	72 	4048 	10727 	2743 	2395 
861 	6481 	294 	4270 	11820 	2965 	2617 
862 	7574 	516 	168 	12913 	3187 	2839 
863 	8669 	738 	390 	5355 	3409 	3061 
864 	9762 	960 	612 	6448 	3631 	3283 
865 	10855 	1182 	834 	7541 	3853 	3505 
866 	11948 	1404 	1056 	8634 	4075 	3727 
867 	4391 	1626 	1278 	9729 	4297 	3949 
868 	5483 	1848 	1500 	10822 	195 	4171 
869 	6576 	2070 	1722 	11915 	417 	69 
870 	7669 	2292 	1944 	4357 	639 	291 
871 	8764 	2514 	2166 	5450 	861 	513 
872 	9857 	2736 	2388 	6543 	1083 	735 
873 	3306 	2958 	2610 	1653 	1305 	957 
874 	3528 	3180 	2832 	1875 	1527 	1179 
875 	3750 	3402 	3054 	2097 	1749 	1401 
876 	11492 	3972 	3624 	8178 	2319 	1971 
877 	12585 	4194 	3846 	9273 	2541 	2193 
878 	5027 	92 	4068 	10366 	2763 	2415 
879 	6120 	314 	4290 	11459 	2985 	2637 
880 	7213 	536 	188 	12551 	3207 	2859 
881 	8306 	758 	410 	4994 	3429 	3081 
882 	9401 	980 	632 	6087 	3651 	3303 
883 	10494 	1202 	854 	7180 	3873 	3525 
884 	11587 	1424 	1076 	8273 	4095 	3747 
885 	12680 	1646 	1298 	9368 	4317 	3969 
886 	5122 	1868 	1520 	10461 	215 	4191 
887 	6215 	2090 	1742 	11554 	437 	89 
888 	7308 	2312 	1964 	12647 	659 	311 
889 	8401 	2534 	2186 	5089 	881 	533 
890 	9496 	2756 	2408 	6182 	1103 	755 
891 	10589 	2978 	2630 	7275 	1325 	977 
892 	3548 	3200 	2852 	1895 	1547 	1199 
893 	3770 	3422 	3074 	2117 	1769 	1421 
894 	11131 	3992 	3644 	7816 	2339 	1991 
895 	12224 	4214 	3866 	8912 	2561 	2213 
896 	4666 	112 	4088 	10005 	2783 	2435 
897 	5759 	334 	4310 	11097 	3005 	2657 
898 	6852 	556 	208 	12190 	3227 	2879 
899 	7945 	778 	430 	4633 	3449 	3101 
900 	9040 	1000 	652 	5726 	3671 	3323 
901 	10133 	1222 	874 	6819 	3893 	3545 
902 	11226 	1444 	1096 	7911 	4115 	3767 
903 	12319 	1666 	1318 	9007 	13 	3989 
904 	4761 	1888 	1540 	10100 	235 	4211 
905 	5854 	2110 	1762 	11193 	457 	109 
906 	6947 	2332 	1984 	12285 	679 	331 
907 	8040 	2554 	2206 	4728 	901 	553 
908 	9135 	2776 	2428 	5821 	1123 	775 
909 	10228 	2998 	2650 	6914 	1345 	997 
910 	11321 	3220 	2872 	8007 	1567 	1219 
911 	3790 	3442 	3094 	2137 	1789 	1441 
912 	4012 	3664 	3316 	2359 	2011 	1663 
913 	11862 	4234 	3886 	8548 	2581 	2233 
914 	12955 	132 	4108 	9643 	2803 	2455 
915 	5398 	354 	6 	10736 	3025 	2677 
916 	6491 	576 	228 	11829 	3247 	2899 
917 	7584 	798 	450 	12922 	3469 	3121 
918 	8679 	1020 	672 	5365 	3691 	3343 
919 	9772 	1242 	894 	6457 	3913 	3565 
920 	10865 	1464 	1116 	7550 	4135 	3787 
921 	11958 	1686 	1338 	8643 	33 	4009 
922 	4400 	1908 	1560 	9739 	255 	4231 
923 	5493 	2130 	1782 	10831 	477 	129 
924 	6586 	2352 	2004 	11924 	699 	351 
925 	7679 	2574 	2226 	4367 	921 	573 
926 	8774 	2796 	2448 	5460 	1143 	795 
927 	9867 	3018 	2670 	6553 	1365 	1017 
928 	10960 	3240 	2892 	7645 	1587 	1239 
929 	3810 	3462 	3114 	2157 	1809 	1461 
930 	4032 	3684 	3336 	2379 	2031 	1683 
931 	11501 	4254 	3906 	8187 	2601 	2253 
932 	12594 	152 	4128 	9282 	2823 	2475 
933 	5037 	374 	26 	10375 	3045 	2697 
934 	6130 	596 	248 	11468 	3267 	2919 
935 	7223 	818 	470 	12561 	3489 	3141 
936 	8315 	1040 	692 	5003 	3711 	3363 
937 	9411 	1262 	914 	6096 	3933 	3585 
938 	10504 	1484 	1136 	7189 	4155 	3807 
939 	11596 	1706 	1358 	8282 	53 	4029 
940 	12689 	1928 	1580 	9377 	275 	4251 
941 	5132 	2150 	1802 	10470 	497 	149 
942 	6225 	2372 	2024 	11563 	719 	371 
943 	7318 	2594 	2246 	12656 	941 	593 
944 	8410 	2816 	2468 	5099 	1163 	815 
945 	9506 	3038 	2690 	6191 	1385 	1037 
946 	10599 	3260 	2912 	7284 	1607 	1259 
947 	11691 	3482 	3134 	8377 	1829 	1481 
948 	4052 	3704 	3356 	2399 	2051 	1703 
949 	4274 	3926 	3578 	2621 	2273 	1925 
950 	12233 	172 	4148 	8921 	2843 	2495 
951 	4676 	394 	46 	10014 	3065 	2717 
952 	5769 	616 	268 	11107 	3287 	2939 
953 	6861 	838 	490 	12200 	3509 	3161 
954 	7954 	1060 	712 	4642 	3731 	3383 
955 	9050 	1282 	934 	5735 	3953 	3605 
956 	10142 	1504 	1156 	6828 	4175 	3827 
957 	11235 	1726 	1378 	7921 	73 	4049 
958 	12328 	1948 	1600 	9016 	295 	4271 
959 	4771 	2170 	1822 	10109 	517 	169 
960 	5864 	2392 	2044 	11202 	739 	391 
961 	6956 	2614 	2266 	12295 	961 	613 
962 	8049 	2836 	2488 	4737 	1183 	835 
963 	9145 	3058 	2710 	5830 	1405 	1057 
964 	10237 	3280 	2932 	6923 	1627 	1279 
965 	11330 	3502 	3154 	8016 	1849 	1501 
966 	12423 	3724 	3376 	9111 	2071 	1723 
967 	4294 	3946 	3598 	2641 	2293 	1945 
968 	192 	4168 	3820 	2863 	2515 	2167 
969 	12965 	414 	66 	9653 	3085 	2737 
970 	5407 	636 	288 	10746 	3307 	2959 
971 	6500 	858 	510 	11839 	3529 	3181 
972 	7593 	1080 	732 	12932 	3751 	3403 
973 	8688 	1302 	954 	5374 	3973 	3625 
974 	9781 	1524 	1176 	6467 	4195 	3847 
975 	10874 	1746 	1398 	7560 	93 	4069 
976 	11967 	1968 	1620 	8655 	315 	4291 
977 	4410 	2190 	1842 	9748 	537 	189 
978 	5502 	2412 	2064 	10841 	759 	411 
979 	6595 	2634 	2286 	11934 	981 	633 
980 	7688 	2856 	2508 	4376 	1203 	855 
981 	8783 	3078 	2730 	5469 	1425 	1077 
982 	9876 	3300 	2952 	6562 	1647 	1299 
983 	10969 	3522 	3174 	7655 	1869 	1521 
984 	12062 	3744 	3396 	8750 	2091 	1743 
985 	4314 	3966 	3618 	2661 	2313 	1965 
986 	212 	4188 	3840 	2883 	2535 	2187 
987 	12604 	434 	86 	9292 	3105 	2757 
988 	5046 	656 	308 	10385 	3327 	2979 
989 	6139 	878 	530 	11478 	3549 	3201 
990 	7232 	1100 	752 	12570 	3771 	3423 
991 	8325 	1322 	974 	5013 	3993 	3645 
992 	9420 	1544 	1196 	6106 	4215 	3867 
993 	10513 	1766 	1418 	7199 	113 	4089 
994 	11606 	1988 	1640 	8292 	335 	4311 
995 	12699 	2210 	1862 	9387 	557 	209 
996 	5141 	2432 	2084 	10480 	779 	431 
997 	6234 	2654 	2306 	11573 	1001 	653 
998 	7327 	2876 	2528 	12666 	1223 	875 
999 	8420 	3098 	2750 	5108 	1445 	1097 
1000 	9515 	3320 	2972 	6201 	1667 	1319 
1001 	10608 	3542 	3194 	7294 	1889 	1541 
1002 	11701 	3764 	3416 	8387 	2111 	1763 
1003 	12794 	3986 	3638 	9482 	2333 	1985 
1004 	232 	4208 	3860 	2903 	2555 	2207 
1005 	454 	106 	4082 	3125 	2777 	2429 
1006 	4685 	676 	328 	10024 	3347 	2999 
1007 	5778 	898 	550 	11116 	3569 	3221 
1008 	6871 	1120 	772 	12209 	3791 	3443 
1009 	7964 	1342 	994 	4652 	4013 	3665 
1010 	9059 	1564 	1216 	5745 	4235 	3887 
1011 	10152 	1786 	1438 	6838 	133 	4109 
1012 	11245 	2008 	1660 	7931 	355 	7 
1013 	12338 	2230 	1882 	9026 	577 	229 
1014 	4780 	2452 	2104 	10119 	799 	451 
1015 	5873 	2674 	2326 	11212 	1021 	673 
1016 	6966 	2896 	2548 	12304 	1243 	895 
1017 	8059 	3118 	2770 	4747 	1465 	1117 
1018 	9154 	3340 	2992 	5840 	1687 	1339 
1019 	10247 	3562 	3214 	6933 	1909 	1561 
1020 	11340 	3784 	3436 	8026 	2131 	1783 
1021 	12433 	4006 	3658 	9121 	2353 	2005 
1022 	252 	4228 	3880 	2923 	2575 	2227 
1023 	474 	126 	4102 	3145 	2797 	2449 
