FR80T25X16RE
Channel Interleaving, Puncturing and Mapping to 16-QAM
User data=2960, with flush=2964, Channel Symbols=1318, Channel Bits=5272, p=1154, q=1154, Coding Rate=0.561457

Symbol	b3 	b2 	b1 	b0 
0 	0 	1124 	1831 	2955 
1 	2214 	3544 	1081 	7206 
2 	1464 	7167 	331 	4898 
3 	714 	4860 	2545 	8521 
4 	2928 	8482 	1795 	6214 
5 	2178 	6176 	1045 	3907 
6 	1428 	3868 	295 	7529 
7 	2518 	678 	1385 	2509 
8 	1768 	8071 	635 	5802 
9 	1018 	5764 	2849 	3496 
10 	268 	3457 	2099 	7118 
11 	2482 	7080 	1349 	4811 
12 	1732 	4772 	599 	8434 
13 	2822 	982 	1689 	2813 
14 	2072 	3046 	939 	6708 
15 	1322 	6669 	189 	4400 
16 	572 	4361 	2403 	8023 
17 	2786 	7984 	1653 	5715 
18 	2036 	5676 	903 	3408 
19 	1286 	3370 	153 	7031 
20 	2376 	3950 	1243 	7612 
21 	1626 	7573 	493 	5304 
22 	876 	5265 	2707 	2997 
23 	126 	8888 	1957 	6620 
24 	2340 	6582 	1207 	4312 
25 	1590 	4274 	457 	7935 
26 	2680 	840 	1547 	2671 
27 	1930 	8477 	797 	6209 
28 	1180 	6171 	47 	3901 
29 	430 	3863 	2261 	7524 
30 	2644 	7486 	1511 	5217 
31 	1894 	5178 	761 	8839 
32 	20 	1144 	1851 	11 
33 	2234 	3452 	1101 	7113 
34 	1484 	7075 	351 	4806 
35 	734 	4767 	2565 	8428 
36 	2948 	8390 	1815 	6122 
37 	2198 	6083 	1065 	3814 
38 	1448 	3776 	315 	7437 
39 	2538 	4356 	1405 	8017 
40 	1788 	7979 	655 	5710 
41 	1038 	5671 	2869 	3403 
42 	288 	3365 	2119 	7026 
43 	2502 	6987 	1369 	4718 
44 	1752 	4680 	619 	8341 
45 	2842 	1002 	1709 	2833 
46 	2092 	8883 	959 	6615 
47 	1342 	6577 	209 	4307 
48 	592 	4269 	2423 	7930 
49 	2806 	7892 	1673 	5622 
50 	2056 	5584 	923 	3316 
51 	182 	1306 	2013 	173 
52 	2396 	3858 	1263 	7519 
53 	1646 	7481 	513 	5211 
54 	896 	5173 	2727 	8834 
55 	146 	8796 	1977 	6528 
56 	2360 	6489 	1227 	4220 
57 	1610 	4181 	477 	7843 
58 	2700 	860 	1567 	2691 
59 	1950 	8385 	817 	6117 
60 	1200 	6078 	67 	3809 
61 	450 	3770 	2281 	7432 
62 	2664 	7393 	1531 	5124 
63 	1914 	5086 	781 	8747 
64 	40 	1164 	1871 	31 
65 	2254 	3360 	1121 	7021 
66 	1504 	6982 	371 	4713 
67 	754 	4675 	2585 	8336 
68 	4 	8297 	1835 	6029 
69 	2218 	5991 	1085 	3722 
70 	1468 	3683 	335 	7345 
71 	2558 	4264 	1425 	7925 
72 	1808 	7886 	675 	5617 
73 	1058 	5579 	2889 	3311 
74 	308 	3272 	2139 	6934 
75 	2522 	6895 	1389 	4626 
76 	1772 	4587 	639 	8249 
77 	2862 	1022 	1729 	2853 
78 	2112 	8791 	979 	6523 
79 	1362 	6484 	229 	4215 
80 	612 	4176 	2443 	7838 
81 	2826 	7799 	1693 	5530 
82 	2076 	5491 	943 	3223 
83 	202 	1326 	2033 	193 
84 	2416 	3765 	1283 	7427 
85 	1666 	7388 	533 	5119 
86 	916 	5080 	2747 	8742 
87 	166 	8703 	1997 	6435 
88 	2380 	6397 	1247 	4128 
89 	1630 	4089 	497 	7750 
90 	2720 	4669 	1587 	8331 
91 	1970 	8292 	837 	6024 
92 	1220 	5986 	87 	3717 
93 	470 	3678 	2301 	7339 
94 	2684 	7301 	1551 	5032 
95 	1934 	4993 	801 	8654 
96 	60 	1184 	1891 	51 
97 	2274 	3267 	1141 	6928 
98 	1524 	6890 	391 	4621 
99 	774 	4582 	2605 	8243 
100 	24 	8205 	1855 	5937 
101 	2238 	5897 	1105 	3629 
102 	364 	1488 	2195 	355 
103 	2578 	4171 	1445 	7833 
104 	1828 	7794 	695 	5525 
105 	1078 	5486 	2909 	3218 
106 	328 	3180 	2159 	6841 
107 	2542 	6803 	1409 	4533 
108 	1792 	4495 	659 	8156 
109 	2882 	1042 	1749 	2873 
110 	2132 	8698 	999 	6430 
111 	1382 	6392 	249 	4122 
112 	632 	4084 	2463 	7745 
113 	2846 	7707 	1713 	5437 
114 	2096 	5399 	963 	3131 
115 	222 	1346 	2053 	213 
116 	2436 	3673 	1303 	7334 
117 	1686 	7296 	553 	5026 
118 	936 	4988 	2767 	8649 
119 	186 	8611 	2017 	6343 
120 	2400 	6304 	1267 	4035 
121 	526 	1650 	2357 	517 
122 	2740 	4577 	1607 	8238 
123 	1990 	8200 	857 	5932 
124 	1240 	5892 	107 	3624 
125 	490 	3586 	2321 	7247 
126 	2704 	7208 	1571 	4939 
127 	1954 	4901 	821 	8562 
128 	80 	1204 	1911 	71 
129 	2294 	3175 	1161 	6836 
130 	1544 	6797 	411 	4528 
131 	794 	4490 	2625 	8151 
132 	44 	8112 	1875 	5843 
133 	2258 	5805 	1125 	3537 
134 	384 	1508 	2215 	375 
135 	2598 	4079 	1465 	7740 
136 	1848 	7702 	715 	5432 
137 	1098 	5394 	2929 	3126 
138 	348 	3087 	2179 	6749 
139 	2562 	6710 	1429 	4441 
140 	1812 	4402 	679 	8064 
141 	2902 	4983 	1769 	8644 
142 	2152 	8606 	1019 	6338 
143 	1402 	6299 	269 	4030 
144 	652 	3991 	2483 	7653 
145 	2866 	7614 	1733 	5345 
146 	2116 	5306 	983 	3038 
147 	242 	1366 	2073 	233 
148 	2456 	3580 	1323 	7242 
149 	1706 	7203 	573 	4934 
150 	956 	4895 	2787 	8557 
151 	206 	8518 	2037 	6250 
152 	2420 	6212 	1287 	3943 
153 	546 	1670 	2377 	537 
154 	2760 	4485 	1627 	8146 
155 	2010 	8107 	877 	5838 
156 	1260 	5800 	127 	3532 
157 	510 	3493 	2341 	7154 
158 	2724 	7116 	1591 	4847 
159 	1974 	4808 	841 	8469 
160 	100 	5389 	1931 	3121 
161 	2314 	3082 	1181 	6743 
162 	1564 	6705 	431 	4436 
163 	814 	4397 	2645 	8059 
164 	64 	8020 	1895 	5751 
165 	2278 	5712 	1145 	3444 
166 	404 	1528 	2235 	395 
167 	2618 	3986 	1485 	7648 
168 	1868 	7609 	735 	5340 
169 	1118 	5301 	2949 	3033 
170 	368 	2995 	2199 	6656 
171 	2582 	6618 	1449 	4348 
172 	708 	1832 	2539 	699 
173 	2922 	4890 	1789 	8552 
174 	2172 	8513 	1039 	6245 
175 	1422 	6207 	289 	3937 
176 	672 	3899 	2503 	7560 
177 	2886 	7522 	1753 	5252 
178 	2136 	5214 	1003 	8875 
179 	262 	1386 	2093 	253 
180 	2476 	3488 	1343 	7149 
181 	1726 	7111 	593 	4842 
182 	976 	4803 	2807 	8464 
183 	226 	8426 	2057 	6158 
184 	2440 	6119 	1307 	3850 
185 	566 	1690 	2397 	557 
186 	2780 	4392 	1647 	8053 
187 	2030 	8015 	897 	5746 
188 	1280 	5707 	147 	3439 
189 	530 	3401 	2361 	7062 
190 	2744 	7023 	1611 	4754 
191 	1994 	4716 	861 	8377 
192 	120 	5296 	1951 	3028 
193 	2334 	2990 	1201 	6651 
194 	1584 	6612 	451 	4343 
195 	834 	4305 	2665 	7966 
196 	84 	7928 	1915 	5658 
197 	2298 	5620 	1165 	3352 
198 	424 	1548 	2255 	415 
199 	2638 	3894 	1505 	7555 
200 	1888 	7517 	755 	5247 
201 	1138 	5209 	5 	8870 
202 	388 	8832 	2219 	6564 
203 	2602 	6525 	1469 	4256 
204 	728 	1852 	2559 	719 
205 	2942 	4798 	1809 	8459 
206 	2192 	8421 	1059 	6153 
207 	1442 	6114 	309 	3845 
208 	692 	3806 	2523 	7468 
209 	2906 	7429 	1773 	5160 
210 	2156 	5122 	1023 	8783 
211 	282 	5702 	2113 	3434 
212 	2496 	3396 	1363 	7057 
213 	1746 	7018 	613 	4749 
214 	996 	4711 	2827 	8372 
215 	246 	8333 	2077 	6065 
216 	2460 	6027 	1327 	3758 
217 	586 	1710 	2417 	577 
218 	2800 	4300 	1667 	7961 
219 	2050 	7922 	917 	5653 
220 	1300 	5615 	167 	3347 
221 	550 	3308 	2381 	6970 
222 	2764 	6931 	1631 	4662 
223 	890 	2014 	2721 	881 
224 	140 	5204 	1971 	8865 
225 	2354 	8827 	1221 	6559 
226 	1604 	6520 	471 	4251 
227 	854 	4212 	2685 	7874 
228 	104 	7835 	1935 	5566 
229 	2318 	5527 	1185 	3259 
230 	444 	1568 	2275 	435 
231 	2658 	3801 	1525 	7463 
232 	1908 	7424 	775 	5155 
233 	1158 	5116 	25 	8778 
234 	408 	8739 	2239 	6471 
235 	2622 	6433 	1489 	4163 
236 	748 	1872 	2579 	739 
237 	2962 	4705 	1829 	8367 
238 	2212 	8328 	1079 	6060 
239 	1462 	6022 	329 	3753 
240 	712 	3714 	2543 	7375 
241 	2926 	7337 	1793 	5068 
242 	1052 	2176 	2883 	1043 
243 	302 	5610 	2133 	3342 
244 	2516 	3303 	1383 	6964 
245 	1766 	6926 	633 	4657 
246 	1016 	4618 	2847 	8279 
247 	266 	8241 	2097 	5973 
248 	2480 	5934 	1347 	3665 
249 	606 	1730 	2437 	597 
250 	2820 	4207 	1687 	7868 
251 	2070 	7830 	937 	5561 
252 	1320 	5522 	187 	3254 
253 	570 	3216 	2401 	6877 
254 	2784 	6839 	1651 	4569 
255 	910 	2034 	2741 	901 
256 	160 	5111 	1991 	8773 
257 	2374 	8734 	1241 	6466 
258 	1624 	6428 	491 	4158 
259 	874 	4120 	2705 	7781 
260 	124 	7743 	1955 	5473 
261 	2338 	5435 	1205 	3167 
262 	464 	6017 	2295 	3747 
263 	2678 	3709 	1545 	7370 
264 	1928 	7332 	795 	5062 
265 	1178 	5024 	45 	8685 
266 	428 	8647 	2259 	6379 
267 	2642 	6340 	1509 	4071 
268 	768 	1892 	2599 	759 
269 	18 	4613 	1849 	8274 
270 	2232 	8236 	1099 	5968 
271 	1482 	5929 	349 	3660 
272 	732 	3622 	2563 	7283 
273 	2946 	7244 	1813 	4975 
274 	1072 	2196 	2903 	1063 
275 	322 	5517 	2153 	3249 
276 	2536 	3211 	1403 	6872 
277 	1786 	6833 	653 	4564 
278 	1036 	4526 	2867 	8187 
279 	286 	8148 	2117 	5879 
280 	2500 	5841 	1367 	3573 
281 	626 	6422 	2457 	4153 
282 	2840 	4115 	1707 	7776 
283 	2090 	7737 	957 	5468 
284 	1340 	5430 	207 	3162 
285 	590 	3123 	2421 	6785 
286 	2804 	6746 	1671 	4477 
287 	930 	2054 	2761 	921 
288 	180 	5019 	2011 	8680 
289 	2394 	8642 	1261 	6374 
290 	1644 	6335 	511 	4066 
291 	894 	4027 	2725 	7689 
292 	144 	7650 	1975 	5381 
293 	1234 	2358 	101 	1225 
294 	484 	5923 	2315 	3655 
295 	2698 	3616 	1565 	7278 
296 	1948 	7239 	815 	4970 
297 	1198 	4931 	65 	8593 
298 	448 	8554 	2279 	6286 
299 	2662 	6248 	1529 	3979 
300 	788 	1912 	2619 	779 
301 	38 	4520 	1869 	8182 
302 	2252 	8143 	1119 	5874 
303 	1502 	5836 	369 	3568 
304 	752 	3529 	2583 	7190 
305 	2 	7152 	1833 	4883 
306 	1092 	2216 	2923 	1083 
307 	342 	5425 	2173 	3157 
308 	2556 	3118 	1423 	6779 
309 	1806 	6741 	673 	4472 
310 	1056 	4433 	2887 	8094 
311 	306 	8056 	2137 	5787 
312 	1396 	2520 	263 	1387 
313 	646 	6330 	2477 	4061 
314 	2860 	4022 	1727 	7684 
315 	2110 	7645 	977 	5376 
316 	1360 	5337 	227 	3069 
317 	610 	3031 	2441 	6692 
318 	2824 	6654 	1691 	4384 
319 	950 	2074 	2781 	941 
320 	200 	4926 	2031 	8588 
321 	2414 	8549 	1281 	6281 
322 	1664 	6243 	531 	3973 
323 	914 	3935 	2745 	7596 
324 	164 	7558 	1995 	5288 
325 	1254 	2378 	121 	1245 
326 	504 	5830 	2335 	3562 
327 	2718 	3524 	1585 	7185 
328 	1968 	7147 	835 	4878 
329 	1218 	4839 	85 	8500 
330 	468 	8462 	2299 	6194 
331 	2682 	6155 	1549 	3886 
332 	808 	6736 	2639 	4467 
333 	58 	4428 	1889 	8089 
334 	2272 	8051 	1139 	5782 
335 	1522 	5743 	389 	3475 
336 	772 	3437 	2603 	7098 
337 	22 	7059 	1853 	4790 
338 	1112 	2236 	2943 	1103 
339 	362 	5332 	2193 	3064 
340 	2576 	3026 	1443 	6687 
341 	1826 	6648 	693 	4379 
342 	1076 	4341 	2907 	8002 
343 	326 	7964 	2157 	5694 
344 	1416 	2540 	283 	1407 
345 	666 	6237 	2497 	3968 
346 	2880 	3930 	1747 	7591 
347 	2130 	7553 	997 	5283 
348 	1380 	5245 	247 	2977 
349 	630 	8868 	2461 	6600 
350 	2844 	6561 	1711 	4292 
351 	970 	7142 	2801 	4872 
352 	220 	4834 	2051 	8495 
353 	2434 	8457 	1301 	6189 
354 	1684 	6150 	551 	3881 
355 	934 	3842 	2765 	7504 
356 	184 	7465 	2015 	5196 
357 	1274 	2398 	141 	1265 
358 	524 	5738 	2355 	3470 
359 	2738 	3431 	1605 	7093 
360 	1988 	7054 	855 	4785 
361 	1238 	4747 	105 	8408 
362 	488 	8369 	2319 	6101 
363 	1578 	2702 	445 	1569 
364 	828 	6643 	2659 	4374 
365 	78 	4336 	1909 	7997 
366 	2292 	7958 	1159 	5689 
367 	1542 	5651 	409 	3383 
368 	792 	3344 	2623 	7005 
369 	42 	6967 	1873 	4698 
370 	1132 	2256 	2963 	1123 
371 	382 	5240 	2213 	2972 
372 	2596 	8862 	1463 	6595 
373 	1846 	6556 	713 	4287 
374 	1096 	4248 	2927 	7910 
375 	346 	7871 	2177 	5602 
376 	1436 	2560 	303 	1427 
377 	686 	6145 	2517 	3876 
378 	2900 	3837 	1767 	7499 
379 	2150 	7460 	1017 	5191 
380 	1400 	5152 	267 	8814 
381 	650 	8775 	2481 	6507 
382 	2864 	6469 	1731 	4199 
383 	990 	7049 	2821 	4780 
384 	240 	4741 	2071 	8403 
385 	2454 	8364 	1321 	6096 
386 	1704 	6058 	571 	3788 
387 	954 	3750 	2785 	7411 
388 	204 	7373 	2035 	5104 
389 	1294 	2418 	161 	1285 
390 	544 	5645 	2375 	3378 
391 	2758 	3339 	1625 	7000 
392 	2008 	6962 	875 	4693 
393 	1258 	4654 	125 	8315 
394 	508 	8277 	2339 	6009 
395 	1598 	2722 	465 	1589 
396 	848 	6551 	2679 	4282 
397 	98 	4243 	1929 	7904 
398 	2312 	7866 	1179 	5597 
399 	1562 	5558 	429 	3290 
400 	812 	3252 	2643 	6913 
401 	62 	6874 	1893 	4605 
402 	1152 	7455 	19 	5186 
403 	402 	5147 	2233 	8809 
404 	2616 	8770 	1483 	6502 
405 	1866 	6464 	733 	4194 
406 	1116 	4156 	2947 	7817 
407 	366 	7779 	2197 	5509 
408 	1456 	2580 	323 	1447 
409 	706 	6053 	2537 	3783 
410 	2920 	3745 	1787 	7406 
411 	2170 	7368 	1037 	5098 
412 	1420 	5060 	287 	8721 
413 	670 	8683 	2501 	6415 
414 	1760 	2884 	627 	1751 
415 	1010 	6957 	2841 	4687 
416 	260 	4649 	2091 	8310 
417 	2474 	8272 	1341 	6004 
418 	1724 	5965 	591 	3696 
419 	974 	3657 	2805 	7319 
420 	224 	7280 	2055 	5011 
421 	1314 	2438 	181 	1305 
422 	564 	5553 	2395 	3285 
423 	2778 	3247 	1645 	6908 
424 	2028 	6869 	895 	4600 
425 	1278 	4562 	145 	8223 
426 	528 	8184 	2359 	5915 
427 	1618 	2742 	485 	1609 
428 	868 	6458 	2699 	4189 
429 	118 	4151 	1949 	7812 
430 	2332 	7773 	1199 	5504 
431 	1582 	5466 	449 	3198 
432 	832 	3159 	2663 	6821 
433 	1922 	82 	789 	1913 
434 	1172 	7362 	39 	5093 
435 	422 	5055 	2253 	8716 
436 	2636 	8678 	1503 	6410 
437 	1886 	6371 	753 	4102 
438 	1136 	4063 	3 	7725 
439 	386 	7686 	2217 	5417 
440 	1476 	2600 	343 	1467 
441 	726 	5960 	2557 	3691 
442 	2940 	3652 	1807 	7314 
443 	2190 	7275 	1057 	5006 
444 	1440 	4967 	307 	8629 
445 	690 	8590 	2521 	6322 
446 	1780 	2904 	647 	1771 
447 	1030 	6864 	2861 	4595 
448 	280 	4556 	2111 	8218 
449 	2494 	8179 	1361 	5910 
450 	1744 	5871 	611 	3604 
451 	994 	3565 	2825 	7226 
452 	244 	7188 	2075 	4919 
453 	1334 	7768 	201 	5499 
454 	584 	5461 	2415 	3193 
455 	2798 	3154 	1665 	6815 
456 	2048 	6777 	915 	4508 
457 	1298 	4469 	165 	8130 
458 	548 	8092 	2379 	5823 
459 	1638 	2762 	505 	1629 
460 	888 	6366 	2719 	4097 
461 	138 	4058 	1969 	7719 
462 	2352 	7681 	1219 	5412 
463 	1602 	5373 	469 	3105 
464 	852 	3067 	2683 	6728 
465 	1942 	102 	809 	1933 
466 	1192 	7270 	59 	5001 
467 	442 	4962 	2273 	8624 
468 	2656 	8585 	1523 	6317 
469 	1906 	6279 	773 	4009 
470 	1156 	3971 	23 	7632 
471 	406 	7594 	2237 	5324 
472 	1496 	8174 	363 	5905 
473 	746 	5866 	2577 	3598 
474 	2960 	3560 	1827 	7221 
475 	2210 	7183 	1077 	4913 
476 	1460 	4875 	327 	8536 
477 	710 	8498 	2541 	6230 
478 	1800 	2924 	667 	1791 
479 	1050 	6772 	2881 	4503 
480 	300 	4464 	2131 	8125 
481 	2514 	8087 	1381 	5818 
482 	1764 	5779 	631 	3511 
483 	1014 	3473 	2845 	7134 
484 	2104 	264 	971 	2095 
485 	1354 	7676 	221 	5407 
486 	604 	5368 	2435 	3100 
487 	2818 	3062 	1685 	6723 
488 	2068 	6684 	935 	4415 
489 	1318 	4377 	185 	8038 
490 	568 	7999 	2399 	5730 
491 	1658 	2782 	525 	1649 
492 	908 	6273 	2739 	4004 
493 	158 	3966 	1989 	7627 
494 	2372 	7589 	1239 	5319 
495 	1622 	5281 	489 	3013 
496 	872 	2974 	2703 	6636 
497 	1962 	122 	829 	1953 
498 	1212 	7178 	79 	4908 
499 	462 	4870 	2293 	8531 
500 	2676 	8493 	1543 	6225 
501 	1926 	6186 	793 	3917 
502 	1176 	3878 	43 	7540 
503 	426 	7501 	2257 	5232 
504 	1516 	8082 	383 	5812 
505 	766 	5774 	2597 	3506 
506 	16 	3467 	1847 	7129 
507 	2230 	7090 	1097 	4821 
508 	1480 	4782 	347 	8444 
509 	730 	8405 	2561 	6137 
510 	1820 	2944 	687 	1811 
511 	1070 	6679 	2901 	4410 
512 	320 	4372 	2151 	8033 
513 	2534 	7994 	1401 	5725 
514 	1784 	5687 	651 	3419 
515 	1034 	3380 	2865 	7041 
516 	2124 	284 	991 	2115 
517 	1374 	7583 	241 	5314 
518 	624 	5276 	2455 	3008 
519 	2838 	2969 	1705 	6630 
520 	2088 	6592 	955 	4323 
521 	1338 	4284 	205 	7946 
522 	588 	7907 	2419 	5638 
523 	1678 	8487 	545 	6220 
524 	928 	6181 	2759 	3912 
525 	178 	3873 	2009 	7535 
526 	2392 	7496 	1259 	5227 
527 	1642 	5188 	509 	8850 
528 	892 	8811 	2723 	6543 
529 	1982 	142 	849 	1973 
530 	1232 	7085 	99 	4816 
531 	482 	4777 	2313 	8439 
532 	2696 	8400 	1563 	6132 
533 	1946 	6094 	813 	3824 
534 	1196 	3786 	63 	7447 
535 	2286 	446 	1153 	2277 
536 	1536 	7989 	403 	5720 
537 	786 	5681 	2617 	3413 
538 	36 	3375 	1867 	7036 
539 	2250 	6998 	1117 	4729 
540 	1500 	4690 	367 	8351 
541 	750 	8313 	2581 	6045 
542 	1840 	2964 	707 	6625 
543 	1090 	6587 	2921 	4318 
544 	340 	4279 	2171 	7940 
545 	2554 	7902 	1421 	5633 
546 	1804 	5594 	671 	3326 
547 	1054 	3288 	2885 	6949 
548 	2144 	304 	1011 	2135 
549 	1394 	7491 	261 	5222 
550 	644 	5183 	2475 	8844 
551 	2858 	8806 	1725 	6538 
552 	2108 	6499 	975 	4230 
553 	1358 	4192 	225 	7853 
554 	2448 	608 	1315 	2439 
555 	1698 	8395 	565 	6127 
556 	948 	6089 	2779 	3819 
557 	198 	3781 	2029 	7442 
558 	2412 	7404 	1279 	5134 
559 	1662 	5096 	529 	8757 
560 	912 	8719 	2743 	6451 
561 	2002 	162 	869 	1993 
562 	1252 	6993 	119 	4723 
563 	502 	4685 	2333 	8346 
564 	2716 	8308 	1583 	6040 
565 	1966 	6001 	833 	3732 
566 	1216 	3693 	83 	7355 
567 	2306 	466 	1173 	2297 
568 	1556 	7897 	423 	5627 
569 	806 	5589 	2637 	3321 
570 	56 	3282 	1887 	6944 
571 	2270 	6905 	1137 	4636 
572 	1520 	4598 	387 	8259 
573 	770 	8220 	2601 	5952 
574 	1860 	8801 	727 	6533 
575 	1110 	6494 	2941 	4225 
576 	360 	4187 	2191 	7848 
577 	2574 	7809 	1441 	5540 
578 	1824 	5502 	691 	3234 
579 	1074 	3195 	2905 	6856 
580 	2164 	324 	1031 	2155 
581 	1414 	7398 	281 	5129 
582 	664 	5091 	2495 	8752 
583 	2878 	8713 	1745 	6446 
584 	2128 	6407 	995 	4138 
585 	1378 	4099 	245 	7761 
586 	2468 	628 	1335 	2459 
587 	1718 	8303 	585 	6035 
588 	968 	5996 	2799 	3727 
589 	218 	3688 	2049 	7350 
590 	2432 	7311 	1299 	5042 
591 	1682 	5003 	549 	8665 
592 	932 	8626 	2763 	6358 
593 	2022 	3277 	889 	6939 
594 	1272 	6900 	139 	4631 
595 	522 	4592 	2353 	8254 
596 	2736 	8215 	1603 	5947 
597 	1986 	5907 	853 	3640 
598 	1236 	3601 	103 	7262 
599 	2326 	486 	1193 	2317 
600 	1576 	7804 	443 	5535 
601 	826 	5496 	2657 	3229 
602 	76 	3190 	1907 	6851 
603 	2290 	6813 	1157 	4544 
604 	1540 	4505 	407 	8166 
605 	2630 	790 	1497 	2621 
606 	1880 	8708 	747 	6440 
607 	1130 	6402 	2961 	4133 
608 	380 	4094 	2211 	7755 
609 	2594 	7717 	1461 	5448 
610 	1844 	5409 	711 	3141 
611 	1094 	3103 	2925 	6764 
612 	2184 	344 	1051 	2175 
613 	1434 	7306 	301 	5037 
614 	684 	4998 	2515 	8660 
615 	2898 	8621 	1765 	6353 
616 	2148 	6315 	1015 	4045 
617 	1398 	4007 	265 	7668 
618 	2488 	648 	1355 	2479 
619 	1738 	8210 	605 	5942 
620 	988 	5902 	2819 	3634 
621 	238 	3596 	2069 	7257 
622 	2452 	7219 	1319 	4949 
623 	1702 	4911 	569 	8572 
624 	2792 	952 	1659 	2783 
625 	2042 	3185 	909 	6846 
626 	1292 	6808 	159 	4538 
627 	542 	4500 	2373 	8161 
628 	2756 	8123 	1623 	5854 
629 	2006 	5815 	873 	3547 
630 	1256 	3509 	123 	7170 
631 	2346 	506 	1213 	2337 
632 	1596 	7712 	463 	5443 
633 	846 	5404 	2677 	3136 
634 	96 	3098 	1927 	6759 
635 	2310 	6720 	1177 	4451 
636 	1560 	4413 	427 	8074 
637 	2650 	810 	1517 	2641 
638 	1900 	8616 	767 	6348 
639 	1150 	6309 	17 	4040 
640 	400 	4002 	2231 	7663 
641 	2614 	7624 	1481 	5355 
642 	1864 	5317 	731 	3049 
643 	1114 	3010 	2945 	6672 
644 	2204 	3591 	1071 	7252 
645 	1454 	7214 	321 	4944 
646 	704 	4906 	2535 	8567 
647 	2918 	8529 	1785 	6261 
648 	2168 	6222 	1035 	3953 
649 	1418 	3914 	285 	7576 
650 	2508 	668 	1375 	2499 
651 	1758 	8118 	625 	5848 
652 	1008 	5810 	2839 	3542 
653 	258 	3503 	2089 	7165 
654 	2472 	7126 	1339 	4857 
655 	1722 	4818 	589 	8480 
656 	2812 	972 	1679 	2803 
657 	2062 	3092 	929 	6754 
658 	1312 	6715 	179 	4446 
659 	562 	4407 	2393 	8069 
660 	2776 	8030 	1643 	5761 
661 	2026 	5723 	893 	3455 
662 	1276 	3416 	143 	7077 
663 	2366 	3997 	1233 	7658 
664 	1616 	7619 	483 	5350 
665 	866 	5312 	2697 	3044 
666 	116 	3005 	1947 	6666 
667 	2330 	6628 	1197 	4359 
668 	1580 	4320 	447 	7981 
669 	2670 	830 	1537 	2661 
670 	1920 	8523 	787 	6255 
671 	1170 	6217 	37 	3948 
672 	420 	3909 	2251 	7571 
673 	2634 	7532 	1501 	5263 
674 	1884 	5224 	751 	8886 
675 	10 	1134 	1841 	1 
676 	2224 	3498 	1091 	7160 
677 	1474 	7121 	341 	4852 
678 	724 	4813 	2555 	8475 
679 	2938 	8436 	1805 	6168 
680 	2188 	6130 	1055 	3860 
681 	1438 	3822 	305 	7483 
682 	2528 	688 	1395 	2519 
683 	1778 	8025 	645 	5756 
684 	1028 	5717 	2859 	3449 
685 	278 	3411 	2109 	7072 
686 	2492 	7034 	1359 	4764 
687 	1742 	4726 	609 	8387 
688 	2832 	992 	1699 	2823 
689 	2082 	3000 	949 	6661 
690 	1332 	6623 	199 	4354 
691 	582 	4315 	2413 	7976 
692 	2796 	7938 	1663 	5669 
693 	2046 	5630 	913 	3362 
694 	1296 	3324 	163 	6985 
695 	2386 	3904 	1253 	7565 
696 	1636 	7527 	503 	5258 
697 	886 	5219 	2717 	8880 
698 	136 	8842 	1967 	6574 
699 	2350 	6535 	1217 	4266 
700 	1600 	4228 	467 	7889 
701 	2690 	850 	1557 	2681 
702 	1940 	8431 	807 	6163 
703 	1190 	6124 	57 	3855 
704 	440 	3817 	2271 	7478 
705 	2654 	7440 	1521 	5170 
706 	1904 	5132 	771 	8793 
707 	30 	1154 	1861 	21 
708 	2244 	3406 	1111 	7067 
709 	1494 	7029 	361 	4759 
710 	744 	4721 	2575 	8382 
711 	2958 	8344 	1825 	6076 
712 	2208 	6037 	1075 	3768 
713 	1458 	3729 	325 	7391 
714 	2548 	4310 	1415 	7971 
715 	1798 	7933 	665 	5663 
716 	1048 	5625 	2879 	3357 
717 	298 	3318 	2129 	6980 
718 	2512 	6941 	1379 	4672 
719 	1762 	4633 	629 	8295 
720 	2852 	1012 	1719 	2843 
721 	2102 	8837 	969 	6569 
722 	1352 	6530 	219 	4261 
723 	602 	4223 	2433 	7884 
724 	2816 	7845 	1683 	5576 
725 	2066 	5538 	933 	3270 
726 	192 	1316 	2023 	183 
727 	2406 	3812 	1273 	7473 
728 	1656 	7434 	523 	5165 
729 	906 	5127 	2737 	8788 
730 	156 	8749 	1987 	6482 
731 	2370 	6443 	1237 	4174 
732 	1620 	4135 	487 	7797 
733 	2710 	870 	1577 	2701 
734 	1960 	8338 	827 	6071 
735 	1210 	6032 	77 	3763 
736 	460 	3724 	2291 	7386 
737 	2674 	7347 	1541 	5078 
738 	1924 	5039 	791 	8701 
739 	50 	1174 	1881 	41 
740 	2264 	3313 	1131 	6975 
741 	1514 	6936 	381 	4667 
742 	764 	4628 	2595 	8290 
743 	14 	8251 	1845 	5983 
744 	2228 	5945 	1095 	3675 
745 	354 	1478 	2185 	345 
746 	2568 	4217 	1435 	7879 
747 	1818 	7840 	685 	5571 
748 	1068 	5532 	2899 	3265 
749 	318 	3226 	2149 	6887 
750 	2532 	6849 	1399 	4580 
751 	1782 	4541 	649 	8202 
752 	2872 	1032 	1739 	2863 
753 	2122 	8744 	989 	6476 
754 	1372 	6438 	239 	4169 
755 	622 	4130 	2453 	7791 
756 	2836 	7753 	1703 	5484 
757 	2086 	5445 	953 	3177 
758 	212 	1336 	2043 	203 
759 	2426 	3719 	1293 	7380 
760 	1676 	7342 	543 	5073 
761 	926 	5034 	2757 	8696 
762 	176 	8657 	2007 	6389 
763 	2390 	6351 	1257 	4081 
764 	1640 	4043 	507 	7704 
765 	2730 	4623 	1597 	8285 
766 	1980 	8246 	847 	5978 
767 	1230 	5940 	97 	3670 
768 	480 	3632 	2311 	7293 
769 	2694 	7255 	1561 	4985 
770 	1944 	4947 	811 	8608 
771 	70 	1194 	1901 	61 
772 	2284 	3221 	1151 	6882 
773 	1534 	6844 	401 	4574 
774 	784 	4536 	2615 	8197 
775 	34 	8159 	1865 	5889 
776 	2248 	5851 	1115 	3583 
777 	374 	1498 	2205 	365 
778 	2588 	4125 	1455 	7786 
779 	1838 	7748 	705 	5479 
780 	1088 	5440 	2919 	3172 
781 	338 	3134 	2169 	6795 
782 	2552 	6756 	1419 	4487 
783 	1802 	4449 	669 	8110 
784 	2892 	5029 	1759 	8690 
785 	2142 	8652 	1009 	6384 
786 	1392 	6345 	259 	4076 
787 	642 	4038 	2473 	7699 
788 	2856 	7660 	1723 	5391 
789 	2106 	5353 	973 	3085 
790 	232 	1356 	2063 	223 
791 	2446 	3627 	1313 	7288 
792 	1696 	7249 	563 	4980 
793 	946 	4942 	2777 	8603 
794 	196 	8565 	2027 	6297 
795 	2410 	6258 	1277 	3989 
796 	536 	1660 	2367 	527 
797 	2750 	4531 	1617 	8192 
798 	2000 	8154 	867 	5884 
799 	1250 	5846 	117 	3578 
800 	500 	3539 	2331 	7201 
801 	2714 	7162 	1581 	4893 
802 	1964 	4854 	831 	8516 
803 	90 	1214 	1921 	81 
804 	2304 	3128 	1171 	6790 
805 	1554 	6751 	421 	4482 
806 	804 	4443 	2635 	8105 
807 	54 	8066 	1885 	5797 
808 	2268 	5758 	1135 	3491 
809 	394 	1518 	2225 	385 
810 	2608 	4032 	1475 	7694 
811 	1858 	7655 	725 	5386 
812 	1108 	5348 	2939 	3080 
813 	358 	3041 	2189 	6702 
814 	2572 	6664 	1439 	4395 
815 	698 	1822 	2529 	689 
816 	2912 	4937 	1779 	8598 
817 	2162 	8559 	1029 	6291 
818 	1412 	6253 	279 	3984 
819 	662 	3945 	2493 	7606 
820 	2876 	7568 	1743 	5299 
821 	2126 	5260 	993 	2992 
822 	252 	1376 	2083 	243 
823 	2466 	3534 	1333 	7196 
824 	1716 	7157 	583 	4888 
825 	966 	4849 	2797 	8511 
826 	216 	8472 	2047 	6204 
827 	2430 	6166 	1297 	3896 
828 	556 	1680 	2387 	547 
829 	2770 	4438 	1637 	8100 
830 	2020 	8061 	887 	5792 
831 	1270 	5753 	137 	3485 
832 	520 	3447 	2351 	7108 
833 	2734 	7070 	1601 	4800 
834 	1984 	4762 	851 	8423 
835 	110 	5342 	1941 	3074 
836 	2324 	3036 	1191 	6697 
837 	1574 	6659 	441 	4389 
838 	824 	4351 	2655 	8012 
839 	74 	7974 	1905 	5705 
840 	2288 	5666 	1155 	3398 
841 	414 	1538 	2245 	405 
842 	2628 	3940 	1495 	7601 
843 	1878 	7563 	745 	5294 
844 	1128 	5255 	2959 	2987 
845 	378 	8878 	2209 	6610 
846 	2592 	6571 	1459 	4302 
847 	718 	1842 	2549 	709 
848 	2932 	4844 	1799 	8505 
849 	2182 	8467 	1049 	6199 
850 	1432 	6160 	299 	3891 
851 	682 	3853 	2513 	7514 
852 	2896 	7475 	1763 	5206 
853 	2146 	5168 	1013 	8829 
854 	272 	5748 	2103 	3480 
855 	2486 	3442 	1353 	7103 
856 	1736 	7065 	603 	4795 
857 	986 	4757 	2817 	8418 
858 	236 	8380 	2067 	6112 
859 	2450 	6073 	1317 	3804 
860 	576 	1700 	2407 	567 
861 	2790 	4346 	1657 	8007 
862 	2040 	7969 	907 	5699 
863 	1290 	5661 	157 	3393 
864 	540 	3354 	2371 	7016 
865 	2754 	6977 	1621 	4708 
866 	880 	2004 	2711 	871 
867 	130 	5250 	1961 	2982 
868 	2344 	8873 	1211 	6605 
869 	1594 	6566 	461 	4297 
870 	844 	4259 	2675 	7920 
871 	94 	7881 	1925 	5612 
872 	2308 	5574 	1175 	3306 
873 	434 	1558 	2265 	425 
874 	2648 	3848 	1515 	7509 
875 	1898 	7470 	765 	5201 
876 	1148 	5163 	15 	8824 
877 	398 	8785 	2229 	6517 
878 	2612 	6479 	1479 	4210 
879 	738 	1862 	2569 	729 
880 	2952 	4752 	1819 	8413 
881 	2202 	8374 	1069 	6107 
882 	1452 	6068 	319 	3799 
883 	702 	3760 	2533 	7422 
884 	2916 	7383 	1783 	5114 
885 	2166 	5075 	1033 	8737 
886 	292 	5656 	2123 	3388 
887 	2506 	3349 	1373 	7011 
888 	1756 	6972 	623 	4703 
889 	1006 	4664 	2837 	8326 
890 	256 	8287 	2087 	6019 
891 	2470 	5981 	1337 	3711 
892 	596 	1720 	2427 	587 
893 	2810 	4253 	1677 	7915 
894 	2060 	7876 	927 	5607 
895 	1310 	5568 	177 	3300 
896 	560 	3262 	2391 	6923 
897 	2774 	6885 	1641 	4616 
898 	900 	2024 	2731 	891 
899 	150 	5157 	1981 	8819 
900 	2364 	8780 	1231 	6512 
901 	1614 	6474 	481 	4205 
902 	864 	4166 	2695 	7827 
903 	114 	7789 	1945 	5520 
904 	2328 	5481 	1195 	3213 
905 	454 	6063 	2285 	3794 
906 	2668 	3755 	1535 	7416 
907 	1918 	7378 	785 	5109 
908 	1168 	5070 	35 	8731 
909 	418 	8693 	2249 	6425 
910 	2632 	6386 	1499 	4117 
911 	758 	1882 	2589 	749 
912 	8 	4659 	1839 	8321 
913 	2222 	8282 	1089 	6014 
914 	1472 	5976 	339 	3706 
915 	722 	3668 	2553 	7329 
916 	2936 	7291 	1803 	5021 
917 	1062 	2186 	2893 	1053 
918 	312 	5563 	2143 	3295 
919 	2526 	3257 	1393 	6918 
920 	1776 	6880 	643 	4610 
921 	1026 	4572 	2857 	8233 
922 	276 	8195 	2107 	5925 
923 	2490 	5887 	1357 	3619 
924 	616 	1740 	2447 	607 
925 	2830 	4161 	1697 	7822 
926 	2080 	7784 	947 	5514 
927 	1330 	5476 	197 	3208 
928 	580 	3169 	2411 	6831 
929 	2794 	6792 	1661 	4523 
930 	920 	2044 	2751 	911 
931 	170 	5065 	2001 	8726 
932 	2384 	8688 	1251 	6420 
933 	1634 	6381 	501 	4112 
934 	884 	4074 	2715 	7735 
935 	134 	7696 	1965 	5427 
936 	1224 	2348 	91 	1215 
937 	474 	5970 	2305 	3701 
938 	2688 	3663 	1555 	7324 
939 	1938 	7285 	805 	5016 
940 	1188 	4978 	55 	8639 
941 	438 	8600 	2269 	6333 
942 	2652 	6294 	1519 	4025 
943 	778 	1902 	2609 	769 
944 	28 	4567 	1859 	8228 
945 	2242 	8190 	1109 	5920 
946 	1492 	5882 	359 	3614 
947 	742 	3575 	2573 	7237 
948 	2956 	7198 	1823 	4929 
949 	1082 	2206 	2913 	1073 
950 	332 	5471 	2163 	3203 
951 	2546 	3164 	1413 	6826 
952 	1796 	6787 	663 	4518 
953 	1046 	4479 	2877 	8141 
954 	296 	8102 	2127 	5833 
955 	2510 	5794 	1377 	3526 
956 	636 	6376 	2467 	4107 
957 	2850 	4068 	1717 	7730 
958 	2100 	7691 	967 	5422 
959 	1350 	5383 	217 	3116 
960 	600 	3077 	2431 	6738 
961 	2814 	6700 	1681 	4431 
962 	940 	2064 	2771 	931 
963 	190 	4973 	2021 	8634 
964 	2404 	8595 	1271 	6327 
965 	1654 	6289 	521 	4020 
966 	904 	3981 	2735 	7642 
967 	154 	7604 	1985 	5335 
968 	1244 	2368 	111 	1235 
969 	494 	5877 	2325 	3609 
970 	2708 	3570 	1575 	7231 
971 	1958 	7193 	825 	4924 
972 	1208 	4885 	75 	8547 
973 	458 	8508 	2289 	6240 
974 	2672 	6202 	1539 	3932 
975 	798 	6782 	2629 	4513 
976 	48 	4474 	1879 	8136 
977 	2262 	8097 	1129 	5828 
978 	1512 	5789 	379 	3521 
979 	762 	3483 	2593 	7144 
980 	12 	7106 	1843 	4836 
981 	1102 	2226 	2933 	1093 
982 	352 	5378 	2183 	3110 
983 	2566 	3072 	1433 	6733 
984 	1816 	6695 	683 	4425 
985 	1066 	4387 	2897 	8048 
986 	316 	8010 	2147 	5741 
987 	1406 	2530 	273 	1397 
988 	656 	6284 	2487 	4014 
989 	2870 	3976 	1737 	7637 
990 	2120 	7599 	987 	5330 
991 	1370 	5291 	237 	3023 
992 	620 	2985 	2451 	6646 
993 	2834 	6607 	1701 	4338 
994 	960 	2084 	2791 	951 
995 	210 	4880 	2041 	8541 
996 	2424 	8503 	1291 	6235 
997 	1674 	6196 	541 	3927 
998 	924 	3889 	2755 	7550 
999 	174 	7511 	2005 	5242 
1000 	1264 	2388 	131 	1255 
1001 	514 	5784 	2345 	3516 
1002 	2728 	3478 	1595 	7139 
1003 	1978 	7101 	845 	4831 
1004 	1228 	4793 	95 	8454 
1005 	478 	8416 	2309 	6148 
1006 	2692 	6109 	1559 	3840 
1007 	818 	6690 	2649 	4420 
1008 	68 	4382 	1899 	8043 
1009 	2282 	8005 	1149 	5735 
1010 	1532 	5697 	399 	3429 
1011 	782 	3390 	2613 	7052 
1012 	32 	7013 	1863 	4744 
1013 	1122 	2246 	2953 	1113 
1014 	372 	5286 	2203 	3018 
1015 	2586 	2979 	1453 	6641 
1016 	1836 	6602 	703 	4333 
1017 	1086 	4294 	2917 	7956 
1018 	336 	7917 	2167 	5648 
1019 	1426 	2550 	293 	1417 
1020 	676 	6191 	2507 	3922 
1021 	2890 	3884 	1757 	7545 
1022 	2140 	7506 	1007 	5237 
1023 	1390 	5199 	257 	8860 
1024 	640 	8821 	2471 	6553 
1025 	2854 	6515 	1721 	4246 
1026 	980 	7095 	2811 	4826 
1027 	230 	4788 	2061 	8449 
1028 	2444 	8410 	1311 	6142 
1029 	1694 	6104 	561 	3835 
1030 	944 	3796 	2775 	7458 
1031 	194 	7419 	2025 	5150 
1032 	1284 	2408 	151 	1275 
1033 	534 	5692 	2365 	3424 
1034 	2748 	3385 	1615 	7047 
1035 	1998 	7008 	865 	4739 
1036 	1248 	4700 	115 	8362 
1037 	498 	8323 	2329 	6055 
1038 	1588 	2712 	455 	1579 
1039 	838 	6597 	2669 	4328 
1040 	88 	4289 	1919 	7951 
1041 	2302 	7912 	1169 	5643 
1042 	1552 	5604 	419 	3336 
1043 	802 	3298 	2633 	6959 
1044 	52 	6921 	1883 	4651 
1045 	1142 	2266 	9 	1133 
1046 	392 	5193 	2223 	8855 
1047 	2606 	8816 	1473 	6548 
1048 	1856 	6510 	723 	4241 
1049 	1106 	4202 	2937 	7863 
1050 	356 	7825 	2187 	5556 
1051 	1446 	2570 	313 	1437 
1052 	696 	6099 	2527 	3830 
1053 	2910 	3791 	1777 	7452 
1054 	2160 	7414 	1027 	5145 
1055 	1410 	5106 	277 	8767 
1056 	660 	8729 	2491 	6461 
1057 	1750 	2874 	617 	1741 
1058 	1000 	7003 	2831 	4734 
1059 	250 	4695 	2081 	8356 
1060 	2464 	8318 	1331 	6050 
1061 	1714 	6011 	581 	3742 
1062 	964 	3704 	2795 	7365 
1063 	214 	7327 	2045 	5057 
1064 	1304 	2428 	171 	1295 
1065 	554 	5599 	2385 	3331 
1066 	2768 	3293 	1635 	6954 
1067 	2018 	6916 	885 	4646 
1068 	1268 	4608 	135 	8269 
1069 	518 	8231 	2349 	5963 
1070 	1608 	2732 	475 	1599 
1071 	858 	6505 	2689 	4235 
1072 	108 	4197 	1939 	7858 
1073 	2322 	7820 	1189 	5550 
1074 	1572 	5512 	439 	3244 
1075 	822 	3205 	2653 	6867 
1076 	72 	6828 	1903 	4559 
1077 	1162 	7409 	29 	5139 
1078 	412 	5101 	2243 	8762 
1079 	2626 	8724 	1493 	6456 
1080 	1876 	6417 	743 	4148 
1081 	1126 	4110 	2957 	7771 
1082 	376 	7732 	2207 	5463 
1083 	1466 	2590 	333 	1457 
1084 	716 	6006 	2547 	3737 
1085 	2930 	3699 	1797 	7360 
1086 	2180 	7321 	1047 	5052 
1087 	1430 	5014 	297 	8675 
1088 	680 	8636 	2511 	6368 
1089 	1770 	2894 	637 	1761 
1090 	1020 	6910 	2851 	4641 
1091 	270 	4603 	2101 	8264 
1092 	2484 	8225 	1351 	5958 
1093 	1734 	5918 	601 	3650 
1094 	984 	3611 	2815 	7273 
1095 	234 	7234 	2065 	4965 
1096 	1324 	7815 	191 	5545 
1097 	574 	5507 	2405 	3239 
1098 	2788 	3200 	1655 	6862 
1099 	2038 	6823 	905 	4554 
1100 	1288 	4515 	155 	8177 
1101 	538 	8138 	2369 	5869 
1102 	1628 	2752 	495 	1619 
1103 	878 	6412 	2709 	4143 
1104 	128 	4104 	1959 	7766 
1105 	2342 	7727 	1209 	5458 
1106 	1592 	5419 	459 	3151 
1107 	842 	3113 	2673 	6774 
1108 	1932 	92 	799 	1923 
1109 	1182 	7316 	49 	5047 
1110 	432 	5008 	2263 	8670 
1111 	2646 	8631 	1513 	6363 
1112 	1896 	6325 	763 	4056 
1113 	1146 	4017 	13 	7678 
1114 	396 	7640 	2227 	5371 
1115 	1486 	2610 	353 	1477 
1116 	736 	5913 	2567 	3645 
1117 	2950 	3606 	1817 	7267 
1118 	2200 	7229 	1067 	4960 
1119 	1450 	4921 	317 	8583 
1120 	700 	8544 	2531 	6276 
1121 	1790 	2914 	657 	1781 
1122 	1040 	6818 	2871 	4549 
1123 	290 	4510 	2121 	8172 
1124 	2504 	8133 	1371 	5864 
1125 	1754 	5825 	621 	3557 
1126 	1004 	3519 	2835 	7180 
1127 	2094 	254 	961 	2085 
1128 	1344 	7722 	211 	5453 
1129 	594 	5414 	2425 	3146 
1130 	2808 	3108 	1675 	6769 
1131 	2058 	6731 	925 	4461 
1132 	1308 	4423 	175 	8084 
1133 	558 	8046 	2389 	5776 
1134 	1648 	2772 	515 	1639 
1135 	898 	6320 	2729 	4050 
1136 	148 	4012 	1979 	7673 
1137 	2362 	7635 	1229 	5366 
1138 	1612 	5327 	479 	3059 
1139 	862 	3021 	2693 	6682 
1140 	1952 	112 	819 	1943 
1141 	1202 	7224 	69 	4955 
1142 	452 	4916 	2283 	8577 
1143 	2666 	8539 	1533 	6271 
1144 	1916 	6232 	783 	3963 
1145 	1166 	3925 	33 	7586 
1146 	416 	7547 	2247 	5278 
1147 	1506 	8128 	373 	5859 
1148 	756 	5820 	2587 	3552 
1149 	6 	3514 	1837 	7175 
1150 	2220 	7136 	1087 	4867 
1151 	1470 	4829 	337 	8490 
1152 	720 	8452 	2551 	6184 
1153 	1810 	2934 	677 	1801 
1154 	1060 	6726 	2891 	4456 
1155 	310 	4418 	2141 	8079 
1156 	2524 	8041 	1391 	5771 
1157 	1774 	5733 	641 	3465 
1158 	1024 	3426 	2855 	7088 
1159 	2114 	274 	981 	2105 
1160 	1364 	7630 	231 	5360 
1161 	614 	5322 	2445 	3054 
1162 	2828 	3015 	1695 	6677 
1163 	2078 	6638 	945 	4369 
1164 	1328 	4330 	195 	7992 
1165 	578 	7953 	2409 	5684 
1166 	1668 	8534 	535 	6266 
1167 	918 	6227 	2749 	3958 
1168 	168 	3919 	1999 	7581 
1169 	2382 	7542 	1249 	5273 
1170 	1632 	5235 	499 	2967 
1171 	882 	8857 	2713 	6589 
1172 	1972 	132 	839 	1963 
1173 	1222 	7131 	89 	4862 
1174 	472 	4824 	2303 	8485 
1175 	2686 	8446 	1553 	6178 
1176 	1936 	6140 	803 	3871 
1177 	1186 	3832 	53 	7493 
1178 	2276 	436 	1143 	2267 
1179 	1526 	8035 	393 	5766 
1180 	776 	5728 	2607 	3460 
1181 	26 	3421 	1857 	7083 
1182 	2240 	7044 	1107 	4775 
1183 	1490 	4736 	357 	8398 
1184 	740 	8359 	2571 	6091 
1185 	1830 	2954 	697 	1821 
1186 	1080 	6633 	2911 	4364 
1187 	330 	4325 	2161 	7987 
1188 	2544 	7948 	1411 	5679 
1189 	1794 	5640 	661 	3372 
1190 	1044 	3334 	2875 	6995 
1191 	2134 	294 	1001 	2125 
1192 	1384 	7537 	251 	5268 
1193 	634 	5229 	2465 	8891 
1194 	2848 	8852 	1715 	6584 
1195 	2098 	6546 	965 	4276 
1196 	1348 	4238 	215 	7899 
1197 	598 	7861 	2429 	5592 
1198 	1688 	8441 	555 	6173 
1199 	938 	6135 	2769 	3866 
1200 	188 	3827 	2019 	7488 
1201 	2402 	7450 	1269 	5181 
1202 	1652 	5142 	519 	8803 
1203 	902 	8765 	2733 	6497 
1204 	1992 	152 	859 	1983 
1205 	1242 	7039 	109 	4770 
1206 	492 	4731 	2323 	8392 
1207 	2706 	8354 	1573 	6086 
1208 	1956 	6047 	823 	3778 
1209 	1206 	3740 	73 	7401 
1210 	2296 	456 	1163 	2287 
1211 	1546 	7943 	413 	5674 
1212 	796 	5635 	2627 	3367 
1213 	46 	3329 	1877 	6990 
1214 	2260 	6952 	1127 	4682 
1215 	1510 	4644 	377 	8305 
1216 	760 	8267 	2591 	5999 
1217 	1850 	8847 	717 	6579 
1218 	1100 	6541 	2931 	4271 
1219 	350 	4233 	2181 	7894 
1220 	2564 	7856 	1431 	5586 
1221 	1814 	5548 	681 	3280 
1222 	1064 	3241 	2895 	6903 
1223 	2154 	314 	1021 	2145 
1224 	1404 	7445 	271 	5175 
1225 	654 	5137 	2485 	8798 
1226 	2868 	8760 	1735 	6492 
1227 	2118 	6453 	985 	4184 
1228 	1368 	4145 	235 	7807 
1229 	2458 	618 	1325 	2449 
1230 	1708 	8349 	575 	6081 
1231 	958 	6042 	2789 	3773 
1232 	208 	3735 	2039 	7396 
1233 	2422 	7357 	1289 	5088 
1234 	1672 	5050 	539 	8711 
1235 	922 	8672 	2753 	6404 
1236 	2012 	172 	879 	2003 
1237 	1262 	6946 	129 	4677 
1238 	512 	4639 	2343 	8300 
1239 	2726 	8261 	1593 	5993 
1240 	1976 	5955 	843 	3686 
1241 	1226 	3647 	93 	7309 
1242 	2316 	476 	1183 	2307 
1243 	1566 	7850 	433 	5581 
1244 	816 	5543 	2647 	3275 
1245 	66 	3236 	1897 	6898 
1246 	2280 	6859 	1147 	4590 
1247 	1530 	4551 	397 	8213 
1248 	2620 	780 	1487 	2611 
1249 	1870 	8755 	737 	6487 
1250 	1120 	6448 	2951 	4179 
1251 	370 	4140 	2201 	7802 
1252 	2584 	7763 	1451 	5494 
1253 	1834 	5455 	701 	3187 
1254 	1084 	3149 	2915 	6810 
1255 	2174 	334 	1041 	2165 
1256 	1424 	7352 	291 	5083 
1257 	674 	5044 	2505 	8706 
1258 	2888 	8667 	1755 	6399 
1259 	2138 	6361 	1005 	4092 
1260 	1388 	4053 	255 	7714 
1261 	2478 	638 	1345 	2469 
1262 	1728 	8256 	595 	5988 
1263 	978 	5950 	2809 	3681 
1264 	228 	3642 	2059 	7303 
1265 	2442 	7265 	1309 	4996 
1266 	1692 	4957 	559 	8618 
1267 	942 	8580 	2773 	6312 
1268 	2032 	3231 	899 	6892 
1269 	1282 	6854 	149 	4585 
1270 	532 	4546 	2363 	8208 
1271 	2746 	8169 	1613 	5900 
1272 	1996 	5861 	863 	3593 
1273 	1246 	3555 	113 	7216 
1274 	2336 	496 	1203 	2327 
1275 	1586 	7758 	453 	5489 
1276 	836 	5450 	2667 	3182 
1277 	86 	3144 	1917 	6805 
1278 	2300 	6767 	1167 	4497 
1279 	1550 	4459 	417 	8120 
1280 	2640 	800 	1507 	2631 
1281 	1890 	8662 	757 	6394 
1282 	1140 	6356 	7 	4086 
1283 	390 	4048 	2221 	7709 
1284 	2604 	7671 	1471 	5401 
1285 	1854 	5363 	721 	3095 
1286 	1104 	3056 	2935 	6718 
1287 	2194 	3637 	1061 	7298 
1288 	1444 	7260 	311 	4991 
1289 	694 	4952 	2525 	8613 
1290 	2908 	8575 	1775 	6307 
1291 	2158 	6268 	1025 	3999 
1292 	1408 	3961 	275 	7622 
1293 	2498 	658 	1365 	2489 
1294 	1748 	8164 	615 	5895 
1295 	998 	5856 	2829 	3588 
1296 	248 	3550 	2079 	7211 
1297 	2462 	7172 	1329 	4903 
1298 	1712 	4865 	579 	8526 
1299 	2802 	962 	1669 	2793 
1300 	2052 	3139 	919 	6800 
1301 	1302 	6761 	169 	4492 
1302 	552 	4454 	2383 	8115 
1303 	2766 	8077 	1633 	5807 
1304 	2016 	5769 	883 	3501 
1305 	1266 	3462 	133 	7124 
1306 	2356 	516 	1223 	2347 
1307 	1606 	7666 	473 	5396 
1308 	856 	5358 	2687 	3090 
1309 	106 	3051 	1937 	6713 
1310 	2320 	6674 	1187 	4405 
1311 	1570 	4366 	437 	8028 
1312 	2660 	820 	1527 	2651 
1313 	1910 	8570 	777 	6302 
1314 	1160 	6263 	27 	3994 
1315 	410 	3955 	2241 	7617 
1316 	2624 	7578 	1491 	5309 
1317 	1874 	5270 	741 	3003 
