FR80T5X16H6
Channel Interleaving, Puncturing and Mapping to 16-QAM
User data=5120, with flush=5124, Channel Symbols=1479, Channel Bits=5916, p=396, q=396, Coding Rate=0.865450

Symbol	b3 	b2 	b1 	b0 
0 	1314 	0 	4481 	3167 
1 	1400 	86 	4567 	3253 
2 	1486 	172 	4653 	3339 
3 	1572 	258 	4739 	3425 
4 	1658 	344 	4825 	3511 
5 	1744 	430 	4911 	3597 
6 	1830 	516 	4997 	3683 
7 	1916 	602 	5083 	3769 
8 	2002 	688 	45 	3855 
9 	2088 	774 	131 	3941 
10 	2174 	860 	217 	4027 
11 	2260 	946 	303 	4113 
12 	2346 	1032 	389 	4199 
13 	5176 	1118 	11484 	4285 
14 	9808 	1204 	5862 	4371 
15 	14447 	1290 	10500 	4457 
16 	8825 	1376 	15133 	4543 
17 	1462 	148 	4629 	3315 
18 	1548 	234 	4715 	3401 
19 	1634 	320 	4801 	3487 
20 	1720 	406 	4887 	3573 
21 	1806 	492 	4973 	3659 
22 	1892 	578 	5059 	3745 
23 	1978 	664 	21 	3831 
24 	2064 	750 	107 	3917 
25 	2150 	836 	193 	4003 
26 	2236 	922 	279 	4089 
27 	2322 	1008 	365 	4175 
28 	2408 	1094 	451 	4261 
29 	8876 	1180 	15184 	4347 
30 	13515 	1266 	9562 	4433 
31 	7893 	1352 	14201 	4519 
32 	12532 	1438 	8579 	4605 
33 	6910 	1524 	13218 	4691 
34 	1610 	296 	4777 	3463 
35 	1696 	382 	4863 	3549 
36 	1782 	468 	4949 	3635 
37 	1868 	554 	5035 	3721 
38 	1954 	640 	5121 	3807 
39 	2040 	726 	83 	3893 
40 	2126 	812 	169 	3979 
41 	2212 	898 	255 	4065 
42 	2298 	984 	341 	4151 
43 	2384 	1070 	427 	4237 
44 	2470 	1156 	513 	4323 
45 	2556 	1242 	599 	4409 
46 	6961 	1328 	13269 	4495 
47 	11600 	1414 	7647 	4581 
48 	5978 	1500 	12286 	4667 
49 	10617 	1586 	6664 	4753 
50 	1672 	358 	4839 	3525 
51 	1758 	444 	4925 	3611 
52 	1844 	530 	5011 	3697 
53 	1930 	616 	5097 	3783 
54 	2016 	702 	59 	3869 
55 	2102 	788 	145 	3955 
56 	2188 	874 	231 	4041 
57 	2274 	960 	317 	4127 
58 	2360 	1046 	403 	4213 
59 	2446 	1132 	489 	4299 
60 	2532 	1218 	575 	4385 
61 	2618 	1304 	661 	4471 
62 	2704 	1390 	747 	4557 
63 	15301 	1476 	11354 	4643 
64 	9679 	1562 	5732 	4729 
65 	14317 	1648 	10371 	4815 
66 	8695 	1734 	15003 	4901 
67 	1820 	506 	4987 	3673 
68 	1906 	592 	5073 	3759 
69 	1992 	678 	35 	3845 
70 	2078 	764 	121 	3931 
71 	2164 	850 	207 	4017 
72 	2250 	936 	293 	4103 
73 	2336 	1022 	379 	4189 
74 	2422 	1108 	465 	4275 
75 	2508 	1194 	551 	4361 
76 	2594 	1280 	637 	4447 
77 	2680 	1366 	723 	4533 
78 	2766 	1452 	809 	4619 
79 	8747 	1538 	15055 	4705 
80 	13386 	1624 	9433 	4791 
81 	7764 	1710 	14072 	4877 
82 	12402 	1796 	8449 	4963 
83 	6780 	1882 	13088 	5049 
84 	1968 	654 	11 	3821 
85 	2054 	740 	97 	3907 
86 	2140 	826 	183 	3993 
87 	2226 	912 	269 	4079 
88 	2312 	998 	355 	4165 
89 	2398 	1084 	441 	4251 
90 	2484 	1170 	527 	4337 
91 	2570 	1256 	613 	4423 
92 	2656 	1342 	699 	4509 
93 	2742 	1428 	785 	4595 
94 	2828 	1514 	871 	4681 
95 	2914 	1600 	957 	4767 
96 	6832 	1686 	13140 	4853 
97 	11471 	1772 	7518 	4939 
98 	5849 	1858 	12157 	5025 
99 	10487 	1944 	6534 	5111 
100 	2030 	716 	73 	3883 
101 	2116 	802 	159 	3969 
102 	2202 	888 	245 	4055 
103 	2288 	974 	331 	4141 
104 	2374 	1060 	417 	4227 
105 	2460 	1146 	503 	4313 
106 	2546 	1232 	589 	4399 
107 	2632 	1318 	675 	4485 
108 	2718 	1404 	761 	4571 
109 	2804 	1490 	847 	4657 
110 	2890 	1576 	933 	4743 
111 	2976 	1662 	1019 	4829 
112 	10539 	1748 	6586 	4915 
113 	15171 	1834 	11225 	5001 
114 	9549 	1920 	5603 	5087 
115 	14188 	2006 	10235 	49 
116 	8566 	2092 	14874 	135 
117 	2178 	864 	221 	4031 
118 	2264 	950 	307 	4117 
119 	2350 	1036 	393 	4203 
120 	2436 	1122 	479 	4289 
121 	2522 	1208 	565 	4375 
122 	2608 	1294 	651 	4461 
123 	2694 	1380 	737 	4547 
124 	2780 	1466 	823 	4633 
125 	2866 	1552 	909 	4719 
126 	2952 	1638 	995 	4805 
127 	3038 	1724 	1081 	4891 
128 	3124 	1810 	1167 	4977 
129 	8618 	1896 	14926 	5063 
130 	13256 	1982 	9303 	25 
131 	7634 	2068 	13942 	111 
132 	12273 	2154 	8320 	197 
133 	2240 	926 	283 	4093 
134 	2326 	1012 	369 	4179 
135 	2412 	1098 	455 	4265 
136 	2498 	1184 	541 	4351 
137 	2584 	1270 	627 	4437 
138 	2670 	1356 	713 	4523 
139 	2756 	1442 	799 	4609 
140 	2842 	1528 	885 	4695 
141 	2928 	1614 	971 	4781 
142 	3014 	1700 	1057 	4867 
143 	3100 	1786 	1143 	4953 
144 	3186 	1872 	1229 	5039 
145 	3272 	1958 	1315 	1 
146 	6703 	2044 	13011 	87 
147 	11341 	2130 	7388 	173 
148 	5719 	2216 	12027 	259 
149 	10358 	2302 	6405 	345 
150 	2388 	1074 	431 	4241 
151 	2474 	1160 	517 	4327 
152 	2560 	1246 	603 	4413 
153 	2646 	1332 	689 	4499 
154 	2732 	1418 	775 	4585 
155 	2818 	1504 	861 	4671 
156 	2904 	1590 	947 	4757 
157 	2990 	1676 	1033 	4843 
158 	3076 	1762 	1119 	4929 
159 	3162 	1848 	1205 	5015 
160 	3248 	1934 	1291 	5101 
161 	3334 	2020 	1377 	63 
162 	10410 	2106 	6457 	149 
163 	15042 	2192 	11096 	235 
164 	9420 	2278 	5473 	321 
165 	14059 	2364 	10106 	407 
166 	8436 	2450 	14744 	493 
167 	2536 	1222 	579 	4389 
168 	2622 	1308 	665 	4475 
169 	2708 	1394 	751 	4561 
170 	2794 	1480 	837 	4647 
171 	2880 	1566 	923 	4733 
172 	2966 	1652 	1009 	4819 
173 	3052 	1738 	1095 	4905 
174 	3138 	1824 	1181 	4991 
175 	3224 	1910 	1267 	5077 
176 	3310 	1996 	1353 	39 
177 	3396 	2082 	1439 	125 
178 	3482 	2168 	1525 	211 
179 	8488 	2254 	14796 	297 
180 	13127 	2340 	9174 	383 
181 	7505 	2426 	13813 	469 
182 	12144 	2512 	8191 	555 
183 	2598 	1284 	641 	4451 
184 	2684 	1370 	727 	4537 
185 	2770 	1456 	813 	4623 
186 	2856 	1542 	899 	4709 
187 	2942 	1628 	985 	4795 
188 	3028 	1714 	1071 	4881 
189 	3114 	1800 	1157 	4967 
190 	3200 	1886 	1243 	5053 
191 	3286 	1972 	1329 	15 
192 	3372 	2058 	1415 	101 
193 	3458 	2144 	1501 	187 
194 	3544 	2230 	1587 	273 
195 	12195 	2316 	8242 	359 
196 	6573 	2402 	12881 	445 
197 	11212 	2488 	7259 	531 
198 	5590 	2574 	11898 	617 
199 	10222 	2660 	6276 	703 
200 	2746 	1432 	789 	4599 
201 	2832 	1518 	875 	4685 
202 	2918 	1604 	961 	4771 
203 	3004 	1690 	1047 	4857 
204 	3090 	1776 	1133 	4943 
205 	3176 	1862 	1219 	5029 
206 	3262 	1948 	1305 	5115 
207 	3348 	2034 	1391 	77 
208 	3434 	2120 	1477 	163 
209 	3520 	2206 	1563 	249 
210 	3606 	2292 	1649 	335 
211 	3692 	2378 	1735 	421 
212 	10280 	2464 	6327 	507 
213 	14913 	2550 	10966 	593 
214 	9290 	2636 	5344 	679 
215 	13929 	2722 	9976 	765 
216 	8307 	2808 	14615 	851 
217 	2894 	1580 	937 	4747 
218 	2980 	1666 	1023 	4833 
219 	3066 	1752 	1109 	4919 
220 	3152 	1838 	1195 	5005 
221 	3238 	1924 	1281 	5091 
222 	3324 	2010 	1367 	53 
223 	3410 	2096 	1453 	139 
224 	3496 	2182 	1539 	225 
225 	3582 	2268 	1625 	311 
226 	3668 	2354 	1711 	397 
227 	3754 	2440 	1797 	483 
228 	3840 	2526 	1883 	569 
229 	8359 	2612 	14667 	655 
230 	12998 	2698 	9045 	741 
231 	7375 	2784 	13683 	827 
232 	12014 	2870 	8061 	913 
233 	2956 	1642 	999 	4809 
234 	3042 	1728 	1085 	4895 
235 	3128 	1814 	1171 	4981 
236 	3214 	1900 	1257 	5067 
237 	3300 	1986 	1343 	29 
238 	3386 	2072 	1429 	115 
239 	3472 	2158 	1515 	201 
240 	3558 	2244 	1601 	287 
241 	3644 	2330 	1687 	373 
242 	3730 	2416 	1773 	459 
243 	3816 	2502 	1859 	545 
244 	3902 	2588 	1945 	631 
245 	12066 	2674 	8113 	717 
246 	6444 	2760 	12752 	803 
247 	11083 	2846 	7130 	889 
248 	5460 	2932 	11768 	975 
249 	10093 	3018 	6146 	1061 
250 	3104 	1790 	1147 	4957 
251 	3190 	1876 	1233 	5043 
252 	3276 	1962 	1319 	5 
253 	3362 	2048 	1405 	91 
254 	3448 	2134 	1491 	177 
255 	3534 	2220 	1577 	263 
256 	3620 	2306 	1663 	349 
257 	3706 	2392 	1749 	435 
258 	3792 	2478 	1835 	521 
259 	3878 	2564 	1921 	607 
260 	3964 	2650 	2007 	693 
261 	4050 	2736 	2093 	779 
262 	10144 	2822 	6198 	865 
263 	14783 	2908 	10837 	951 
264 	9161 	2994 	5215 	1037 
265 	13800 	3080 	9847 	1123 
266 	3166 	1852 	1209 	5019 
267 	3252 	1938 	1295 	5105 
268 	3338 	2024 	1381 	67 
269 	3424 	2110 	1467 	153 
270 	3510 	2196 	1553 	239 
271 	3596 	2282 	1639 	325 
272 	3682 	2368 	1725 	411 
273 	3768 	2454 	1811 	497 
274 	3854 	2540 	1897 	583 
275 	3940 	2626 	1983 	669 
276 	4026 	2712 	2069 	755 
277 	4112 	2798 	2155 	841 
278 	4198 	2884 	2241 	927 
279 	8229 	2970 	14537 	1013 
280 	12868 	3056 	8915 	1099 
281 	7246 	3142 	13554 	1185 
282 	11885 	3228 	7932 	1271 
283 	3314 	2000 	1357 	43 
284 	3400 	2086 	1443 	129 
285 	3486 	2172 	1529 	215 
286 	3572 	2258 	1615 	301 
287 	3658 	2344 	1701 	387 
288 	3744 	2430 	1787 	473 
289 	3830 	2516 	1873 	559 
290 	3916 	2602 	1959 	645 
291 	4002 	2688 	2045 	731 
292 	4088 	2774 	2131 	817 
293 	4174 	2860 	2217 	903 
294 	4260 	2946 	2303 	989 
295 	11937 	3032 	7984 	1075 
296 	6314 	3118 	12622 	1161 
297 	10953 	3204 	7000 	1247 
298 	5331 	3290 	11639 	1333 
299 	9963 	3376 	6017 	1419 
300 	3462 	2148 	1505 	191 
301 	3548 	2234 	1591 	277 
302 	3634 	2320 	1677 	363 
303 	3720 	2406 	1763 	449 
304 	3806 	2492 	1849 	535 
305 	3892 	2578 	1935 	621 
306 	3978 	2664 	2021 	707 
307 	4064 	2750 	2107 	793 
308 	4150 	2836 	2193 	879 
309 	4236 	2922 	2279 	965 
310 	4322 	3008 	2365 	1051 
311 	4408 	3094 	2451 	1137 
312 	10015 	3180 	6069 	1223 
313 	14654 	3266 	10707 	1309 
314 	9032 	3352 	15340 	1395 
315 	13670 	3438 	9717 	1481 
316 	3524 	2210 	1567 	253 
317 	3610 	2296 	1653 	339 
318 	3696 	2382 	1739 	425 
319 	3782 	2468 	1825 	511 
320 	3868 	2554 	1911 	597 
321 	3954 	2640 	1997 	683 
322 	4040 	2726 	2083 	769 
323 	4126 	2812 	2169 	855 
324 	4212 	2898 	2255 	941 
325 	4298 	2984 	2341 	1027 
326 	4384 	3070 	2427 	1113 
327 	4470 	3156 	2513 	1199 
328 	13722 	3242 	9769 	1285 
329 	8100 	3328 	14408 	1371 
330 	12739 	3414 	8786 	1457 
331 	7117 	3500 	13425 	1543 
332 	11755 	3586 	7802 	1629 
333 	3672 	2358 	1715 	401 
334 	3758 	2444 	1801 	487 
335 	3844 	2530 	1887 	573 
336 	3930 	2616 	1973 	659 
337 	4016 	2702 	2059 	745 
338 	4102 	2788 	2145 	831 
339 	4188 	2874 	2231 	917 
340 	4274 	2960 	2317 	1003 
341 	4360 	3046 	2403 	1089 
342 	4446 	3132 	2489 	1175 
343 	4532 	3218 	2575 	1261 
344 	4618 	3304 	2661 	1347 
345 	11807 	3390 	7854 	1433 
346 	6185 	3476 	12493 	1519 
347 	10824 	3562 	6871 	1605 
348 	5202 	3648 	11510 	1691 
349 	3734 	2420 	1777 	463 
350 	3820 	2506 	1863 	549 
351 	3906 	2592 	1949 	635 
352 	3992 	2678 	2035 	721 
353 	4078 	2764 	2121 	807 
354 	4164 	2850 	2207 	893 
355 	4250 	2936 	2293 	979 
356 	4336 	3022 	2379 	1065 
357 	4422 	3108 	2465 	1151 
358 	4508 	3194 	2551 	1237 
359 	4594 	3280 	2637 	1323 
360 	4680 	3366 	2723 	1409 
361 	4766 	3452 	2809 	1495 
362 	9886 	3538 	5939 	1581 
363 	14524 	3624 	10578 	1667 
364 	8902 	3710 	15210 	1753 
365 	13541 	3796 	9588 	1839 
366 	3882 	2568 	1925 	611 
367 	3968 	2654 	2011 	697 
368 	4054 	2740 	2097 	783 
369 	4140 	2826 	2183 	869 
370 	4226 	2912 	2269 	955 
371 	4312 	2998 	2355 	1041 
372 	4398 	3084 	2441 	1127 
373 	4484 	3170 	2527 	1213 
374 	4570 	3256 	2613 	1299 
375 	4656 	3342 	2699 	1385 
376 	4742 	3428 	2785 	1471 
377 	4828 	3514 	2871 	1557 
378 	13593 	3600 	9640 	1643 
379 	7971 	3686 	14279 	1729 
380 	12609 	3772 	8656 	1815 
381 	6987 	3858 	13295 	1901 
382 	11626 	3944 	7673 	1987 
383 	4030 	2716 	2073 	759 
384 	4116 	2802 	2159 	845 
385 	4202 	2888 	2245 	931 
386 	4288 	2974 	2331 	1017 
387 	4374 	3060 	2417 	1103 
388 	4460 	3146 	2503 	1189 
389 	4546 	3232 	2589 	1275 
390 	4632 	3318 	2675 	1361 
391 	4718 	3404 	2761 	1447 
392 	4804 	3490 	2847 	1533 
393 	4890 	3576 	2933 	1619 
394 	4976 	3662 	3019 	1705 
395 	11678 	3748 	7725 	1791 
396 	6056 	3834 	12364 	1877 
397 	10694 	3920 	6741 	1963 
398 	15327 	4006 	11380 	2049 
399 	4092 	2778 	2135 	821 
400 	4178 	2864 	2221 	907 
401 	4264 	2950 	2307 	993 
402 	4350 	3036 	2393 	1079 
403 	4436 	3122 	2479 	1165 
404 	4522 	3208 	2565 	1251 
405 	4608 	3294 	2651 	1337 
406 	4694 	3380 	2737 	1423 
407 	4780 	3466 	2823 	1509 
408 	4866 	3552 	2909 	1595 
409 	4952 	3638 	2995 	1681 
410 	5038 	3724 	3081 	1767 
411 	5124 	3810 	11432 	1853 
412 	9756 	3896 	5810 	1939 
413 	14395 	3982 	10449 	2025 
414 	8773 	4068 	15081 	2111 
415 	13412 	4154 	9459 	2197 
416 	4240 	2926 	2283 	969 
417 	4326 	3012 	2369 	1055 
418 	4412 	3098 	2455 	1141 
419 	4498 	3184 	2541 	1227 
420 	4584 	3270 	2627 	1313 
421 	4670 	3356 	2713 	1399 
422 	4756 	3442 	2799 	1485 
423 	4842 	3528 	2885 	1571 
424 	4928 	3614 	2971 	1657 
425 	5014 	3700 	3057 	1743 
426 	5100 	3786 	3143 	1829 
427 	62 	3872 	3229 	1915 
428 	13463 	3958 	9510 	2001 
429 	7841 	4044 	14149 	2087 
430 	12480 	4130 	8527 	2173 
431 	6858 	4216 	13166 	2259 
432 	11497 	4302 	7544 	2345 
433 	4388 	3074 	2431 	1117 
434 	4474 	3160 	2517 	1203 
435 	4560 	3246 	2603 	1289 
436 	4646 	3332 	2689 	1375 
437 	4732 	3418 	2775 	1461 
438 	4818 	3504 	2861 	1547 
439 	4904 	3590 	2947 	1633 
440 	4990 	3676 	3033 	1719 
441 	5076 	3762 	3119 	1805 
442 	38 	3848 	3205 	1891 
443 	124 	3934 	3291 	1977 
444 	210 	4020 	3377 	2063 
445 	11548 	4106 	7595 	2149 
446 	5926 	4192 	12234 	2235 
447 	10565 	4278 	6612 	2321 
448 	15197 	4364 	11251 	2407 
449 	4450 	3136 	2493 	1179 
450 	4536 	3222 	2579 	1265 
451 	4622 	3308 	2665 	1351 
452 	4708 	3394 	2751 	1437 
453 	4794 	3480 	2837 	1523 
454 	4880 	3566 	2923 	1609 
455 	4966 	3652 	3009 	1695 
456 	5052 	3738 	3095 	1781 
457 	14 	3824 	3181 	1867 
458 	100 	3910 	3267 	1953 
459 	186 	3996 	3353 	2039 
460 	272 	4082 	3439 	2125 
461 	15249 	4168 	11303 	2211 
462 	9627 	4254 	5680 	2297 
463 	14266 	4340 	10319 	2383 
464 	8644 	4426 	14951 	2469 
465 	13282 	4512 	9329 	2555 
466 	4598 	3284 	2641 	1327 
467 	4684 	3370 	2727 	1413 
468 	4770 	3456 	2813 	1499 
469 	4856 	3542 	2899 	1585 
470 	4942 	3628 	2985 	1671 
471 	5028 	3714 	3071 	1757 
472 	5114 	3800 	3157 	1843 
473 	76 	3886 	3243 	1929 
474 	162 	3972 	3329 	2015 
475 	248 	4058 	3415 	2101 
476 	334 	4144 	3501 	2187 
477 	420 	4230 	3587 	2273 
478 	13334 	4316 	9381 	2359 
479 	7712 	4402 	14020 	2445 
480 	12351 	4488 	8398 	2531 
481 	6728 	4574 	13036 	2617 
482 	4660 	3346 	2703 	1389 
483 	4746 	3432 	2789 	1475 
484 	4832 	3518 	2875 	1561 
485 	4918 	3604 	2961 	1647 
486 	5004 	3690 	3047 	1733 
487 	5090 	3776 	3133 	1819 
488 	52 	3862 	3219 	1905 
489 	138 	3948 	3305 	1991 
490 	224 	4034 	3391 	2077 
491 	310 	4120 	3477 	2163 
492 	396 	4206 	3563 	2249 
493 	482 	4292 	3649 	2335 
494 	568 	4378 	3735 	2421 
495 	11419 	4464 	7466 	2507 
496 	5797 	4550 	12105 	2593 
497 	10436 	4636 	6483 	2679 
498 	15068 	4722 	11121 	2765 
499 	4808 	3494 	2851 	1537 
500 	4894 	3580 	2937 	1623 
501 	4980 	3666 	3023 	1709 
502 	5066 	3752 	3109 	1795 
503 	28 	3838 	3195 	1881 
504 	114 	3924 	3281 	1967 
505 	200 	4010 	3367 	2053 
506 	286 	4096 	3453 	2139 
507 	372 	4182 	3539 	2225 
508 	458 	4268 	3625 	2311 
509 	544 	4354 	3711 	2397 
510 	630 	4440 	3797 	2483 
511 	15120 	4526 	11173 	2569 
512 	9498 	4612 	5551 	2655 
513 	14136 	4698 	10183 	2741 
514 	8514 	4784 	14822 	2827 
515 	13153 	4870 	9200 	2913 
516 	4956 	3642 	2999 	1685 
517 	5042 	3728 	3085 	1771 
518 	4 	3814 	3171 	1857 
519 	90 	3900 	3257 	1943 
520 	176 	3986 	3343 	2029 
521 	262 	4072 	3429 	2115 
522 	348 	4158 	3515 	2201 
523 	434 	4244 	3601 	2287 
524 	520 	4330 	3687 	2373 
525 	606 	4416 	3773 	2459 
526 	692 	4502 	3859 	2545 
527 	778 	4588 	3945 	2631 
528 	13205 	4674 	9252 	2717 
529 	7582 	4760 	13890 	2803 
530 	12221 	4846 	8268 	2889 
531 	6599 	4932 	12907 	2975 
532 	5018 	3704 	3061 	1747 
533 	5104 	3790 	3147 	1833 
534 	66 	3876 	3233 	1919 
535 	152 	3962 	3319 	2005 
536 	238 	4048 	3405 	2091 
537 	324 	4134 	3491 	2177 
538 	410 	4220 	3577 	2263 
539 	496 	4306 	3663 	2349 
540 	582 	4392 	3749 	2435 
541 	668 	4478 	3835 	2521 
542 	754 	4564 	3921 	2607 
543 	840 	4650 	4007 	2693 
544 	6651 	4736 	12959 	2779 
545 	11290 	4822 	7337 	2865 
546 	5667 	4908 	11975 	2951 
547 	10306 	4994 	6353 	3037 
548 	14939 	5080 	10992 	3123 
549 	42 	3852 	3209 	1895 
550 	128 	3938 	3295 	1981 
551 	214 	4024 	3381 	2067 
552 	300 	4110 	3467 	2153 
553 	386 	4196 	3553 	2239 
554 	472 	4282 	3639 	2325 
555 	558 	4368 	3725 	2411 
556 	644 	4454 	3811 	2497 
557 	730 	4540 	3897 	2583 
558 	816 	4626 	3983 	2669 
559 	902 	4712 	4069 	2755 
560 	988 	4798 	4155 	2841 
561 	14990 	4884 	11044 	2927 
562 	9368 	4970 	5422 	3013 
563 	14007 	5056 	10054 	3099 
564 	8385 	18 	14693 	3185 
565 	13024 	104 	9071 	3271 
566 	190 	4000 	3357 	2043 
567 	276 	4086 	3443 	2129 
568 	362 	4172 	3529 	2215 
569 	448 	4258 	3615 	2301 
570 	534 	4344 	3701 	2387 
571 	620 	4430 	3787 	2473 
572 	706 	4516 	3873 	2559 
573 	792 	4602 	3959 	2645 
574 	878 	4688 	4045 	2731 
575 	964 	4774 	4131 	2817 
576 	1050 	4860 	4217 	2903 
577 	1136 	4946 	4303 	2989 
578 	13075 	5032 	9122 	3075 
579 	7453 	5118 	13761 	3161 
580 	12092 	80 	8139 	3247 
581 	6470 	166 	12778 	3333 
582 	252 	4062 	3419 	2105 
583 	338 	4148 	3505 	2191 
584 	424 	4234 	3591 	2277 
585 	510 	4320 	3677 	2363 
586 	596 	4406 	3763 	2449 
587 	682 	4492 	3849 	2535 
588 	768 	4578 	3935 	2621 
589 	854 	4664 	4021 	2707 
590 	940 	4750 	4107 	2793 
591 	1026 	4836 	4193 	2879 
592 	1112 	4922 	4279 	2965 
593 	1198 	5008 	4365 	3051 
594 	6521 	5094 	12829 	3137 
595 	11160 	56 	7207 	3223 
596 	5538 	142 	11846 	3309 
597 	10170 	228 	6224 	3395 
598 	14809 	314 	10863 	3481 
599 	400 	4210 	3567 	2253 
600 	486 	4296 	3653 	2339 
601 	572 	4382 	3739 	2425 
602 	658 	4468 	3825 	2511 
603 	744 	4554 	3911 	2597 
604 	830 	4640 	3997 	2683 
605 	916 	4726 	4083 	2769 
606 	1002 	4812 	4169 	2855 
607 	1088 	4898 	4255 	2941 
608 	1174 	4984 	4341 	3027 
609 	1260 	5070 	4427 	3113 
610 	1346 	32 	4513 	3199 
611 	14861 	118 	10914 	3285 
612 	9239 	204 	5292 	3371 
613 	13878 	290 	9925 	3457 
614 	8255 	376 	14563 	3543 
615 	462 	4272 	3629 	2315 
616 	548 	4358 	3715 	2401 
617 	634 	4444 	3801 	2487 
618 	720 	4530 	3887 	2573 
619 	806 	4616 	3973 	2659 
620 	892 	4702 	4059 	2745 
621 	978 	4788 	4145 	2831 
622 	1064 	4874 	4231 	2917 
623 	1150 	4960 	4317 	3003 
624 	1236 	5046 	4403 	3089 
625 	1322 	8 	4489 	3175 
626 	1408 	94 	4575 	3261 
627 	1494 	180 	4661 	3347 
628 	12946 	266 	8993 	3433 
629 	7324 	352 	13632 	3519 
630 	11962 	438 	8009 	3605 
631 	6340 	524 	12648 	3691 
632 	610 	4420 	3777 	2463 
633 	696 	4506 	3863 	2549 
634 	782 	4592 	3949 	2635 
635 	868 	4678 	4035 	2721 
636 	954 	4764 	4121 	2807 
637 	1040 	4850 	4207 	2893 
638 	1126 	4936 	4293 	2979 
639 	1212 	5022 	4379 	3065 
640 	1298 	5108 	4465 	3151 
641 	1384 	70 	4551 	3237 
642 	1470 	156 	4637 	3323 
643 	1556 	242 	4723 	3409 
644 	6392 	328 	12700 	3495 
645 	11031 	414 	7078 	3581 
646 	5409 	500 	11717 	3667 
647 	10041 	586 	6094 	3753 
648 	14680 	672 	10733 	3839 
649 	758 	4568 	3925 	2611 
650 	844 	4654 	4011 	2697 
651 	930 	4740 	4097 	2783 
652 	1016 	4826 	4183 	2869 
653 	1102 	4912 	4269 	2955 
654 	1188 	4998 	4355 	3041 
655 	1274 	5084 	4441 	3127 
656 	1360 	46 	4527 	3213 
657 	1446 	132 	4613 	3299 
658 	1532 	218 	4699 	3385 
659 	1618 	304 	4785 	3471 
660 	1704 	390 	4871 	3557 
661 	14732 	476 	10785 	3643 
662 	9109 	562 	5163 	3729 
663 	13748 	648 	9795 	3815 
664 	8126 	734 	14434 	3901 
665 	820 	4630 	3987 	2673 
666 	906 	4716 	4073 	2759 
667 	992 	4802 	4159 	2845 
668 	1078 	4888 	4245 	2931 
669 	1164 	4974 	4331 	3017 
670 	1250 	5060 	4417 	3103 
671 	1336 	22 	4503 	3189 
672 	1422 	108 	4589 	3275 
673 	1508 	194 	4675 	3361 
674 	1594 	280 	4761 	3447 
675 	1680 	366 	4847 	3533 
676 	1766 	452 	4933 	3619 
677 	8178 	538 	14486 	3705 
678 	12816 	624 	8863 	3791 
679 	7194 	710 	13502 	3877 
680 	11833 	796 	7880 	3963 
681 	6211 	882 	12519 	4049 
682 	968 	4778 	4135 	2821 
683 	1054 	4864 	4221 	2907 
684 	1140 	4950 	4307 	2993 
685 	1226 	5036 	4393 	3079 
686 	1312 	5122 	4479 	3165 
687 	1398 	84 	4565 	3251 
688 	1484 	170 	4651 	3337 
689 	1570 	256 	4737 	3423 
690 	1656 	342 	4823 	3509 
691 	1742 	428 	4909 	3595 
692 	1828 	514 	4995 	3681 
693 	1914 	600 	5081 	3767 
694 	6263 	686 	12571 	3853 
695 	10901 	772 	6948 	3939 
696 	5279 	858 	11587 	4025 
697 	9912 	944 	5965 	4111 
698 	1030 	4840 	4197 	2883 
699 	1116 	4926 	4283 	2969 
700 	1202 	5012 	4369 	3055 
701 	1288 	5098 	4455 	3141 
702 	1374 	60 	4541 	3227 
703 	1460 	146 	4627 	3313 
704 	1546 	232 	4713 	3399 
705 	1632 	318 	4799 	3485 
706 	1718 	404 	4885 	3571 
707 	1804 	490 	4971 	3657 
708 	1890 	576 	5057 	3743 
709 	1976 	662 	19 	3829 
710 	2062 	748 	105 	3915 
711 	14602 	834 	10656 	4001 
712 	8980 	920 	15288 	4087 
713 	13619 	1006 	9666 	4173 
714 	7997 	1092 	14305 	4259 
715 	1178 	4988 	4345 	3031 
716 	1264 	5074 	4431 	3117 
717 	1350 	36 	4517 	3203 
718 	1436 	122 	4603 	3289 
719 	1522 	208 	4689 	3375 
720 	1608 	294 	4775 	3461 
721 	1694 	380 	4861 	3547 
722 	1780 	466 	4947 	3633 
723 	1866 	552 	5033 	3719 
724 	1952 	638 	5119 	3805 
725 	2038 	724 	81 	3891 
726 	2124 	810 	167 	3977 
727 	8048 	896 	14356 	4063 
728 	12687 	982 	8734 	4149 
729 	7065 	1068 	13373 	4235 
730 	11704 	1154 	7751 	4321 
731 	6082 	1240 	12389 	4407 
732 	1326 	12 	4493 	3179 
733 	1412 	98 	4579 	3265 
734 	1498 	184 	4665 	3351 
735 	1584 	270 	4751 	3437 
736 	1670 	356 	4837 	3523 
737 	1756 	442 	4923 	3609 
738 	1842 	528 	5009 	3695 
739 	1928 	614 	5095 	3781 
740 	2014 	700 	57 	3867 
741 	2100 	786 	143 	3953 
742 	2186 	872 	229 	4039 
743 	2272 	958 	315 	4125 
744 	6133 	1044 	12441 	4211 
745 	10772 	1130 	6819 	4297 
746 	5150 	1216 	11458 	4383 
747 	9782 	1302 	5836 	4469 
748 	1388 	74 	4555 	3241 
749 	1474 	160 	4641 	3327 
750 	1560 	246 	4727 	3413 
751 	1646 	332 	4813 	3499 
752 	1732 	418 	4899 	3585 
753 	1818 	504 	4985 	3671 
754 	1904 	590 	5071 	3757 
755 	1990 	676 	33 	3843 
756 	2076 	762 	119 	3929 
757 	2162 	848 	205 	4015 
758 	2248 	934 	291 	4101 
759 	2334 	1020 	377 	4187 
760 	9834 	1106 	5887 	4273 
761 	14473 	1192 	10526 	4359 
762 	8851 	1278 	15159 	4445 
763 	13489 	1364 	9536 	4531 
764 	7867 	1450 	14175 	4617 
765 	1536 	222 	4703 	3389 
766 	1622 	308 	4789 	3475 
767 	1708 	394 	4875 	3561 
768 	1794 	480 	4961 	3647 
769 	1880 	566 	5047 	3733 
770 	1966 	652 	9 	3819 
771 	2052 	738 	95 	3905 
772 	2138 	824 	181 	3991 
773 	2224 	910 	267 	4077 
774 	2310 	996 	353 	4163 
775 	2396 	1082 	439 	4249 
776 	2482 	1168 	525 	4335 
777 	7919 	1254 	14227 	4421 
778 	12558 	1340 	8605 	4507 
779 	6936 	1426 	13243 	4593 
780 	11574 	1512 	7621 	4679 
781 	5952 	1598 	12260 	4765 
782 	1684 	370 	4851 	3537 
783 	1770 	456 	4937 	3623 
784 	1856 	542 	5023 	3709 
785 	1942 	628 	5109 	3795 
786 	2028 	714 	71 	3881 
787 	2114 	800 	157 	3967 
788 	2200 	886 	243 	4053 
789 	2286 	972 	329 	4139 
790 	2372 	1058 	415 	4225 
791 	2458 	1144 	501 	4311 
792 	2544 	1230 	587 	4397 
793 	2630 	1316 	673 	4483 
794 	6004 	1402 	12312 	4569 
795 	10643 	1488 	6690 	4655 
796 	15275 	1574 	11328 	4741 
797 	9653 	1660 	5706 	4827 
798 	1746 	432 	4913 	3599 
799 	1832 	518 	4999 	3685 
800 	1918 	604 	5085 	3771 
801 	2004 	690 	47 	3857 
802 	2090 	776 	133 	3943 
803 	2176 	862 	219 	4029 
804 	2262 	948 	305 	4115 
805 	2348 	1034 	391 	4201 
806 	2434 	1120 	477 	4287 
807 	2520 	1206 	563 	4373 
808 	2606 	1292 	649 	4459 
809 	2692 	1378 	735 	4545 
810 	9705 	1464 	5758 	4631 
811 	14343 	1550 	10397 	4717 
812 	8721 	1636 	15029 	4803 
813 	13360 	1722 	9407 	4889 
814 	7738 	1808 	14046 	4975 
815 	1894 	580 	5061 	3747 
816 	1980 	666 	23 	3833 
817 	2066 	752 	109 	3919 
818 	2152 	838 	195 	4005 
819 	2238 	924 	281 	4091 
820 	2324 	1010 	367 	4177 
821 	2410 	1096 	453 	4263 
822 	2496 	1182 	539 	4349 
823 	2582 	1268 	625 	4435 
824 	2668 	1354 	711 	4521 
825 	2754 	1440 	797 	4607 
826 	2840 	1526 	883 	4693 
827 	7790 	1612 	14097 	4779 
828 	12428 	1698 	8475 	4865 
829 	6806 	1784 	13114 	4951 
830 	11445 	1870 	7492 	5037 
831 	1956 	642 	5123 	3809 
832 	2042 	728 	85 	3895 
833 	2128 	814 	171 	3981 
834 	2214 	900 	257 	4067 
835 	2300 	986 	343 	4153 
836 	2386 	1072 	429 	4239 
837 	2472 	1158 	515 	4325 
838 	2558 	1244 	601 	4411 
839 	2644 	1330 	687 	4497 
840 	2730 	1416 	773 	4583 
841 	2816 	1502 	859 	4669 
842 	2902 	1588 	945 	4755 
843 	2988 	1674 	1031 	4841 
844 	5874 	1760 	12182 	4927 
845 	10513 	1846 	6560 	5013 
846 	15146 	1932 	11199 	5099 
847 	9523 	2018 	5577 	61 
848 	2104 	790 	147 	3957 
849 	2190 	876 	233 	4043 
850 	2276 	962 	319 	4129 
851 	2362 	1048 	405 	4215 
852 	2448 	1134 	491 	4301 
853 	2534 	1220 	577 	4387 
854 	2620 	1306 	663 	4473 
855 	2706 	1392 	749 	4559 
856 	2792 	1478 	835 	4645 
857 	2878 	1564 	921 	4731 
858 	2964 	1650 	1007 	4817 
859 	3050 	1736 	1093 	4903 
860 	9575 	1822 	5629 	4989 
861 	14214 	1908 	10267 	5075 
862 	8592 	1994 	14900 	37 
863 	13231 	2080 	9278 	123 
864 	7608 	2166 	13916 	209 
865 	2252 	938 	295 	4105 
866 	2338 	1024 	381 	4191 
867 	2424 	1110 	467 	4277 
868 	2510 	1196 	553 	4363 
869 	2596 	1282 	639 	4449 
870 	2682 	1368 	725 	4535 
871 	2768 	1454 	811 	4621 
872 	2854 	1540 	897 	4707 
873 	2940 	1626 	983 	4793 
874 	3026 	1712 	1069 	4879 
875 	3112 	1798 	1155 	4965 
876 	3198 	1884 	1241 	5051 
877 	7660 	1970 	13968 	13 
878 	12299 	2056 	8346 	99 
879 	6677 	2142 	12985 	185 
880 	11316 	2228 	7363 	271 
881 	2314 	1000 	357 	4167 
882 	2400 	1086 	443 	4253 
883 	2486 	1172 	529 	4339 
884 	2572 	1258 	615 	4425 
885 	2658 	1344 	701 	4511 
886 	2744 	1430 	787 	4597 
887 	2830 	1516 	873 	4683 
888 	2916 	1602 	959 	4769 
889 	3002 	1688 	1045 	4855 
890 	3088 	1774 	1131 	4941 
891 	3174 	1860 	1217 	5027 
892 	3260 	1946 	1303 	5113 
893 	11367 	2032 	7414 	75 
894 	5745 	2118 	12053 	161 
895 	10384 	2204 	6431 	247 
896 	15016 	2290 	11070 	333 
897 	9394 	2376 	5447 	419 
898 	2462 	1148 	505 	4315 
899 	2548 	1234 	591 	4401 
900 	2634 	1320 	677 	4487 
901 	2720 	1406 	763 	4573 
902 	2806 	1492 	849 	4659 
903 	2892 	1578 	935 	4745 
904 	2978 	1664 	1021 	4831 
905 	3064 	1750 	1107 	4917 
906 	3150 	1836 	1193 	5003 
907 	3236 	1922 	1279 	5089 
908 	3322 	2008 	1365 	51 
909 	3408 	2094 	1451 	137 
910 	9446 	2180 	5499 	223 
911 	14085 	2266 	10132 	309 
912 	8462 	2352 	14770 	395 
913 	13101 	2438 	9148 	481 
914 	2524 	1210 	567 	4377 
915 	2610 	1296 	653 	4463 
916 	2696 	1382 	739 	4549 
917 	2782 	1468 	825 	4635 
918 	2868 	1554 	911 	4721 
919 	2954 	1640 	997 	4807 
920 	3040 	1726 	1083 	4893 
921 	3126 	1812 	1169 	4979 
922 	3212 	1898 	1255 	5065 
923 	3298 	1984 	1341 	27 
924 	3384 	2070 	1427 	113 
925 	3470 	2156 	1513 	199 
926 	3556 	2242 	1599 	285 
927 	7531 	2328 	13839 	371 
928 	12170 	2414 	8217 	457 
929 	6547 	2500 	12855 	543 
930 	11186 	2586 	7233 	629 
931 	2672 	1358 	715 	4525 
932 	2758 	1444 	801 	4611 
933 	2844 	1530 	887 	4697 
934 	2930 	1616 	973 	4783 
935 	3016 	1702 	1059 	4869 
936 	3102 	1788 	1145 	4955 
937 	3188 	1874 	1231 	5041 
938 	3274 	1960 	1317 	3 
939 	3360 	2046 	1403 	89 
940 	3446 	2132 	1489 	175 
941 	3532 	2218 	1575 	261 
942 	3618 	2304 	1661 	347 
943 	11238 	2390 	7285 	433 
944 	5616 	2476 	11924 	519 
945 	10254 	2562 	6301 	605 
946 	14887 	2648 	10940 	691 
947 	9265 	2734 	5318 	777 
948 	2820 	1506 	863 	4673 
949 	2906 	1592 	949 	4759 
950 	2992 	1678 	1035 	4845 
951 	3078 	1764 	1121 	4931 
952 	3164 	1850 	1207 	5017 
953 	3250 	1936 	1293 	5103 
954 	3336 	2022 	1379 	65 
955 	3422 	2108 	1465 	151 
956 	3508 	2194 	1551 	237 
957 	3594 	2280 	1637 	323 
958 	3680 	2366 	1723 	409 
959 	3766 	2452 	1809 	495 
960 	9316 	2538 	5370 	581 
961 	13955 	2624 	10002 	667 
962 	8333 	2710 	14641 	753 
963 	12972 	2796 	9019 	839 
964 	2882 	1568 	925 	4735 
965 	2968 	1654 	1011 	4821 
966 	3054 	1740 	1097 	4907 
967 	3140 	1826 	1183 	4993 
968 	3226 	1912 	1269 	5079 
969 	3312 	1998 	1355 	41 
970 	3398 	2084 	1441 	127 
971 	3484 	2170 	1527 	213 
972 	3570 	2256 	1613 	299 
973 	3656 	2342 	1699 	385 
974 	3742 	2428 	1785 	471 
975 	3828 	2514 	1871 	557 
976 	3914 	2600 	1957 	643 
977 	7401 	2686 	13709 	729 
978 	12040 	2772 	8087 	815 
979 	6418 	2858 	12726 	901 
980 	11057 	2944 	7104 	987 
981 	3030 	1716 	1073 	4883 
982 	3116 	1802 	1159 	4969 
983 	3202 	1888 	1245 	5055 
984 	3288 	1974 	1331 	17 
985 	3374 	2060 	1417 	103 
986 	3460 	2146 	1503 	189 
987 	3546 	2232 	1589 	275 
988 	3632 	2318 	1675 	361 
989 	3718 	2404 	1761 	447 
990 	3804 	2490 	1847 	533 
991 	3890 	2576 	1933 	619 
992 	3976 	2662 	2019 	705 
993 	11108 	2748 	7155 	791 
994 	5486 	2834 	11794 	877 
995 	10119 	2920 	6172 	963 
996 	14757 	3006 	10811 	1049 
997 	9135 	3092 	5189 	1135 
998 	3178 	1864 	1221 	5031 
999 	3264 	1950 	1307 	5117 
1000 	3350 	2036 	1393 	79 
1001 	3436 	2122 	1479 	165 
1002 	3522 	2208 	1565 	251 
1003 	3608 	2294 	1651 	337 
1004 	3694 	2380 	1737 	423 
1005 	3780 	2466 	1823 	509 
1006 	3866 	2552 	1909 	595 
1007 	3952 	2638 	1995 	681 
1008 	4038 	2724 	2081 	767 
1009 	4124 	2810 	2167 	853 
1010 	9187 	2896 	5240 	939 
1011 	13826 	2982 	9873 	1025 
1012 	8204 	3068 	14512 	1111 
1013 	12842 	3154 	8889 	1197 
1014 	3240 	1926 	1283 	5093 
1015 	3326 	2012 	1369 	55 
1016 	3412 	2098 	1455 	141 
1017 	3498 	2184 	1541 	227 
1018 	3584 	2270 	1627 	313 
1019 	3670 	2356 	1713 	399 
1020 	3756 	2442 	1799 	485 
1021 	3842 	2528 	1885 	571 
1022 	3928 	2614 	1971 	657 
1023 	4014 	2700 	2057 	743 
1024 	4100 	2786 	2143 	829 
1025 	4186 	2872 	2229 	915 
1026 	12894 	2958 	8941 	1001 
1027 	7272 	3044 	13580 	1087 
1028 	11911 	3130 	7958 	1173 
1029 	6289 	3216 	12597 	1259 
1030 	10927 	3302 	6974 	1345 
1031 	3388 	2074 	1431 	117 
1032 	3474 	2160 	1517 	203 
1033 	3560 	2246 	1603 	289 
1034 	3646 	2332 	1689 	375 
1035 	3732 	2418 	1775 	461 
1036 	3818 	2504 	1861 	547 
1037 	3904 	2590 	1947 	633 
1038 	3990 	2676 	2033 	719 
1039 	4076 	2762 	2119 	805 
1040 	4162 	2848 	2205 	891 
1041 	4248 	2934 	2291 	977 
1042 	4334 	3020 	2377 	1063 
1043 	10979 	3106 	7026 	1149 
1044 	5357 	3192 	11665 	1235 
1045 	9989 	3278 	6043 	1321 
1046 	14628 	3364 	10681 	1407 
1047 	3450 	2136 	1493 	179 
1048 	3536 	2222 	1579 	265 
1049 	3622 	2308 	1665 	351 
1050 	3708 	2394 	1751 	437 
1051 	3794 	2480 	1837 	523 
1052 	3880 	2566 	1923 	609 
1053 	3966 	2652 	2009 	695 
1054 	4052 	2738 	2095 	781 
1055 	4138 	2824 	2181 	867 
1056 	4224 	2910 	2267 	953 
1057 	4310 	2996 	2353 	1039 
1058 	4396 	3082 	2439 	1125 
1059 	4482 	3168 	2525 	1211 
1060 	9058 	3254 	15366 	1297 
1061 	13696 	3340 	9743 	1383 
1062 	8074 	3426 	14382 	1469 
1063 	12713 	3512 	8760 	1555 
1064 	3598 	2284 	1641 	327 
1065 	3684 	2370 	1727 	413 
1066 	3770 	2456 	1813 	499 
1067 	3856 	2542 	1899 	585 
1068 	3942 	2628 	1985 	671 
1069 	4028 	2714 	2071 	757 
1070 	4114 	2800 	2157 	843 
1071 	4200 	2886 	2243 	929 
1072 	4286 	2972 	2329 	1015 
1073 	4372 	3058 	2415 	1101 
1074 	4458 	3144 	2501 	1187 
1075 	4544 	3230 	2587 	1273 
1076 	12765 	3316 	8812 	1359 
1077 	7143 	3402 	13451 	1445 
1078 	11781 	3488 	7828 	1531 
1079 	6159 	3574 	12467 	1617 
1080 	10798 	3660 	6845 	1703 
1081 	3746 	2432 	1789 	475 
1082 	3832 	2518 	1875 	561 
1083 	3918 	2604 	1961 	647 
1084 	4004 	2690 	2047 	733 
1085 	4090 	2776 	2133 	819 
1086 	4176 	2862 	2219 	905 
1087 	4262 	2948 	2305 	991 
1088 	4348 	3034 	2391 	1077 
1089 	4434 	3120 	2477 	1163 
1090 	4520 	3206 	2563 	1249 
1091 	4606 	3292 	2649 	1335 
1092 	4692 	3378 	2735 	1421 
1093 	10850 	3464 	6897 	1507 
1094 	5228 	3550 	11535 	1593 
1095 	9860 	3636 	5913 	1679 
1096 	14499 	3722 	10552 	1765 
1097 	3808 	2494 	1851 	537 
1098 	3894 	2580 	1937 	623 
1099 	3980 	2666 	2023 	709 
1100 	4066 	2752 	2109 	795 
1101 	4152 	2838 	2195 	881 
1102 	4238 	2924 	2281 	967 
1103 	4324 	3010 	2367 	1053 
1104 	4410 	3096 	2453 	1139 
1105 	4496 	3182 	2539 	1225 
1106 	4582 	3268 	2625 	1311 
1107 	4668 	3354 	2711 	1397 
1108 	4754 	3440 	2797 	1483 
1109 	14550 	3526 	10604 	1569 
1110 	8928 	3612 	15236 	1655 
1111 	13567 	3698 	9614 	1741 
1112 	7945 	3784 	14253 	1827 
1113 	12584 	3870 	8631 	1913 
1114 	3956 	2642 	1999 	685 
1115 	4042 	2728 	2085 	771 
1116 	4128 	2814 	2171 	857 
1117 	4214 	2900 	2257 	943 
1118 	4300 	2986 	2343 	1029 
1119 	4386 	3072 	2429 	1115 
1120 	4472 	3158 	2515 	1201 
1121 	4558 	3244 	2601 	1287 
1122 	4644 	3330 	2687 	1373 
1123 	4730 	3416 	2773 	1459 
1124 	4816 	3502 	2859 	1545 
1125 	4902 	3588 	2945 	1631 
1126 	12635 	3674 	8682 	1717 
1127 	7013 	3760 	13321 	1803 
1128 	11652 	3846 	7699 	1889 
1129 	6030 	3932 	12338 	1975 
1130 	10669 	4018 	6716 	2061 
1131 	4104 	2790 	2147 	833 
1132 	4190 	2876 	2233 	919 
1133 	4276 	2962 	2319 	1005 
1134 	4362 	3048 	2405 	1091 
1135 	4448 	3134 	2491 	1177 
1136 	4534 	3220 	2577 	1263 
1137 	4620 	3306 	2663 	1349 
1138 	4706 	3392 	2749 	1435 
1139 	4792 	3478 	2835 	1521 
1140 	4878 	3564 	2921 	1607 
1141 	4964 	3650 	3007 	1693 
1142 	5050 	3736 	3093 	1779 
1143 	10720 	3822 	6767 	1865 
1144 	15353 	3908 	11406 	1951 
1145 	9730 	3994 	5784 	2037 
1146 	14369 	4080 	10423 	2123 
1147 	4166 	2852 	2209 	895 
1148 	4252 	2938 	2295 	981 
1149 	4338 	3024 	2381 	1067 
1150 	4424 	3110 	2467 	1153 
1151 	4510 	3196 	2553 	1239 
1152 	4596 	3282 	2639 	1325 
1153 	4682 	3368 	2725 	1411 
1154 	4768 	3454 	2811 	1497 
1155 	4854 	3540 	2897 	1583 
1156 	4940 	3626 	2983 	1669 
1157 	5026 	3712 	3069 	1755 
1158 	5112 	3798 	3155 	1841 
1159 	14421 	3884 	10474 	1927 
1160 	8799 	3970 	15107 	2013 
1161 	13438 	4056 	9485 	2099 
1162 	7815 	4142 	14123 	2185 
1163 	12454 	4228 	8501 	2271 
1164 	4314 	3000 	2357 	1043 
1165 	4400 	3086 	2443 	1129 
1166 	4486 	3172 	2529 	1215 
1167 	4572 	3258 	2615 	1301 
1168 	4658 	3344 	2701 	1387 
1169 	4744 	3430 	2787 	1473 
1170 	4830 	3516 	2873 	1559 
1171 	4916 	3602 	2959 	1645 
1172 	5002 	3688 	3045 	1731 
1173 	5088 	3774 	3131 	1817 
1174 	50 	3860 	3217 	1903 
1175 	136 	3946 	3303 	1989 
1176 	12506 	4032 	8553 	2075 
1177 	6884 	4118 	13192 	2161 
1178 	11523 	4204 	7570 	2247 
1179 	5900 	4290 	12208 	2333 
1180 	4376 	3062 	2419 	1105 
1181 	4462 	3148 	2505 	1191 
1182 	4548 	3234 	2591 	1277 
1183 	4634 	3320 	2677 	1363 
1184 	4720 	3406 	2763 	1449 
1185 	4806 	3492 	2849 	1535 
1186 	4892 	3578 	2935 	1621 
1187 	4978 	3664 	3021 	1707 
1188 	5064 	3750 	3107 	1793 
1189 	26 	3836 	3193 	1879 
1190 	112 	3922 	3279 	1965 
1191 	198 	4008 	3365 	2051 
1192 	284 	4094 	3451 	2137 
1193 	10591 	4180 	6638 	2223 
1194 	15223 	4266 	11277 	2309 
1195 	9601 	4352 	5655 	2395 
1196 	14240 	4438 	10293 	2481 
1197 	4524 	3210 	2567 	1253 
1198 	4610 	3296 	2653 	1339 
1199 	4696 	3382 	2739 	1425 
1200 	4782 	3468 	2825 	1511 
1201 	4868 	3554 	2911 	1597 
1202 	4954 	3640 	2997 	1683 
1203 	5040 	3726 	3083 	1769 
1204 	2 	3812 	3169 	1855 
1205 	88 	3898 	3255 	1941 
1206 	174 	3984 	3341 	2027 
1207 	260 	4070 	3427 	2113 
1208 	346 	4156 	3513 	2199 
1209 	14292 	4242 	10345 	2285 
1210 	8669 	4328 	14977 	2371 
1211 	13308 	4414 	9355 	2457 
1212 	7686 	4500 	13994 	2543 
1213 	12325 	4586 	8372 	2629 
1214 	4672 	3358 	2715 	1401 
1215 	4758 	3444 	2801 	1487 
1216 	4844 	3530 	2887 	1573 
1217 	4930 	3616 	2973 	1659 
1218 	5016 	3702 	3059 	1745 
1219 	5102 	3788 	3145 	1831 
1220 	64 	3874 	3231 	1917 
1221 	150 	3960 	3317 	2003 
1222 	236 	4046 	3403 	2089 
1223 	322 	4132 	3489 	2175 
1224 	408 	4218 	3575 	2261 
1225 	494 	4304 	3661 	2347 
1226 	12377 	4390 	8424 	2433 
1227 	6754 	4476 	13062 	2519 
1228 	11393 	4562 	7440 	2605 
1229 	5771 	4648 	12079 	2691 
1230 	4734 	3420 	2777 	1463 
1231 	4820 	3506 	2863 	1549 
1232 	4906 	3592 	2949 	1635 
1233 	4992 	3678 	3035 	1721 
1234 	5078 	3764 	3121 	1807 
1235 	40 	3850 	3207 	1893 
1236 	126 	3936 	3293 	1979 
1237 	212 	4022 	3379 	2065 
1238 	298 	4108 	3465 	2151 
1239 	384 	4194 	3551 	2237 
1240 	470 	4280 	3637 	2323 
1241 	556 	4366 	3723 	2409 
1242 	5823 	4452 	12131 	2495 
1243 	10462 	4538 	6509 	2581 
1244 	15094 	4624 	11147 	2667 
1245 	9472 	4710 	5525 	2753 
1246 	14110 	4796 	10157 	2839 
1247 	4882 	3568 	2925 	1611 
1248 	4968 	3654 	3011 	1697 
1249 	5054 	3740 	3097 	1783 
1250 	16 	3826 	3183 	1869 
1251 	102 	3912 	3269 	1955 
1252 	188 	3998 	3355 	2041 
1253 	274 	4084 	3441 	2127 
1254 	360 	4170 	3527 	2213 
1255 	446 	4256 	3613 	2299 
1256 	532 	4342 	3699 	2385 
1257 	618 	4428 	3785 	2471 
1258 	704 	4514 	3871 	2557 
1259 	14162 	4600 	10209 	2643 
1260 	8540 	4686 	14848 	2729 
1261 	13179 	4772 	9226 	2815 
1262 	7557 	4858 	13865 	2901 
1263 	4944 	3630 	2987 	1673 
1264 	5030 	3716 	3073 	1759 
1265 	5116 	3802 	3159 	1845 
1266 	78 	3888 	3245 	1931 
1267 	164 	3974 	3331 	2017 
1268 	250 	4060 	3417 	2103 
1269 	336 	4146 	3503 	2189 
1270 	422 	4232 	3589 	2275 
1271 	508 	4318 	3675 	2361 
1272 	594 	4404 	3761 	2447 
1273 	680 	4490 	3847 	2533 
1274 	766 	4576 	3933 	2619 
1275 	852 	4662 	4019 	2705 
1276 	12247 	4748 	8294 	2791 
1277 	6625 	4834 	12933 	2877 
1278 	11264 	4920 	7311 	2963 
1279 	5642 	5006 	11950 	3049 
1280 	5092 	3778 	3135 	1821 
1281 	54 	3864 	3221 	1907 
1282 	140 	3950 	3307 	1993 
1283 	226 	4036 	3393 	2079 
1284 	312 	4122 	3479 	2165 
1285 	398 	4208 	3565 	2251 
1286 	484 	4294 	3651 	2337 
1287 	570 	4380 	3737 	2423 
1288 	656 	4466 	3823 	2509 
1289 	742 	4552 	3909 	2595 
1290 	828 	4638 	3995 	2681 
1291 	914 	4724 	4081 	2767 
1292 	5693 	4810 	12001 	2853 
1293 	10332 	4896 	6379 	2939 
1294 	14964 	4982 	11018 	3025 
1295 	9342 	5068 	5396 	3111 
1296 	13981 	30 	10028 	3197 
1297 	116 	3926 	3283 	1969 
1298 	202 	4012 	3369 	2055 
1299 	288 	4098 	3455 	2141 
1300 	374 	4184 	3541 	2227 
1301 	460 	4270 	3627 	2313 
1302 	546 	4356 	3713 	2399 
1303 	632 	4442 	3799 	2485 
1304 	718 	4528 	3885 	2571 
1305 	804 	4614 	3971 	2657 
1306 	890 	4700 	4057 	2743 
1307 	976 	4786 	4143 	2829 
1308 	1062 	4872 	4229 	2915 
1309 	14033 	4958 	10080 	3001 
1310 	8411 	5044 	14719 	3087 
1311 	13049 	6 	9096 	3173 
1312 	7427 	92 	13735 	3259 
1313 	178 	3988 	3345 	2031 
1314 	264 	4074 	3431 	2117 
1315 	350 	4160 	3517 	2203 
1316 	436 	4246 	3603 	2289 
1317 	522 	4332 	3689 	2375 
1318 	608 	4418 	3775 	2461 
1319 	694 	4504 	3861 	2547 
1320 	780 	4590 	3947 	2633 
1321 	866 	4676 	4033 	2719 
1322 	952 	4762 	4119 	2805 
1323 	1038 	4848 	4205 	2891 
1324 	1124 	4934 	4291 	2977 
1325 	7479 	5020 	13787 	3063 
1326 	12118 	5106 	8165 	3149 
1327 	6496 	68 	12804 	3235 
1328 	11134 	154 	7181 	3321 
1329 	5512 	240 	11820 	3407 
1330 	326 	4136 	3493 	2179 
1331 	412 	4222 	3579 	2265 
1332 	498 	4308 	3665 	2351 
1333 	584 	4394 	3751 	2437 
1334 	670 	4480 	3837 	2523 
1335 	756 	4566 	3923 	2609 
1336 	842 	4652 	4009 	2695 
1337 	928 	4738 	4095 	2781 
1338 	1014 	4824 	4181 	2867 
1339 	1100 	4910 	4267 	2953 
1340 	1186 	4996 	4353 	3039 
1341 	1272 	5082 	4439 	3125 
1342 	5564 	44 	11872 	3211 
1343 	10196 	130 	6250 	3297 
1344 	14835 	216 	10889 	3383 
1345 	9213 	302 	5266 	3469 
1346 	13852 	388 	9899 	3555 
1347 	474 	4284 	3641 	2327 
1348 	560 	4370 	3727 	2413 
1349 	646 	4456 	3813 	2499 
1350 	732 	4542 	3899 	2585 
1351 	818 	4628 	3985 	2671 
1352 	904 	4714 	4071 	2757 
1353 	990 	4800 	4157 	2843 
1354 	1076 	4886 	4243 	2929 
1355 	1162 	4972 	4329 	3015 
1356 	1248 	5058 	4415 	3101 
1357 	1334 	20 	4501 	3187 
1358 	1420 	106 	4587 	3273 
1359 	13903 	192 	9950 	3359 
1360 	8281 	278 	14589 	3445 
1361 	12920 	364 	8967 	3531 
1362 	7298 	450 	13606 	3617 
1363 	536 	4346 	3703 	2389 
1364 	622 	4432 	3789 	2475 
1365 	708 	4518 	3875 	2561 
1366 	794 	4604 	3961 	2647 
1367 	880 	4690 	4047 	2733 
1368 	966 	4776 	4133 	2819 
1369 	1052 	4862 	4219 	2905 
1370 	1138 	4948 	4305 	2991 
1371 	1224 	5034 	4391 	3077 
1372 	1310 	5120 	4477 	3163 
1373 	1396 	82 	4563 	3249 
1374 	1482 	168 	4649 	3335 
1375 	7350 	254 	13658 	3421 
1376 	11988 	340 	8035 	3507 
1377 	6366 	426 	12674 	3593 
1378 	11005 	512 	7052 	3679 
1379 	5383 	598 	11691 	3765 
1380 	684 	4494 	3851 	2537 
1381 	770 	4580 	3937 	2623 
1382 	856 	4666 	4023 	2709 
1383 	942 	4752 	4109 	2795 
1384 	1028 	4838 	4195 	2881 
1385 	1114 	4924 	4281 	2967 
1386 	1200 	5010 	4367 	3053 
1387 	1286 	5096 	4453 	3139 
1388 	1372 	58 	4539 	3225 
1389 	1458 	144 	4625 	3311 
1390 	1544 	230 	4711 	3397 
1391 	1630 	316 	4797 	3483 
1392 	5435 	402 	11743 	3569 
1393 	10067 	488 	6120 	3655 
1394 	14706 	574 	10759 	3741 
1395 	9083 	660 	5137 	3827 
1396 	746 	4556 	3913 	2599 
1397 	832 	4642 	3999 	2685 
1398 	918 	4728 	4085 	2771 
1399 	1004 	4814 	4171 	2857 
1400 	1090 	4900 	4257 	2943 
1401 	1176 	4986 	4343 	3029 
1402 	1262 	5072 	4429 	3115 
1403 	1348 	34 	4515 	3201 
1404 	1434 	120 	4601 	3287 
1405 	1520 	206 	4687 	3373 
1406 	1606 	292 	4773 	3459 
1407 	1692 	378 	4859 	3545 
1408 	1778 	464 	4945 	3631 
1409 	13774 	550 	9821 	3717 
1410 	8152 	636 	14460 	3803 
1411 	12791 	722 	8838 	3889 
1412 	7168 	808 	13476 	3975 
1413 	894 	4704 	4061 	2747 
1414 	980 	4790 	4147 	2833 
1415 	1066 	4876 	4233 	2919 
1416 	1152 	4962 	4319 	3005 
1417 	1238 	5048 	4405 	3091 
1418 	1324 	10 	4491 	3177 
1419 	1410 	96 	4577 	3263 
1420 	1496 	182 	4663 	3349 
1421 	1582 	268 	4749 	3435 
1422 	1668 	354 	4835 	3521 
1423 	1754 	440 	4921 	3607 
1424 	1840 	526 	5007 	3693 
1425 	7220 	612 	13528 	3779 
1426 	11859 	698 	7906 	3865 
1427 	6237 	784 	12545 	3951 
1428 	10876 	870 	6923 	4037 
1429 	5253 	956 	11561 	4123 
1430 	1042 	4852 	4209 	2895 
1431 	1128 	4938 	4295 	2981 
1432 	1214 	5024 	4381 	3067 
1433 	1300 	5110 	4467 	3153 
1434 	1386 	72 	4553 	3239 
1435 	1472 	158 	4639 	3325 
1436 	1558 	244 	4725 	3411 
1437 	1644 	330 	4811 	3497 
1438 	1730 	416 	4897 	3583 
1439 	1816 	502 	4983 	3669 
1440 	1902 	588 	5069 	3755 
1441 	1988 	674 	31 	3841 
1442 	5305 	760 	11613 	3927 
1443 	9937 	846 	5991 	4013 
1444 	14576 	932 	10630 	4099 
1445 	8954 	1018 	15262 	4185 
1446 	1104 	4914 	4271 	2957 
1447 	1190 	5000 	4357 	3043 
1448 	1276 	5086 	4443 	3129 
1449 	1362 	48 	4529 	3215 
1450 	1448 	134 	4615 	3301 
1451 	1534 	220 	4701 	3387 
1452 	1620 	306 	4787 	3473 
1453 	1706 	392 	4873 	3559 
1454 	1792 	478 	4959 	3645 
1455 	1878 	564 	5045 	3731 
1456 	1964 	650 	7 	3817 
1457 	2050 	736 	93 	3903 
1458 	9006 	822 	15314 	3989 
1459 	13645 	908 	9692 	4075 
1460 	8022 	994 	14330 	4161 
1461 	12661 	1080 	8708 	4247 
1462 	7039 	1166 	13347 	4333 
1463 	1252 	5062 	4419 	3105 
1464 	1338 	24 	4505 	3191 
1465 	1424 	110 	4591 	3277 
1466 	1510 	196 	4677 	3363 
1467 	1596 	282 	4763 	3449 
1468 	1682 	368 	4849 	3535 
1469 	1768 	454 	4935 	3621 
1470 	1854 	540 	5021 	3707 
1471 	1940 	626 	5107 	3793 
1472 	2026 	712 	69 	3879 
1473 	2112 	798 	155 	3965 
1474 	2198 	884 	241 	4051 
1475 	7091 	970 	13399 	4137 
1476 	11730 	1056 	7777 	4223 
1477 	6107 	1142 	12415 	4309 
1478 	10746 	1228 	6793 	4395 
