FR80T25X64H5
Channel Interleaving, Puncturing and Mapping to 64-QAM
User data=4400, with flush=4404, Channel Symbols=941, Channel Bits=5646, p=621, q=621, Coding Rate=0.779313

Symbol	b5 	b4 	b3 	b2 	b1 	b0 
0 	1264 	2834 	0 	3987 	1153 	2723 
1 	7283 	1562 	3132 	12726 	4285 	1451 
2 	10166 	1860 	3430 	6794 	179 	1749 
3 	13045 	2158 	3728 	9677 	477 	2047 
4 	886 	2456 	4026 	3609 	775 	2345 
5 	1184 	2754 	4324 	3907 	1073 	2643 
6 	6120 	1482 	3052 	11563 	4205 	1371 
7 	9003 	1780 	3350 	5631 	99 	1669 
8 	11882 	2078 	3648 	8510 	397 	1967 
9 	5950 	2376 	3946 	11393 	695 	2265 
10 	1104 	2674 	4244 	3827 	993 	2563 
11 	4957 	1402 	2972 	10400 	4125 	1291 
12 	7836 	1700 	3270 	4468 	19 	1589 
13 	10719 	1998 	3568 	7347 	317 	1887 
14 	4787 	2296 	3866 	10230 	615 	2185 
15 	1024 	2594 	4164 	3747 	913 	2483 
16 	1322 	2892 	58 	4045 	1211 	2781 
17 	6673 	1620 	3190 	12116 	4343 	1509 
18 	9556 	1918 	3488 	6184 	237 	1807 
19 	12435 	2216 	3786 	9067 	535 	2105 
20 	944 	2514 	4084 	3667 	833 	2403 
21 	1242 	2812 	4382 	3965 	1131 	2701 
22 	5510 	1540 	3110 	10953 	4263 	1429 
23 	8390 	1838 	3408 	5021 	157 	1727 
24 	11272 	2136 	3706 	7900 	455 	2025 
25 	5340 	2434 	4004 	10783 	753 	2323 
26 	1162 	2732 	4302 	3885 	1051 	2621 
27 	1460 	3030 	196 	4183 	1349 	2919 
28 	7227 	1758 	3328 	12669 	77 	1647 
29 	10109 	2056 	3626 	6737 	375 	1945 
30 	12989 	2354 	3924 	9620 	673 	2243 
31 	1082 	2652 	4222 	3805 	971 	2541 
32 	1380 	2950 	116 	4103 	1269 	2839 
33 	6063 	1678 	3248 	11506 	4401 	1567 
34 	8946 	1976 	3546 	5574 	295 	1865 
35 	11826 	2274 	3844 	8453 	593 	2163 
36 	5893 	2572 	4142 	11336 	891 	2461 
37 	1300 	2870 	36 	4023 	1189 	2759 
38 	1598 	3168 	334 	4321 	1487 	3057 
39 	7780 	1896 	3466 	4411 	215 	1785 
40 	10663 	2194 	3764 	7290 	513 	2083 
41 	4730 	2492 	4062 	10173 	811 	2381 
42 	1220 	2790 	4360 	3943 	1109 	2679 
43 	1518 	3088 	254 	4241 	1407 	2977 
44 	6617 	1816 	3386 	12060 	135 	1705 
45 	9499 	2114 	3684 	6127 	433 	2003 
46 	12379 	2412 	3982 	9010 	731 	2301 
47 	6446 	2710 	4280 	11889 	1029 	2599 
48 	1438 	3008 	174 	4161 	1327 	2897 
49 	5454 	1736 	3306 	10897 	55 	1625 
50 	8333 	2034 	3604 	4964 	353 	1923 
51 	11216 	2332 	3902 	7844 	651 	2221 
52 	5283 	2630 	4200 	10726 	949 	2519 
53 	1358 	2928 	94 	4081 	1247 	2817 
54 	1656 	3226 	392 	4379 	1545 	3115 
55 	7170 	1954 	3524 	12613 	273 	1843 
56 	10053 	2252 	3822 	6680 	571 	2141 
57 	12932 	2550 	4120 	9563 	869 	2439 
58 	1278 	2848 	14 	4001 	1167 	2737 
59 	1576 	3146 	312 	4299 	1465 	3035 
60 	6007 	1874 	3444 	11450 	193 	1763 
61 	8890 	2172 	3742 	5517 	491 	2061 
62 	11769 	2470 	4040 	8397 	789 	2359 
63 	5837 	2768 	4338 	11279 	1087 	2657 
64 	1496 	3066 	232 	4219 	1385 	2955 
65 	1794 	3364 	530 	113 	1683 	3253 
66 	7723 	2092 	3662 	13166 	411 	1981 
67 	10606 	2390 	3960 	7234 	709 	2279 
68 	4673 	2688 	4258 	10116 	1007 	2577 
69 	1416 	2986 	152 	4139 	1305 	2875 
70 	1714 	3284 	450 	33 	1603 	3173 
71 	6560 	2012 	3582 	12003 	331 	1901 
72 	9443 	2310 	3880 	6071 	629 	2199 
73 	12322 	2608 	4178 	8953 	927 	2497 
74 	6390 	2906 	72 	11833 	1225 	2795 
75 	1634 	3204 	370 	4357 	1523 	3093 
76 	1932 	3502 	668 	251 	1821 	3391 
77 	8276 	2230 	3800 	4908 	549 	2119 
78 	11159 	2528 	4098 	7787 	847 	2417 
79 	5227 	2826 	4396 	10670 	1145 	2715 
80 	1554 	3124 	290 	4277 	1443 	3013 
81 	1852 	3422 	588 	171 	1741 	3311 
82 	7113 	2150 	3720 	12556 	469 	2039 
83 	9996 	2448 	4018 	6624 	767 	2337 
84 	12875 	2746 	4316 	9507 	1065 	2635 
85 	6943 	3044 	210 	12386 	1363 	2933 
86 	1772 	3342 	508 	91 	1661 	3231 
87 	2070 	3640 	806 	389 	1959 	3529 
88 	8833 	2368 	3938 	5461 	687 	2257 
89 	11712 	2666 	4236 	8340 	985 	2555 
90 	5780 	2964 	130 	11223 	1283 	2853 
91 	1692 	3262 	428 	11 	1581 	3151 
92 	1990 	3560 	726 	309 	1879 	3449 
93 	7666 	2288 	3858 	13109 	607 	2177 
94 	10549 	2586 	4156 	7177 	905 	2475 
95 	4617 	2884 	50 	10060 	1203 	2773 
96 	7496 	3182 	348 	12939 	1501 	3071 
97 	1910 	3480 	646 	229 	1799 	3369 
98 	6503 	2208 	3778 	11946 	527 	2097 
99 	9386 	2506 	4076 	6014 	825 	2395 
100 	12265 	2804 	4374 	8897 	1123 	2693 
101 	6333 	3102 	268 	11776 	1421 	2991 
102 	1830 	3400 	566 	149 	1719 	3289 
103 	2128 	3698 	864 	447 	2017 	3587 
104 	8219 	2426 	3996 	4851 	745 	2315 
105 	11102 	2724 	4294 	7730 	1043 	2613 
106 	5170 	3022 	188 	10613 	1341 	2911 
107 	1750 	3320 	486 	69 	1639 	3209 
108 	2048 	3618 	784 	367 	1937 	3507 
109 	7056 	2346 	3916 	12499 	665 	2235 
110 	9939 	2644 	4214 	6567 	963 	2533 
111 	12818 	2942 	108 	9450 	1261 	2831 
112 	6886 	3240 	406 	12329 	1559 	3129 
113 	1968 	3538 	704 	287 	1857 	3427 
114 	2266 	3836 	1002 	585 	2155 	3725 
115 	8773 	2564 	4134 	5404 	883 	2453 
116 	11655 	2862 	28 	8283 	1181 	2751 
117 	5723 	3160 	326 	11166 	1479 	3049 
118 	1888 	3458 	624 	207 	1777 	3347 
119 	2186 	3756 	922 	505 	2075 	3645 
120 	7609 	2484 	4054 	13052 	803 	2373 
121 	10492 	2782 	4352 	7120 	1101 	2671 
122 	4560 	3080 	246 	10003 	1399 	2969 
123 	7439 	3378 	544 	12882 	1697 	3267 
124 	2106 	3676 	842 	425 	1995 	3565 
125 	2404 	3974 	1140 	723 	2293 	3863 
126 	9329 	2702 	4272 	5957 	1021 	2591 
127 	12209 	3000 	166 	8840 	1319 	2889 
128 	6276 	3298 	464 	11719 	1617 	3187 
129 	2026 	3596 	762 	345 	1915 	3485 
130 	2324 	3894 	1060 	643 	2213 	3783 
131 	8163 	2622 	4192 	4794 	941 	2511 
132 	11045 	2920 	86 	7673 	1239 	2809 
133 	5113 	3218 	384 	10556 	1537 	3107 
134 	7992 	3516 	682 	4624 	1835 	3405 
135 	2244 	3814 	980 	563 	2133 	3703 
136 	7000 	2542 	4112 	12443 	861 	2431 
137 	9882 	2840 	6 	6510 	1159 	2729 
138 	12762 	3138 	304 	9393 	1457 	3027 
139 	6829 	3436 	602 	12272 	1755 	3325 
140 	2164 	3734 	900 	483 	2053 	3623 
141 	2462 	4032 	1198 	781 	2351 	3921 
142 	8716 	2760 	4330 	5347 	1079 	2649 
143 	11599 	3058 	224 	8226 	1377 	2947 
144 	5666 	3356 	522 	11109 	1675 	3245 
145 	8546 	3654 	820 	5177 	1973 	3543 
146 	2382 	3952 	1118 	701 	2271 	3841 
147 	7553 	2680 	4250 	12996 	999 	2569 
148 	10436 	2978 	144 	7063 	1297 	2867 
149 	4503 	3276 	442 	9946 	1595 	3165 
150 	7383 	3574 	740 	12825 	1893 	3463 
151 	2302 	3872 	1038 	621 	2191 	3761 
152 	2600 	4170 	1336 	919 	2489 	4059 
153 	9273 	2898 	64 	5900 	1217 	2787 
154 	12152 	3196 	362 	8780 	1515 	3085 
155 	6219 	3494 	660 	11662 	1813 	3383 
156 	2222 	3792 	958 	541 	2111 	3681 
157 	2520 	4090 	1256 	839 	2409 	3979 
158 	8106 	2818 	4388 	4737 	1137 	2707 
159 	10989 	3116 	282 	7617 	1435 	3005 
160 	5056 	3414 	580 	10499 	1733 	3303 
161 	7936 	3712 	878 	4567 	2031 	3601 
162 	2440 	4010 	1176 	759 	2329 	3899 
163 	2738 	4308 	1474 	1057 	2627 	4197 
164 	9826 	3036 	202 	6454 	1355 	2925 
165 	12705 	3334 	500 	9336 	1653 	3223 
166 	6773 	3632 	798 	12216 	1951 	3521 
167 	2360 	3930 	1096 	679 	2249 	3819 
168 	2658 	4228 	1394 	977 	2547 	4117 
169 	8659 	2956 	122 	5290 	1275 	2845 
170 	11542 	3254 	420 	8170 	1573 	3143 
171 	5610 	3552 	718 	11053 	1871 	3441 
172 	8489 	3850 	1016 	5120 	2169 	3739 
173 	2578 	4148 	1314 	897 	2467 	4037 
174 	2876 	42 	1612 	1195 	2765 	4335 
175 	10379 	3174 	340 	7007 	1493 	3063 
176 	4447 	3472 	638 	9889 	1791 	3361 
177 	7326 	3770 	936 	12769 	2089 	3659 
178 	2498 	4068 	1234 	817 	2387 	3957 
179 	2796 	4366 	1532 	1115 	2685 	4255 
180 	9216 	3094 	260 	5844 	1413 	2983 
181 	12095 	3392 	558 	8723 	1711 	3281 
182 	6163 	3690 	856 	11606 	2009 	3579 
183 	9046 	3988 	1154 	5673 	2307 	3877 
184 	2716 	4286 	1452 	1035 	2605 	4175 
185 	8049 	3014 	180 	4681 	1333 	2903 
186 	10932 	3312 	478 	7560 	1631 	3201 
187 	5000 	3610 	776 	10443 	1929 	3499 
188 	7879 	3908 	1074 	4510 	2227 	3797 
189 	2636 	4206 	1372 	955 	2525 	4095 
190 	2934 	100 	1670 	1253 	2823 	4393 
191 	9769 	3232 	398 	6397 	1551 	3121 
192 	12648 	3530 	696 	9280 	1849 	3419 
193 	6716 	3828 	994 	12159 	2147 	3717 
194 	2556 	4126 	1292 	875 	2445 	4015 
195 	2854 	20 	1590 	1173 	2743 	4313 
196 	8602 	3152 	318 	5234 	1471 	3041 
197 	11485 	3450 	616 	8113 	1769 	3339 
198 	5553 	3748 	914 	10996 	2067 	3637 
199 	8432 	4046 	1212 	5064 	2365 	3935 
200 	2774 	4344 	1510 	1093 	2663 	4233 
201 	3072 	238 	1808 	1391 	2961 	127 
202 	10322 	3370 	536 	6950 	1689 	3259 
203 	13201 	3668 	834 	9833 	1987 	3557 
204 	7269 	3966 	1132 	12712 	2285 	3855 
205 	2694 	4264 	1430 	1013 	2583 	4153 
206 	2992 	158 	1728 	1311 	2881 	47 
207 	9159 	3290 	456 	5787 	1609 	3179 
208 	12038 	3588 	754 	8666 	1907 	3477 
209 	6106 	3886 	1052 	11549 	2205 	3775 
210 	8989 	4184 	1350 	5617 	2503 	4073 
211 	2912 	78 	1648 	1231 	2801 	4371 
212 	3210 	376 	1946 	1529 	3099 	265 
213 	10875 	3508 	674 	7503 	1827 	3397 
214 	4943 	3806 	972 	10386 	2125 	3695 
215 	7822 	4104 	1270 	4454 	2423 	3993 
216 	2832 	4402 	1568 	1151 	2721 	4291 
217 	3130 	296 	1866 	1449 	3019 	185 
218 	9712 	3428 	594 	6340 	1747 	3317 
219 	12591 	3726 	892 	9223 	2045 	3615 
220 	6659 	4024 	1190 	12102 	2343 	3913 
221 	9542 	4322 	1488 	6170 	2641 	4211 
222 	3050 	216 	1786 	1369 	2939 	105 
223 	3348 	514 	2084 	1667 	3237 	403 
224 	11428 	3646 	812 	8056 	1965 	3535 
225 	5496 	3944 	1110 	10939 	2263 	3833 
226 	8375 	4242 	1408 	5007 	2561 	4131 
227 	2970 	136 	1706 	1289 	2859 	25 
228 	3268 	434 	2004 	1587 	3157 	323 
229 	10265 	3566 	732 	6893 	1885 	3455 
230 	13145 	3864 	1030 	9776 	2183 	3753 
231 	7212 	4162 	1328 	12655 	2481 	4051 
232 	10095 	56 	1626 	6723 	2779 	4349 
233 	3188 	354 	1924 	1507 	3077 	243 
234 	9102 	3486 	652 	5730 	1805 	3375 
235 	11982 	3784 	950 	8609 	2103 	3673 
236 	6049 	4082 	1248 	11492 	2401 	3971 
237 	8932 	4380 	1546 	5560 	2699 	4269 
238 	3108 	274 	1844 	1427 	2997 	163 
239 	3406 	572 	2142 	1725 	3295 	461 
240 	10819 	3704 	870 	7446 	2023 	3593 
241 	4886 	4002 	1168 	10329 	2321 	3891 
242 	7766 	4300 	1466 	13208 	2619 	4189 
243 	3028 	194 	1764 	1347 	2917 	83 
244 	3326 	492 	2062 	1645 	3215 	381 
245 	9655 	3624 	790 	6283 	1943 	3513 
246 	12535 	3922 	1088 	9166 	2241 	3811 
247 	6602 	4220 	1386 	12045 	2539 	4109 
248 	9485 	114 	1684 	6113 	2837 	3 
249 	3246 	412 	1982 	1565 	3135 	301 
250 	3544 	710 	2280 	1863 	3433 	599 
251 	11372 	3842 	1008 	8000 	2161 	3731 
252 	5439 	4140 	1306 	10882 	2459 	4029 
253 	8319 	34 	1604 	4950 	2757 	4327 
254 	3166 	332 	1902 	1485 	3055 	221 
255 	3464 	630 	2200 	1783 	3353 	519 
256 	10209 	3762 	928 	6836 	2081 	3651 
257 	13088 	4060 	1226 	9719 	2379 	3949 
258 	7156 	4358 	1524 	12599 	2677 	4247 
259 	10038 	252 	1822 	6666 	2975 	141 
260 	3384 	550 	2120 	1703 	3273 	439 
261 	3682 	848 	2418 	2001 	3571 	737 
262 	11925 	3980 	1146 	8553 	2299 	3869 
263 	5993 	4278 	1444 	11436 	2597 	4167 
264 	8875 	172 	1742 	5503 	2895 	61 
265 	3304 	470 	2040 	1623 	3193 	359 
266 	3602 	768 	2338 	1921 	3491 	657 
267 	10762 	3900 	1066 	7390 	2219 	3789 
268 	4830 	4198 	1364 	10272 	2517 	4087 
269 	7709 	92 	1662 	13152 	2815 	4385 
270 	10592 	390 	1960 	7219 	3113 	279 
271 	3522 	688 	2258 	1841 	3411 	577 
272 	9599 	3820 	986 	6227 	2139 	3709 
273 	12478 	4118 	1284 	9109 	2437 	4007 
274 	6546 	12 	1582 	11989 	2735 	4305 
275 	9429 	310 	1880 	6056 	3033 	199 
276 	3442 	608 	2178 	1761 	3331 	497 
277 	3740 	906 	2476 	2059 	3629 	795 
278 	11315 	4038 	1204 	7943 	2357 	3927 
279 	5383 	4336 	1502 	10826 	2655 	4225 
280 	8262 	230 	1800 	4893 	2953 	119 
281 	3362 	528 	2098 	1681 	3251 	417 
282 	3660 	826 	2396 	1979 	3549 	715 
283 	10152 	3958 	1124 	6780 	2277 	3847 
284 	13031 	4256 	1422 	9663 	2575 	4145 
285 	7099 	150 	1720 	12542 	2873 	39 
286 	9982 	448 	2018 	6610 	3171 	337 
287 	3580 	746 	2316 	1899 	3469 	635 
288 	3878 	1044 	2614 	2197 	3767 	933 
289 	11868 	4176 	1342 	8496 	2495 	4065 
290 	5936 	70 	1640 	11379 	2793 	4363 
291 	8819 	368 	1938 	5446 	3091 	257 
292 	3500 	666 	2236 	1819 	3389 	555 
293 	3798 	964 	2534 	2117 	3687 	853 
294 	10705 	4096 	1262 	7333 	2415 	3985 
295 	4773 	4394 	1560 	10216 	2713 	4283 
296 	7652 	288 	1858 	13095 	3011 	177 
297 	10535 	586 	2156 	7163 	3309 	475 
298 	3718 	884 	2454 	2037 	3607 	773 
299 	4016 	1182 	2752 	2335 	3905 	1071 
300 	12421 	4314 	1480 	9053 	2633 	4203 
301 	6489 	208 	1778 	11932 	2931 	97 
302 	9372 	506 	2076 	6000 	3229 	395 
303 	3638 	804 	2374 	1957 	3527 	693 
304 	3936 	1102 	2672 	2255 	3825 	991 
305 	11258 	4234 	1400 	7886 	2553 	4123 
306 	5326 	128 	1698 	10769 	2851 	17 
307 	8205 	426 	1996 	4837 	3149 	315 
308 	11088 	724 	2294 	7716 	3447 	613 
309 	3856 	1022 	2592 	2175 	3745 	911 
310 	4154 	1320 	2890 	2473 	4043 	1209 
311 	12974 	48 	1618 	9606 	2771 	4341 
312 	7042 	346 	1916 	12485 	3069 	235 
313 	9925 	644 	2214 	6553 	3367 	533 
314 	3776 	942 	2512 	2095 	3665 	831 
315 	4074 	1240 	2810 	2393 	3963 	1129 
316 	11811 	4372 	1538 	8439 	2691 	4261 
317 	5879 	266 	1836 	11322 	2989 	155 
318 	8758 	564 	2134 	5390 	3287 	453 
319 	11641 	862 	2432 	8269 	3585 	751 
320 	3994 	1160 	2730 	2313 	3883 	1049 
321 	10648 	4292 	1458 	7276 	2611 	4181 
322 	4716 	186 	1756 	10159 	2909 	75 
323 	7595 	484 	2054 	13038 	3207 	373 
324 	10478 	782 	2352 	7106 	3505 	671 
325 	3914 	1080 	2650 	2233 	3803 	969 
326 	4212 	1378 	2948 	2531 	4101 	1267 
327 	12365 	106 	1676 	8996 	2829 	4399 
328 	6432 	404 	1974 	11875 	3127 	293 
329 	9315 	702 	2272 	5943 	3425 	591 
330 	3834 	1000 	2570 	2153 	3723 	889 
331 	4132 	1298 	2868 	2451 	4021 	1187 
332 	11201 	26 	1596 	7829 	2749 	4319 
333 	5269 	324 	1894 	10712 	3047 	213 
334 	8148 	622 	2192 	4780 	3345 	511 
335 	11031 	920 	2490 	7659 	3643 	809 
336 	4052 	1218 	2788 	2371 	3941 	1107 
337 	4350 	1516 	3086 	2669 	4239 	1405 
338 	12918 	244 	1814 	9549 	2967 	133 
339 	6985 	542 	2112 	12428 	3265 	431 
340 	9868 	840 	2410 	6496 	3563 	729 
341 	3972 	1138 	2708 	2291 	3861 	1027 
342 	4270 	1436 	3006 	2589 	4159 	1325 
343 	11755 	164 	1734 	8382 	2887 	53 
344 	5822 	462 	2032 	11265 	3185 	351 
345 	8702 	760 	2330 	5333 	3483 	649 
346 	11584 	1058 	2628 	8212 	3781 	947 
347 	4190 	1356 	2926 	2509 	4079 	1245 
348 	84 	1654 	3224 	2807 	4377 	1543 
349 	4659 	382 	1952 	10102 	3105 	271 
350 	7539 	680 	2250 	12982 	3403 	569 
351 	10421 	978 	2548 	7049 	3701 	867 
352 	4110 	1276 	2846 	2429 	3999 	1165 
353 	4 	1574 	3144 	2727 	4297 	1463 
354 	12308 	302 	1872 	8939 	3025 	191 
355 	6376 	600 	2170 	11818 	3323 	489 
356 	9258 	898 	2468 	5886 	3621 	787 
357 	12138 	1196 	2766 	8765 	3919 	1085 
358 	4328 	1494 	3064 	2647 	4217 	1383 
359 	11145 	222 	1792 	7773 	2945 	111 
360 	5212 	520 	2090 	10655 	3243 	409 
361 	8092 	818 	2388 	4723 	3541 	707 
362 	10975 	1116 	2686 	7602 	3839 	1005 
363 	4248 	1414 	2984 	2567 	4137 	1303 
364 	142 	1712 	3282 	2865 	31 	1601 
365 	12861 	440 	2010 	9492 	3163 	329 
366 	6929 	738 	2308 	12372 	3461 	627 
367 	9811 	1036 	2606 	6439 	3759 	925 
368 	12691 	1334 	2904 	9322 	4057 	1223 
369 	62 	1632 	3202 	2785 	4355 	1521 
370 	11698 	360 	1930 	8326 	3083 	249 
371 	5766 	658 	2228 	11209 	3381 	547 
372 	8645 	956 	2526 	5276 	3679 	845 
373 	11528 	1254 	2824 	8156 	3977 	1143 
374 	4386 	1552 	3122 	2705 	4275 	1441 
375 	280 	1850 	3420 	3003 	169 	1739 
376 	4603 	578 	2148 	10046 	3301 	467 
377 	7482 	876 	2446 	12925 	3599 	765 
378 	10365 	1174 	2744 	6993 	3897 	1063 
379 	4306 	1472 	3042 	2625 	4195 	1361 
380 	200 	1770 	3340 	2923 	89 	1659 
381 	12251 	498 	2068 	8882 	3221 	387 
382 	6319 	796 	2366 	11762 	3519 	685 
383 	9202 	1094 	2664 	5829 	3817 	983 
384 	12081 	1392 	2962 	8709 	4115 	1281 
385 	120 	1690 	3260 	2843 	9 	1579 
386 	418 	1988 	3558 	3141 	307 	1877 
387 	5156 	716 	2286 	10599 	3439 	605 
388 	8035 	1014 	2584 	4666 	3737 	903 
389 	10918 	1312 	2882 	7546 	4035 	1201 
390 	40 	1610 	3180 	2763 	4333 	1499 
391 	338 	1908 	3478 	3061 	227 	1797 
392 	12804 	636 	2206 	9436 	3359 	525 
393 	6872 	934 	2504 	12315 	3657 	823 
394 	9755 	1232 	2802 	6383 	3955 	1121 
395 	12634 	1530 	3100 	9265 	4253 	1419 
396 	258 	1828 	3398 	2981 	147 	1717 
397 	556 	2126 	3696 	3279 	445 	2015 
398 	5709 	854 	2424 	11152 	3577 	743 
399 	8588 	1152 	2722 	5220 	3875 	1041 
400 	11471 	1450 	3020 	8099 	4173 	1339 
401 	178 	1748 	3318 	2901 	67 	1637 
402 	476 	2046 	3616 	3199 	365 	1935 
403 	4546 	774 	2344 	9989 	3497 	663 
404 	7425 	1072 	2642 	12868 	3795 	961 
405 	10308 	1370 	2940 	6936 	4093 	1259 
406 	13187 	1668 	3238 	9819 	4391 	1557 
407 	396 	1966 	3536 	3119 	285 	1855 
408 	12194 	694 	2264 	8826 	3417 	583 
409 	6262 	992 	2562 	11705 	3715 	881 
410 	9145 	1290 	2860 	5773 	4013 	1179 
411 	12024 	1588 	3158 	8652 	4311 	1477 
412 	316 	1886 	3456 	3039 	205 	1775 
413 	614 	2184 	3754 	3337 	503 	2073 
414 	5099 	912 	2482 	10542 	3635 	801 
415 	7978 	1210 	2780 	4610 	3933 	1099 
416 	10861 	1508 	3078 	7489 	4231 	1397 
417 	236 	1806 	3376 	2959 	125 	1695 
418 	534 	2104 	3674 	3257 	423 	1993 
419 	12747 	832 	2402 	9379 	3555 	721 
420 	6815 	1130 	2700 	12258 	3853 	1019 
421 	9698 	1428 	2998 	6326 	4151 	1317 
422 	12577 	1726 	3296 	9209 	45 	1615 
423 	454 	2024 	3594 	3177 	343 	1913 
424 	752 	2322 	3892 	3475 	641 	2211 
425 	5652 	1050 	2620 	11095 	3773 	939 
426 	8531 	1348 	2918 	5163 	4071 	1237 
427 	11414 	1646 	3216 	8042 	4369 	1535 
428 	374 	1944 	3514 	3097 	263 	1833 
429 	672 	2242 	3812 	3395 	561 	2131 
430 	4489 	970 	2540 	9932 	3693 	859 
431 	7368 	1268 	2838 	12811 	3991 	1157 
432 	10251 	1566 	3136 	6879 	4289 	1455 
433 	13130 	1864 	3434 	9762 	183 	1753 
434 	592 	2162 	3732 	3315 	481 	2051 
435 	890 	2460 	4030 	3613 	779 	2349 
436 	6205 	1188 	2758 	11648 	3911 	1077 
437 	9088 	1486 	3056 	5716 	4209 	1375 
438 	11967 	1784 	3354 	8595 	103 	1673 
439 	512 	2082 	3652 	3235 	401 	1971 
440 	810 	2380 	3950 	3533 	699 	2269 
441 	5042 	1108 	2678 	10485 	3831 	997 
442 	7922 	1406 	2976 	4553 	4129 	1295 
443 	10804 	1704 	3274 	7432 	23 	1593 
444 	4872 	2002 	3572 	10315 	321 	1891 
445 	730 	2300 	3870 	3453 	619 	2189 
446 	1028 	2598 	4168 	3751 	917 	2487 
447 	6758 	1326 	2896 	12201 	4049 	1215 
448 	9641 	1624 	3194 	6269 	4347 	1513 
449 	12521 	1922 	3492 	9152 	241 	1811 
450 	650 	2220 	3790 	3373 	539 	2109 
451 	948 	2518 	4088 	3671 	837 	2407 
452 	5595 	1246 	2816 	11038 	3969 	1135 
453 	8475 	1544 	3114 	5106 	4267 	1433 
454 	11357 	1842 	3412 	7985 	161 	1731 
455 	5425 	2140 	3710 	10868 	459 	2029 
456 	868 	2438 	4008 	3591 	757 	2327 
457 	4432 	1166 	2736 	9875 	3889 	1055 
458 	7312 	1464 	3034 	12755 	4187 	1353 
459 	10194 	1762 	3332 	6822 	81 	1651 
460 	13074 	2060 	3630 	9705 	379 	1949 
461 	788 	2358 	3928 	3511 	677 	2247 
462 	1086 	2656 	4226 	3809 	975 	2545 
463 	6149 	1384 	2954 	11592 	4107 	1273 
464 	9031 	1682 	3252 	5659 	1 	1571 
465 	11911 	1980 	3550 	8539 	299 	1869 
466 	708 	2278 	3848 	3431 	597 	2167 
467 	1006 	2576 	4146 	3729 	895 	2465 
468 	4986 	1304 	2874 	10428 	4027 	1193 
469 	7865 	1602 	3172 	4496 	4325 	1491 
470 	10748 	1900 	3470 	7375 	219 	1789 
471 	4815 	2198 	3768 	10258 	517 	2087 
472 	926 	2496 	4066 	3649 	815 	2385 
473 	1224 	2794 	4364 	3947 	1113 	2683 
474 	6702 	1522 	3092 	12145 	4245 	1411 
475 	9585 	1820 	3390 	6212 	139 	1709 
476 	12464 	2118 	3688 	9095 	437 	2007 
477 	846 	2416 	3986 	3569 	735 	2305 
478 	1144 	2714 	4284 	3867 	1033 	2603 
479 	5539 	1442 	3012 	10982 	4165 	1331 
480 	8418 	1740 	3310 	5049 	59 	1629 
481 	11301 	2038 	3608 	7929 	357 	1927 
482 	5368 	2336 	3906 	10811 	655 	2225 
483 	1064 	2634 	4204 	3787 	953 	2523 
484 	1362 	2932 	98 	4085 	1251 	2821 
485 	7255 	1660 	3230 	12698 	4383 	1549 
486 	10138 	1958 	3528 	6766 	277 	1847 
487 	13017 	2256 	3826 	9648 	575 	2145 
488 	984 	2554 	4124 	3707 	873 	2443 
489 	1282 	2852 	18 	4005 	1171 	2741 
490 	6092 	1580 	3150 	11535 	4303 	1469 
491 	8975 	1878 	3448 	5603 	197 	1767 
492 	11854 	2176 	3746 	8482 	495 	2065 
493 	5922 	2474 	4044 	11365 	793 	2363 
494 	1202 	2772 	4342 	3925 	1091 	2661 
495 	4929 	1500 	3070 	10372 	4223 	1389 
496 	7808 	1798 	3368 	4439 	117 	1687 
497 	10691 	2096 	3666 	7319 	415 	1985 
498 	4759 	2394 	3964 	10202 	713 	2283 
499 	1122 	2692 	4262 	3845 	1011 	2581 
500 	1420 	2990 	156 	4143 	1309 	2879 
501 	6645 	1718 	3288 	12088 	37 	1607 
502 	9528 	2016 	3586 	6156 	335 	1905 
503 	12407 	2314 	3884 	9038 	633 	2203 
504 	6475 	2612 	4182 	11918 	931 	2501 
505 	1340 	2910 	76 	4063 	1229 	2799 
506 	5482 	1638 	3208 	10925 	4361 	1527 
507 	8361 	1936 	3506 	4993 	255 	1825 
508 	11244 	2234 	3804 	7872 	553 	2123 
509 	5312 	2532 	4102 	10755 	851 	2421 
510 	1260 	2830 	4400 	3983 	1149 	2719 
511 	1558 	3128 	294 	4281 	1447 	3017 
512 	7198 	1856 	3426 	12641 	175 	1745 
513 	10081 	2154 	3724 	6709 	473 	2043 
514 	12960 	2452 	4022 	9592 	771 	2341 
515 	1180 	2750 	4320 	3903 	1069 	2639 
516 	1478 	3048 	214 	4201 	1367 	2937 
517 	6035 	1776 	3346 	11478 	95 	1665 
518 	8918 	2074 	3644 	5546 	393 	1963 
519 	11797 	2372 	3942 	8425 	691 	2261 
520 	5865 	2670 	4240 	11308 	989 	2559 
521 	1398 	2968 	134 	4121 	1287 	2857 
522 	1696 	3266 	432 	15 	1585 	3155 
523 	7751 	1994 	3564 	13194 	313 	1883 
524 	10634 	2292 	3862 	7262 	611 	2181 
525 	4702 	2590 	4160 	10145 	909 	2479 
526 	1318 	2888 	54 	4041 	1207 	2777 
527 	1616 	3186 	352 	4339 	1505 	3075 
528 	6588 	1914 	3484 	12031 	233 	1803 
529 	9471 	2212 	3782 	6099 	531 	2101 
530 	12350 	2510 	4080 	8982 	829 	2399 
531 	6418 	2808 	4378 	11861 	1127 	2697 
532 	1536 	3106 	272 	4259 	1425 	2995 
533 	1834 	3404 	570 	153 	1723 	3293 
534 	8304 	2132 	3702 	4936 	451 	2021 
535 	11187 	2430 	4000 	7815 	749 	2319 
536 	5255 	2728 	4298 	10698 	1047 	2617 
537 	1456 	3026 	192 	4179 	1345 	2915 
538 	1754 	3324 	490 	73 	1643 	3213 
539 	7141 	2052 	3622 	12584 	371 	1941 
540 	10024 	2350 	3920 	6652 	669 	2239 
541 	12904 	2648 	4218 	9535 	967 	2537 
542 	6971 	2946 	112 	12414 	1265 	2835 
543 	1674 	3244 	410 	4397 	1563 	3133 
544 	5978 	1972 	3542 	11421 	291 	1861 
545 	8861 	2270 	3840 	5489 	589 	2159 
546 	11740 	2568 	4138 	8368 	887 	2457 
547 	5808 	2866 	32 	11251 	1185 	2755 
548 	1594 	3164 	330 	4317 	1483 	3053 
549 	1892 	3462 	628 	211 	1781 	3351 
550 	7695 	2190 	3760 	13138 	509 	2079 
551 	10577 	2488 	4058 	7205 	807 	2377 
552 	4645 	2786 	4356 	10088 	1105 	2675 
553 	1514 	3084 	250 	4237 	1403 	2973 
554 	1812 	3382 	548 	131 	1701 	3271 
555 	6532 	2110 	3680 	11974 	429 	1999 
556 	9414 	2408 	3978 	6042 	727 	2297 
557 	12294 	2706 	4276 	8925 	1025 	2595 
558 	6361 	3004 	170 	11804 	1323 	2893 
559 	1732 	3302 	468 	51 	1621 	3191 
560 	2030 	3600 	766 	349 	1919 	3489 
561 	8248 	2328 	3898 	4879 	647 	2217 
562 	11131 	2626 	4196 	7758 	945 	2515 
563 	5198 	2924 	90 	10641 	1243 	2813 
564 	1652 	3222 	388 	4375 	1541 	3111 
565 	1950 	3520 	686 	269 	1839 	3409 
566 	7085 	2248 	3818 	12528 	567 	2137 
567 	9968 	2546 	4116 	6595 	865 	2435 
568 	12847 	2844 	10 	9478 	1163 	2733 
569 	6914 	3142 	308 	12357 	1461 	3031 
570 	1870 	3440 	606 	189 	1759 	3329 
571 	2168 	3738 	904 	487 	2057 	3627 
572 	8801 	2466 	4036 	5432 	785 	2355 
573 	11684 	2764 	4334 	8312 	1083 	2653 
574 	5751 	3062 	228 	11194 	1381 	2951 
575 	1790 	3360 	526 	109 	1679 	3249 
576 	2088 	3658 	824 	407 	1977 	3547 
577 	7638 	2386 	3956 	13081 	705 	2275 
578 	10521 	2684 	4254 	7149 	1003 	2573 
579 	4588 	2982 	148 	10031 	1301 	2871 
580 	7468 	3280 	446 	12911 	1599 	3169 
581 	2008 	3578 	744 	327 	1897 	3467 
582 	2306 	3876 	1042 	625 	2195 	3765 
583 	9358 	2604 	4174 	5985 	923 	2493 
584 	12237 	2902 	68 	8868 	1221 	2791 
585 	6305 	3200 	366 	11748 	1519 	3089 
586 	1928 	3498 	664 	247 	1817 	3387 
587 	2226 	3796 	962 	545 	2115 	3685 
588 	8191 	2524 	4094 	4822 	843 	2413 
589 	11074 	2822 	4392 	7702 	1141 	2711 
590 	5142 	3120 	286 	10584 	1439 	3009 
591 	8021 	3418 	584 	4652 	1737 	3307 
592 	2146 	3716 	882 	465 	2035 	3605 
593 	7028 	2444 	4014 	12471 	763 	2333 
594 	9911 	2742 	4312 	6539 	1061 	2631 
595 	12790 	3040 	206 	9421 	1359 	2929 
596 	6858 	3338 	504 	12301 	1657 	3227 
597 	2066 	3636 	802 	385 	1955 	3525 
598 	2364 	3934 	1100 	683 	2253 	3823 
599 	8744 	2662 	4232 	5376 	981 	2551 
600 	11627 	2960 	126 	8255 	1279 	2849 
601 	5695 	3258 	424 	11138 	1577 	3147 
602 	1986 	3556 	722 	305 	1875 	3445 
603 	2284 	3854 	1020 	603 	2173 	3743 
604 	7581 	2582 	4152 	13024 	901 	2471 
605 	10464 	2880 	46 	7092 	1199 	2769 
606 	4532 	3178 	344 	9975 	1497 	3067 
607 	7411 	3476 	642 	12854 	1795 	3365 
608 	2204 	3774 	940 	523 	2093 	3663 
609 	2502 	4072 	1238 	821 	2391 	3961 
610 	9301 	2800 	4370 	5929 	1119 	2689 
611 	12180 	3098 	264 	8812 	1417 	2987 
612 	6248 	3396 	562 	11691 	1715 	3285 
613 	2124 	3694 	860 	443 	2013 	3583 
614 	2422 	3992 	1158 	741 	2311 	3881 
615 	8134 	2720 	4290 	4766 	1039 	2609 
616 	11017 	3018 	184 	7645 	1337 	2907 
617 	5085 	3316 	482 	10528 	1635 	3205 
618 	7964 	3614 	780 	4595 	1933 	3503 
619 	2342 	3912 	1078 	661 	2231 	3801 
620 	2640 	4210 	1376 	959 	2529 	4099 
621 	9854 	2938 	104 	6482 	1257 	2827 
622 	12733 	3236 	402 	9365 	1555 	3125 
623 	6801 	3534 	700 	12244 	1853 	3423 
624 	2262 	3832 	998 	581 	2151 	3721 
625 	2560 	4130 	1296 	879 	2449 	4019 
626 	8687 	2858 	24 	5319 	1177 	2747 
627 	11570 	3156 	322 	8198 	1475 	3045 
628 	5638 	3454 	620 	11081 	1773 	3343 
629 	8517 	3752 	918 	5149 	2071 	3641 
630 	2480 	4050 	1216 	799 	2369 	3939 
631 	7524 	2778 	4348 	12967 	1097 	2667 
632 	10407 	3076 	242 	7035 	1395 	2965 
633 	4475 	3374 	540 	9918 	1693 	3263 
634 	7354 	3672 	838 	12797 	1991 	3561 
635 	2400 	3970 	1136 	719 	2289 	3859 
636 	2698 	4268 	1434 	1017 	2587 	4157 
637 	9244 	2996 	162 	5872 	1315 	2885 
638 	12123 	3294 	460 	8751 	1613 	3183 
639 	6191 	3592 	758 	11634 	1911 	3481 
640 	2320 	3890 	1056 	639 	2209 	3779 
641 	2618 	4188 	1354 	937 	2507 	4077 
642 	8078 	2916 	82 	4709 	1235 	2805 
643 	10960 	3214 	380 	7588 	1533 	3103 
644 	5028 	3512 	678 	10471 	1831 	3401 
645 	7907 	3810 	976 	4539 	2129 	3699 
646 	2538 	4108 	1274 	857 	2427 	3997 
647 	2836 	2 	1572 	1155 	2725 	4295 
648 	9797 	3134 	300 	6425 	1453 	3023 
649 	12677 	3432 	598 	9308 	1751 	3321 
650 	6744 	3730 	896 	12187 	2049 	3619 
651 	2458 	4028 	1194 	777 	2347 	3917 
652 	2756 	4326 	1492 	1075 	2645 	4215 
653 	8631 	3054 	220 	5262 	1373 	2943 
654 	11514 	3352 	518 	8141 	1671 	3241 
655 	5581 	3650 	816 	11024 	1969 	3539 
656 	8461 	3948 	1114 	5092 	2267 	3837 
657 	2676 	4246 	1412 	995 	2565 	4135 
658 	2974 	140 	1710 	1293 	2863 	29 
659 	10350 	3272 	438 	6978 	1591 	3161 
660 	4418 	3570 	736 	9861 	1889 	3459 
661 	7297 	3868 	1034 	12740 	2187 	3757 
662 	2596 	4166 	1332 	915 	2485 	4055 
663 	2894 	60 	1630 	1213 	2783 	4353 
664 	9187 	3192 	358 	5815 	1511 	3081 
665 	12067 	3490 	656 	8695 	1809 	3379 
666 	6134 	3788 	954 	11577 	2107 	3677 
667 	9017 	4086 	1252 	5645 	2405 	3975 
668 	2814 	4384 	1550 	1133 	2703 	4273 
669 	3112 	278 	1848 	1431 	3001 	167 
670 	10904 	3410 	576 	7531 	1729 	3299 
671 	4971 	3708 	874 	10414 	2027 	3597 
672 	7851 	4006 	1172 	4482 	2325 	3895 
673 	2734 	4304 	1470 	1053 	2623 	4193 
674 	3032 	198 	1768 	1351 	2921 	87 
675 	9741 	3330 	496 	6368 	1649 	3219 
676 	12620 	3628 	794 	9251 	1947 	3517 
677 	6688 	3926 	1092 	12131 	2245 	3815 
678 	9570 	4224 	1390 	6198 	2543 	4113 
679 	2952 	118 	1688 	1271 	2841 	7 
680 	8574 	3250 	416 	5205 	1569 	3139 
681 	11457 	3548 	714 	8085 	1867 	3437 
682 	5525 	3846 	1012 	10967 	2165 	3735 
683 	8404 	4144 	1310 	5035 	2463 	4033 
684 	2872 	38 	1608 	1191 	2761 	4331 
685 	3170 	336 	1906 	1489 	3059 	225 
686 	10294 	3468 	634 	6922 	1787 	3357 
687 	13173 	3766 	932 	9804 	2085 	3655 
688 	7241 	4064 	1230 	12684 	2383 	3953 
689 	2792 	4362 	1528 	1111 	2681 	4251 
690 	3090 	256 	1826 	1409 	2979 	145 
691 	9131 	3388 	554 	5759 	1707 	3277 
692 	12010 	3686 	852 	8638 	2005 	3575 
693 	6078 	3984 	1150 	11521 	2303 	3873 
694 	8960 	4282 	1448 	5588 	2601 	4171 
695 	3010 	176 	1746 	1329 	2899 	65 
696 	3308 	474 	2044 	1627 	3197 	363 
697 	10847 	3606 	772 	7475 	1925 	3495 
698 	4915 	3904 	1070 	10358 	2223 	3793 
699 	7794 	4202 	1368 	4425 	2521 	4091 
700 	2930 	96 	1666 	1249 	2819 	4389 
701 	3228 	394 	1964 	1547 	3117 	283 
702 	9684 	3526 	692 	6312 	1845 	3415 
703 	12563 	3824 	990 	9195 	2143 	3713 
704 	6631 	4122 	1288 	12074 	2441 	4011 
705 	9514 	16 	1586 	6141 	2739 	4309 
706 	3148 	314 	1884 	1467 	3037 	203 
707 	3446 	612 	2182 	1765 	3335 	501 
708 	11400 	3744 	910 	8028 	2063 	3633 
709 	5468 	4042 	1208 	10911 	2361 	3931 
710 	8347 	4340 	1506 	4978 	2659 	4229 
711 	3068 	234 	1804 	1387 	2957 	123 
712 	3366 	532 	2102 	1685 	3255 	421 
713 	10237 	3664 	830 	6865 	1983 	3553 
714 	13116 	3962 	1128 	9748 	2281 	3851 
715 	7184 	4260 	1426 	12627 	2579 	4149 
716 	10067 	154 	1724 	6695 	2877 	43 
717 	3286 	452 	2022 	1605 	3175 	341 
718 	9074 	3584 	750 	5702 	1903 	3473 
719 	11953 	3882 	1048 	8581 	2201 	3771 
720 	6021 	4180 	1346 	11464 	2499 	4069 
721 	8904 	74 	1644 	5532 	2797 	4367 
722 	3206 	372 	1942 	1525 	3095 	261 
723 	3504 	670 	2240 	1823 	3393 	559 
724 	10790 	3802 	968 	7418 	2121 	3691 
725 	4858 	4100 	1266 	10301 	2419 	3989 
726 	7737 	4398 	1564 	13180 	2717 	4287 
727 	10620 	292 	1862 	7248 	3015 	181 
728 	3424 	590 	2160 	1743 	3313 	479 
729 	9627 	3722 	888 	6255 	2041 	3611 
730 	12506 	4020 	1186 	9138 	2339 	3909 
731 	6574 	4318 	1484 	12017 	2637 	4207 
732 	9457 	212 	1782 	6085 	2935 	101 
733 	3344 	510 	2080 	1663 	3233 	399 
734 	3642 	808 	2378 	1961 	3531 	697 
735 	11343 	3940 	1106 	7971 	2259 	3829 
736 	5411 	4238 	1404 	10854 	2557 	4127 
737 	8290 	132 	1702 	4922 	2855 	21 
738 	3264 	430 	2000 	1583 	3153 	319 
739 	3562 	728 	2298 	1881 	3451 	617 
740 	10180 	3860 	1026 	6808 	2179 	3749 
741 	13060 	4158 	1324 	9691 	2477 	4047 
742 	7127 	52 	1622 	12570 	2775 	4345 
743 	10010 	350 	1920 	6638 	3073 	239 
744 	3482 	648 	2218 	1801 	3371 	537 
745 	3780 	946 	2516 	2099 	3669 	835 
746 	11896 	4078 	1244 	8524 	2397 	3967 
747 	5964 	4376 	1542 	11407 	2695 	4265 
748 	8847 	270 	1840 	5475 	2993 	159 
749 	3402 	568 	2138 	1721 	3291 	457 
750 	3700 	866 	2436 	2019 	3589 	755 
751 	10733 	3998 	1164 	7361 	2317 	3887 
752 	4801 	4296 	1462 	10244 	2615 	4185 
753 	7680 	190 	1760 	13123 	2913 	79 
754 	10563 	488 	2058 	7191 	3211 	377 
755 	3620 	786 	2356 	1939 	3509 	675 
756 	3918 	1084 	2654 	2237 	3807 	973 
757 	12450 	4216 	1382 	9081 	2535 	4105 
758 	6517 	110 	1680 	11960 	2833 	4403 
759 	9400 	408 	1978 	6028 	3131 	297 
760 	3540 	706 	2276 	1859 	3429 	595 
761 	3838 	1004 	2574 	2157 	3727 	893 
762 	11287 	4136 	1302 	7914 	2455 	4025 
763 	5354 	30 	1600 	10797 	2753 	4323 
764 	8234 	328 	1898 	4865 	3051 	217 
765 	11116 	626 	2196 	7744 	3349 	515 
766 	3758 	924 	2494 	2077 	3647 	813 
767 	10124 	4056 	1222 	6751 	2375 	3945 
768 	13003 	4354 	1520 	9634 	2673 	4243 
769 	7071 	248 	1818 	12513 	2971 	137 
770 	9953 	546 	2116 	6581 	3269 	435 
771 	3678 	844 	2414 	1997 	3567 	733 
772 	3976 	1142 	2712 	2295 	3865 	1031 
773 	11840 	4274 	1440 	8468 	2593 	4163 
774 	5907 	168 	1738 	11350 	2891 	57 
775 	8787 	466 	2036 	5418 	3189 	355 
776 	3598 	764 	2334 	1917 	3487 	653 
777 	3896 	1062 	2632 	2215 	3785 	951 
778 	10677 	4194 	1360 	7305 	2513 	4083 
779 	4744 	88 	1658 	10187 	2811 	4381 
780 	7624 	386 	1956 	13067 	3109 	275 
781 	10506 	684 	2254 	7134 	3407 	573 
782 	3816 	982 	2552 	2135 	3705 	871 
783 	4114 	1280 	2850 	2433 	4003 	1169 
784 	12393 	8 	1578 	9024 	2731 	4301 
785 	6461 	306 	1876 	11904 	3029 	195 
786 	9343 	604 	2174 	5971 	3327 	493 
787 	3736 	902 	2472 	2055 	3625 	791 
788 	4034 	1200 	2770 	2353 	3923 	1089 
789 	11230 	4332 	1498 	7858 	2651 	4221 
790 	5298 	226 	1796 	10741 	2949 	115 
791 	8177 	524 	2094 	4808 	3247 	413 
792 	11060 	822 	2392 	7687 	3545 	711 
793 	3954 	1120 	2690 	2273 	3843 	1009 
794 	4252 	1418 	2988 	2571 	4141 	1307 
795 	12946 	146 	1716 	9577 	2869 	35 
796 	7014 	444 	2014 	12457 	3167 	333 
797 	9897 	742 	2312 	6524 	3465 	631 
798 	3874 	1040 	2610 	2193 	3763 	929 
799 	4172 	1338 	2908 	2491 	4061 	1227 
800 	11783 	66 	1636 	8411 	2789 	4359 
801 	5851 	364 	1934 	11294 	3087 	253 
802 	8730 	662 	2232 	5361 	3385 	551 
803 	11613 	960 	2530 	8241 	3683 	849 
804 	4092 	1258 	2828 	2411 	3981 	1147 
805 	4390 	1556 	3126 	2709 	4279 	1445 
806 	4688 	284 	1854 	10131 	3007 	173 
807 	7567 	582 	2152 	13010 	3305 	471 
808 	10450 	880 	2450 	7078 	3603 	769 
809 	4012 	1178 	2748 	2331 	3901 	1067 
810 	4310 	1476 	3046 	2629 	4199 	1365 
811 	12336 	204 	1774 	8968 	2927 	93 
812 	6404 	502 	2072 	11847 	3225 	391 
813 	9287 	800 	2370 	5915 	3523 	689 
814 	12166 	1098 	2668 	8794 	3821 	987 
815 	4230 	1396 	2966 	2549 	4119 	1285 
816 	11173 	124 	1694 	7801 	2847 	13 
817 	5241 	422 	1992 	10684 	3145 	311 
818 	8120 	720 	2290 	4751 	3443 	609 
819 	11003 	1018 	2588 	7631 	3741 	907 
820 	4150 	1316 	2886 	2469 	4039 	1205 
821 	44 	1614 	3184 	2767 	4337 	1503 
822 	12889 	342 	1912 	9521 	3065 	231 
823 	6957 	640 	2210 	12400 	3363 	529 
824 	9840 	938 	2508 	6468 	3661 	827 
825 	4070 	1236 	2806 	2389 	3959 	1125 
826 	4368 	1534 	3104 	2687 	4257 	1423 
827 	11726 	262 	1832 	8354 	2985 	151 
828 	5794 	560 	2130 	11237 	3283 	449 
829 	8673 	858 	2428 	5305 	3581 	747 
830 	11556 	1156 	2726 	8184 	3879 	1045 
831 	4288 	1454 	3024 	2607 	4177 	1343 
832 	182 	1752 	3322 	2905 	71 	1641 
833 	4631 	480 	2050 	10074 	3203 	369 
834 	7510 	778 	2348 	12953 	3501 	667 
835 	10393 	1076 	2646 	7021 	3799 	965 
836 	4208 	1374 	2944 	2527 	4097 	1263 
837 	102 	1672 	3242 	2825 	4395 	1561 
838 	12279 	400 	1970 	8911 	3123 	289 
839 	6347 	698 	2268 	11790 	3421 	587 
840 	9230 	996 	2566 	5858 	3719 	885 
841 	12109 	1294 	2864 	8737 	4017 	1183 
842 	22 	1592 	3162 	2745 	4315 	1481 
843 	320 	1890 	3460 	3043 	209 	1779 
844 	5184 	618 	2188 	10627 	3341 	507 
845 	8063 	916 	2486 	4695 	3639 	805 
846 	10946 	1214 	2784 	7574 	3937 	1103 
847 	4346 	1512 	3082 	2665 	4235 	1401 
848 	240 	1810 	3380 	2963 	129 	1699 
849 	12833 	538 	2108 	9464 	3261 	427 
850 	6900 	836 	2406 	12343 	3559 	725 
851 	9783 	1134 	2704 	6411 	3857 	1023 
852 	12662 	1432 	3002 	9294 	4155 	1321 
853 	160 	1730 	3300 	2883 	49 	1619 
854 	11670 	458 	2028 	8297 	3181 	347 
855 	5737 	756 	2326 	11180 	3479 	645 
856 	8617 	1054 	2624 	5248 	3777 	943 
857 	11499 	1352 	2922 	8127 	4075 	1241 
858 	80 	1650 	3220 	2803 	4373 	1539 
859 	378 	1948 	3518 	3101 	267 	1837 
860 	4574 	676 	2246 	10017 	3399 	565 
861 	7453 	974 	2544 	12896 	3697 	863 
862 	10336 	1272 	2842 	6964 	3995 	1161 
863 	4404 	1570 	3140 	9847 	4293 	1459 
864 	298 	1868 	3438 	3021 	187 	1757 
865 	12223 	596 	2166 	8854 	3319 	485 
866 	6290 	894 	2464 	11733 	3617 	783 
867 	9173 	1192 	2762 	5801 	3915 	1081 
868 	12052 	1490 	3060 	8680 	4213 	1379 
869 	218 	1788 	3358 	2941 	107 	1677 
870 	516 	2086 	3656 	3239 	405 	1975 
871 	5127 	814 	2384 	10570 	3537 	703 
872 	8007 	1112 	2682 	4638 	3835 	1001 
873 	10889 	1410 	2980 	7517 	4133 	1299 
874 	138 	1708 	3278 	2861 	27 	1597 
875 	436 	2006 	3576 	3159 	325 	1895 
876 	12776 	734 	2304 	9407 	3457 	623 
877 	6844 	1032 	2602 	12287 	3755 	921 
878 	9726 	1330 	2900 	6354 	4053 	1219 
879 	12606 	1628 	3198 	9237 	4351 	1517 
880 	356 	1926 	3496 	3079 	245 	1815 
881 	654 	2224 	3794 	3377 	543 	2113 
882 	5681 	952 	2522 	11123 	3675 	841 
883 	8560 	1250 	2820 	5191 	3973 	1139 
884 	11443 	1548 	3118 	8070 	4271 	1437 
885 	276 	1846 	3416 	2999 	165 	1735 
886 	574 	2144 	3714 	3297 	463 	2033 
887 	4517 	872 	2442 	9960 	3595 	761 
888 	7397 	1170 	2740 	12840 	3893 	1059 
889 	10280 	1468 	3038 	6907 	4191 	1357 
890 	13159 	1766 	3336 	9790 	85 	1655 
891 	494 	2064 	3634 	3217 	383 	1953 
892 	792 	2362 	3932 	3515 	681 	2251 
893 	6234 	1090 	2660 	11677 	3813 	979 
894 	9116 	1388 	2958 	5744 	4111 	1277 
895 	11996 	1686 	3256 	8624 	5 	1575 
896 	414 	1984 	3554 	3137 	303 	1873 
897 	712 	2282 	3852 	3435 	601 	2171 
898 	5071 	1010 	2580 	10514 	3733 	899 
899 	7950 	1308 	2878 	4581 	4031 	1197 
900 	10833 	1606 	3176 	7461 	4329 	1495 
901 	4900 	1904 	3474 	10343 	223 	1793 
902 	632 	2202 	3772 	3355 	521 	2091 
903 	12719 	930 	2500 	9351 	3653 	819 
904 	6787 	1228 	2798 	12230 	3951 	1117 
905 	9670 	1526 	3096 	6298 	4249 	1415 
906 	12549 	1824 	3394 	9180 	143 	1713 
907 	552 	2122 	3692 	3275 	441 	2011 
908 	850 	2420 	3990 	3573 	739 	2309 
909 	5624 	1148 	2718 	11067 	3871 	1037 
910 	8503 	1446 	3016 	5134 	4169 	1335 
911 	11386 	1744 	3314 	8014 	63 	1633 
912 	472 	2042 	3612 	3195 	361 	1931 
913 	770 	2340 	3910 	3493 	659 	2229 
914 	4461 	1068 	2638 	9904 	3791 	957 
915 	7340 	1366 	2936 	12783 	4089 	1255 
916 	10223 	1664 	3234 	6851 	4387 	1553 
917 	13102 	1962 	3532 	9733 	281 	1851 
918 	690 	2260 	3830 	3413 	579 	2149 
919 	988 	2558 	4128 	3711 	877 	2447 
920 	6177 	1286 	2856 	11620 	4009 	1175 
921 	9060 	1584 	3154 	5688 	4307 	1473 
922 	11939 	1882 	3452 	8567 	201 	1771 
923 	610 	2180 	3750 	3333 	499 	2069 
924 	908 	2478 	4048 	3631 	797 	2367 
925 	5014 	1206 	2776 	10457 	3929 	1095 
926 	7893 	1504 	3074 	4525 	4227 	1393 
927 	10776 	1802 	3372 	7404 	121 	1691 
928 	4844 	2100 	3670 	10287 	419 	1989 
929 	828 	2398 	3968 	3551 	717 	2287 
930 	1126 	2696 	4266 	3849 	1015 	2585 
931 	6730 	1424 	2994 	12173 	4147 	1313 
932 	9613 	1722 	3292 	6241 	41 	1611 
933 	12492 	2020 	3590 	9124 	339 	1909 
934 	748 	2318 	3888 	3471 	637 	2207 
935 	1046 	2616 	4186 	3769 	935 	2505 
936 	5567 	1344 	2914 	11010 	4067 	1233 
937 	8446 	1642 	3212 	5078 	4365 	1531 
938 	11329 	1940 	3510 	7957 	259 	1829 
939 	5397 	2238 	3808 	10840 	557 	2127 
940 	966 	2536 	4106 	3689 	855 	2425 
