FR80T5X64H4
Channel Interleaving, Puncturing and Mapping to 64-QAM
User data=4720, with flush=4724, Channel Symbols=1024, Channel Bits=6144, p=710, q=710, Coding Rate=0.768229

Symbol	b5 	b4 	b3 	b2 	b1 	b0 
0 	4504 	2252 	0 	2699 	447 	2919 
1 	5323 	4646 	2394 	11161 	2841 	589 
2 	5922 	64 	2536 	11760 	2983 	731 
3 	6520 	206 	2678 	12359 	3125 	873 
4 	7119 	348 	2820 	12958 	3267 	1015 
5 	7718 	490 	2962 	13557 	3409 	1157 
6 	8317 	632 	3104 	14155 	3551 	1299 
7 	8916 	774 	3246 	5303 	3693 	1441 
8 	9518 	916 	3388 	5902 	3835 	1583 
9 	10117 	1058 	3530 	6500 	3977 	1725 
10 	10715 	1200 	3672 	7099 	4119 	1867 
11 	11314 	1342 	3814 	7698 	4261 	2009 
12 	11913 	1484 	3956 	8297 	4403 	2151 
13 	3878 	1626 	4098 	2073 	4545 	2293 
14 	4020 	1768 	4240 	2215 	4687 	2435 
15 	4162 	1910 	4382 	2357 	105 	2577 
16 	4304 	2052 	4524 	2499 	247 	2719 
17 	4446 	2194 	4666 	2641 	389 	2861 
18 	4588 	2336 	84 	2783 	531 	3003 
19 	5296 	6 	2478 	11135 	2925 	673 
20 	5895 	148 	2620 	11733 	3067 	815 
21 	6494 	290 	2762 	12332 	3209 	957 
22 	7093 	432 	2904 	12931 	3351 	1099 
23 	7691 	574 	3046 	13530 	3493 	1241 
24 	8290 	716 	3188 	14129 	3635 	1383 
25 	8889 	858 	3330 	5276 	3777 	1525 
26 	9491 	1000 	3472 	5875 	3919 	1667 
27 	10090 	1142 	3614 	6474 	4061 	1809 
28 	10689 	1284 	3756 	7073 	4203 	1951 
29 	11288 	1426 	3898 	7672 	4345 	2093 
30 	11887 	1568 	4040 	8270 	4487 	2235 
31 	12485 	1710 	4182 	8869 	4629 	2377 
32 	4104 	1852 	4324 	2299 	47 	2519 
33 	4246 	1994 	4466 	2441 	189 	2661 
34 	4388 	2136 	4608 	2583 	331 	2803 
35 	4530 	2278 	26 	2725 	473 	2945 
36 	4672 	2420 	168 	2867 	615 	3087 
37 	90 	2562 	310 	3009 	757 	3229 
38 	5868 	232 	2704 	11707 	3151 	899 
39 	6467 	374 	2846 	12306 	3293 	1041 
40 	7066 	516 	2988 	12905 	3435 	1183 
41 	7665 	658 	3130 	13503 	3577 	1325 
42 	8264 	800 	3272 	14102 	3719 	1467 
43 	8862 	942 	3414 	5250 	3861 	1609 
44 	9465 	1084 	3556 	5848 	4003 	1751 
45 	10063 	1226 	3698 	6447 	4145 	1893 
46 	10662 	1368 	3840 	7046 	4287 	2035 
47 	11261 	1510 	3982 	7645 	4429 	2177 
48 	11860 	1652 	4124 	8244 	4571 	2319 
49 	12459 	1794 	4266 	8843 	4713 	2461 
50 	13058 	1936 	4408 	9441 	131 	2603 
51 	4330 	2078 	4550 	2525 	273 	2745 
52 	4472 	2220 	4692 	2667 	415 	2887 
53 	4614 	2362 	110 	2809 	557 	3029 
54 	32 	2504 	252 	2951 	699 	3171 
55 	174 	2646 	394 	3093 	841 	3313 
56 	5842 	316 	2788 	11680 	3235 	983 
57 	6441 	458 	2930 	12279 	3377 	1125 
58 	7039 	600 	3072 	12878 	3519 	1267 
59 	7638 	742 	3214 	13477 	3661 	1409 
60 	8237 	884 	3356 	14076 	3803 	1551 
61 	8836 	1026 	3498 	5223 	3945 	1693 
62 	9435 	1168 	3640 	5822 	4087 	1835 
63 	10037 	1310 	3782 	6421 	4229 	1977 
64 	10636 	1452 	3924 	7019 	4371 	2119 
65 	11234 	1594 	4066 	7618 	4513 	2261 
66 	11833 	1736 	4208 	8217 	4655 	2403 
67 	12432 	1878 	4350 	8816 	73 	2545 
68 	13031 	2020 	4492 	9415 	215 	2687 
69 	4414 	2162 	4634 	2609 	357 	2829 
70 	4556 	2304 	52 	2751 	499 	2971 
71 	4698 	2446 	194 	2893 	641 	3113 
72 	116 	2588 	336 	3035 	783 	3255 
73 	258 	2730 	478 	3177 	925 	3397 
74 	400 	2872 	620 	3319 	1067 	3539 
75 	6414 	542 	3014 	12252 	3461 	1209 
76 	7013 	684 	3156 	12851 	3603 	1351 
77 	7612 	826 	3298 	13450 	3745 	1493 
78 	8210 	968 	3440 	14049 	3887 	1635 
79 	8809 	1110 	3582 	5196 	4029 	1777 
80 	9408 	1252 	3724 	5795 	4171 	1919 
81 	10010 	1394 	3866 	6394 	4313 	2061 
82 	10609 	1536 	4008 	6993 	4455 	2203 
83 	11208 	1678 	4150 	7592 	4597 	2345 
84 	11807 	1820 	4292 	8190 	15 	2487 
85 	12405 	1962 	4434 	8789 	157 	2629 
86 	13004 	2104 	4576 	9388 	299 	2771 
87 	13603 	2246 	4718 	9990 	441 	2913 
88 	4640 	2388 	136 	2835 	583 	3055 
89 	58 	2530 	278 	2977 	725 	3197 
90 	200 	2672 	420 	3119 	867 	3339 
91 	342 	2814 	562 	3261 	1009 	3481 
92 	484 	2956 	704 	3403 	1151 	3623 
93 	626 	3098 	846 	3545 	1293 	3765 
94 	6986 	768 	3240 	12825 	3687 	1435 
95 	7585 	910 	3382 	13423 	3829 	1577 
96 	8184 	1052 	3524 	14022 	3971 	1719 
97 	8783 	1194 	3666 	5170 	4113 	1861 
98 	9381 	1336 	3808 	5769 	4255 	2003 
99 	9984 	1478 	3950 	6367 	4397 	2145 
100 	10582 	1620 	4092 	6966 	4539 	2287 
101 	11181 	1762 	4234 	7565 	4681 	2429 
102 	11780 	1904 	4376 	8164 	99 	2571 
103 	12379 	2046 	4518 	8763 	241 	2713 
104 	12978 	2188 	4660 	9362 	383 	2855 
105 	13577 	2330 	78 	9964 	525 	2997 
106 	4724 	2472 	220 	10562 	667 	3139 
107 	142 	2614 	362 	3061 	809 	3281 
108 	284 	2756 	504 	3203 	951 	3423 
109 	426 	2898 	646 	3345 	1093 	3565 
110 	568 	3040 	788 	3487 	1235 	3707 
111 	710 	3182 	930 	3629 	1377 	3849 
112 	6960 	852 	3324 	12798 	3771 	1519 
113 	7558 	994 	3466 	13397 	3913 	1661 
114 	8157 	1136 	3608 	13996 	4055 	1803 
115 	8756 	1278 	3750 	5143 	4197 	1945 
116 	9355 	1420 	3892 	5742 	4339 	2087 
117 	9957 	1562 	4034 	6341 	4481 	2229 
118 	10556 	1704 	4176 	6940 	4623 	2371 
119 	11155 	1846 	4318 	7538 	41 	2513 
120 	11753 	1988 	4460 	8137 	183 	2655 
121 	12352 	2130 	4602 	8736 	325 	2797 
122 	12951 	2272 	20 	9335 	467 	2939 
123 	13550 	2414 	162 	9937 	609 	3081 
124 	14149 	2556 	304 	10536 	751 	3223 
125 	226 	2698 	446 	3145 	893 	3365 
126 	368 	2840 	588 	3287 	1035 	3507 
127 	510 	2982 	730 	3429 	1177 	3649 
128 	652 	3124 	872 	3571 	1319 	3791 
129 	794 	3266 	1014 	3713 	1461 	3933 
130 	936 	3408 	1156 	3855 	1603 	4075 
131 	7532 	1078 	3550 	13370 	3997 	1745 
132 	8131 	1220 	3692 	13969 	4139 	1887 
133 	8729 	1362 	3834 	5117 	4281 	2029 
134 	9328 	1504 	3976 	5715 	4423 	2171 
135 	9930 	1646 	4118 	6314 	4565 	2313 
136 	10529 	1788 	4260 	6913 	4707 	2455 
137 	11128 	1930 	4402 	7512 	125 	2597 
138 	11727 	2072 	4544 	8111 	267 	2739 
139 	12326 	2214 	4686 	8709 	409 	2881 
140 	12924 	2356 	104 	9308 	551 	3023 
141 	13523 	2498 	246 	9910 	693 	3165 
142 	14122 	2640 	388 	10509 	835 	3307 
143 	5270 	2782 	530 	11108 	977 	3449 
144 	452 	2924 	672 	3371 	1119 	3591 
145 	594 	3066 	814 	3513 	1261 	3733 
146 	736 	3208 	956 	3655 	1403 	3875 
147 	878 	3350 	1098 	3797 	1545 	4017 
148 	1020 	3492 	1240 	3939 	1687 	4159 
149 	7505 	1162 	3634 	13344 	4081 	1829 
150 	8104 	1304 	3776 	13942 	4223 	1971 
151 	8703 	1446 	3918 	5090 	4365 	2113 
152 	9302 	1588 	4060 	5689 	4507 	2255 
153 	9904 	1730 	4202 	6288 	4649 	2397 
154 	10503 	1872 	4344 	6886 	67 	2539 
155 	11101 	2014 	4486 	7485 	209 	2681 
156 	11700 	2156 	4628 	8084 	351 	2823 
157 	12299 	2298 	46 	8683 	493 	2965 
158 	12898 	2440 	188 	9282 	635 	3107 
159 	13497 	2582 	330 	9884 	777 	3249 
160 	14095 	2724 	472 	10483 	919 	3391 
161 	5243 	2866 	614 	11081 	1061 	3533 
162 	536 	3008 	756 	3455 	1203 	3675 
163 	678 	3150 	898 	3597 	1345 	3817 
164 	820 	3292 	1040 	3739 	1487 	3959 
165 	962 	3434 	1182 	3881 	1629 	4101 
166 	1104 	3576 	1324 	4023 	1771 	4243 
167 	1246 	3718 	1466 	4165 	1913 	4385 
168 	8077 	1388 	3860 	13916 	4307 	2055 
169 	8676 	1530 	4002 	5063 	4449 	2197 
170 	9275 	1672 	4144 	5662 	4591 	2339 
171 	9877 	1814 	4286 	6261 	9 	2481 
172 	10476 	1956 	4428 	6860 	151 	2623 
173 	11075 	2098 	4570 	7459 	293 	2765 
174 	11674 	2240 	4712 	8057 	435 	2907 
175 	12272 	2382 	130 	8656 	577 	3049 
176 	12871 	2524 	272 	9255 	719 	3191 
177 	13470 	2666 	414 	9857 	861 	3333 
178 	14069 	2808 	556 	10456 	1003 	3475 
179 	5216 	2950 	698 	11055 	1145 	3617 
180 	5815 	3092 	840 	11654 	1287 	3759 
181 	762 	3234 	982 	3681 	1429 	3901 
182 	904 	3376 	1124 	3823 	1571 	4043 
183 	1046 	3518 	1266 	3965 	1713 	4185 
184 	1188 	3660 	1408 	4107 	1855 	4327 
185 	1330 	3802 	1550 	4249 	1997 	4469 
186 	1472 	3944 	1692 	4391 	2139 	4611 
187 	8650 	1614 	4086 	5037 	4533 	2281 
188 	9248 	1756 	4228 	5636 	4675 	2423 
189 	9851 	1898 	4370 	6234 	93 	2565 
190 	10449 	2040 	4512 	6833 	235 	2707 
191 	11048 	2182 	4654 	7432 	377 	2849 
192 	11647 	2324 	72 	8031 	519 	2991 
193 	12246 	2466 	214 	8630 	661 	3133 
194 	12845 	2608 	356 	9228 	803 	3275 
195 	13443 	2750 	498 	9831 	945 	3417 
196 	14042 	2892 	640 	10429 	1087 	3559 
197 	5190 	3034 	782 	11028 	1229 	3701 
198 	5789 	3176 	924 	11627 	1371 	3843 
199 	6387 	3318 	1066 	12226 	1513 	3985 
200 	988 	3460 	1208 	3907 	1655 	4127 
201 	1130 	3602 	1350 	4049 	1797 	4269 
202 	1272 	3744 	1492 	4191 	1939 	4411 
203 	1414 	3886 	1634 	4333 	2081 	4553 
204 	1556 	4028 	1776 	4475 	2223 	4695 
205 	8623 	1698 	4170 	5010 	4617 	2365 
206 	9222 	1840 	4312 	5609 	35 	2507 
207 	9824 	1982 	4454 	6208 	177 	2649 
208 	10423 	2124 	4596 	6807 	319 	2791 
209 	11022 	2266 	14 	7405 	461 	2933 
210 	11620 	2408 	156 	8004 	603 	3075 
211 	12219 	2550 	298 	8603 	745 	3217 
212 	12818 	2692 	440 	9202 	887 	3359 
213 	13417 	2834 	582 	9804 	1029 	3501 
214 	14016 	2976 	724 	10403 	1171 	3643 
215 	5163 	3118 	866 	11002 	1313 	3785 
216 	5762 	3260 	1008 	11600 	1455 	3927 
217 	6361 	3402 	1150 	12199 	1597 	4069 
218 	1072 	3544 	1292 	3991 	1739 	4211 
219 	1214 	3686 	1434 	4133 	1881 	4353 
220 	1356 	3828 	1576 	4275 	2023 	4495 
221 	1498 	3970 	1718 	4417 	2165 	4637 
222 	1640 	4112 	1860 	4559 	2307 	55 
223 	1782 	4254 	2002 	4701 	2449 	197 
224 	9195 	1924 	4396 	5582 	119 	2591 
225 	9797 	2066 	4538 	6181 	261 	2733 
226 	10396 	2208 	4680 	6780 	403 	2875 
227 	10995 	2350 	98 	7379 	545 	3017 
228 	11594 	2492 	240 	7978 	687 	3159 
229 	12193 	2634 	382 	8576 	829 	3301 
230 	12791 	2776 	524 	9175 	971 	3443 
231 	13390 	2918 	666 	9777 	1113 	3585 
232 	13989 	3060 	808 	10376 	1255 	3727 
233 	5137 	3202 	950 	10975 	1397 	3869 
234 	5735 	3344 	1092 	11574 	1539 	4011 
235 	6334 	3486 	1234 	12173 	1681 	4153 
236 	6933 	3628 	1376 	12771 	1823 	4295 
237 	1298 	3770 	1518 	4217 	1965 	4437 
238 	1440 	3912 	1660 	4359 	2107 	4579 
239 	1582 	4054 	1802 	4501 	2249 	4721 
240 	1724 	4196 	1944 	4643 	2391 	139 
241 	1866 	4338 	2086 	61 	2533 	281 
242 	2008 	4480 	2228 	203 	2675 	423 
243 	9771 	2150 	4622 	6155 	345 	2817 
244 	10370 	2292 	40 	6753 	487 	2959 
245 	10968 	2434 	182 	7352 	629 	3101 
246 	11567 	2576 	324 	7951 	771 	3243 
247 	12166 	2718 	466 	8550 	913 	3385 
248 	12765 	2860 	608 	9149 	1055 	3527 
249 	13364 	3002 	750 	9751 	1197 	3669 
250 	13962 	3144 	892 	10350 	1339 	3811 
251 	5110 	3286 	1034 	10948 	1481 	3953 
252 	5709 	3428 	1176 	11547 	1623 	4095 
253 	6308 	3570 	1318 	12146 	1765 	4237 
254 	6906 	3712 	1460 	12745 	1907 	4379 
255 	1382 	3854 	1602 	4301 	2049 	4521 
256 	1524 	3996 	1744 	4443 	2191 	4663 
257 	1666 	4138 	1886 	4585 	2333 	81 
258 	1808 	4280 	2028 	3 	2475 	223 
259 	1950 	4422 	2170 	145 	2617 	365 
260 	2092 	4564 	2312 	287 	2759 	507 
261 	9744 	2234 	4706 	6128 	429 	2901 
262 	10343 	2376 	124 	6727 	571 	3043 
263 	10942 	2518 	266 	7326 	713 	3185 
264 	11541 	2660 	408 	7924 	855 	3327 
265 	12139 	2802 	550 	8523 	997 	3469 
266 	12738 	2944 	692 	9122 	1139 	3611 
267 	13337 	3086 	834 	9724 	1281 	3753 
268 	13936 	3228 	976 	10323 	1423 	3895 
269 	5083 	3370 	1118 	10922 	1565 	4037 
270 	5682 	3512 	1260 	11521 	1707 	4179 
271 	6281 	3654 	1402 	12119 	1849 	4321 
272 	6880 	3796 	1544 	12718 	1991 	4463 
273 	7479 	3938 	1686 	13317 	2133 	4605 
274 	1608 	4080 	1828 	4527 	2275 	23 
275 	1750 	4222 	1970 	4669 	2417 	165 
276 	1892 	4364 	2112 	87 	2559 	307 
277 	2034 	4506 	2254 	229 	2701 	449 
278 	2176 	4648 	2396 	371 	2843 	591 
279 	2318 	66 	2538 	513 	2985 	733 
280 	10316 	2460 	208 	6700 	655 	3127 
281 	10915 	2602 	350 	7299 	797 	3269 
282 	11514 	2744 	492 	7898 	939 	3411 
283 	12113 	2886 	634 	8497 	1081 	3553 
284 	12712 	3028 	776 	9095 	1223 	3695 
285 	13310 	3170 	918 	9698 	1365 	3837 
286 	13909 	3312 	1060 	10296 	1507 	3979 
287 	5057 	3454 	1202 	10895 	1649 	4121 
288 	5655 	3596 	1344 	11494 	1791 	4263 
289 	6254 	3738 	1486 	12093 	1933 	4405 
290 	6853 	3880 	1628 	12692 	2075 	4547 
291 	7452 	4022 	1770 	13290 	2217 	4689 
292 	8051 	4164 	1912 	13889 	2359 	107 
293 	1834 	4306 	2054 	29 	2501 	249 
294 	1976 	4448 	2196 	171 	2643 	391 
295 	2118 	4590 	2338 	313 	2785 	533 
296 	2260 	8 	2480 	455 	2927 	675 
297 	2402 	150 	2622 	597 	3069 	817 
298 	10290 	2544 	292 	6673 	739 	3211 
299 	10888 	2686 	434 	7272 	881 	3353 
300 	11487 	2828 	576 	7871 	1023 	3495 
301 	12086 	2970 	718 	8470 	1165 	3637 
302 	12685 	3112 	860 	9069 	1307 	3779 
303 	13284 	3254 	1002 	9671 	1449 	3921 
304 	13883 	3396 	1144 	10270 	1591 	4063 
305 	5030 	3538 	1286 	10869 	1733 	4205 
306 	5629 	3680 	1428 	11467 	1875 	4347 
307 	6228 	3822 	1570 	12066 	2017 	4489 
308 	6827 	3964 	1712 	12665 	2159 	4631 
309 	7425 	4106 	1854 	13264 	2301 	49 
310 	8024 	4248 	1996 	13863 	2443 	191 
311 	1918 	4390 	2138 	113 	2585 	333 
312 	2060 	4532 	2280 	255 	2727 	475 
313 	2202 	4674 	2422 	397 	2869 	617 
314 	2344 	92 	2564 	539 	3011 	759 
315 	2486 	234 	2706 	681 	3153 	901 
316 	2628 	376 	2848 	823 	3295 	1043 
317 	10862 	2770 	518 	7246 	965 	3437 
318 	11461 	2912 	660 	7845 	1107 	3579 
319 	12060 	3054 	802 	8443 	1249 	3721 
320 	12658 	3196 	944 	9042 	1391 	3863 
321 	13257 	3338 	1086 	9644 	1533 	4005 
322 	13856 	3480 	1228 	10243 	1675 	4147 
323 	5003 	3622 	1370 	10842 	1817 	4289 
324 	5602 	3764 	1512 	11441 	1959 	4431 
325 	6201 	3906 	1654 	12040 	2101 	4573 
326 	6800 	4048 	1796 	12638 	2243 	4715 
327 	7399 	4190 	1938 	13237 	2385 	133 
328 	7998 	4332 	2080 	13836 	2527 	275 
329 	8596 	4474 	2222 	4983 	2669 	417 
330 	2144 	4616 	2364 	339 	2811 	559 
331 	2286 	34 	2506 	481 	2953 	701 
332 	2428 	176 	2648 	623 	3095 	843 
333 	2570 	318 	2790 	765 	3237 	985 
334 	2712 	460 	2932 	907 	3379 	1127 
335 	2854 	602 	3074 	1049 	3521 	1269 
336 	11434 	2996 	744 	7818 	1191 	3663 
337 	12033 	3138 	886 	8417 	1333 	3805 
338 	12632 	3280 	1028 	9016 	1475 	3947 
339 	13231 	3422 	1170 	9618 	1617 	4089 
340 	13829 	3564 	1312 	10216 	1759 	4231 
341 	4977 	3706 	1454 	10815 	1901 	4373 
342 	5576 	3848 	1596 	11414 	2043 	4515 
343 	6174 	3990 	1738 	12013 	2185 	4657 
344 	6773 	4132 	1880 	12612 	2327 	75 
345 	7372 	4274 	2022 	13211 	2469 	217 
346 	7971 	4416 	2164 	13809 	2611 	359 
347 	8570 	4558 	2306 	4957 	2753 	501 
348 	9169 	4700 	2448 	5556 	2895 	643 
349 	2370 	118 	2590 	565 	3037 	785 
350 	2512 	260 	2732 	707 	3179 	927 
351 	2654 	402 	2874 	849 	3321 	1069 
352 	2796 	544 	3016 	991 	3463 	1211 
353 	2938 	686 	3158 	1133 	3605 	1353 
354 	11407 	3080 	828 	7791 	1275 	3747 
355 	12006 	3222 	970 	8390 	1417 	3889 
356 	12605 	3364 	1112 	8989 	1559 	4031 
357 	13204 	3506 	1254 	9591 	1701 	4173 
358 	13803 	3648 	1396 	10190 	1843 	4315 
359 	4950 	3790 	1538 	10789 	1985 	4457 
360 	5549 	3932 	1680 	11388 	2127 	4599 
361 	6148 	4074 	1822 	11986 	2269 	17 
362 	6747 	4216 	1964 	12585 	2411 	159 
363 	7345 	4358 	2106 	13184 	2553 	301 
364 	7944 	4500 	2248 	13783 	2695 	443 
365 	8543 	4642 	2390 	4930 	2837 	585 
366 	9142 	60 	2532 	5529 	2979 	727 
367 	2454 	202 	2674 	649 	3121 	869 
368 	2596 	344 	2816 	791 	3263 	1011 
369 	2738 	486 	2958 	933 	3405 	1153 
370 	2880 	628 	3100 	1075 	3547 	1295 
371 	3022 	770 	3242 	1217 	3689 	1437 
372 	3164 	912 	3384 	1359 	3831 	1579 
373 	11980 	3306 	1054 	8363 	1501 	3973 
374 	12578 	3448 	1196 	8962 	1643 	4115 
375 	13177 	3590 	1338 	9564 	1785 	4257 
376 	13776 	3732 	1480 	10163 	1927 	4399 
377 	4924 	3874 	1622 	10762 	2069 	4541 
378 	5522 	4016 	1764 	11361 	2211 	4683 
379 	6121 	4158 	1906 	11960 	2353 	101 
380 	6720 	4300 	2048 	12559 	2495 	243 
381 	7319 	4442 	2190 	13157 	2637 	385 
382 	7918 	4584 	2332 	13756 	2779 	527 
383 	8517 	2 	2474 	4904 	2921 	669 
384 	9115 	144 	2616 	5502 	3063 	811 
385 	9717 	286 	2758 	6101 	3205 	953 
386 	2680 	428 	2900 	875 	3347 	1095 
387 	2822 	570 	3042 	1017 	3489 	1237 
388 	2964 	712 	3184 	1159 	3631 	1379 
389 	3106 	854 	3326 	1301 	3773 	1521 
390 	3248 	996 	3468 	1443 	3915 	1663 
391 	11953 	3390 	1138 	8337 	1585 	4057 
392 	12552 	3532 	1280 	8936 	1727 	4199 
393 	13151 	3674 	1422 	9538 	1869 	4341 
394 	13750 	3816 	1564 	10137 	2011 	4483 
395 	4897 	3958 	1706 	10735 	2153 	4625 
396 	5496 	4100 	1848 	11334 	2295 	43 
397 	6095 	4242 	1990 	11933 	2437 	185 
398 	6693 	4384 	2132 	12532 	2579 	327 
399 	7292 	4526 	2274 	13131 	2721 	469 
400 	7891 	4668 	2416 	13730 	2863 	611 
401 	8490 	86 	2558 	4877 	3005 	753 
402 	9089 	228 	2700 	5476 	3147 	895 
403 	9691 	370 	2842 	6075 	3289 	1037 
404 	2764 	512 	2984 	959 	3431 	1179 
405 	2906 	654 	3126 	1101 	3573 	1321 
406 	3048 	796 	3268 	1243 	3715 	1463 
407 	3190 	938 	3410 	1385 	3857 	1605 
408 	3332 	1080 	3552 	1527 	3999 	1747 
409 	3474 	1222 	3694 	1669 	4141 	1889 
410 	12525 	3616 	1364 	8909 	1811 	4283 
411 	13124 	3758 	1506 	9511 	1953 	4425 
412 	13723 	3900 	1648 	10110 	2095 	4567 
413 	4870 	4042 	1790 	10709 	2237 	4709 
414 	5469 	4184 	1932 	11308 	2379 	127 
415 	6068 	4326 	2074 	11906 	2521 	269 
416 	6667 	4468 	2216 	12505 	2663 	411 
417 	7266 	4610 	2358 	13104 	2805 	553 
418 	7864 	28 	2500 	13703 	2947 	695 
419 	8463 	170 	2642 	4850 	3089 	837 
420 	9062 	312 	2784 	5449 	3231 	979 
421 	9664 	454 	2926 	6048 	3373 	1121 
422 	10263 	596 	3068 	6647 	3515 	1263 
423 	2990 	738 	3210 	1185 	3657 	1405 
424 	3132 	880 	3352 	1327 	3799 	1547 
425 	3274 	1022 	3494 	1469 	3941 	1689 
426 	3416 	1164 	3636 	1611 	4083 	1831 
427 	3558 	1306 	3778 	1753 	4225 	1973 
428 	3700 	1448 	3920 	1895 	4367 	2115 
429 	13097 	3842 	1590 	9485 	2037 	4509 
430 	13696 	3984 	1732 	10083 	2179 	4651 
431 	4844 	4126 	1874 	10682 	2321 	69 
432 	5443 	4268 	2016 	11281 	2463 	211 
433 	6041 	4410 	2158 	11880 	2605 	353 
434 	6640 	4552 	2300 	12479 	2747 	495 
435 	7239 	4694 	2442 	13077 	2889 	637 
436 	7838 	112 	2584 	13676 	3031 	779 
437 	8437 	254 	2726 	4824 	3173 	921 
438 	9035 	396 	2868 	5423 	3315 	1063 
439 	9638 	538 	3010 	6021 	3457 	1205 
440 	10236 	680 	3152 	6620 	3599 	1347 
441 	10835 	822 	3294 	7219 	3741 	1489 
442 	3216 	964 	3436 	1411 	3883 	1631 
443 	3358 	1106 	3578 	1553 	4025 	1773 
444 	3500 	1248 	3720 	1695 	4167 	1915 
445 	3642 	1390 	3862 	1837 	4309 	2057 
446 	3784 	1532 	4004 	1979 	4451 	2199 
447 	13071 	3926 	1674 	9458 	2121 	4593 
448 	13670 	4068 	1816 	10057 	2263 	11 
449 	4817 	4210 	1958 	10656 	2405 	153 
450 	5416 	4352 	2100 	11254 	2547 	295 
451 	6015 	4494 	2242 	11853 	2689 	437 
452 	6614 	4636 	2384 	12452 	2831 	579 
453 	7212 	54 	2526 	13051 	2973 	721 
454 	7811 	196 	2668 	13650 	3115 	863 
455 	8410 	338 	2810 	4797 	3257 	1005 
456 	9009 	480 	2952 	5396 	3399 	1147 
457 	9611 	622 	3094 	5995 	3541 	1289 
458 	10210 	764 	3236 	6594 	3683 	1431 
459 	10809 	906 	3378 	7192 	3825 	1573 
460 	3300 	1048 	3520 	1495 	3967 	1715 
461 	3442 	1190 	3662 	1637 	4109 	1857 
462 	3584 	1332 	3804 	1779 	4251 	1999 
463 	3726 	1474 	3946 	1921 	4393 	2141 
464 	3868 	1616 	4088 	2063 	4535 	2283 
465 	4010 	1758 	4230 	2205 	4677 	2425 
466 	13643 	4152 	1900 	10030 	2347 	95 
467 	4791 	4294 	2042 	10629 	2489 	237 
468 	5389 	4436 	2184 	11228 	2631 	379 
469 	5988 	4578 	2326 	11827 	2773 	521 
470 	6587 	4720 	2468 	12425 	2915 	663 
471 	7186 	138 	2610 	13024 	3057 	805 
472 	7785 	280 	2752 	13623 	3199 	947 
473 	8383 	422 	2894 	4771 	3341 	1089 
474 	8982 	564 	3036 	5369 	3483 	1231 
475 	9584 	706 	3178 	5968 	3625 	1373 
476 	10183 	848 	3320 	6567 	3767 	1515 
477 	10782 	990 	3462 	7166 	3909 	1657 
478 	11381 	1132 	3604 	7765 	4051 	1799 
479 	3526 	1274 	3746 	1721 	4193 	1941 
480 	3668 	1416 	3888 	1863 	4335 	2083 
481 	3810 	1558 	4030 	2005 	4477 	2225 
482 	3952 	1700 	4172 	2147 	4619 	2367 
483 	4094 	1842 	4314 	2289 	37 	2509 
484 	4236 	1984 	4456 	2431 	179 	2651 
485 	4764 	4378 	2126 	10602 	2573 	321 
486 	5363 	4520 	2268 	11201 	2715 	463 
487 	5962 	4662 	2410 	11800 	2857 	605 
488 	6560 	80 	2552 	12399 	2999 	747 
489 	7159 	222 	2694 	12998 	3141 	889 
490 	7758 	364 	2836 	13596 	3283 	1031 
491 	8357 	506 	2978 	4744 	3425 	1173 
492 	8956 	648 	3120 	5343 	3567 	1315 
493 	9558 	790 	3262 	5942 	3709 	1457 
494 	10157 	932 	3404 	6540 	3851 	1599 
495 	10755 	1074 	3546 	7139 	3993 	1741 
496 	11354 	1216 	3688 	7738 	4135 	1883 
497 	3610 	1358 	3830 	1805 	4277 	2025 
498 	3752 	1500 	3972 	1947 	4419 	2167 
499 	3894 	1642 	4114 	2089 	4561 	2309 
500 	4036 	1784 	4256 	2231 	4703 	2451 
501 	4178 	1926 	4398 	2373 	121 	2593 
502 	4320 	2068 	4540 	2515 	263 	2735 
503 	4737 	4462 	2210 	10576 	2657 	405 
504 	5336 	4604 	2352 	11175 	2799 	547 
505 	5935 	22 	2494 	11773 	2941 	689 
506 	6534 	164 	2636 	12372 	3083 	831 
507 	7133 	306 	2778 	12971 	3225 	973 
508 	7731 	448 	2920 	13570 	3367 	1115 
509 	8330 	590 	3062 	14169 	3509 	1257 
510 	8929 	732 	3204 	5316 	3651 	1399 
511 	9531 	874 	3346 	5915 	3793 	1541 
512 	10130 	1016 	3488 	6514 	3935 	1683 
513 	10729 	1158 	3630 	7113 	4077 	1825 
514 	11328 	1300 	3772 	7711 	4219 	1967 
515 	11926 	1442 	3914 	8310 	4361 	2109 
516 	3836 	1584 	4056 	2031 	4503 	2251 
517 	3978 	1726 	4198 	2173 	4645 	2393 
518 	4120 	1868 	4340 	2315 	63 	2535 
519 	4262 	2010 	4482 	2457 	205 	2677 
520 	4404 	2152 	4624 	2599 	347 	2819 
521 	4546 	2294 	42 	2741 	489 	2961 
522 	5310 	4688 	2436 	11148 	2883 	631 
523 	5908 	106 	2578 	11747 	3025 	773 
524 	6507 	248 	2720 	12346 	3167 	915 
525 	7106 	390 	2862 	12944 	3309 	1057 
526 	7705 	532 	3004 	13543 	3451 	1199 
527 	8304 	674 	3146 	14142 	3593 	1341 
528 	8902 	816 	3288 	5290 	3735 	1483 
529 	9505 	958 	3430 	5888 	3877 	1625 
530 	10103 	1100 	3572 	6487 	4019 	1767 
531 	10702 	1242 	3714 	7086 	4161 	1909 
532 	11301 	1384 	3856 	7685 	4303 	2051 
533 	11900 	1526 	3998 	8284 	4445 	2193 
534 	12499 	1668 	4140 	8882 	4587 	2335 
535 	4062 	1810 	4282 	2257 	5 	2477 
536 	4204 	1952 	4424 	2399 	147 	2619 
537 	4346 	2094 	4566 	2541 	289 	2761 
538 	4488 	2236 	4708 	2683 	431 	2903 
539 	4630 	2378 	126 	2825 	573 	3045 
540 	5283 	48 	2520 	11121 	2967 	715 
541 	5882 	190 	2662 	11720 	3109 	857 
542 	6481 	332 	2804 	12319 	3251 	999 
543 	7079 	474 	2946 	12918 	3393 	1141 
544 	7678 	616 	3088 	13517 	3535 	1283 
545 	8277 	758 	3230 	14115 	3677 	1425 
546 	8876 	900 	3372 	5263 	3819 	1567 
547 	9478 	1042 	3514 	5862 	3961 	1709 
548 	10077 	1184 	3656 	6461 	4103 	1851 
549 	10676 	1326 	3798 	7059 	4245 	1993 
550 	11274 	1468 	3940 	7658 	4387 	2135 
551 	11873 	1610 	4082 	8257 	4529 	2277 
552 	12472 	1752 	4224 	8856 	4671 	2419 
553 	4146 	1894 	4366 	2341 	89 	2561 
554 	4288 	2036 	4508 	2483 	231 	2703 
555 	4430 	2178 	4650 	2625 	373 	2845 
556 	4572 	2320 	68 	2767 	515 	2987 
557 	4714 	2462 	210 	2909 	657 	3129 
558 	132 	2604 	352 	3051 	799 	3271 
559 	5855 	274 	2746 	11694 	3193 	941 
560 	6454 	416 	2888 	12292 	3335 	1083 
561 	7053 	558 	3030 	12891 	3477 	1225 
562 	7652 	700 	3172 	13490 	3619 	1367 
563 	8250 	842 	3314 	14089 	3761 	1509 
564 	8849 	984 	3456 	5236 	3903 	1651 
565 	9451 	1126 	3598 	5835 	4045 	1793 
566 	10050 	1268 	3740 	6434 	4187 	1935 
567 	10649 	1410 	3882 	7033 	4329 	2077 
568 	11248 	1552 	4024 	7632 	4471 	2219 
569 	11847 	1694 	4166 	8230 	4613 	2361 
570 	12445 	1836 	4308 	8829 	31 	2503 
571 	13044 	1978 	4450 	9428 	173 	2645 
572 	4372 	2120 	4592 	2567 	315 	2787 
573 	4514 	2262 	10 	2709 	457 	2929 
574 	4656 	2404 	152 	2851 	599 	3071 
575 	74 	2546 	294 	2993 	741 	3213 
576 	216 	2688 	436 	3135 	883 	3355 
577 	358 	2830 	578 	3277 	1025 	3497 
578 	6427 	500 	2972 	12266 	3419 	1167 
579 	7026 	642 	3114 	12865 	3561 	1309 
580 	7625 	784 	3256 	13463 	3703 	1451 
581 	8224 	926 	3398 	14062 	3845 	1593 
582 	8823 	1068 	3540 	5210 	3987 	1735 
583 	9421 	1210 	3682 	5809 	4129 	1877 
584 	10024 	1352 	3824 	6407 	4271 	2019 
585 	10622 	1494 	3966 	7006 	4413 	2161 
586 	11221 	1636 	4108 	7605 	4555 	2303 
587 	11820 	1778 	4250 	8204 	4697 	2445 
588 	12419 	1920 	4392 	8803 	115 	2587 
589 	13018 	2062 	4534 	9401 	257 	2729 
590 	13616 	2204 	4676 	10004 	399 	2871 
591 	4598 	2346 	94 	2793 	541 	3013 
592 	16 	2488 	236 	2935 	683 	3155 
593 	158 	2630 	378 	3077 	825 	3297 
594 	300 	2772 	520 	3219 	967 	3439 
595 	442 	2914 	662 	3361 	1109 	3581 
596 	6401 	584 	3056 	12239 	3503 	1251 
597 	7000 	726 	3198 	12838 	3645 	1393 
598 	7598 	868 	3340 	13437 	3787 	1535 
599 	8197 	1010 	3482 	14036 	3929 	1677 
600 	8796 	1152 	3624 	5183 	4071 	1819 
601 	9395 	1294 	3766 	5782 	4213 	1961 
602 	9997 	1436 	3908 	6381 	4355 	2103 
603 	10596 	1578 	4050 	6980 	4497 	2245 
604 	11195 	1720 	4192 	7578 	4639 	2387 
605 	11793 	1862 	4334 	8177 	57 	2529 
606 	12392 	2004 	4476 	8776 	199 	2671 
607 	12991 	2146 	4618 	9375 	341 	2813 
608 	13590 	2288 	36 	9977 	483 	2955 
609 	4682 	2430 	178 	2877 	625 	3097 
610 	100 	2572 	320 	3019 	767 	3239 
611 	242 	2714 	462 	3161 	909 	3381 
612 	384 	2856 	604 	3303 	1051 	3523 
613 	526 	2998 	746 	3445 	1193 	3665 
614 	668 	3140 	888 	3587 	1335 	3807 
615 	6973 	810 	3282 	12811 	3729 	1477 
616 	7572 	952 	3424 	13410 	3871 	1619 
617 	8171 	1094 	3566 	14009 	4013 	1761 
618 	8769 	1236 	3708 	5156 	4155 	1903 
619 	9368 	1378 	3850 	5755 	4297 	2045 
620 	9970 	1520 	3992 	6354 	4439 	2187 
621 	10569 	1662 	4134 	6953 	4581 	2329 
622 	11168 	1804 	4276 	7552 	4723 	2471 
623 	11767 	1946 	4418 	8151 	141 	2613 
624 	12366 	2088 	4560 	8749 	283 	2755 
625 	12964 	2230 	4702 	9348 	425 	2897 
626 	13563 	2372 	120 	9950 	567 	3039 
627 	14162 	2514 	262 	10549 	709 	3181 
628 	184 	2656 	404 	3103 	851 	3323 
629 	326 	2798 	546 	3245 	993 	3465 
630 	468 	2940 	688 	3387 	1135 	3607 
631 	610 	3082 	830 	3529 	1277 	3749 
632 	752 	3224 	972 	3671 	1419 	3891 
633 	894 	3366 	1114 	3813 	1561 	4033 
634 	7545 	1036 	3508 	13384 	3955 	1703 
635 	8144 	1178 	3650 	13982 	4097 	1845 
636 	8743 	1320 	3792 	5130 	4239 	1987 
637 	9342 	1462 	3934 	5729 	4381 	2129 
638 	9944 	1604 	4076 	6327 	4523 	2271 
639 	10543 	1746 	4218 	6926 	4665 	2413 
640 	11141 	1888 	4360 	7525 	83 	2555 
641 	11740 	2030 	4502 	8124 	225 	2697 
642 	12339 	2172 	4644 	8723 	367 	2839 
643 	12938 	2314 	62 	9322 	509 	2981 
644 	13537 	2456 	204 	9924 	651 	3123 
645 	14135 	2598 	346 	10523 	793 	3265 
646 	268 	2740 	488 	3187 	935 	3407 
647 	410 	2882 	630 	3329 	1077 	3549 
648 	552 	3024 	772 	3471 	1219 	3691 
649 	694 	3166 	914 	3613 	1361 	3833 
650 	836 	3308 	1056 	3755 	1503 	3975 
651 	978 	3450 	1198 	3897 	1645 	4117 
652 	7518 	1120 	3592 	13357 	4039 	1787 
653 	8117 	1262 	3734 	13956 	4181 	1929 
654 	8716 	1404 	3876 	5103 	4323 	2071 
655 	9315 	1546 	4018 	5702 	4465 	2213 
656 	9917 	1688 	4160 	6301 	4607 	2355 
657 	10516 	1830 	4302 	6900 	25 	2497 
658 	11115 	1972 	4444 	7499 	167 	2639 
659 	11714 	2114 	4586 	8097 	309 	2781 
660 	12312 	2256 	4 	8696 	451 	2923 
661 	12911 	2398 	146 	9295 	593 	3065 
662 	13510 	2540 	288 	9897 	735 	3207 
663 	14109 	2682 	430 	10496 	877 	3349 
664 	5256 	2824 	572 	11095 	1019 	3491 
665 	494 	2966 	714 	3413 	1161 	3633 
666 	636 	3108 	856 	3555 	1303 	3775 
667 	778 	3250 	998 	3697 	1445 	3917 
668 	920 	3392 	1140 	3839 	1587 	4059 
669 	1062 	3534 	1282 	3981 	1729 	4201 
670 	1204 	3676 	1424 	4123 	1871 	4343 
671 	8091 	1346 	3818 	13929 	4265 	2013 
672 	8689 	1488 	3960 	5077 	4407 	2155 
673 	9288 	1630 	4102 	5675 	4549 	2297 
674 	9890 	1772 	4244 	6274 	4691 	2439 
675 	10489 	1914 	4386 	6873 	109 	2581 
676 	11088 	2056 	4528 	7472 	251 	2723 
677 	11687 	2198 	4670 	8071 	393 	2865 
678 	12286 	2340 	88 	8670 	535 	3007 
679 	12885 	2482 	230 	9268 	677 	3149 
680 	13483 	2624 	372 	9870 	819 	3291 
681 	14082 	2766 	514 	10469 	961 	3433 
682 	5230 	2908 	656 	11068 	1103 	3575 
683 	5828 	3050 	798 	11667 	1245 	3717 
684 	720 	3192 	940 	3639 	1387 	3859 
685 	862 	3334 	1082 	3781 	1529 	4001 
686 	1004 	3476 	1224 	3923 	1671 	4143 
687 	1146 	3618 	1366 	4065 	1813 	4285 
688 	1288 	3760 	1508 	4207 	1955 	4427 
689 	8064 	1430 	3902 	13903 	4349 	2097 
690 	8663 	1572 	4044 	5050 	4491 	2239 
691 	9262 	1714 	4186 	5649 	4633 	2381 
692 	9864 	1856 	4328 	6248 	51 	2523 
693 	10463 	1998 	4470 	6846 	193 	2665 
694 	11061 	2140 	4612 	7445 	335 	2807 
695 	11660 	2282 	30 	8044 	477 	2949 
696 	12259 	2424 	172 	8643 	619 	3091 
697 	12858 	2566 	314 	9242 	761 	3233 
698 	13457 	2708 	456 	9844 	903 	3375 
699 	14056 	2850 	598 	10443 	1045 	3517 
700 	5203 	2992 	740 	11042 	1187 	3659 
701 	5802 	3134 	882 	11640 	1329 	3801 
702 	804 	3276 	1024 	3723 	1471 	3943 
703 	946 	3418 	1166 	3865 	1613 	4085 
704 	1088 	3560 	1308 	4007 	1755 	4227 
705 	1230 	3702 	1450 	4149 	1897 	4369 
706 	1372 	3844 	1592 	4291 	2039 	4511 
707 	1514 	3986 	1734 	4433 	2181 	4653 
708 	8636 	1656 	4128 	5023 	4575 	2323 
709 	9235 	1798 	4270 	5622 	4717 	2465 
710 	9837 	1940 	4412 	6221 	135 	2607 
711 	10436 	2082 	4554 	6820 	277 	2749 
712 	11035 	2224 	4696 	7419 	419 	2891 
713 	11634 	2366 	114 	8017 	561 	3033 
714 	12232 	2508 	256 	8616 	703 	3175 
715 	12831 	2650 	398 	9215 	845 	3317 
716 	13430 	2792 	540 	9817 	987 	3459 
717 	14029 	2934 	682 	10416 	1129 	3601 
718 	5176 	3076 	824 	11015 	1271 	3743 
719 	5775 	3218 	966 	11614 	1413 	3885 
720 	6374 	3360 	1108 	12213 	1555 	4027 
721 	1030 	3502 	1250 	3949 	1697 	4169 
722 	1172 	3644 	1392 	4091 	1839 	4311 
723 	1314 	3786 	1534 	4233 	1981 	4453 
724 	1456 	3928 	1676 	4375 	2123 	4595 
725 	1598 	4070 	1818 	4517 	2265 	13 
726 	1740 	4212 	1960 	4659 	2407 	155 
727 	9208 	1882 	4354 	5596 	77 	2549 
728 	9811 	2024 	4496 	6194 	219 	2691 
729 	10409 	2166 	4638 	6793 	361 	2833 
730 	11008 	2308 	56 	7392 	503 	2975 
731 	11607 	2450 	198 	7991 	645 	3117 
732 	12206 	2592 	340 	8590 	787 	3259 
733 	12805 	2734 	482 	9189 	929 	3401 
734 	13404 	2876 	624 	9791 	1071 	3543 
735 	14002 	3018 	766 	10389 	1213 	3685 
736 	5150 	3160 	908 	10988 	1355 	3827 
737 	5749 	3302 	1050 	11587 	1497 	3969 
738 	6347 	3444 	1192 	12186 	1639 	4111 
739 	6946 	3586 	1334 	12785 	1781 	4253 
740 	1256 	3728 	1476 	4175 	1923 	4395 
741 	1398 	3870 	1618 	4317 	2065 	4537 
742 	1540 	4012 	1760 	4459 	2207 	4679 
743 	1682 	4154 	1902 	4601 	2349 	97 
744 	1824 	4296 	2044 	19 	2491 	239 
745 	9182 	1966 	4438 	5569 	161 	2633 
746 	9784 	2108 	4580 	6168 	303 	2775 
747 	10383 	2250 	4722 	6767 	445 	2917 
748 	10982 	2392 	140 	7365 	587 	3059 
749 	11580 	2534 	282 	7964 	729 	3201 
750 	12179 	2676 	424 	8563 	871 	3343 
751 	12778 	2818 	566 	9162 	1013 	3485 
752 	13377 	2960 	708 	9764 	1155 	3627 
753 	13976 	3102 	850 	10363 	1297 	3769 
754 	5123 	3244 	992 	10962 	1439 	3911 
755 	5722 	3386 	1134 	11560 	1581 	4053 
756 	6321 	3528 	1276 	12159 	1723 	4195 
757 	6920 	3670 	1418 	12758 	1865 	4337 
758 	1340 	3812 	1560 	4259 	2007 	4479 
759 	1482 	3954 	1702 	4401 	2149 	4621 
760 	1624 	4096 	1844 	4543 	2291 	39 
761 	1766 	4238 	1986 	4685 	2433 	181 
762 	1908 	4380 	2128 	103 	2575 	323 
763 	2050 	4522 	2270 	245 	2717 	465 
764 	9757 	2192 	4664 	6141 	387 	2859 
765 	10356 	2334 	82 	6740 	529 	3001 
766 	10955 	2476 	224 	7339 	671 	3143 
767 	11554 	2618 	366 	7938 	813 	3285 
768 	12153 	2760 	508 	8536 	955 	3427 
769 	12751 	2902 	650 	9135 	1097 	3569 
770 	13350 	3044 	792 	9737 	1239 	3711 
771 	13949 	3186 	934 	10336 	1381 	3853 
772 	5097 	3328 	1076 	10935 	1523 	3995 
773 	5695 	3470 	1218 	11534 	1665 	4137 
774 	6294 	3612 	1360 	12133 	1807 	4279 
775 	6893 	3754 	1502 	12732 	1949 	4421 
776 	7492 	3896 	1644 	13330 	2091 	4563 
777 	1566 	4038 	1786 	4485 	2233 	4705 
778 	1708 	4180 	1928 	4627 	2375 	123 
779 	1850 	4322 	2070 	45 	2517 	265 
780 	1992 	4464 	2212 	187 	2659 	407 
781 	2134 	4606 	2354 	329 	2801 	549 
782 	9731 	2276 	24 	6115 	471 	2943 
783 	10330 	2418 	166 	6713 	613 	3085 
784 	10928 	2560 	308 	7312 	755 	3227 
785 	11527 	2702 	450 	7911 	897 	3369 
786 	12126 	2844 	592 	8510 	1039 	3511 
787 	12725 	2986 	734 	9109 	1181 	3653 
788 	13324 	3128 	876 	9711 	1323 	3795 
789 	13922 	3270 	1018 	10310 	1465 	3937 
790 	5070 	3412 	1160 	10908 	1607 	4079 
791 	5669 	3554 	1302 	11507 	1749 	4221 
792 	6268 	3696 	1444 	12106 	1891 	4363 
793 	6866 	3838 	1586 	12705 	2033 	4505 
794 	7465 	3980 	1728 	13304 	2175 	4647 
795 	1650 	4122 	1870 	4569 	2317 	65 
796 	1792 	4264 	2012 	4711 	2459 	207 
797 	1934 	4406 	2154 	129 	2601 	349 
798 	2076 	4548 	2296 	271 	2743 	491 
799 	2218 	4690 	2438 	413 	2885 	633 
800 	2360 	108 	2580 	555 	3027 	775 
801 	10303 	2502 	250 	6687 	697 	3169 
802 	10902 	2644 	392 	7286 	839 	3311 
803 	11501 	2786 	534 	7884 	981 	3453 
804 	12099 	2928 	676 	8483 	1123 	3595 
805 	12698 	3070 	818 	9082 	1265 	3737 
806 	13297 	3212 	960 	9684 	1407 	3879 
807 	13896 	3354 	1102 	10283 	1549 	4021 
808 	5043 	3496 	1244 	10882 	1691 	4163 
809 	5642 	3638 	1386 	11481 	1833 	4305 
810 	6241 	3780 	1528 	12079 	1975 	4447 
811 	6840 	3922 	1670 	12678 	2117 	4589 
812 	7439 	4064 	1812 	13277 	2259 	7 
813 	8037 	4206 	1954 	13876 	2401 	149 
814 	1876 	4348 	2096 	71 	2543 	291 
815 	2018 	4490 	2238 	213 	2685 	433 
816 	2160 	4632 	2380 	355 	2827 	575 
817 	2302 	50 	2522 	497 	2969 	717 
818 	2444 	192 	2664 	639 	3111 	859 
819 	2586 	334 	2806 	781 	3253 	1001 
820 	10875 	2728 	476 	7259 	923 	3395 
821 	11474 	2870 	618 	7858 	1065 	3537 
822 	12073 	3012 	760 	8457 	1207 	3679 
823 	12672 	3154 	902 	9055 	1349 	3821 
824 	13270 	3296 	1044 	9658 	1491 	3963 
825 	13869 	3438 	1186 	10256 	1633 	4105 
826 	5017 	3580 	1328 	10855 	1775 	4247 
827 	5616 	3722 	1470 	11454 	1917 	4389 
828 	6214 	3864 	1612 	12053 	2059 	4531 
829 	6813 	4006 	1754 	12652 	2201 	4673 
830 	7412 	4148 	1896 	13250 	2343 	91 
831 	8011 	4290 	2038 	13849 	2485 	233 
832 	8610 	4432 	2180 	4997 	2627 	375 
833 	2102 	4574 	2322 	297 	2769 	517 
834 	2244 	4716 	2464 	439 	2911 	659 
835 	2386 	134 	2606 	581 	3053 	801 
836 	2528 	276 	2748 	723 	3195 	943 
837 	2670 	418 	2890 	865 	3337 	1085 
838 	10849 	2812 	560 	7232 	1007 	3479 
839 	11447 	2954 	702 	7831 	1149 	3621 
840 	12046 	3096 	844 	8430 	1291 	3763 
841 	12645 	3238 	986 	9029 	1433 	3905 
842 	13244 	3380 	1128 	9631 	1575 	4047 
843 	13843 	3522 	1270 	10230 	1717 	4189 
844 	4990 	3664 	1412 	10829 	1859 	4331 
845 	5589 	3806 	1554 	11427 	2001 	4473 
846 	6188 	3948 	1696 	12026 	2143 	4615 
847 	6787 	4090 	1838 	12625 	2285 	33 
848 	7385 	4232 	1980 	13224 	2427 	175 
849 	7984 	4374 	2122 	13823 	2569 	317 
850 	8583 	4516 	2264 	4970 	2711 	459 
851 	2186 	4658 	2406 	381 	2853 	601 
852 	2328 	76 	2548 	523 	2995 	743 
853 	2470 	218 	2690 	665 	3137 	885 
854 	2612 	360 	2832 	807 	3279 	1027 
855 	2754 	502 	2974 	949 	3421 	1169 
856 	2896 	644 	3116 	1091 	3563 	1311 
857 	11421 	3038 	786 	7805 	1233 	3705 
858 	12020 	3180 	928 	8403 	1375 	3847 
859 	12618 	3322 	1070 	9002 	1517 	3989 
860 	13217 	3464 	1212 	9604 	1659 	4131 
861 	13816 	3606 	1354 	10203 	1801 	4273 
862 	4964 	3748 	1496 	10802 	1943 	4415 
863 	5562 	3890 	1638 	11401 	2085 	4557 
864 	6161 	4032 	1780 	12000 	2227 	4699 
865 	6760 	4174 	1922 	12598 	2369 	117 
866 	7359 	4316 	2064 	13197 	2511 	259 
867 	7958 	4458 	2206 	13796 	2653 	401 
868 	8556 	4600 	2348 	4944 	2795 	543 
869 	9155 	18 	2490 	5542 	2937 	685 
870 	2412 	160 	2632 	607 	3079 	827 
871 	2554 	302 	2774 	749 	3221 	969 
872 	2696 	444 	2916 	891 	3363 	1111 
873 	2838 	586 	3058 	1033 	3505 	1253 
874 	2980 	728 	3200 	1175 	3647 	1395 
875 	3122 	870 	3342 	1317 	3789 	1537 
876 	11993 	3264 	1012 	8377 	1459 	3931 
877 	12592 	3406 	1154 	8976 	1601 	4073 
878 	13191 	3548 	1296 	9578 	1743 	4215 
879 	13789 	3690 	1438 	10177 	1885 	4357 
880 	4937 	3832 	1580 	10775 	2027 	4499 
881 	5536 	3974 	1722 	11374 	2169 	4641 
882 	6135 	4116 	1864 	11973 	2311 	59 
883 	6733 	4258 	2006 	12572 	2453 	201 
884 	7332 	4400 	2148 	13171 	2595 	343 
885 	7931 	4542 	2290 	13769 	2737 	485 
886 	8530 	4684 	2432 	4917 	2879 	627 
887 	9129 	102 	2574 	5516 	3021 	769 
888 	2496 	244 	2716 	691 	3163 	911 
889 	2638 	386 	2858 	833 	3305 	1053 
890 	2780 	528 	3000 	975 	3447 	1195 
891 	2922 	670 	3142 	1117 	3589 	1337 
892 	3064 	812 	3284 	1259 	3731 	1479 
893 	3206 	954 	3426 	1401 	3873 	1621 
894 	11966 	3348 	1096 	8350 	1543 	4015 
895 	12565 	3490 	1238 	8949 	1685 	4157 
896 	13164 	3632 	1380 	9551 	1827 	4299 
897 	13763 	3774 	1522 	10150 	1969 	4441 
898 	4910 	3916 	1664 	10749 	2111 	4583 
899 	5509 	4058 	1806 	11348 	2253 	1 
900 	6108 	4200 	1948 	11946 	2395 	143 
901 	6707 	4342 	2090 	12545 	2537 	285 
902 	7306 	4484 	2232 	13144 	2679 	427 
903 	7904 	4626 	2374 	13743 	2821 	569 
904 	8503 	44 	2516 	4890 	2963 	711 
905 	9102 	186 	2658 	5489 	3105 	853 
906 	9704 	328 	2800 	6088 	3247 	995 
907 	2722 	470 	2942 	917 	3389 	1137 
908 	2864 	612 	3084 	1059 	3531 	1279 
909 	3006 	754 	3226 	1201 	3673 	1421 
910 	3148 	896 	3368 	1343 	3815 	1563 
911 	3290 	1038 	3510 	1485 	3957 	1705 
912 	3432 	1180 	3652 	1627 	4099 	1847 
913 	12539 	3574 	1322 	8922 	1769 	4241 
914 	13137 	3716 	1464 	9525 	1911 	4383 
915 	13736 	3858 	1606 	10123 	2053 	4525 
916 	4884 	4000 	1748 	10722 	2195 	4667 
917 	5483 	4142 	1890 	11321 	2337 	85 
918 	6081 	4284 	2032 	11920 	2479 	227 
919 	6680 	4426 	2174 	12519 	2621 	369 
920 	7279 	4568 	2316 	13117 	2763 	511 
921 	7878 	4710 	2458 	13716 	2905 	653 
922 	8477 	128 	2600 	4864 	3047 	795 
923 	9075 	270 	2742 	5463 	3189 	937 
924 	9678 	412 	2884 	6061 	3331 	1079 
925 	10276 	554 	3026 	6660 	3473 	1221 
926 	2948 	696 	3168 	1143 	3615 	1363 
927 	3090 	838 	3310 	1285 	3757 	1505 
928 	3232 	980 	3452 	1427 	3899 	1647 
929 	3374 	1122 	3594 	1569 	4041 	1789 
930 	3516 	1264 	3736 	1711 	4183 	1931 
931 	12512 	3658 	1406 	8896 	1853 	4325 
932 	13111 	3800 	1548 	9498 	1995 	4467 
933 	13710 	3942 	1690 	10097 	2137 	4609 
934 	4857 	4084 	1832 	10696 	2279 	27 
935 	5456 	4226 	1974 	11294 	2421 	169 
936 	6055 	4368 	2116 	11893 	2563 	311 
937 	6654 	4510 	2258 	12492 	2705 	453 
938 	7252 	4652 	2400 	13091 	2847 	595 
939 	7851 	70 	2542 	13690 	2989 	737 
940 	8450 	212 	2684 	4837 	3131 	879 
941 	9049 	354 	2826 	5436 	3273 	1021 
942 	9651 	496 	2968 	6035 	3415 	1163 
943 	10250 	638 	3110 	6634 	3557 	1305 
944 	3032 	780 	3252 	1227 	3699 	1447 
945 	3174 	922 	3394 	1369 	3841 	1589 
946 	3316 	1064 	3536 	1511 	3983 	1731 
947 	3458 	1206 	3678 	1653 	4125 	1873 
948 	3600 	1348 	3820 	1795 	4267 	2015 
949 	3742 	1490 	3962 	1937 	4409 	2157 
950 	13084 	3884 	1632 	9471 	2079 	4551 
951 	13683 	4026 	1774 	10070 	2221 	4693 
952 	4830 	4168 	1916 	10669 	2363 	111 
953 	5429 	4310 	2058 	11268 	2505 	253 
954 	6028 	4452 	2200 	11867 	2647 	395 
955 	6627 	4594 	2342 	12465 	2789 	537 
956 	7226 	12 	2484 	13064 	2931 	679 
957 	7825 	154 	2626 	13663 	3073 	821 
958 	8423 	296 	2768 	4810 	3215 	963 
959 	9022 	438 	2910 	5409 	3357 	1105 
960 	9624 	580 	3052 	6008 	3499 	1247 
961 	10223 	722 	3194 	6607 	3641 	1389 
962 	10822 	864 	3336 	7206 	3783 	1531 
963 	3258 	1006 	3478 	1453 	3925 	1673 
964 	3400 	1148 	3620 	1595 	4067 	1815 
965 	3542 	1290 	3762 	1737 	4209 	1957 
966 	3684 	1432 	3904 	1879 	4351 	2099 
967 	3826 	1574 	4046 	2021 	4493 	2241 
968 	3968 	1716 	4188 	2163 	4635 	2383 
969 	13656 	4110 	1858 	10043 	2305 	53 
970 	4804 	4252 	2000 	10642 	2447 	195 
971 	5403 	4394 	2142 	11241 	2589 	337 
972 	6001 	4536 	2284 	11840 	2731 	479 
973 	6600 	4678 	2426 	12439 	2873 	621 
974 	7199 	96 	2568 	13038 	3015 	763 
975 	7798 	238 	2710 	13636 	3157 	905 
976 	8397 	380 	2852 	4784 	3299 	1047 
977 	8996 	522 	2994 	5383 	3441 	1189 
978 	9598 	664 	3136 	5982 	3583 	1331 
979 	10197 	806 	3278 	6580 	3725 	1473 
980 	10795 	948 	3420 	7179 	3867 	1615 
981 	11394 	1090 	3562 	7778 	4009 	1757 
982 	3484 	1232 	3704 	1679 	4151 	1899 
983 	3626 	1374 	3846 	1821 	4293 	2041 
984 	3768 	1516 	3988 	1963 	4435 	2183 
985 	3910 	1658 	4130 	2105 	4577 	2325 
986 	4052 	1800 	4272 	2247 	4719 	2467 
987 	13630 	4194 	1942 	10017 	2389 	137 
988 	4777 	4336 	2084 	10616 	2531 	279 
989 	5376 	4478 	2226 	11215 	2673 	421 
990 	5975 	4620 	2368 	11813 	2815 	563 
991 	6574 	38 	2510 	12412 	2957 	705 
992 	7172 	180 	2652 	13011 	3099 	847 
993 	7771 	322 	2794 	13610 	3241 	989 
994 	8370 	464 	2936 	4757 	3383 	1131 
995 	8969 	606 	3078 	5356 	3525 	1273 
996 	9571 	748 	3220 	5955 	3667 	1415 
997 	10170 	890 	3362 	6554 	3809 	1557 
998 	10769 	1032 	3504 	7153 	3951 	1699 
999 	11368 	1174 	3646 	7751 	4093 	1841 
1000 	3568 	1316 	3788 	1763 	4235 	1983 
1001 	3710 	1458 	3930 	1905 	4377 	2125 
1002 	3852 	1600 	4072 	2047 	4519 	2267 
1003 	3994 	1742 	4214 	2189 	4661 	2409 
1004 	4136 	1884 	4356 	2331 	79 	2551 
1005 	4278 	2026 	4498 	2473 	221 	2693 
1006 	4751 	4420 	2168 	10589 	2615 	363 
1007 	5349 	4562 	2310 	11188 	2757 	505 
1008 	5948 	4704 	2452 	11787 	2899 	647 
1009 	6547 	122 	2594 	12386 	3041 	789 
1010 	7146 	264 	2736 	12984 	3183 	931 
1011 	7745 	406 	2878 	13583 	3325 	1073 
1012 	8344 	548 	3020 	4731 	3467 	1215 
1013 	8942 	690 	3162 	5329 	3609 	1357 
1014 	9544 	832 	3304 	5928 	3751 	1499 
1015 	10143 	974 	3446 	6527 	3893 	1641 
1016 	10742 	1116 	3588 	7126 	4035 	1783 
1017 	11341 	1258 	3730 	7725 	4177 	1925 
1018 	11940 	1400 	3872 	8324 	4319 	2067 
1019 	3794 	1542 	4014 	1989 	4461 	2209 
1020 	3936 	1684 	4156 	2131 	4603 	2351 
1021 	4078 	1826 	4298 	2273 	21 	2493 
1022 	4220 	1968 	4440 	2415 	163 	2635 
1023 	4362 	2110 	4582 	2557 	305 	2777 
