FR80T25X64L3
Channel Interleaving, Puncturing and Mapping to 64-QAM
User data=1880, with flush=1884, Channel Symbols=941, Channel Bits=5646, p=1881, q=1881, Coding Rate=0.332979

Symbol	b5 	b4 	b3 	b2 	b1 	b0 
0 	0 	1442 	5210 	1163 	721 	3769 
1 	336 	2753 	3196 	1499 	5081 	5523 
2 	1114 	4066 	4509 	393 	2624 	3067 
3 	8 	5378 	2052 	1171 	3937 	4379 
4 	786 	2922 	3364 	65 	5249 	1923 
5 	1564 	4234 	4677 	843 	2792 	3235 
6 	16 	2221 	2663 	1179 	4548 	4990 
7 	794 	3533 	3976 	73 	2091 	2534 
8 	1572 	4845 	5288 	851 	3403 	3847 
9 	466 	2389 	2832 	1629 	4716 	5159 
10 	1244 	3701 	4144 	523 	2260 	2702 
11 	1580 	5456 	2130 	859 	4015 	4458 
12 	474 	3000 	3442 	1637 	5327 	2001 
13 	1252 	4312 	4755 	531 	2871 	3313 
14 	146 	5624 	2299 	1309 	4183 	4626 
15 	924 	3168 	3611 	203 	5495 	2169 
16 	1702 	4481 	4923 	981 	3039 	3482 
17 	154 	2467 	2910 	1317 	4794 	5237 
18 	932 	3780 	4222 	211 	2338 	2780 
19 	1710 	5092 	5534 	989 	3650 	4093 
20 	604 	2635 	3078 	1767 	4962 	5405 
21 	1382 	3948 	4390 	661 	2506 	2949 
22 	1718 	1934 	2377 	997 	4261 	4704 
23 	612 	3246 	3689 	1775 	5573 	2248 
24 	1390 	4559 	5001 	669 	3117 	3560 
25 	284 	2102 	2545 	1447 	4430 	4872 
26 	1062 	3414 	3858 	341 	1973 	2416 
27 	1840 	4727 	5170 	1119 	3285 	3728 
28 	292 	2713 	3156 	1455 	5041 	5483 
29 	1070 	4026 	4469 	349 	2584 	3027 
30 	1848 	5338 	2012 	1127 	3897 	4339 
31 	742 	2882 	3324 	21 	5209 	5651 
32 	1520 	4194 	4637 	799 	2752 	3195 
33 	1856 	2180 	2623 	1135 	4508 	4950 
34 	750 	3493 	3936 	29 	2051 	2494 
35 	1528 	4805 	5248 	807 	3363 	3807 
36 	422 	2349 	2791 	1585 	4676 	5119 
37 	1200 	3661 	4104 	479 	2220 	2662 
38 	94 	4973 	5416 	1257 	3532 	3975 
39 	430 	2960 	3402 	1593 	5287 	1961 
40 	1208 	4272 	4715 	487 	2831 	3273 
41 	102 	5584 	2259 	1265 	4143 	4586 
42 	880 	3128 	3571 	159 	5455 	2129 
43 	1658 	4441 	4883 	937 	2999 	3441 
44 	110 	2427 	2870 	1273 	4754 	5197 
45 	888 	3739 	4182 	167 	2298 	2740 
46 	1666 	5052 	5494 	945 	3610 	4053 
47 	560 	2595 	3038 	1723 	4922 	5365 
48 	1338 	3908 	4350 	617 	2466 	2909 
49 	1674 	1894 	2337 	953 	4221 	4664 
50 	568 	3206 	3649 	1731 	5533 	2208 
51 	1346 	4519 	4961 	625 	3077 	3520 
52 	240 	2062 	2505 	1403 	4389 	4832 
53 	1018 	3374 	3818 	297 	1933 	2376 
54 	1796 	4687 	5130 	1075 	3245 	3688 
55 	248 	2673 	3116 	1411 	5000 	5443 
56 	1026 	3986 	4429 	305 	2544 	2987 
57 	1804 	5298 	1972 	1083 	3857 	4299 
58 	698 	2842 	3284 	1861 	5169 	5611 
59 	1476 	4154 	4597 	755 	2712 	3155 
60 	1812 	2140 	2583 	1091 	4468 	4910 
61 	706 	3452 	3896 	1869 	2011 	2454 
62 	1484 	4765 	5208 	763 	3323 	3766 
63 	378 	2309 	2751 	1541 	4636 	5079 
64 	1156 	3621 	4064 	435 	2179 	2622 
65 	50 	4933 	5376 	1213 	3492 	3935 
66 	386 	2920 	3362 	1549 	5247 	1921 
67 	1164 	4232 	4675 	443 	2790 	3233 
68 	58 	5544 	2219 	1221 	4103 	4546 
69 	836 	3088 	3531 	115 	5415 	2089 
70 	1614 	4401 	4843 	893 	2959 	3401 
71 	66 	2387 	2830 	1229 	4714 	5157 
72 	844 	3699 	4142 	123 	2258 	2700 
73 	1622 	5011 	5454 	901 	3570 	4013 
74 	516 	2555 	2998 	1679 	4882 	5325 
75 	1294 	3868 	4310 	573 	2426 	2869 
76 	188 	5180 	5622 	1351 	3738 	4181 
77 	524 	3166 	3609 	1687 	5493 	2167 
78 	1302 	4479 	4921 	581 	3037 	3480 
79 	196 	2022 	2465 	1359 	4349 	4792 
80 	974 	3334 	3778 	253 	1893 	2336 
81 	1752 	4647 	5090 	1031 	3205 	3648 
82 	204 	2633 	3076 	1367 	4960 	5403 
83 	982 	3946 	4388 	261 	2504 	2947 
84 	1760 	5258 	1932 	1039 	3817 	4259 
85 	654 	2801 	3244 	1817 	5129 	5571 
86 	1432 	4114 	4557 	711 	2672 	3115 
87 	326 	5426 	2100 	1489 	3985 	4428 
88 	662 	3412 	3856 	1825 	1971 	2414 
89 	1440 	4725 	5168 	719 	3283 	3726 
90 	334 	2269 	2711 	1497 	4596 	5039 
91 	1112 	3581 	4024 	391 	2139 	2582 
92 	6 	4893 	5336 	1169 	3451 	3895 
93 	342 	2880 	3322 	1505 	5207 	5649 
94 	1120 	4192 	4635 	399 	2750 	3193 
95 	14 	5504 	2178 	1177 	4063 	4506 
96 	792 	3048 	3491 	71 	5375 	2049 
97 	1570 	4360 	4803 	849 	2919 	3361 
98 	22 	2347 	2789 	1185 	4674 	5117 
99 	800 	3659 	4102 	79 	2218 	2660 
100 	1578 	4971 	5414 	857 	3530 	3973 
101 	472 	2515 	2958 	1635 	4842 	5285 
102 	1250 	3828 	4270 	529 	2386 	2829 
103 	144 	5140 	5582 	1307 	3698 	4141 
104 	480 	3126 	3569 	1643 	5453 	2127 
105 	1258 	4439 	4881 	537 	2997 	3439 
106 	152 	1982 	2425 	1315 	4309 	4752 
107 	930 	3294 	3737 	209 	5621 	2296 
108 	1708 	4607 	5050 	987 	3165 	3608 
109 	160 	2593 	3036 	1323 	4920 	5363 
110 	938 	3906 	4348 	217 	2464 	2907 
111 	1716 	5218 	1892 	995 	3777 	4219 
112 	610 	2761 	3204 	1773 	5089 	5531 
113 	1388 	4074 	4517 	667 	2632 	3075 
114 	282 	5386 	2060 	1445 	3945 	4387 
115 	618 	3372 	3816 	1781 	1931 	2374 
116 	1396 	4685 	5128 	675 	3243 	3686 
117 	290 	2229 	2671 	1453 	4556 	4998 
118 	1068 	3541 	3984 	347 	2099 	2542 
119 	1846 	4853 	5296 	1125 	3411 	3855 
120 	298 	2840 	3282 	1461 	5167 	5609 
121 	1076 	4152 	4595 	355 	2710 	3153 
122 	1854 	5464 	2138 	1133 	4023 	4466 
123 	748 	3008 	3450 	27 	5335 	2009 
124 	1526 	4320 	4763 	805 	2879 	3321 
125 	420 	5632 	2307 	1583 	4191 	4634 
126 	756 	3619 	4062 	35 	2177 	2620 
127 	1534 	4931 	5374 	813 	3490 	3933 
128 	428 	2475 	2918 	1591 	4802 	5245 
129 	1206 	3788 	4230 	485 	2346 	2788 
130 	100 	5100 	5542 	1263 	3658 	4101 
131 	436 	3086 	3529 	1599 	5413 	2087 
132 	1214 	4399 	4841 	493 	2957 	3399 
133 	108 	1942 	2385 	1271 	4269 	4712 
134 	886 	3254 	3697 	165 	5581 	2256 
135 	1664 	4567 	5009 	943 	3125 	3568 
136 	116 	2553 	2996 	1279 	4880 	5323 
137 	894 	3866 	4308 	173 	2424 	2867 
138 	1672 	5178 	5620 	951 	3736 	4179 
139 	566 	2721 	3164 	1729 	5049 	5491 
140 	1344 	4034 	4477 	623 	2592 	3035 
141 	238 	5346 	2020 	1401 	3905 	4347 
142 	574 	3332 	3776 	1737 	1891 	2334 
143 	1352 	4645 	5088 	631 	3203 	3646 
144 	246 	2188 	2631 	1409 	4516 	4958 
145 	1024 	3501 	3944 	303 	2059 	2502 
146 	1802 	4813 	5256 	1081 	3371 	3815 
147 	254 	2799 	3242 	1417 	5127 	5569 
148 	1032 	4112 	4555 	311 	2670 	3113 
149 	1810 	5424 	2098 	1089 	3983 	4426 
150 	704 	2968 	3410 	1867 	5295 	1969 
151 	1482 	4280 	4723 	761 	2839 	3281 
152 	376 	5592 	2267 	1539 	4151 	4594 
153 	712 	3579 	4022 	1875 	2137 	2580 
154 	1490 	4891 	5334 	769 	3449 	3893 
155 	384 	2435 	2878 	1547 	4762 	5205 
156 	1162 	3747 	4190 	441 	2306 	2748 
157 	56 	5060 	5502 	1219 	3618 	4061 
158 	392 	3046 	3489 	1555 	5373 	2047 
159 	1170 	4358 	4801 	449 	2917 	3359 
160 	64 	1902 	2345 	1227 	4229 	4672 
161 	842 	3214 	3657 	121 	5541 	2216 
162 	1620 	4527 	4969 	899 	3085 	3528 
163 	514 	2070 	2513 	1677 	4398 	4840 
164 	850 	3826 	4268 	129 	2384 	2827 
165 	1628 	5138 	5580 	907 	3696 	4139 
166 	522 	2681 	3124 	1685 	5008 	5451 
167 	1300 	3994 	4437 	579 	2552 	2995 
168 	194 	5306 	1980 	1357 	3865 	4307 
169 	530 	3292 	3735 	1693 	5619 	2294 
170 	1308 	4605 	5048 	587 	3163 	3606 
171 	202 	2148 	2591 	1365 	4476 	4918 
172 	980 	3461 	3904 	259 	2019 	2462 
173 	1758 	4773 	5216 	1037 	3331 	3775 
174 	652 	2317 	2759 	1815 	4644 	5087 
175 	988 	4072 	4515 	267 	2630 	3073 
176 	1766 	5384 	2058 	1045 	3943 	4385 
177 	660 	2928 	3370 	1823 	5255 	1929 
178 	1438 	4240 	4683 	717 	2798 	3241 
179 	332 	5552 	2227 	1495 	4111 	4554 
180 	668 	3539 	3982 	1831 	2097 	2540 
181 	1446 	4851 	5294 	725 	3409 	3853 
182 	340 	2395 	2838 	1503 	4722 	5165 
183 	1118 	3707 	4150 	397 	2266 	2708 
184 	12 	5019 	5462 	1175 	3578 	4021 
185 	348 	3006 	3448 	1511 	5333 	2007 
186 	1126 	4318 	4761 	405 	2877 	3319 
187 	20 	5630 	2305 	1183 	4189 	4632 
188 	798 	3174 	3617 	77 	5501 	2175 
189 	1576 	4487 	4929 	855 	3045 	3488 
190 	470 	2030 	2473 	1633 	4357 	4800 
191 	806 	3786 	4228 	85 	2344 	2786 
192 	1584 	5098 	5540 	863 	3656 	4099 
193 	478 	2641 	3084 	1641 	4968 	5411 
194 	1256 	3954 	4397 	535 	2512 	2955 
195 	150 	5266 	1940 	1313 	3825 	4267 
196 	486 	3252 	3695 	1649 	5579 	2254 
197 	1264 	4565 	5007 	543 	3123 	3566 
198 	158 	2108 	2551 	1321 	4436 	4878 
199 	936 	3420 	3864 	215 	1979 	2422 
200 	1714 	4733 	5176 	993 	3291 	3734 
201 	608 	2277 	2719 	1771 	4604 	5047 
202 	944 	4032 	4475 	223 	2590 	3033 
203 	1722 	5344 	2018 	1001 	3903 	4345 
204 	616 	2888 	3330 	1779 	5215 	1889 
205 	1394 	4200 	4643 	673 	2758 	3201 
206 	288 	5512 	2186 	1451 	4071 	4514 
207 	624 	3499 	3942 	1787 	2057 	2500 
208 	1402 	4811 	5254 	681 	3369 	3813 
209 	296 	2355 	2797 	1459 	4682 	5125 
210 	1074 	3667 	4110 	353 	2226 	2668 
211 	1852 	4979 	5422 	1131 	3538 	3981 
212 	746 	2523 	2966 	25 	4850 	5293 
213 	1082 	4278 	4721 	361 	2837 	3279 
214 	1860 	5590 	2265 	1139 	4149 	4592 
215 	754 	3134 	3577 	33 	5461 	2135 
216 	1532 	4447 	4889 	811 	3005 	3447 
217 	426 	1990 	2433 	1589 	4317 	4760 
218 	762 	3745 	4188 	41 	2304 	2746 
219 	1540 	5058 	5500 	819 	3616 	4059 
220 	434 	2601 	3044 	1597 	4928 	5371 
221 	1212 	3914 	4356 	491 	2472 	2915 
222 	106 	5226 	1900 	1269 	3785 	4227 
223 	884 	2769 	3212 	163 	5097 	5539 
224 	1220 	4525 	4967 	499 	3083 	3526 
225 	114 	2068 	2511 	1277 	4395 	4838 
226 	892 	3380 	3824 	171 	1939 	2382 
227 	1670 	4693 	5136 	949 	3251 	3694 
228 	564 	2237 	2679 	1727 	4564 	5006 
229 	900 	3992 	4435 	179 	2550 	2993 
230 	1678 	5304 	1978 	957 	3863 	4305 
231 	572 	2848 	3290 	1735 	5175 	5617 
232 	1350 	4160 	4603 	629 	2718 	3161 
233 	244 	5472 	2146 	1407 	4031 	4474 
234 	580 	3459 	3902 	1743 	2017 	2460 
235 	1358 	4771 	5214 	637 	3329 	3773 
236 	252 	2315 	2757 	1415 	4642 	5085 
237 	1030 	3627 	4070 	309 	2185 	2628 
238 	1808 	4939 	5382 	1087 	3498 	3941 
239 	702 	2483 	2926 	1865 	4810 	5253 
240 	1038 	4238 	4681 	317 	2796 	3239 
241 	1816 	5550 	2225 	1095 	4109 	4552 
242 	710 	3094 	3537 	1873 	5421 	2095 
243 	1488 	4407 	4849 	767 	2965 	3407 
244 	382 	1950 	2393 	1545 	4277 	4720 
245 	718 	3705 	4148 	1881 	2264 	2706 
246 	1496 	5017 	5460 	775 	3576 	4019 
247 	390 	2561 	3004 	1553 	4888 	5331 
248 	1168 	3874 	4316 	447 	2432 	2875 
249 	62 	5186 	5628 	1225 	3744 	4187 
250 	840 	2729 	3172 	119 	5057 	5499 
251 	1176 	4485 	4927 	455 	3043 	3486 
252 	70 	2028 	2471 	1233 	4355 	4798 
253 	848 	3340 	3784 	127 	1899 	2342 
254 	1626 	4653 	5096 	905 	3211 	3654 
255 	520 	2196 	2639 	1683 	4524 	4966 
256 	856 	3952 	4394 	135 	2510 	2953 
257 	1634 	5264 	1938 	913 	3823 	4265 
258 	528 	2807 	3250 	1691 	5135 	5577 
259 	1306 	4120 	4563 	585 	2678 	3121 
260 	200 	5432 	2106 	1363 	3991 	4434 
261 	978 	2976 	3418 	257 	5303 	1977 
262 	1314 	4731 	5174 	593 	3289 	3732 
263 	208 	2275 	2717 	1371 	4602 	5045 
264 	986 	3587 	4030 	265 	2145 	2588 
265 	1764 	4899 	5342 	1043 	3458 	3901 
266 	658 	2443 	2886 	1821 	4770 	5213 
267 	994 	4198 	4641 	273 	2756 	3199 
268 	1772 	5510 	2184 	1051 	4069 	4512 
269 	666 	3054 	3497 	1829 	5381 	2055 
270 	1444 	4366 	4809 	723 	2925 	3367 
271 	338 	1910 	2353 	1501 	4237 	4680 
272 	674 	3665 	4108 	1837 	2224 	2666 
273 	1452 	4977 	5420 	731 	3536 	3979 
274 	346 	2521 	2964 	1509 	4848 	5291 
275 	1124 	3834 	4276 	403 	2392 	2835 
276 	18 	5146 	5588 	1181 	3704 	4147 
277 	796 	2689 	3132 	75 	5016 	5459 
278 	1132 	4445 	4887 	411 	3003 	3445 
279 	26 	1988 	2431 	1189 	4315 	4758 
280 	804 	3300 	3743 	83 	5627 	2302 
281 	1582 	4613 	5056 	861 	3171 	3614 
282 	476 	2156 	2599 	1639 	4484 	4926 
283 	812 	3912 	4354 	91 	2470 	2913 
284 	1590 	5224 	1898 	869 	3783 	4225 
285 	484 	2767 	3210 	1647 	5095 	5537 
286 	1262 	4080 	4523 	541 	2638 	3081 
287 	156 	5392 	2066 	1319 	3951 	4393 
288 	934 	2936 	3378 	213 	5263 	1937 
289 	1270 	4691 	5134 	549 	3249 	3692 
290 	164 	2235 	2677 	1327 	4562 	5004 
291 	942 	3547 	3990 	221 	2105 	2548 
292 	1720 	4859 	5302 	999 	3417 	3861 
293 	614 	2403 	2846 	1777 	4730 	5173 
294 	950 	4158 	4601 	229 	2716 	3159 
295 	1728 	5470 	2144 	1007 	4029 	4472 
296 	622 	3014 	3457 	1785 	5341 	2015 
297 	1400 	4326 	4769 	679 	2885 	3327 
298 	294 	5638 	2313 	1457 	4197 	4640 
299 	1072 	3182 	3625 	351 	5509 	2183 
300 	1408 	4937 	5380 	687 	3496 	3939 
301 	302 	2481 	2924 	1465 	4808 	5251 
302 	1080 	3794 	4236 	359 	2352 	2794 
303 	1858 	5106 	5548 	1137 	3664 	4107 
304 	752 	2649 	3092 	31 	4976 	5419 
305 	1088 	4405 	4847 	367 	2963 	3405 
306 	1866 	1948 	2391 	1145 	4275 	4718 
307 	760 	3260 	3703 	39 	5587 	2262 
308 	1538 	4573 	5015 	817 	3131 	3574 
309 	432 	2116 	2559 	1595 	4444 	4886 
310 	1210 	3428 	3872 	489 	1987 	2430 
311 	1546 	5184 	5626 	825 	3742 	4185 
312 	440 	2727 	3170 	1603 	5055 	5497 
313 	1218 	4040 	4483 	497 	2598 	3041 
314 	112 	5352 	2026 	1275 	3911 	4353 
315 	890 	2896 	3338 	169 	5223 	1897 
316 	1226 	4651 	5094 	505 	3209 	3652 
317 	120 	2194 	2637 	1283 	4522 	4964 
318 	898 	3507 	3950 	177 	2065 	2508 
319 	1676 	4819 	5262 	955 	3377 	3821 
320 	570 	2363 	2805 	1733 	4690 	5133 
321 	906 	4118 	4561 	185 	2676 	3119 
322 	1684 	5430 	2104 	963 	3989 	4432 
323 	578 	2974 	3416 	1741 	5301 	1975 
324 	1356 	4286 	4729 	635 	2845 	3287 
325 	250 	5598 	2273 	1413 	4157 	4600 
326 	1028 	3142 	3585 	307 	5469 	2143 
327 	1364 	4897 	5340 	643 	3456 	3899 
328 	258 	2441 	2884 	1421 	4768 	5211 
329 	1036 	3753 	4196 	315 	2312 	2754 
330 	1814 	5066 	5508 	1093 	3624 	4067 
331 	708 	2609 	3052 	1871 	4936 	5379 
332 	1044 	4364 	4807 	323 	2923 	3365 
333 	1822 	1908 	2351 	1101 	4235 	4678 
334 	716 	3220 	3663 	1879 	5547 	2222 
335 	1494 	4533 	4975 	773 	3091 	3534 
336 	388 	2076 	2519 	1551 	4404 	4846 
337 	1166 	3388 	3832 	445 	1947 	2390 
338 	1502 	5144 	5586 	781 	3702 	4145 
339 	396 	2687 	3130 	1559 	5014 	5457 
340 	1174 	4000 	4443 	453 	2558 	3001 
341 	68 	5312 	1986 	1231 	3871 	4313 
342 	846 	2856 	3298 	125 	5183 	5625 
343 	1182 	4611 	5054 	461 	3169 	3612 
344 	76 	2154 	2597 	1239 	4482 	4924 
345 	854 	3467 	3910 	133 	2025 	2468 
346 	1632 	4779 	5222 	911 	3337 	3781 
347 	526 	2323 	2765 	1689 	4650 	5093 
348 	1304 	3635 	4078 	583 	2193 	2636 
349 	1640 	5390 	2064 	919 	3949 	4391 
350 	534 	2934 	3376 	1697 	5261 	1935 
351 	1312 	4246 	4689 	591 	2804 	3247 
352 	206 	5558 	2233 	1369 	4117 	4560 
353 	984 	3102 	3545 	263 	5429 	2103 
354 	1320 	4857 	5300 	599 	3415 	3859 
355 	214 	2401 	2844 	1377 	4728 	5171 
356 	992 	3713 	4156 	271 	2272 	2714 
357 	1770 	5026 	5468 	1049 	3584 	4027 
358 	664 	2569 	3012 	1827 	4896 	5339 
359 	1000 	4324 	4767 	279 	2883 	3325 
360 	1778 	5636 	2311 	1057 	4195 	4638 
361 	672 	3180 	3623 	1835 	5507 	2181 
362 	1450 	4493 	4935 	729 	3051 	3494 
363 	344 	2036 	2479 	1507 	4363 	4806 
364 	1122 	3348 	3792 	401 	1907 	2350 
365 	1458 	5104 	5546 	737 	3662 	4105 
366 	352 	2647 	3090 	1515 	4974 	5417 
367 	1130 	3960 	4403 	409 	2518 	2961 
368 	24 	5272 	1946 	1187 	3831 	4273 
369 	802 	2815 	3258 	81 	5143 	5585 
370 	1138 	4571 	5013 	417 	3129 	3572 
371 	32 	2114 	2557 	1195 	4442 	4884 
372 	810 	3426 	3870 	89 	1985 	2428 
373 	1588 	4739 	5182 	867 	3297 	3740 
374 	482 	2283 	2725 	1645 	4610 	5053 
375 	1260 	3595 	4038 	539 	2153 	2596 
376 	1596 	5350 	2024 	875 	3909 	4351 
377 	490 	2894 	3336 	1653 	5221 	1895 
378 	1268 	4206 	4649 	547 	2764 	3207 
379 	162 	5518 	2192 	1325 	4077 	4520 
380 	940 	3062 	3505 	219 	5389 	2063 
381 	1276 	4817 	5260 	555 	3375 	3819 
382 	170 	2361 	2803 	1333 	4688 	5131 
383 	948 	3673 	4116 	227 	2232 	2674 
384 	1726 	4985 	5428 	1005 	3544 	3987 
385 	620 	2529 	2972 	1783 	4856 	5299 
386 	1398 	3842 	4284 	677 	2400 	2843 
387 	1734 	5596 	2271 	1013 	4155 	4598 
388 	628 	3140 	3583 	1791 	5467 	2141 
389 	1406 	4453 	4895 	685 	3011 	3453 
390 	300 	1996 	2439 	1463 	4323 	4766 
391 	1078 	3308 	3751 	357 	5635 	2310 
392 	1414 	5064 	5506 	693 	3622 	4065 
393 	308 	2607 	3050 	1471 	4934 	5377 
394 	1086 	3920 	4362 	365 	2478 	2921 
395 	1864 	5232 	1906 	1143 	3791 	4233 
396 	758 	2775 	3218 	37 	5103 	5545 
397 	1536 	4088 	4531 	815 	2646 	3089 
398 	1872 	2074 	2517 	1151 	4402 	4844 
399 	766 	3386 	3830 	45 	1945 	2388 
400 	1544 	4699 	5142 	823 	3257 	3700 
401 	438 	2243 	2685 	1601 	4570 	5012 
402 	1216 	3555 	3998 	495 	2113 	2556 
403 	1552 	5310 	1984 	831 	3869 	4311 
404 	446 	2854 	3296 	1609 	5181 	5623 
405 	1224 	4166 	4609 	503 	2724 	3167 
406 	118 	5478 	2152 	1281 	4037 	4480 
407 	896 	3022 	3465 	175 	5349 	2023 
408 	1232 	4777 	5220 	511 	3335 	3779 
409 	126 	2321 	2763 	1289 	4648 	5091 
410 	904 	3633 	4076 	183 	2191 	2634 
411 	1682 	4945 	5388 	961 	3504 	3947 
412 	576 	2489 	2932 	1739 	4816 	5259 
413 	1354 	3802 	4244 	633 	2360 	2802 
414 	1690 	5556 	2231 	969 	4115 	4558 
415 	584 	3100 	3543 	1747 	5427 	2101 
416 	1362 	4413 	4855 	641 	2971 	3413 
417 	256 	1956 	2399 	1419 	4283 	4726 
418 	1034 	3268 	3711 	313 	5595 	2270 
419 	1370 	5023 	5466 	649 	3582 	4025 
420 	264 	2567 	3010 	1427 	4894 	5337 
421 	1042 	3880 	4322 	321 	2438 	2881 
422 	1820 	5192 	5634 	1099 	3750 	4193 
423 	714 	2735 	3178 	1877 	5063 	5505 
424 	1492 	4048 	4491 	771 	2606 	3049 
425 	1828 	2034 	2477 	1107 	4361 	4804 
426 	722 	3346 	3790 	1 	1905 	2348 
427 	1500 	4659 	5102 	779 	3217 	3660 
428 	394 	2203 	2645 	1557 	4530 	4972 
429 	1172 	3515 	3958 	451 	2073 	2516 
430 	1508 	5270 	1944 	787 	3829 	4271 
431 	402 	2813 	3256 	1565 	5141 	5583 
432 	1180 	4126 	4569 	459 	2684 	3127 
433 	74 	5438 	2112 	1237 	3997 	4440 
434 	852 	2982 	3424 	131 	5309 	1983 
435 	1630 	4294 	4737 	909 	2853 	3295 
436 	82 	2281 	2723 	1245 	4608 	5051 
437 	860 	3593 	4036 	139 	2151 	2594 
438 	1638 	4905 	5348 	917 	3464 	3907 
439 	532 	2449 	2892 	1695 	4776 	5219 
440 	1310 	3761 	4204 	589 	2320 	2762 
441 	1646 	5516 	2190 	925 	4075 	4518 
442 	540 	3060 	3503 	1703 	5387 	2061 
443 	1318 	4372 	4815 	597 	2931 	3373 
444 	212 	1916 	2359 	1375 	4243 	4686 
445 	990 	3228 	3671 	269 	5555 	2230 
446 	1768 	4541 	4983 	1047 	3099 	3542 
447 	220 	2527 	2970 	1383 	4854 	5297 
448 	998 	3840 	4282 	277 	2398 	2841 
449 	1776 	5152 	5594 	1055 	3710 	4153 
450 	670 	2695 	3138 	1833 	5022 	5465 
451 	1448 	4008 	4451 	727 	2566 	3009 
452 	1784 	1994 	2437 	1063 	4321 	4764 
453 	678 	3306 	3749 	1841 	5633 	2308 
454 	1456 	4619 	5062 	735 	3177 	3620 
455 	350 	2162 	2605 	1513 	4490 	4932 
456 	1128 	3475 	3918 	407 	2033 	2476 
457 	1464 	5230 	1904 	743 	3789 	4231 
458 	358 	2773 	3216 	1521 	5101 	5543 
459 	1136 	4086 	4529 	415 	2644 	3087 
460 	30 	5398 	2072 	1193 	3957 	4400 
461 	808 	2942 	3384 	87 	5269 	1943 
462 	1586 	4254 	4697 	865 	2812 	3255 
463 	38 	2241 	2683 	1201 	4568 	5010 
464 	816 	3553 	3996 	95 	2111 	2554 
465 	1594 	4865 	5308 	873 	3423 	3867 
466 	488 	2409 	2852 	1651 	4736 	5179 
467 	1266 	3721 	4164 	545 	2280 	2722 
468 	1602 	5476 	2150 	881 	4035 	4478 
469 	496 	3020 	3463 	1659 	5347 	2021 
470 	1274 	4332 	4775 	553 	2891 	3333 
471 	168 	5644 	2319 	1331 	4203 	4646 
472 	946 	3188 	3631 	225 	5515 	2189 
473 	1724 	4501 	4943 	1003 	3059 	3502 
474 	176 	2487 	2930 	1339 	4814 	5257 
475 	954 	3800 	4242 	233 	2358 	2800 
476 	1732 	5112 	5554 	1011 	3670 	4113 
477 	626 	2655 	3098 	1789 	4982 	5425 
478 	1404 	3968 	4411 	683 	2526 	2969 
479 	1740 	1954 	2397 	1019 	4281 	4724 
480 	634 	3266 	3709 	1797 	5593 	2268 
481 	1412 	4579 	5021 	691 	3137 	3580 
482 	306 	2122 	2565 	1469 	4450 	4892 
483 	1084 	3434 	3878 	363 	1993 	2436 
484 	1862 	4747 	5190 	1141 	3305 	3748 
485 	314 	2733 	3176 	1477 	5061 	5503 
486 	1092 	4046 	4489 	371 	2604 	3047 
487 	1870 	5358 	2032 	1149 	3917 	4359 
488 	764 	2902 	3344 	43 	5229 	1903 
489 	1542 	4214 	4657 	821 	2772 	3215 
490 	1878 	2201 	2643 	1157 	4528 	4970 
491 	772 	3513 	3956 	51 	2071 	2514 
492 	1550 	4825 	5268 	829 	3383 	3827 
493 	444 	2369 	2811 	1607 	4696 	5139 
494 	1222 	3681 	4124 	501 	2240 	2682 
495 	1558 	5436 	2110 	837 	3995 	4438 
496 	452 	2980 	3422 	1615 	5307 	1981 
497 	1230 	4292 	4735 	509 	2851 	3293 
498 	124 	5604 	2279 	1287 	4163 	4606 
499 	902 	3148 	3591 	181 	5475 	2149 
500 	1680 	4461 	4903 	959 	3019 	3462 
501 	132 	2447 	2890 	1295 	4774 	5217 
502 	910 	3759 	4202 	189 	2318 	2760 
503 	1688 	5072 	5514 	967 	3630 	4073 
504 	582 	2615 	3058 	1745 	4942 	5385 
505 	1360 	3928 	4370 	639 	2486 	2929 
506 	1696 	1914 	2357 	975 	4241 	4684 
507 	590 	3226 	3669 	1753 	5553 	2228 
508 	1368 	4539 	4981 	647 	3097 	3540 
509 	262 	2082 	2525 	1425 	4410 	4852 
510 	1040 	3394 	3838 	319 	1953 	2396 
511 	1818 	4707 	5150 	1097 	3265 	3708 
512 	270 	2693 	3136 	1433 	5020 	5463 
513 	1048 	4006 	4449 	327 	2564 	3007 
514 	1826 	5318 	1992 	1105 	3877 	4319 
515 	720 	2862 	3304 	1883 	5189 	5631 
516 	1498 	4174 	4617 	777 	2732 	3175 
517 	1834 	2160 	2603 	1113 	4488 	4930 
518 	728 	3473 	3916 	7 	2031 	2474 
519 	1506 	4785 	5228 	785 	3343 	3787 
520 	400 	2329 	2771 	1563 	4656 	5099 
521 	1178 	3641 	4084 	457 	2200 	2642 
522 	72 	4953 	5396 	1235 	3512 	3955 
523 	408 	2940 	3382 	1571 	5267 	1941 
524 	1186 	4252 	4695 	465 	2810 	3253 
525 	80 	5564 	2239 	1243 	4123 	4566 
526 	858 	3108 	3551 	137 	5435 	2109 
527 	1636 	4421 	4863 	915 	2979 	3421 
528 	88 	2407 	2850 	1251 	4734 	5177 
529 	866 	3719 	4162 	145 	2278 	2720 
530 	1644 	5032 	5474 	923 	3590 	4033 
531 	538 	2575 	3018 	1701 	4902 	5345 
532 	1316 	3888 	4330 	595 	2446 	2889 
533 	210 	5200 	5642 	1373 	3758 	4201 
534 	546 	3186 	3629 	1709 	5513 	2187 
535 	1324 	4499 	4941 	603 	3057 	3500 
536 	218 	2042 	2485 	1381 	4369 	4812 
537 	996 	3354 	3798 	275 	1913 	2356 
538 	1774 	4667 	5110 	1053 	3225 	3668 
539 	226 	2653 	3096 	1389 	4980 	5423 
540 	1004 	3966 	4409 	283 	2524 	2967 
541 	1782 	5278 	1952 	1061 	3837 	4279 
542 	676 	2821 	3264 	1839 	5149 	5591 
543 	1454 	4134 	4577 	733 	2692 	3135 
544 	1790 	2120 	2563 	1069 	4448 	4890 
545 	684 	3432 	3876 	1847 	1991 	2434 
546 	1462 	4745 	5188 	741 	3303 	3746 
547 	356 	2289 	2731 	1519 	4616 	5059 
548 	1134 	3601 	4044 	413 	2159 	2602 
549 	28 	4913 	5356 	1191 	3472 	3915 
550 	364 	2900 	3342 	1527 	5227 	1901 
551 	1142 	4212 	4655 	421 	2770 	3213 
552 	36 	5524 	2199 	1199 	4083 	4526 
553 	814 	3068 	3511 	93 	5395 	2069 
554 	1592 	4380 	4823 	871 	2939 	3381 
555 	44 	2367 	2809 	1207 	4694 	5137 
556 	822 	3679 	4122 	101 	2238 	2680 
557 	1600 	4991 	5434 	879 	3550 	3993 
558 	494 	2535 	2978 	1657 	4862 	5305 
559 	1272 	3848 	4290 	551 	2406 	2849 
560 	166 	5160 	5602 	1329 	3718 	4161 
561 	502 	3146 	3589 	1665 	5473 	2147 
562 	1280 	4459 	4901 	559 	3017 	3460 
563 	174 	2002 	2445 	1337 	4329 	4772 
564 	952 	3314 	3757 	231 	5641 	2316 
565 	1730 	4627 	5070 	1009 	3185 	3628 
566 	182 	2613 	3056 	1345 	4940 	5383 
567 	960 	3926 	4368 	239 	2484 	2927 
568 	1738 	5238 	1912 	1017 	3797 	4239 
569 	632 	2781 	3224 	1795 	5109 	5551 
570 	1410 	4094 	4537 	689 	2652 	3095 
571 	304 	5406 	2080 	1467 	3965 	4408 
572 	640 	3392 	3836 	1803 	1951 	2394 
573 	1418 	4705 	5148 	697 	3263 	3706 
574 	312 	2249 	2691 	1475 	4576 	5018 
575 	1090 	3561 	4004 	369 	2119 	2562 
576 	1868 	4873 	5316 	1147 	3431 	3875 
577 	320 	2860 	3302 	1483 	5187 	5629 
578 	1098 	4172 	4615 	377 	2730 	3173 
579 	1876 	5484 	2158 	1155 	4043 	4486 
580 	770 	3028 	3471 	49 	5355 	2029 
581 	1548 	4340 	4783 	827 	2899 	3341 
582 	442 	1884 	2327 	1605 	4211 	4654 
583 	778 	3639 	4082 	57 	2197 	2640 
584 	1556 	4951 	5394 	835 	3510 	3953 
585 	450 	2495 	2938 	1613 	4822 	5265 
586 	1228 	3808 	4250 	507 	2366 	2808 
587 	122 	5120 	5562 	1285 	3678 	4121 
588 	458 	3106 	3549 	1621 	5433 	2107 
589 	1236 	4419 	4861 	515 	2977 	3419 
590 	130 	1962 	2405 	1293 	4289 	4732 
591 	908 	3274 	3717 	187 	5601 	2276 
592 	1686 	4587 	5030 	965 	3145 	3588 
593 	138 	2573 	3016 	1301 	4900 	5343 
594 	916 	3886 	4328 	195 	2444 	2887 
595 	1694 	5198 	5640 	973 	3756 	4199 
596 	588 	2741 	3184 	1751 	5069 	5511 
597 	1366 	4054 	4497 	645 	2612 	3055 
598 	260 	5366 	2040 	1423 	3925 	4367 
599 	596 	3352 	3796 	1759 	1911 	2354 
600 	1374 	4665 	5108 	653 	3223 	3666 
601 	268 	2209 	2651 	1431 	4536 	4978 
602 	1046 	3521 	3964 	325 	2079 	2522 
603 	1824 	4833 	5276 	1103 	3391 	3835 
604 	276 	2819 	3262 	1439 	5147 	5589 
605 	1054 	4132 	4575 	333 	2690 	3133 
606 	1832 	5444 	2118 	1111 	4003 	4446 
607 	726 	2988 	3430 	5 	5315 	1989 
608 	1504 	4300 	4743 	783 	2859 	3301 
609 	398 	5612 	2287 	1561 	4171 	4614 
610 	734 	3599 	4042 	13 	2157 	2600 
611 	1512 	4911 	5354 	791 	3470 	3913 
612 	406 	2455 	2898 	1569 	4782 	5225 
613 	1184 	3767 	4210 	463 	2326 	2768 
614 	78 	5080 	5522 	1241 	3638 	4081 
615 	414 	3066 	3509 	1577 	5393 	2067 
616 	1192 	4378 	4821 	471 	2937 	3379 
617 	86 	1922 	2365 	1249 	4249 	4692 
618 	864 	3234 	3677 	143 	5561 	2236 
619 	1642 	4547 	4989 	921 	3105 	3548 
620 	536 	2090 	2533 	1699 	4418 	4860 
621 	872 	3846 	4288 	151 	2404 	2847 
622 	1650 	5158 	5600 	929 	3716 	4159 
623 	544 	2701 	3144 	1707 	5029 	5471 
624 	1322 	4014 	4457 	601 	2572 	3015 
625 	216 	5326 	2000 	1379 	3885 	4327 
626 	552 	3312 	3755 	1715 	5639 	2314 
627 	1330 	4625 	5068 	609 	3183 	3626 
628 	224 	2168 	2611 	1387 	4496 	4938 
629 	1002 	3481 	3924 	281 	2039 	2482 
630 	1780 	4793 	5236 	1059 	3351 	3795 
631 	232 	2779 	3222 	1395 	5107 	5549 
632 	1010 	4092 	4535 	289 	2650 	3093 
633 	1788 	5404 	2078 	1067 	3963 	4406 
634 	682 	2948 	3390 	1845 	5275 	1949 
635 	1460 	4260 	4703 	739 	2818 	3261 
636 	354 	5572 	2247 	1517 	4131 	4574 
637 	690 	3559 	4002 	1853 	2117 	2560 
638 	1468 	4871 	5314 	747 	3429 	3873 
639 	362 	2415 	2858 	1525 	4742 	5185 
640 	1140 	3727 	4170 	419 	2286 	2728 
641 	34 	5040 	5482 	1197 	3598 	4041 
642 	370 	3026 	3469 	1533 	5353 	2027 
643 	1148 	4338 	4781 	427 	2897 	3339 
644 	42 	5650 	2325 	1205 	4209 	4652 
645 	820 	3194 	3637 	99 	5521 	2195 
646 	1598 	4507 	4949 	877 	3065 	3508 
647 	492 	2050 	2493 	1655 	4377 	4820 
648 	828 	3806 	4248 	107 	2364 	2806 
649 	1606 	5118 	5560 	885 	3676 	4119 
650 	500 	2661 	3104 	1663 	4988 	5431 
651 	1278 	3974 	4417 	557 	2532 	2975 
652 	172 	5286 	1960 	1335 	3845 	4287 
653 	508 	3272 	3715 	1671 	5599 	2274 
654 	1286 	4585 	5028 	565 	3143 	3586 
655 	180 	2128 	2571 	1343 	4456 	4898 
656 	958 	3440 	3884 	237 	1999 	2442 
657 	1736 	4753 	5196 	1015 	3311 	3754 
658 	630 	2297 	2739 	1793 	4624 	5067 
659 	966 	4052 	4495 	245 	2610 	3053 
660 	1744 	5364 	2038 	1023 	3923 	4365 
661 	638 	2908 	3350 	1801 	5235 	1909 
662 	1416 	4220 	4663 	695 	2778 	3221 
663 	310 	5532 	2207 	1473 	4091 	4534 
664 	646 	3519 	3962 	1809 	2077 	2520 
665 	1424 	4831 	5274 	703 	3389 	3833 
666 	318 	2375 	2817 	1481 	4702 	5145 
667 	1096 	3687 	4130 	375 	2246 	2688 
668 	1874 	4999 	5442 	1153 	3558 	4001 
669 	768 	2543 	2986 	47 	4870 	5313 
670 	1104 	4298 	4741 	383 	2857 	3299 
671 	1882 	5610 	2285 	1161 	4169 	4612 
672 	776 	3154 	3597 	55 	5481 	2155 
673 	1554 	4467 	4909 	833 	3025 	3468 
674 	448 	2010 	2453 	1611 	4337 	4780 
675 	784 	3765 	4208 	63 	2324 	2766 
676 	1562 	5078 	5520 	841 	3636 	4079 
677 	456 	2621 	3064 	1619 	4948 	5391 
678 	1234 	3934 	4376 	513 	2492 	2935 
679 	128 	5246 	1920 	1291 	3805 	4247 
680 	464 	3232 	3675 	1627 	5559 	2234 
681 	1242 	4545 	4987 	521 	3103 	3546 
682 	136 	2088 	2531 	1299 	4416 	4858 
683 	914 	3400 	3844 	193 	1959 	2402 
684 	1692 	4713 	5156 	971 	3271 	3714 
685 	586 	2257 	2699 	1749 	4584 	5027 
686 	922 	4012 	4455 	201 	2570 	3013 
687 	1700 	5324 	1998 	979 	3883 	4325 
688 	594 	2868 	3310 	1757 	5195 	5637 
689 	1372 	4180 	4623 	651 	2738 	3181 
690 	266 	5492 	2166 	1429 	4051 	4494 
691 	602 	3479 	3922 	1765 	2037 	2480 
692 	1380 	4791 	5234 	659 	3349 	3793 
693 	274 	2335 	2777 	1437 	4662 	5105 
694 	1052 	3647 	4090 	331 	2206 	2648 
695 	1830 	4959 	5402 	1109 	3518 	3961 
696 	724 	2503 	2946 	3 	4830 	5273 
697 	1060 	4258 	4701 	339 	2816 	3259 
698 	1838 	5570 	2245 	1117 	4129 	4572 
699 	732 	3114 	3557 	11 	5441 	2115 
700 	1510 	4427 	4869 	789 	2985 	3427 
701 	404 	1970 	2413 	1567 	4297 	4740 
702 	740 	3725 	4168 	19 	2284 	2726 
703 	1518 	5038 	5480 	797 	3596 	4039 
704 	412 	2581 	3024 	1575 	4908 	5351 
705 	1190 	3894 	4336 	469 	2452 	2895 
706 	84 	5206 	5648 	1247 	3764 	4207 
707 	862 	2749 	3192 	141 	5077 	5519 
708 	1198 	4505 	4947 	477 	3063 	3506 
709 	92 	2048 	2491 	1255 	4375 	4818 
710 	870 	3360 	3804 	149 	1919 	2362 
711 	1648 	4673 	5116 	927 	3231 	3674 
712 	542 	2217 	2659 	1705 	4544 	4986 
713 	878 	3972 	4415 	157 	2530 	2973 
714 	1656 	5284 	1958 	935 	3843 	4285 
715 	550 	2828 	3270 	1713 	5155 	5597 
716 	1328 	4140 	4583 	607 	2698 	3141 
717 	222 	5452 	2126 	1385 	4011 	4454 
718 	558 	3438 	3882 	1721 	1997 	2440 
719 	1336 	4751 	5194 	615 	3309 	3752 
720 	230 	2295 	2737 	1393 	4622 	5065 
721 	1008 	3607 	4050 	287 	2165 	2608 
722 	1786 	4919 	5362 	1065 	3478 	3921 
723 	680 	2463 	2906 	1843 	4790 	5233 
724 	1016 	4218 	4661 	295 	2776 	3219 
725 	1794 	5530 	2205 	1073 	4089 	4532 
726 	688 	3074 	3517 	1851 	5401 	2075 
727 	1466 	4386 	4829 	745 	2945 	3387 
728 	360 	1930 	2373 	1523 	4257 	4700 
729 	696 	3685 	4128 	1859 	2244 	2686 
730 	1474 	4997 	5440 	753 	3556 	3999 
731 	368 	2541 	2984 	1531 	4868 	5311 
732 	1146 	3854 	4296 	425 	2412 	2855 
733 	40 	5166 	5608 	1203 	3724 	4167 
734 	818 	2709 	3152 	97 	5037 	5479 
735 	1154 	4465 	4907 	433 	3023 	3466 
736 	48 	2008 	2451 	1211 	4335 	4778 
737 	826 	3320 	3763 	105 	5647 	2322 
738 	1604 	4633 	5076 	883 	3191 	3634 
739 	498 	2176 	2619 	1661 	4504 	4946 
740 	834 	3932 	4374 	113 	2490 	2933 
741 	1612 	5244 	1918 	891 	3803 	4245 
742 	506 	2787 	3230 	1669 	5115 	5557 
743 	1284 	4100 	4543 	563 	2658 	3101 
744 	178 	5412 	2086 	1341 	3971 	4414 
745 	956 	2956 	3398 	235 	5283 	1957 
746 	1292 	4711 	5154 	571 	3269 	3712 
747 	186 	2255 	2697 	1349 	4582 	5025 
748 	964 	3567 	4010 	243 	2125 	2568 
749 	1742 	4879 	5322 	1021 	3437 	3881 
750 	636 	2423 	2866 	1799 	4750 	5193 
751 	972 	4178 	4621 	251 	2736 	3179 
752 	1750 	5490 	2164 	1029 	4049 	4492 
753 	644 	3034 	3477 	1807 	5361 	2035 
754 	1422 	4346 	4789 	701 	2905 	3347 
755 	316 	1890 	2333 	1479 	4217 	4660 
756 	1094 	3202 	3645 	373 	5529 	2204 
757 	1430 	4957 	5400 	709 	3516 	3959 
758 	324 	2501 	2944 	1487 	4828 	5271 
759 	1102 	3814 	4256 	381 	2372 	2814 
760 	1880 	5126 	5568 	1159 	3684 	4127 
761 	774 	2669 	3112 	53 	4996 	5439 
762 	1110 	4425 	4867 	389 	2983 	3425 
763 	4 	1968 	2411 	1167 	4295 	4738 
764 	782 	3280 	3723 	61 	5607 	2282 
765 	1560 	4593 	5036 	839 	3151 	3594 
766 	454 	2136 	2579 	1617 	4464 	4906 
767 	790 	3892 	4334 	69 	2450 	2893 
768 	1568 	5204 	5646 	847 	3762 	4205 
769 	462 	2747 	3190 	1625 	5075 	5517 
770 	1240 	4060 	4503 	519 	2618 	3061 
771 	134 	5372 	2046 	1297 	3931 	4373 
772 	912 	2916 	3358 	191 	5243 	1917 
773 	1248 	4671 	5114 	527 	3229 	3672 
774 	142 	2215 	2657 	1305 	4542 	4984 
775 	920 	3527 	3970 	199 	2085 	2528 
776 	1698 	4839 	5282 	977 	3397 	3841 
777 	592 	2383 	2825 	1755 	4710 	5153 
778 	928 	4138 	4581 	207 	2696 	3139 
779 	1706 	5450 	2124 	985 	4009 	4452 
780 	600 	2994 	3436 	1763 	5321 	1995 
781 	1378 	4306 	4749 	657 	2865 	3307 
782 	272 	5618 	2293 	1435 	4177 	4620 
783 	1050 	3162 	3605 	329 	5489 	2163 
784 	1386 	4917 	5360 	665 	3476 	3919 
785 	280 	2461 	2904 	1443 	4788 	5231 
786 	1058 	3774 	4216 	337 	2332 	2774 
787 	1836 	5086 	5528 	1115 	3644 	4087 
788 	730 	2629 	3072 	9 	4956 	5399 
789 	1066 	4384 	4827 	345 	2943 	3385 
790 	1844 	1928 	2371 	1123 	4255 	4698 
791 	738 	3240 	3683 	17 	5567 	2242 
792 	1516 	4553 	4995 	795 	3111 	3554 
793 	410 	2096 	2539 	1573 	4424 	4866 
794 	1188 	3408 	3852 	467 	1967 	2410 
795 	1524 	5164 	5606 	803 	3722 	4165 
796 	418 	2707 	3150 	1581 	5035 	5477 
797 	1196 	4020 	4463 	475 	2578 	3021 
798 	90 	5332 	2006 	1253 	3891 	4333 
799 	868 	2876 	3318 	147 	5203 	5645 
800 	1204 	4631 	5074 	483 	3189 	3632 
801 	98 	2174 	2617 	1261 	4502 	4944 
802 	876 	3487 	3930 	155 	2045 	2488 
803 	1654 	4799 	5242 	933 	3357 	3801 
804 	548 	2343 	2785 	1711 	4670 	5113 
805 	1326 	3655 	4098 	605 	2214 	2656 
806 	1662 	5410 	2084 	941 	3969 	4412 
807 	556 	2954 	3396 	1719 	5281 	1955 
808 	1334 	4266 	4709 	613 	2824 	3267 
809 	228 	5578 	2253 	1391 	4137 	4580 
810 	1006 	3122 	3565 	285 	5449 	2123 
811 	1342 	4877 	5320 	621 	3435 	3879 
812 	236 	2421 	2864 	1399 	4748 	5191 
813 	1014 	3733 	4176 	293 	2292 	2734 
814 	1792 	5046 	5488 	1071 	3604 	4047 
815 	686 	2589 	3032 	1849 	4916 	5359 
816 	1022 	4344 	4787 	301 	2903 	3345 
817 	1800 	1888 	2331 	1079 	4215 	4658 
818 	694 	3200 	3643 	1857 	5527 	2202 
819 	1472 	4513 	4955 	751 	3071 	3514 
820 	366 	2056 	2499 	1529 	4383 	4826 
821 	1144 	3368 	3812 	423 	1927 	2370 
822 	1480 	5124 	5566 	759 	3682 	4125 
823 	374 	2667 	3110 	1537 	4994 	5437 
824 	1152 	3980 	4423 	431 	2538 	2981 
825 	46 	5292 	1966 	1209 	3851 	4293 
826 	824 	2836 	3278 	103 	5163 	5605 
827 	1160 	4591 	5034 	439 	3149 	3592 
828 	54 	2134 	2577 	1217 	4462 	4904 
829 	832 	3446 	3890 	111 	2005 	2448 
830 	1610 	4759 	5202 	889 	3317 	3760 
831 	504 	2303 	2745 	1667 	4630 	5073 
832 	1282 	3615 	4058 	561 	2173 	2616 
833 	1618 	5370 	2044 	897 	3929 	4371 
834 	512 	2914 	3356 	1675 	5241 	1915 
835 	1290 	4226 	4669 	569 	2784 	3227 
836 	184 	5538 	2213 	1347 	4097 	4540 
837 	962 	3082 	3525 	241 	5409 	2083 
838 	1298 	4837 	5280 	577 	3395 	3839 
839 	192 	2381 	2823 	1355 	4708 	5151 
840 	970 	3693 	4136 	249 	2252 	2694 
841 	1748 	5005 	5448 	1027 	3564 	4007 
842 	642 	2549 	2992 	1805 	4876 	5319 
843 	1420 	3862 	4304 	699 	2420 	2863 
844 	1756 	5616 	2291 	1035 	4175 	4618 
845 	650 	3160 	3603 	1813 	5487 	2161 
846 	1428 	4473 	4915 	707 	3031 	3474 
847 	322 	2016 	2459 	1485 	4343 	4786 
848 	1100 	3328 	3772 	379 	1887 	2330 
849 	1436 	5084 	5526 	715 	3642 	4085 
850 	330 	2627 	3070 	1493 	4954 	5397 
851 	1108 	3940 	4382 	387 	2498 	2941 
852 	2 	5252 	1926 	1165 	3811 	4253 
853 	780 	2795 	3238 	59 	5123 	5565 
854 	1116 	4551 	4993 	395 	3109 	3552 
855 	10 	2094 	2537 	1173 	4422 	4864 
856 	788 	3406 	3850 	67 	1965 	2408 
857 	1566 	4719 	5162 	845 	3277 	3720 
858 	460 	2263 	2705 	1623 	4590 	5033 
859 	1238 	3575 	4018 	517 	2133 	2576 
860 	1574 	5330 	2004 	853 	3889 	4331 
861 	468 	2874 	3316 	1631 	5201 	5643 
862 	1246 	4186 	4629 	525 	2744 	3187 
863 	140 	5498 	2172 	1303 	4057 	4500 
864 	918 	3042 	3485 	197 	5369 	2043 
865 	1254 	4797 	5240 	533 	3355 	3799 
866 	148 	2341 	2783 	1311 	4668 	5111 
867 	926 	3653 	4096 	205 	2212 	2654 
868 	1704 	4965 	5408 	983 	3524 	3967 
869 	598 	2509 	2952 	1761 	4836 	5279 
870 	1376 	3822 	4264 	655 	2380 	2822 
871 	1712 	5576 	2251 	991 	4135 	4578 
872 	606 	3120 	3563 	1769 	5447 	2121 
873 	1384 	4433 	4875 	663 	2991 	3433 
874 	278 	1976 	2419 	1441 	4303 	4746 
875 	1056 	3288 	3731 	335 	5615 	2290 
876 	1392 	5044 	5486 	671 	3602 	4045 
877 	286 	2587 	3030 	1449 	4914 	5357 
878 	1064 	3900 	4342 	343 	2458 	2901 
879 	1842 	5212 	1886 	1121 	3771 	4213 
880 	736 	2755 	3198 	15 	5083 	5525 
881 	1514 	4068 	4511 	793 	2626 	3069 
882 	1850 	2054 	2497 	1129 	4381 	4824 
883 	744 	3366 	3810 	23 	1925 	2368 
884 	1522 	4679 	5122 	801 	3237 	3680 
885 	416 	2223 	2665 	1579 	4550 	4992 
886 	1194 	3535 	3978 	473 	2093 	2536 
887 	1530 	5290 	1964 	809 	3849 	4291 
888 	424 	2834 	3276 	1587 	5161 	5603 
889 	1202 	4146 	4589 	481 	2704 	3147 
890 	96 	5458 	2132 	1259 	4017 	4460 
891 	874 	3002 	3444 	153 	5329 	2003 
892 	1652 	4314 	4757 	931 	2873 	3315 
893 	104 	2301 	2743 	1267 	4628 	5071 
894 	882 	3613 	4056 	161 	2171 	2614 
895 	1660 	4925 	5368 	939 	3484 	3927 
896 	554 	2469 	2912 	1717 	4796 	5239 
897 	1332 	3782 	4224 	611 	2340 	2782 
898 	1668 	5536 	2211 	947 	4095 	4538 
899 	562 	3080 	3523 	1725 	5407 	2081 
900 	1340 	4392 	4835 	619 	2951 	3393 
901 	234 	1936 	2379 	1397 	4263 	4706 
902 	1012 	3248 	3691 	291 	5575 	2250 
903 	1348 	5003 	5446 	627 	3562 	4005 
904 	242 	2547 	2990 	1405 	4874 	5317 
905 	1020 	3860 	4302 	299 	2418 	2861 
906 	1798 	5172 	5614 	1077 	3730 	4173 
907 	692 	2715 	3158 	1855 	5043 	5485 
908 	1470 	4028 	4471 	749 	2586 	3029 
909 	1806 	2014 	2457 	1085 	4341 	4784 
910 	700 	3326 	3770 	1863 	1885 	2328 
911 	1478 	4639 	5082 	757 	3197 	3640 
912 	372 	2182 	2625 	1535 	4510 	4952 
913 	1150 	3495 	3938 	429 	2053 	2496 
914 	1486 	5250 	1924 	765 	3809 	4251 
915 	380 	2793 	3236 	1543 	5121 	5563 
916 	1158 	4106 	4549 	437 	2664 	3107 
917 	52 	5418 	2092 	1215 	3977 	4420 
918 	830 	2962 	3404 	109 	5289 	1963 
919 	1608 	4274 	4717 	887 	2833 	3275 
920 	60 	2261 	2703 	1223 	4588 	5031 
921 	838 	3573 	4016 	117 	2131 	2574 
922 	1616 	4885 	5328 	895 	3443 	3887 
923 	510 	2429 	2872 	1673 	4756 	5199 
924 	1288 	3741 	4184 	567 	2300 	2742 
925 	1624 	5496 	2170 	903 	4055 	4498 
926 	518 	3040 	3483 	1681 	5367 	2041 
927 	1296 	4352 	4795 	575 	2911 	3353 
928 	190 	1896 	2339 	1353 	4223 	4666 
929 	968 	3208 	3651 	247 	5535 	2210 
930 	1746 	4521 	4963 	1025 	3079 	3522 
931 	198 	2507 	2950 	1361 	4834 	5277 
932 	976 	3820 	4262 	255 	2378 	2820 
933 	1754 	5132 	5574 	1033 	3690 	4133 
934 	648 	2675 	3118 	1811 	5002 	5445 
935 	1426 	3988 	4431 	705 	2546 	2989 
936 	1762 	1974 	2417 	1041 	4301 	4744 
937 	656 	3286 	3729 	1819 	5613 	2288 
938 	1434 	4599 	5042 	713 	3157 	3600 
939 	328 	2142 	2585 	1491 	4470 	4912 
940 	1106 	3455 	3898 	385 	2013 	2456 
