FR80T25X64H4
Channel Interleaving, Puncturing and Mapping to 64-QAM
User data=4080, with flush=4084, Channel Symbols=941, Channel Bits=5646, p=781, q=781, Coding Rate=0.722636

Symbol	b5 	b4 	b3 	b2 	b1 	b0 
0 	1272 	2678 	0 	3795 	1117 	2523 
1 	6061 	2290 	3696 	11109 	729 	2135 
2 	8037 	3308 	630 	4915 	1747 	3153 
3 	10017 	242 	1648 	6892 	2765 	87 
4 	11993 	1260 	2666 	8871 	3783 	1105 
5 	872 	2278 	3684 	3395 	717 	2123 
6 	5287 	1890 	3296 	10336 	329 	1735 
7 	7263 	2908 	230 	4142 	1347 	2753 
8 	9243 	3926 	1248 	6118 	2365 	3771 
9 	11219 	860 	2266 	8095 	3383 	705 
10 	472 	1878 	3284 	2995 	317 	1723 
11 	4513 	1490 	2896 	9562 	4013 	1335 
12 	6489 	2508 	3914 	11538 	947 	2353 
13 	8469 	3526 	848 	5344 	1965 	3371 
14 	10445 	460 	1866 	7321 	2983 	305 
15 	4251 	1478 	2884 	9300 	4001 	1323 
16 	1090 	2496 	3902 	3613 	935 	2341 
17 	5716 	2108 	3514 	10764 	547 	1953 
18 	7692 	3126 	448 	4570 	1565 	2971 
19 	9671 	60 	1466 	6547 	2583 	3989 
20 	11648 	1078 	2484 	8526 	3601 	923 
21 	690 	2096 	3502 	3213 	535 	1941 
22 	4942 	1708 	3114 	9990 	147 	1553 
23 	6918 	2726 	48 	11967 	1165 	2571 
24 	8897 	3744 	1066 	5773 	2183 	3589 
25 	10874 	678 	2084 	7750 	3201 	523 
26 	4680 	1696 	3102 	9729 	135 	1541 
27 	1308 	2714 	36 	3831 	1153 	2559 
28 	6144 	2326 	3732 	11193 	765 	2171 
29 	8121 	3344 	666 	4999 	1783 	3189 
30 	10100 	278 	1684 	6976 	2801 	123 
31 	12077 	1296 	2702 	8955 	3819 	1141 
32 	908 	2314 	3720 	3431 	753 	2159 
33 	5370 	1926 	3332 	10419 	365 	1771 
34 	7347 	2944 	266 	4225 	1383 	2789 
35 	9326 	3962 	1284 	6202 	2401 	3807 
36 	11303 	896 	2302 	8181 	3419 	741 
37 	5109 	1914 	3320 	10158 	353 	1759 
38 	1526 	2932 	254 	4049 	1371 	2777 
39 	6573 	2544 	3950 	11622 	983 	2389 
40 	8552 	3562 	884 	5428 	2001 	3407 
41 	10529 	496 	1902 	7405 	3019 	341 
42 	4335 	1514 	2920 	9384 	4037 	1359 
43 	1126 	2532 	3938 	3649 	971 	2377 
44 	5799 	2144 	3550 	10848 	583 	1989 
45 	7776 	3162 	484 	4654 	1601 	3007 
46 	9755 	96 	1502 	6631 	2619 	4025 
47 	11732 	1114 	2520 	8610 	3637 	959 
48 	5538 	2132 	3538 	10587 	571 	1977 
49 	5025 	1744 	3150 	10074 	183 	1589 
50 	7002 	2762 	84 	12051 	1201 	2607 
51 	8981 	3780 	1102 	5857 	2219 	3625 
52 	10958 	714 	2120 	7833 	3237 	559 
53 	4764 	1732 	3138 	9813 	171 	1577 
54 	1344 	2750 	72 	3867 	1189 	2595 
55 	6228 	2362 	3768 	11277 	801 	2207 
56 	8207 	3380 	702 	5083 	1819 	3225 
57 	10184 	314 	1720 	7059 	2837 	159 
58 	12160 	1332 	2738 	9039 	3855 	1177 
59 	944 	2350 	3756 	3467 	789 	2195 
60 	5454 	1962 	3368 	10503 	401 	1807 
61 	7431 	2980 	302 	4309 	1419 	2825 
62 	9410 	3998 	1320 	6285 	2437 	3843 
63 	11387 	932 	2338 	8265 	3455 	777 
64 	5193 	1950 	3356 	10241 	389 	1795 
65 	1562 	2968 	290 	1 	1407 	2813 
66 	6657 	2580 	3986 	11706 	1019 	2425 
67 	8636 	3598 	920 	5512 	2037 	3443 
68 	10613 	532 	1938 	7488 	3055 	377 
69 	4419 	1550 	2956 	9467 	4073 	1395 
70 	1162 	2568 	3974 	3685 	1007 	2413 
71 	5883 	2180 	3586 	10932 	619 	2025 
72 	7859 	3198 	520 	4738 	1637 	3043 
73 	9839 	132 	1538 	6714 	2655 	4061 
74 	11815 	1150 	2556 	8694 	3673 	995 
75 	5621 	2168 	3574 	10670 	607 	2013 
76 	1780 	3186 	508 	219 	1625 	3031 
77 	7086 	2798 	120 	12134 	1237 	2643 
78 	9065 	3816 	1138 	5940 	2255 	3661 
79 	11041 	750 	2156 	7917 	3273 	595 
80 	4847 	1768 	3174 	9896 	207 	1613 
81 	1380 	2786 	108 	3903 	1225 	2631 
82 	6312 	2398 	3804 	11360 	837 	2243 
83 	8291 	3416 	738 	5166 	1855 	3261 
84 	10268 	350 	1756 	7143 	2873 	195 
85 	12244 	1368 	2774 	9122 	3891 	1213 
86 	6050 	2386 	3792 	11099 	825 	2231 
87 	1998 	3404 	726 	437 	1843 	3249 
88 	7514 	3016 	338 	4393 	1455 	2861 
89 	9494 	4034 	1356 	6369 	2473 	3879 
90 	11470 	968 	2374 	8348 	3491 	813 
91 	5276 	1986 	3392 	10325 	425 	1831 
92 	1598 	3004 	326 	37 	1443 	2849 
93 	6740 	2616 	4022 	11789 	1055 	2461 
94 	8720 	3634 	956 	5595 	2073 	3479 
95 	10696 	568 	1974 	7572 	3091 	413 
96 	4502 	1586 	2992 	9551 	25 	1431 
97 	1198 	2604 	4010 	3721 	1043 	2449 
98 	5967 	2216 	3622 	11015 	655 	2061 
99 	7943 	3234 	556 	4821 	1673 	3079 
100 	9922 	168 	1574 	6798 	2691 	13 
101 	11899 	1186 	2592 	8777 	3709 	1031 
102 	5705 	2204 	3610 	10754 	643 	2049 
103 	1816 	3222 	544 	255 	1661 	3067 
104 	7169 	2834 	156 	12218 	1273 	2679 
105 	9148 	3852 	1174 	6024 	2291 	3697 
106 	11125 	786 	2192 	8001 	3309 	631 
107 	4931 	1804 	3210 	9980 	243 	1649 
108 	1416 	2822 	144 	3939 	1261 	2667 
109 	6395 	2434 	3840 	11444 	873 	2279 
110 	8375 	3452 	774 	5250 	1891 	3297 
111 	10351 	386 	1792 	7227 	2909 	231 
112 	4157 	1404 	2810 	9206 	3927 	1249 
113 	6134 	2422 	3828 	11183 	861 	2267 
114 	2034 	3440 	762 	473 	1879 	3285 
115 	7598 	3052 	374 	4476 	1491 	2897 
116 	9577 	4070 	1392 	6453 	2509 	3915 
117 	11554 	1004 	2410 	8432 	3527 	849 
118 	5360 	2022 	3428 	10409 	461 	1867 
119 	1634 	3040 	362 	73 	1479 	2885 
120 	6824 	2652 	4058 	11873 	1091 	2497 
121 	8803 	3670 	992 	5679 	2109 	3515 
122 	10780 	604 	2010 	7656 	3127 	449 
123 	4586 	1622 	3028 	9635 	61 	1467 
124 	6563 	2640 	4046 	11611 	1079 	2485 
125 	2252 	3658 	980 	691 	2097 	3503 
126 	8027 	3270 	592 	4905 	1709 	3115 
127 	10006 	204 	1610 	6882 	2727 	49 
128 	11983 	1222 	2628 	8861 	3745 	1067 
129 	5789 	2240 	3646 	10838 	679 	2085 
130 	1852 	3258 	580 	291 	1697 	3103 
131 	7253 	2870 	192 	4131 	1309 	2715 
132 	9232 	3888 	1210 	6108 	2327 	3733 
133 	11209 	822 	2228 	8084 	3345 	667 
134 	5015 	1840 	3246 	10064 	279 	1685 
135 	6991 	2858 	180 	12040 	1297 	2703 
136 	6479 	2470 	3876 	11528 	909 	2315 
137 	8458 	3488 	810 	5334 	1927 	3333 
138 	10435 	422 	1828 	7310 	2945 	267 
139 	4241 	1440 	2846 	9290 	3963 	1285 
140 	6218 	2458 	3864 	11266 	897 	2303 
141 	2070 	3476 	798 	509 	1915 	3321 
142 	7682 	3088 	410 	4560 	1527 	2933 
143 	9661 	22 	1428 	6536 	2545 	3951 
144 	11638 	1040 	2446 	8516 	3563 	885 
145 	5444 	2058 	3464 	10492 	497 	1903 
146 	1670 	3076 	398 	109 	1515 	2921 
147 	6908 	2688 	10 	11957 	1127 	2533 
148 	8887 	3706 	1028 	5763 	2145 	3551 
149 	10864 	640 	2046 	7739 	3163 	485 
150 	4670 	1658 	3064 	9718 	97 	1503 
151 	6646 	2676 	4082 	11695 	1115 	2521 
152 	2288 	3694 	1016 	727 	2133 	3539 
153 	8110 	3306 	628 	4989 	1745 	3151 
154 	10090 	240 	1646 	6965 	2763 	85 
155 	12066 	1258 	2664 	8945 	3781 	1103 
156 	5872 	2276 	3682 	10921 	715 	2121 
157 	1888 	3294 	616 	327 	1733 	3139 
158 	7337 	2906 	228 	4215 	1345 	2751 
159 	9316 	3924 	1246 	6191 	2363 	3769 
160 	11292 	858 	2264 	8171 	3381 	703 
161 	5098 	1876 	3282 	10147 	315 	1721 
162 	7075 	2894 	216 	12124 	1333 	2739 
163 	2506 	3912 	1234 	945 	2351 	3757 
164 	8542 	3524 	846 	5417 	1963 	3369 
165 	10519 	458 	1864 	7394 	2981 	303 
166 	4325 	1476 	2882 	9373 	3999 	1321 
167 	6301 	2494 	3900 	11350 	933 	2339 
168 	2106 	3512 	834 	545 	1951 	3357 
169 	7765 	3124 	446 	4644 	1563 	2969 
170 	9745 	58 	1464 	6620 	2581 	3987 
171 	11721 	1076 	2482 	8599 	3599 	921 
172 	5527 	2094 	3500 	10576 	533 	1939 
173 	7504 	3112 	434 	4382 	1551 	2957 
174 	2724 	46 	1452 	1163 	2569 	3975 
175 	8971 	3742 	1064 	5846 	2181 	3587 
176 	10947 	676 	2082 	7823 	3199 	521 
177 	4753 	1694 	3100 	9802 	133 	1539 
178 	6730 	2712 	34 	11779 	1151 	2557 
179 	2324 	3730 	1052 	763 	2169 	3575 
180 	8197 	3342 	664 	5072 	1781 	3187 
181 	10173 	276 	1682 	7049 	2799 	121 
182 	12150 	1294 	2700 	9028 	3817 	1139 
183 	5956 	2312 	3718 	11005 	751 	2157 
184 	7933 	3330 	652 	4811 	1769 	3175 
185 	7420 	2942 	264 	4298 	1381 	2787 
186 	9399 	3960 	1282 	6275 	2399 	3805 
187 	11376 	894 	2300 	8254 	3417 	739 
188 	5182 	1912 	3318 	10231 	351 	1757 
189 	7159 	2930 	252 	12208 	1369 	2775 
190 	2542 	3948 	1270 	981 	2387 	3793 
191 	8626 	3560 	882 	5501 	1999 	3405 
192 	10602 	494 	1900 	7478 	3017 	339 
193 	4408 	1512 	2918 	9457 	4035 	1357 
194 	6385 	2530 	3936 	11434 	969 	2375 
195 	2142 	3548 	870 	581 	1987 	3393 
196 	7849 	3160 	482 	4727 	1599 	3005 
197 	9828 	94 	1500 	6704 	2617 	4023 
198 	11805 	1112 	2518 	8683 	3635 	957 
199 	5611 	2130 	3536 	10660 	569 	1975 
200 	7588 	3148 	470 	4466 	1587 	2993 
201 	2760 	82 	1488 	1199 	2605 	4011 
202 	9054 	3778 	1100 	5930 	2217 	3623 
203 	11031 	712 	2118 	7907 	3235 	557 
204 	4837 	1730 	3136 	9886 	169 	1575 
205 	6814 	2748 	70 	11862 	1187 	2593 
206 	2360 	3766 	1088 	799 	2205 	3611 
207 	8280 	3378 	700 	5156 	1817 	3223 
208 	10257 	312 	1718 	7133 	2835 	157 
209 	12234 	1330 	2736 	9112 	3853 	1175 
210 	6040 	2348 	3754 	11089 	787 	2193 
211 	8016 	3366 	688 	4895 	1805 	3211 
212 	2978 	300 	1706 	1417 	2823 	145 
213 	9483 	3996 	1318 	6359 	2435 	3841 
214 	11460 	930 	2336 	8338 	3453 	775 
215 	5266 	1948 	3354 	10315 	387 	1793 
216 	7242 	2966 	288 	4121 	1405 	2811 
217 	2578 	3984 	1306 	1017 	2423 	3829 
218 	8709 	3596 	918 	5585 	2035 	3441 
219 	10686 	530 	1936 	7561 	3053 	375 
220 	4492 	1548 	2954 	9541 	4071 	1393 
221 	6469 	2566 	3972 	11517 	1005 	2411 
222 	8448 	3584 	906 	5323 	2023 	3429 
223 	3196 	518 	1924 	1635 	3041 	363 
224 	9912 	130 	1536 	6787 	2653 	4059 
225 	11889 	1148 	2554 	8767 	3671 	993 
226 	5695 	2166 	3572 	10743 	605 	2011 
227 	7671 	3184 	506 	4549 	1623 	3029 
228 	2796 	118 	1524 	1235 	2641 	4047 
229 	9138 	3814 	1136 	6014 	2253 	3659 
230 	11115 	748 	2154 	7990 	3271 	593 
231 	4921 	1766 	3172 	9969 	205 	1611 
232 	6897 	2784 	106 	11946 	1223 	2629 
233 	2396 	3802 	1124 	835 	2241 	3647 
234 	8364 	3414 	736 	5240 	1853 	3259 
235 	10341 	348 	1754 	7216 	2871 	193 
236 	4147 	1366 	2772 	9196 	3889 	1211 
237 	6123 	2384 	3790 	11172 	823 	2229 
238 	8100 	3402 	724 	4978 	1841 	3247 
239 	3014 	336 	1742 	1453 	2859 	181 
240 	9567 	4032 	1354 	6442 	2471 	3877 
241 	11543 	966 	2372 	8422 	3489 	811 
242 	5349 	1984 	3390 	10398 	423 	1829 
243 	7326 	3002 	324 	4204 	1441 	2847 
244 	2614 	4020 	1342 	1053 	2459 	3865 
245 	8793 	3632 	954 	5668 	2071 	3477 
246 	10770 	566 	1972 	7645 	3089 	411 
247 	4576 	1584 	2990 	9624 	23 	1429 
248 	6552 	2602 	4008 	11601 	1041 	2447 
249 	8531 	3620 	942 	5407 	2059 	3465 
250 	3232 	554 	1960 	1671 	3077 	399 
251 	9996 	166 	1572 	6871 	2689 	11 
252 	11972 	1184 	2590 	8850 	3707 	1029 
253 	5778 	2202 	3608 	10827 	641 	2047 
254 	7755 	3220 	542 	4633 	1659 	3065 
255 	2832 	154 	1560 	1271 	2677 	4083 
256 	9222 	3850 	1172 	6097 	2289 	3695 
257 	11198 	784 	2190 	8074 	3307 	629 
258 	5004 	1802 	3208 	10053 	241 	1647 
259 	6981 	2820 	142 	12030 	1259 	2665 
260 	8960 	3838 	1160 	5836 	2277 	3683 
261 	3450 	772 	2178 	1889 	3295 	617 
262 	10424 	384 	1790 	7300 	2907 	229 
263 	4230 	1402 	2808 	9279 	3925 	1247 
264 	6207 	2420 	3826 	11256 	859 	2265 
265 	8186 	3438 	760 	5062 	1877 	3283 
266 	3050 	372 	1778 	1489 	2895 	217 
267 	9650 	4068 	1390 	6526 	2507 	3913 
268 	11627 	1002 	2408 	8505 	3525 	847 
269 	5433 	2020 	3426 	10482 	459 	1865 
270 	7410 	3038 	360 	4288 	1477 	2883 
271 	9389 	4056 	1378 	6265 	2495 	3901 
272 	8877 	3668 	990 	5752 	2107 	3513 
273 	10853 	602 	2008 	7729 	3125 	447 
274 	4659 	1620 	3026 	9708 	59 	1465 
275 	6636 	2638 	4044 	11685 	1077 	2483 
276 	8615 	3656 	978 	5491 	2095 	3501 
277 	3268 	590 	1996 	1707 	3113 	435 
278 	10079 	202 	1608 	6955 	2725 	47 
279 	12056 	1220 	2626 	8934 	3743 	1065 
280 	5862 	2238 	3644 	10911 	677 	2083 
281 	7839 	3256 	578 	4717 	1695 	3101 
282 	2868 	190 	1596 	1307 	2713 	35 
283 	9305 	3886 	1208 	6181 	2325 	3731 
284 	11282 	820 	2226 	8158 	3343 	665 
285 	5088 	1838 	3244 	10137 	277 	1683 
286 	7065 	2856 	178 	12113 	1295 	2701 
287 	9044 	3874 	1196 	5919 	2313 	3719 
288 	3486 	808 	2214 	1925 	3331 	653 
289 	10508 	420 	1826 	7384 	2943 	265 
290 	4314 	1438 	2844 	9363 	3961 	1283 
291 	6291 	2456 	3862 	11340 	895 	2301 
292 	8270 	3474 	796 	5146 	1913 	3319 
293 	3086 	408 	1814 	1525 	2931 	253 
294 	9734 	20 	1426 	6610 	2543 	3949 
295 	11711 	1038 	2444 	8589 	3561 	883 
296 	5517 	2056 	3462 	10566 	495 	1901 
297 	7493 	3074 	396 	4372 	1513 	2919 
298 	9473 	8 	1414 	6348 	2531 	3937 
299 	3704 	1026 	2432 	2143 	3549 	871 
300 	10937 	638 	2044 	7812 	3161 	483 
301 	4743 	1656 	3062 	9792 	95 	1501 
302 	6720 	2674 	4080 	11768 	1113 	2519 
303 	8699 	3692 	1014 	5574 	2131 	3537 
304 	3304 	626 	2032 	1743 	3149 	471 
305 	10163 	238 	1644 	7038 	2761 	83 
306 	12140 	1256 	2662 	9018 	3779 	1101 
307 	5946 	2274 	3680 	10994 	713 	2119 
308 	7922 	3292 	614 	4800 	1731 	3137 
309 	9901 	226 	1632 	6777 	2749 	71 
310 	3922 	1244 	2650 	2361 	3767 	1089 
311 	11366 	856 	2262 	8244 	3379 	701 
312 	5172 	1874 	3280 	10220 	313 	1719 
313 	7148 	2892 	214 	12197 	1331 	2737 
314 	9128 	3910 	1232 	6003 	2349 	3755 
315 	3522 	844 	2250 	1961 	3367 	689 
316 	10592 	456 	1862 	7467 	2979 	301 
317 	4398 	1474 	2880 	9447 	3997 	1319 
318 	6374 	2492 	3898 	11423 	931 	2337 
319 	8354 	3510 	832 	5229 	1949 	3355 
320 	3122 	444 	1850 	1561 	2967 	289 
321 	9818 	56 	1462 	6693 	2579 	3985 
322 	11794 	1074 	2480 	8673 	3597 	919 
323 	5600 	2092 	3498 	10649 	531 	1937 
324 	7577 	3110 	432 	4455 	1549 	2955 
325 	9556 	44 	1450 	6432 	2567 	3973 
326 	3740 	1062 	2468 	2179 	3585 	907 
327 	11021 	674 	2080 	7896 	3197 	519 
328 	4827 	1692 	3098 	9875 	131 	1537 
329 	6803 	2710 	32 	11852 	1149 	2555 
330 	8782 	3728 	1050 	5658 	2167 	3573 
331 	3340 	662 	2068 	1779 	3185 	507 
332 	10247 	274 	1680 	7122 	2797 	119 
333 	12223 	1292 	2698 	9101 	3815 	1137 
334 	6029 	2310 	3716 	11078 	749 	2155 
335 	8006 	3328 	650 	4884 	1767 	3173 
336 	9985 	262 	1668 	6861 	2785 	107 
337 	3958 	1280 	2686 	2397 	3803 	1125 
338 	11449 	892 	2298 	8327 	3415 	737 
339 	5255 	1910 	3316 	10304 	349 	1755 
340 	7232 	2928 	250 	4110 	1367 	2773 
341 	9211 	3946 	1268 	6087 	2385 	3791 
342 	3558 	880 	2286 	1997 	3403 	725 
343 	10675 	492 	1898 	7551 	3015 	337 
344 	4481 	1510 	2916 	9530 	4033 	1355 
345 	6458 	2528 	3934 	11507 	967 	2373 
346 	8437 	3546 	868 	5313 	1985 	3391 
347 	10414 	480 	1886 	7289 	3003 	325 
348 	92 	1498 	2904 	2615 	4021 	1343 
349 	11878 	1110 	2516 	8756 	3633 	955 
350 	5684 	2128 	3534 	10733 	567 	1973 
351 	7661 	3146 	468 	4539 	1585 	2991 
352 	9640 	80 	1486 	6516 	2603 	4009 
353 	3776 	1098 	2504 	2215 	3621 	943 
354 	11104 	710 	2116 	7980 	3233 	555 
355 	4910 	1728 	3134 	9959 	167 	1573 
356 	6887 	2746 	68 	11936 	1185 	2591 
357 	8866 	3764 	1086 	5742 	2203 	3609 
358 	10843 	698 	2104 	7718 	3221 	543 
359 	10330 	310 	1716 	7206 	2833 	155 
360 	4136 	1328 	2734 	9185 	3851 	1173 
361 	6113 	2346 	3752 	11162 	785 	2191 
362 	8090 	3364 	686 	4968 	1803 	3209 
363 	10069 	298 	1704 	6944 	2821 	143 
364 	3994 	1316 	2722 	2433 	3839 	1161 
365 	11533 	928 	2334 	8411 	3451 	773 
366 	5339 	1946 	3352 	10388 	385 	1791 
367 	7316 	2964 	286 	4194 	1403 	2809 
368 	9295 	3982 	1304 	6170 	2421 	3827 
369 	3594 	916 	2322 	2033 	3439 	761 
370 	10759 	528 	1934 	7635 	3051 	373 
371 	4565 	1546 	2952 	9614 	4069 	1391 
372 	6542 	2564 	3970 	11591 	1003 	2409 
373 	8521 	3582 	904 	5397 	2021 	3427 
374 	10498 	516 	1922 	7373 	3039 	361 
375 	128 	1534 	2940 	2651 	4057 	1379 
376 	11962 	1146 	2552 	8840 	3669 	991 
377 	5768 	2164 	3570 	10817 	603 	2009 
378 	7744 	3182 	504 	4623 	1621 	3027 
379 	9724 	116 	1522 	6599 	2639 	4045 
380 	3812 	1134 	2540 	2251 	3657 	979 
381 	11188 	746 	2152 	8063 	3269 	591 
382 	4994 	1764 	3170 	10043 	203 	1609 
383 	6971 	2782 	104 	12019 	1221 	2627 
384 	8950 	3800 	1122 	5825 	2239 	3645 
385 	10926 	734 	2140 	7802 	3257 	579 
386 	346 	1752 	3158 	2869 	191 	1597 
387 	4220 	1364 	2770 	9269 	3887 	1209 
388 	6197 	2382 	3788 	11245 	821 	2227 
389 	8176 	3400 	722 	5051 	1839 	3245 
390 	10152 	334 	1740 	7028 	2857 	179 
391 	4030 	1352 	2758 	2469 	3875 	1197 
392 	11617 	964 	2370 	8495 	3487 	809 
393 	5423 	1982 	3388 	10471 	421 	1827 
394 	7399 	3000 	322 	4277 	1439 	2845 
395 	9379 	4018 	1340 	6254 	2457 	3863 
396 	11355 	952 	2358 	8233 	3475 	797 
397 	564 	1970 	3376 	3087 	409 	1815 
398 	4649 	1582 	2988 	9698 	21 	1427 
399 	6625 	2600 	4006 	11674 	1039 	2445 
400 	8605 	3618 	940 	5480 	2057 	3463 
401 	10581 	552 	1958 	7457 	3075 	397 
402 	164 	1570 	2976 	2687 	9 	1415 
403 	12045 	1182 	2588 	8924 	3705 	1027 
404 	5851 	2200 	3606 	10900 	639 	2045 
405 	7828 	3218 	540 	4706 	1657 	3063 
406 	9807 	152 	1558 	6683 	2675 	4081 
407 	11784 	1170 	2576 	8662 	3693 	1015 
408 	11272 	782 	2188 	8147 	3305 	627 
409 	5078 	1800 	3206 	10126 	239 	1645 
410 	7054 	2818 	140 	12103 	1257 	2663 
411 	9033 	3836 	1158 	5909 	2275 	3681 
412 	11010 	770 	2176 	7886 	3293 	615 
413 	382 	1788 	3194 	2905 	227 	1633 
414 	4304 	1400 	2806 	9352 	3923 	1245 
415 	6280 	2418 	3824 	11329 	857 	2263 
416 	8260 	3436 	758 	5135 	1875 	3281 
417 	10236 	370 	1776 	7112 	2893 	215 
418 	4066 	1388 	2794 	2505 	3911 	1233 
419 	11700 	1000 	2406 	8578 	3523 	845 
420 	5506 	2018 	3424 	10555 	457 	1863 
421 	7483 	3036 	358 	4361 	1475 	2881 
422 	9462 	4054 	1376 	6338 	2493 	3899 
423 	11439 	988 	2394 	8317 	3511 	833 
424 	600 	2006 	3412 	3123 	445 	1851 
425 	4732 	1618 	3024 	9781 	57 	1463 
426 	6709 	2636 	4042 	11758 	1075 	2481 
427 	8688 	3654 	976 	5564 	2093 	3499 
428 	10665 	588 	1994 	7540 	3111 	433 
429 	200 	1606 	3012 	2723 	45 	1451 
430 	12129 	1218 	2624 	9007 	3741 	1063 
431 	5935 	2236 	3642 	10984 	675 	2081 
432 	7912 	3254 	576 	4790 	1693 	3099 
433 	9891 	188 	1594 	6767 	2711 	33 
434 	11868 	1206 	2612 	8746 	3729 	1051 
435 	818 	2224 	3630 	3341 	663 	2069 
436 	5161 	1836 	3242 	10210 	275 	1681 
437 	7138 	2854 	176 	12187 	1293 	2699 
438 	9117 	3872 	1194 	5993 	2311 	3717 
439 	11094 	806 	2212 	7969 	3329 	651 
440 	418 	1824 	3230 	2941 	263 	1669 
441 	4387 	1436 	2842 	9436 	3959 	1281 
442 	6364 	2454 	3860 	11413 	893 	2299 
443 	8343 	3472 	794 	5219 	1911 	3317 
444 	10320 	406 	1812 	7195 	2929 	251 
445 	4126 	1424 	2830 	9175 	3947 	1269 
446 	1036 	2442 	3848 	3559 	881 	2287 
447 	5590 	2054 	3460 	10639 	493 	1899 
448 	7567 	3072 	394 	4445 	1511 	2917 
449 	9546 	6 	1412 	6421 	2529 	3935 
450 	11523 	1024 	2430 	8401 	3547 	869 
451 	636 	2042 	3448 	3159 	481 	1887 
452 	4816 	1654 	3060 	9865 	93 	1499 
453 	6793 	2672 	4078 	11842 	1111 	2517 
454 	8772 	3690 	1012 	5648 	2129 	3535 
455 	10749 	624 	2030 	7624 	3147 	469 
456 	236 	1642 	3048 	2759 	81 	1487 
457 	12213 	1254 	2660 	9091 	3777 	1099 
458 	6019 	2272 	3678 	11068 	711 	2117 
459 	7995 	3290 	612 	4874 	1729 	3135 
460 	9975 	224 	1630 	6850 	2747 	69 
461 	11951 	1242 	2648 	8829 	3765 	1087 
462 	854 	2260 	3666 	3377 	699 	2105 
463 	5245 	1872 	3278 	10294 	311 	1717 
464 	7222 	2890 	212 	4100 	1329 	2735 
465 	9201 	3908 	1230 	6076 	2347 	3753 
466 	11177 	842 	2248 	8053 	3365 	687 
467 	454 	1860 	3266 	2977 	299 	1705 
468 	4471 	1472 	2878 	9520 	3995 	1317 
469 	6448 	2490 	3896 	11496 	929 	2335 
470 	8427 	3508 	830 	5302 	1947 	3353 
471 	10403 	442 	1848 	7279 	2965 	287 
472 	4210 	1460 	2866 	9258 	3983 	1305 
473 	1072 	2478 	3884 	3595 	917 	2323 
474 	5674 	2090 	3496 	10722 	529 	1935 
475 	7650 	3108 	430 	4528 	1547 	2953 
476 	9630 	42 	1448 	6505 	2565 	3971 
477 	11606 	1060 	2466 	8484 	3583 	905 
478 	672 	2078 	3484 	3195 	517 	1923 
479 	4900 	1690 	3096 	9949 	129 	1535 
480 	6876 	2708 	30 	11925 	1147 	2553 
481 	8856 	3726 	1048 	5731 	2165 	3571 
482 	10832 	660 	2066 	7708 	3183 	505 
483 	4638 	1678 	3084 	9687 	117 	1523 
484 	1290 	2696 	18 	3813 	1135 	2541 
485 	6102 	2308 	3714 	11151 	747 	2153 
486 	8079 	3326 	648 	4957 	1765 	3171 
487 	10058 	260 	1666 	6934 	2783 	105 
488 	12035 	1278 	2684 	8913 	3801 	1123 
489 	890 	2296 	3702 	3413 	735 	2141 
490 	5329 	1908 	3314 	10377 	347 	1753 
491 	7305 	2926 	248 	4183 	1365 	2771 
492 	9284 	3944 	1266 	6160 	2383 	3789 
493 	11261 	878 	2284 	8137 	3401 	723 
494 	5067 	1896 	3302 	10116 	335 	1741 
495 	4555 	1508 	2914 	9603 	4031 	1353 
496 	6531 	2526 	3932 	11580 	965 	2371 
497 	8511 	3544 	866 	5386 	1983 	3389 
498 	10487 	478 	1884 	7363 	3001 	323 
499 	4293 	1496 	2902 	9342 	4019 	1341 
500 	1108 	2514 	3920 	3631 	953 	2359 
501 	5757 	2126 	3532 	10806 	565 	1971 
502 	7734 	3144 	466 	4612 	1583 	2989 
503 	9713 	78 	1484 	6589 	2601 	4007 
504 	11690 	1096 	2502 	8568 	3619 	941 
505 	708 	2114 	3520 	3231 	553 	1959 
506 	4983 	1726 	3132 	10032 	165 	1571 
507 	6960 	2744 	66 	12009 	1183 	2589 
508 	8939 	3762 	1084 	5815 	2201 	3607 
509 	10916 	696 	2102 	7791 	3219 	541 
510 	4722 	1714 	3120 	9771 	153 	1559 
511 	1326 	2732 	54 	3849 	1171 	2577 
512 	6186 	2344 	3750 	11235 	783 	2189 
513 	8163 	3362 	684 	5041 	1801 	3207 
514 	10142 	296 	1702 	7018 	2819 	141 
515 	12119 	1314 	2720 	8997 	3837 	1159 
516 	926 	2332 	3738 	3449 	771 	2177 
517 	5412 	1944 	3350 	10461 	383 	1789 
518 	7389 	2962 	284 	4267 	1401 	2807 
519 	9368 	3980 	1302 	6244 	2419 	3825 
520 	11345 	914 	2320 	8223 	3437 	759 
521 	5151 	1932 	3338 	10200 	371 	1777 
522 	1544 	2950 	272 	4067 	1389 	2795 
523 	6615 	2562 	3968 	11664 	1001 	2407 
524 	8594 	3580 	902 	5470 	2019 	3425 
525 	10571 	514 	1920 	7446 	3037 	359 
526 	4377 	1532 	2938 	9426 	4055 	1377 
527 	1144 	2550 	3956 	3667 	989 	2395 
528 	5841 	2162 	3568 	10890 	601 	2007 
529 	7818 	3180 	502 	4696 	1619 	3025 
530 	9797 	114 	1520 	6672 	2637 	4043 
531 	11774 	1132 	2538 	8652 	3655 	977 
532 	5580 	2150 	3556 	10628 	589 	1995 
533 	1762 	3168 	490 	201 	1607 	3013 
534 	7044 	2780 	102 	12093 	1219 	2625 
535 	9023 	3798 	1120 	5899 	2237 	3643 
536 	11000 	732 	2138 	7875 	3255 	577 
537 	4806 	1750 	3156 	9854 	189 	1595 
538 	1362 	2768 	90 	3885 	1207 	2613 
539 	6270 	2380 	3786 	11319 	819 	2225 
540 	8249 	3398 	720 	5125 	1837 	3243 
541 	10226 	332 	1738 	7101 	2855 	177 
542 	12202 	1350 	2756 	9080 	3873 	1195 
543 	6008 	2368 	3774 	11057 	807 	2213 
544 	5496 	1980 	3386 	10545 	419 	1825 
545 	7473 	2998 	320 	4351 	1437 	2843 
546 	9452 	4016 	1338 	6327 	2455 	3861 
547 	11428 	950 	2356 	8307 	3473 	795 
548 	5234 	1968 	3374 	10283 	407 	1813 
549 	1580 	2986 	308 	19 	1425 	2831 
550 	6699 	2598 	4004 	11747 	1037 	2443 
551 	8678 	3616 	938 	5553 	2055 	3461 
552 	10654 	550 	1956 	7530 	3073 	395 
553 	4461 	1568 	2974 	9509 	7 	1413 
554 	1180 	2586 	3992 	3703 	1025 	2431 
555 	5925 	2198 	3604 	10973 	637 	2043 
556 	7901 	3216 	538 	4779 	1655 	3061 
557 	9881 	150 	1556 	6756 	2673 	4079 
558 	11857 	1168 	2574 	8735 	3691 	1013 
559 	5663 	2186 	3592 	10712 	625 	2031 
560 	1798 	3204 	526 	237 	1643 	3049 
561 	7127 	2816 	138 	12176 	1255 	2661 
562 	9107 	3834 	1156 	5982 	2273 	3679 
563 	11083 	768 	2174 	7959 	3291 	613 
564 	4889 	1786 	3192 	9938 	225 	1631 
565 	1398 	2804 	126 	3921 	1243 	2649 
566 	6353 	2416 	3822 	11402 	855 	2261 
567 	8333 	3434 	756 	5208 	1873 	3279 
568 	10309 	368 	1774 	7185 	2891 	213 
569 	4115 	1386 	2792 	9164 	3909 	1231 
570 	6092 	2404 	3810 	11141 	843 	2249 
571 	2016 	3422 	744 	455 	1861 	3267 
572 	7556 	3034 	356 	4434 	1473 	2879 
573 	9535 	4052 	1374 	6411 	2491 	3897 
574 	11512 	986 	2392 	8390 	3509 	831 
575 	5318 	2004 	3410 	10367 	443 	1849 
576 	1616 	3022 	344 	55 	1461 	2867 
577 	6782 	2634 	4040 	11831 	1073 	2479 
578 	8762 	3652 	974 	5637 	2091 	3497 
579 	10738 	586 	1992 	7614 	3109 	431 
580 	4544 	1604 	3010 	9593 	43 	1449 
581 	6521 	2622 	4028 	11570 	1061 	2467 
582 	2234 	3640 	962 	673 	2079 	3485 
583 	7985 	3252 	574 	4863 	1691 	3097 
584 	9964 	186 	1592 	6840 	2709 	31 
585 	11941 	1204 	2610 	8819 	3727 	1049 
586 	5747 	2222 	3628 	10796 	661 	2067 
587 	1834 	3240 	562 	273 	1679 	3085 
588 	7211 	2852 	174 	4089 	1291 	2697 
589 	9190 	3870 	1192 	6066 	2309 	3715 
590 	11167 	804 	2210 	8042 	3327 	649 
591 	4973 	1822 	3228 	10022 	261 	1667 
592 	1434 	2840 	162 	3957 	1279 	2685 
593 	6437 	2452 	3858 	11486 	891 	2297 
594 	8416 	3470 	792 	5292 	1909 	3315 
595 	10393 	404 	1810 	7269 	2927 	249 
596 	4199 	1422 	2828 	9248 	3945 	1267 
597 	6176 	2440 	3846 	11224 	879 	2285 
598 	2052 	3458 	780 	491 	1897 	3303 
599 	7640 	3070 	392 	4518 	1509 	2915 
600 	9619 	4 	1410 	6495 	2527 	3933 
601 	11596 	1022 	2428 	8474 	3545 	867 
602 	5402 	2040 	3446 	10451 	479 	1885 
603 	1652 	3058 	380 	91 	1497 	2903 
604 	6866 	2670 	4076 	11915 	1109 	2515 
605 	8845 	3688 	1010 	5721 	2127 	3533 
606 	10822 	622 	2028 	7697 	3145 	467 
607 	4628 	1640 	3046 	9677 	79 	1485 
608 	6604 	2658 	4064 	11653 	1097 	2503 
609 	2270 	3676 	998 	709 	2115 	3521 
610 	8069 	3288 	610 	4947 	1727 	3133 
611 	10048 	222 	1628 	6923 	2745 	67 
612 	12025 	1240 	2646 	8903 	3763 	1085 
613 	5831 	2258 	3664 	10879 	697 	2103 
614 	1870 	3276 	598 	309 	1715 	3121 
615 	7295 	2888 	210 	4173 	1327 	2733 
616 	9274 	3906 	1228 	6150 	2345 	3751 
617 	11251 	840 	2246 	8126 	3363 	685 
618 	5057 	1858 	3264 	10105 	297 	1703 
619 	7033 	2876 	198 	12082 	1315 	2721 
620 	2488 	3894 	1216 	927 	2333 	3739 
621 	8500 	3506 	828 	5376 	1945 	3351 
622 	10477 	440 	1846 	7352 	2963 	285 
623 	4283 	1458 	2864 	9331 	3981 	1303 
624 	6259 	2476 	3882 	11308 	915 	2321 
625 	2088 	3494 	816 	527 	1933 	3339 
626 	7724 	3106 	428 	4602 	1545 	2951 
627 	9703 	40 	1446 	6578 	2563 	3969 
628 	11679 	1058 	2464 	8558 	3581 	903 
629 	5485 	2076 	3482 	10534 	515 	1921 
630 	7462 	3094 	416 	4340 	1533 	2939 
631 	6950 	2706 	28 	11998 	1145 	2551 
632 	8929 	3724 	1046 	5804 	2163 	3569 
633 	10905 	658 	2064 	7781 	3181 	503 
634 	4712 	1676 	3082 	9760 	115 	1521 
635 	6688 	2694 	16 	11737 	1133 	2539 
636 	2306 	3712 	1034 	745 	2151 	3557 
637 	8152 	3324 	646 	5030 	1763 	3169 
638 	10132 	258 	1664 	7007 	2781 	103 
639 	12108 	1276 	2682 	8986 	3799 	1121 
640 	5914 	2294 	3700 	10963 	733 	2139 
641 	1906 	3312 	634 	345 	1751 	3157 
642 	7378 	2924 	246 	4257 	1363 	2769 
643 	9358 	3942 	1264 	6233 	2381 	3787 
644 	11334 	876 	2282 	8212 	3399 	721 
645 	5140 	1894 	3300 	10189 	333 	1739 
646 	7117 	2912 	234 	12166 	1351 	2757 
647 	2524 	3930 	1252 	963 	2369 	3775 
648 	8584 	3542 	864 	5459 	1981 	3387 
649 	10560 	476 	1882 	7436 	2999 	321 
650 	4366 	1494 	2900 	9415 	4017 	1339 
651 	6343 	2512 	3918 	11392 	951 	2357 
652 	2124 	3530 	852 	563 	1969 	3375 
653 	7807 	3142 	464 	4685 	1581 	2987 
654 	9786 	76 	1482 	6662 	2599 	4005 
655 	11763 	1094 	2500 	8641 	3617 	939 
656 	5569 	2112 	3518 	10618 	551 	1957 
657 	7546 	3130 	452 	4424 	1569 	2975 
658 	2742 	64 	1470 	1181 	2587 	3993 
659 	9013 	3760 	1082 	5888 	2199 	3605 
660 	10989 	694 	2100 	7865 	3217 	539 
661 	4795 	1712 	3118 	9844 	151 	1557 
662 	6772 	2730 	52 	11821 	1169 	2575 
663 	2342 	3748 	1070 	781 	2187 	3593 
664 	8239 	3360 	682 	5114 	1799 	3205 
665 	10215 	294 	1700 	7091 	2817 	139 
666 	12192 	1312 	2718 	9070 	3835 	1157 
667 	5998 	2330 	3736 	11047 	769 	2175 
668 	7975 	3348 	670 	4853 	1787 	3193 
669 	2960 	282 	1688 	1399 	2805 	127 
670 	9441 	3978 	1300 	6317 	2417 	3823 
671 	11418 	912 	2318 	8296 	3435 	757 
672 	5224 	1930 	3336 	10273 	369 	1775 
673 	7201 	2948 	270 	12249 	1387 	2793 
674 	2560 	3966 	1288 	999 	2405 	3811 
675 	8667 	3578 	900 	5543 	2017 	3423 
676 	10644 	512 	1918 	7520 	3035 	357 
677 	4450 	1530 	2936 	9499 	4053 	1375 
678 	6427 	2548 	3954 	11475 	987 	2393 
679 	2160 	3566 	888 	599 	2005 	3411 
680 	7891 	3178 	500 	4769 	1617 	3023 
681 	9870 	112 	1518 	6746 	2635 	4041 
682 	11847 	1130 	2536 	8725 	3653 	975 
683 	5653 	2148 	3554 	10702 	587 	1993 
684 	7629 	3166 	488 	4508 	1605 	3011 
685 	2778 	100 	1506 	1217 	2623 	4029 
686 	9096 	3796 	1118 	5972 	2235 	3641 
687 	11073 	730 	2136 	7948 	3253 	575 
688 	4879 	1748 	3154 	9928 	187 	1593 
689 	6855 	2766 	88 	11904 	1205 	2611 
690 	2378 	3784 	1106 	817 	2223 	3629 
691 	8322 	3396 	718 	5198 	1835 	3241 
692 	10299 	330 	1736 	7174 	2853 	175 
693 	4105 	1348 	2754 	9154 	3871 	1193 
694 	6082 	2366 	3772 	11130 	805 	2211 
695 	8058 	3384 	706 	4936 	1823 	3229 
696 	2996 	318 	1724 	1435 	2841 	163 
697 	9525 	4014 	1336 	6401 	2453 	3859 
698 	11502 	948 	2354 	8380 	3471 	793 
699 	5308 	1966 	3372 	10356 	405 	1811 
700 	7284 	2984 	306 	4162 	1423 	2829 
701 	2596 	4002 	1324 	1035 	2441 	3847 
702 	8751 	3614 	936 	5627 	2053 	3459 
703 	10728 	548 	1954 	7603 	3071 	393 
704 	4534 	1566 	2972 	9582 	5 	1411 
705 	6510 	2584 	3990 	11559 	1023 	2429 
706 	8490 	3602 	924 	5365 	2041 	3447 
707 	3214 	536 	1942 	1653 	3059 	381 
708 	9954 	148 	1554 	6829 	2671 	4077 
709 	11930 	1166 	2572 	8809 	3689 	1011 
710 	5736 	2184 	3590 	10785 	623 	2029 
711 	7713 	3202 	524 	4591 	1641 	3047 
712 	2814 	136 	1542 	1253 	2659 	4065 
713 	9180 	3832 	1154 	6055 	2271 	3677 
714 	11156 	766 	2172 	8032 	3289 	611 
715 	4963 	1784 	3190 	10011 	223 	1629 
716 	6939 	2802 	124 	11988 	1241 	2647 
717 	8918 	3820 	1142 	5794 	2259 	3665 
718 	8406 	3432 	754 	5281 	1871 	3277 
719 	10383 	366 	1772 	7258 	2889 	211 
720 	4189 	1384 	2790 	9237 	3907 	1229 
721 	6165 	2402 	3808 	11214 	841 	2247 
722 	8142 	3420 	742 	5020 	1859 	3265 
723 	3032 	354 	1760 	1471 	2877 	199 
724 	9609 	4050 	1372 	6484 	2489 	3895 
725 	11585 	984 	2390 	8463 	3507 	829 
726 	5391 	2002 	3408 	10440 	441 	1847 
727 	7368 	3020 	342 	4246 	1459 	2865 
728 	2632 	4038 	1360 	1071 	2477 	3883 
729 	8835 	3650 	972 	5710 	2089 	3495 
730 	10811 	584 	1990 	7687 	3107 	429 
731 	4617 	1602 	3008 	9666 	41 	1447 
732 	6594 	2620 	4026 	11643 	1059 	2465 
733 	8573 	3638 	960 	5449 	2077 	3483 
734 	3250 	572 	1978 	1689 	3095 	417 
735 	10037 	184 	1590 	6913 	2707 	29 
736 	12014 	1202 	2608 	8892 	3725 	1047 
737 	5820 	2220 	3626 	10869 	659 	2065 
738 	7797 	3238 	560 	4675 	1677 	3083 
739 	2850 	172 	1578 	1289 	2695 	17 
740 	9264 	3868 	1190 	6139 	2307 	3713 
741 	11240 	802 	2208 	8116 	3325 	647 
742 	5046 	1820 	3226 	10095 	259 	1665 
743 	7023 	2838 	160 	12072 	1277 	2683 
744 	9002 	3856 	1178 	5878 	2295 	3701 
745 	3468 	790 	2196 	1907 	3313 	635 
746 	10466 	402 	1808 	7342 	2925 	247 
747 	4272 	1420 	2826 	9321 	3943 	1265 
748 	6249 	2438 	3844 	11298 	877 	2283 
749 	8228 	3456 	778 	5104 	1895 	3301 
750 	3068 	390 	1796 	1507 	2913 	235 
751 	9692 	2 	1408 	6568 	2525 	3931 
752 	11669 	1020 	2426 	8547 	3543 	865 
753 	5475 	2038 	3444 	10524 	477 	1883 
754 	7452 	3056 	378 	4330 	1495 	2901 
755 	9431 	4074 	1396 	6306 	2513 	3919 
756 	3686 	1008 	2414 	2125 	3531 	853 
757 	10895 	620 	2026 	7771 	3143 	465 
758 	4701 	1638 	3044 	9750 	77 	1483 
759 	6678 	2656 	4062 	11726 	1095 	2501 
760 	8657 	3674 	996 	5532 	2113 	3519 
761 	3286 	608 	2014 	1725 	3131 	453 
762 	10121 	220 	1626 	6997 	2743 	65 
763 	12098 	1238 	2644 	8976 	3761 	1083 
764 	5904 	2256 	3662 	10953 	695 	2101 
765 	7880 	3274 	596 	4759 	1713 	3119 
766 	9860 	208 	1614 	6735 	2731 	53 
767 	9347 	3904 	1226 	6223 	2343 	3749 
768 	11324 	838 	2244 	8202 	3361 	683 
769 	5130 	1856 	3262 	10179 	295 	1701 
770 	7106 	2874 	196 	12155 	1313 	2719 
771 	9086 	3892 	1214 	5961 	2331 	3737 
772 	3504 	826 	2232 	1943 	3349 	671 
773 	10550 	438 	1844 	7425 	2961 	283 
774 	4356 	1456 	2862 	9405 	3979 	1301 
775 	6333 	2474 	3880 	11381 	913 	2319 
776 	8312 	3492 	814 	5187 	1931 	3337 
777 	3104 	426 	1832 	1543 	2949 	271 
778 	9776 	38 	1444 	6652 	2561 	3967 
779 	11753 	1056 	2462 	8631 	3579 	901 
780 	5559 	2074 	3480 	10607 	513 	1919 
781 	7535 	3092 	414 	4413 	1531 	2937 
782 	9515 	26 	1432 	6390 	2549 	3955 
783 	3722 	1044 	2450 	2161 	3567 	889 
784 	10979 	656 	2062 	7854 	3179 	501 
785 	4785 	1674 	3080 	9833 	113 	1519 
786 	6761 	2692 	14 	11810 	1131 	2537 
787 	8741 	3710 	1032 	5616 	2149 	3555 
788 	3322 	644 	2050 	1761 	3167 	489 
789 	10205 	256 	1662 	7080 	2779 	101 
790 	12181 	1274 	2680 	9060 	3797 	1119 
791 	5987 	2292 	3698 	11036 	731 	2137 
792 	7964 	3310 	632 	4842 	1749 	3155 
793 	9943 	244 	1650 	6819 	2767 	89 
794 	3940 	1262 	2668 	2379 	3785 	1107 
795 	11407 	874 	2280 	8286 	3397 	719 
796 	5214 	1892 	3298 	10262 	331 	1737 
797 	7190 	2910 	232 	12239 	1349 	2755 
798 	9169 	3928 	1250 	6045 	2367 	3773 
799 	3540 	862 	2268 	1979 	3385 	707 
800 	10634 	474 	1880 	7509 	2997 	319 
801 	4440 	1492 	2898 	9488 	4015 	1337 
802 	6416 	2510 	3916 	11465 	949 	2355 
803 	8395 	3528 	850 	5271 	1967 	3373 
804 	10372 	462 	1868 	7248 	2985 	307 
805 	74 	1480 	2886 	2597 	4003 	1325 
806 	11836 	1092 	2498 	8714 	3615 	937 
807 	5642 	2110 	3516 	10691 	549 	1955 
808 	7619 	3128 	450 	4497 	1567 	2973 
809 	9598 	62 	1468 	6474 	2585 	3991 
810 	3758 	1080 	2486 	2197 	3603 	925 
811 	11062 	692 	2098 	7938 	3215 	537 
812 	4868 	1710 	3116 	9917 	149 	1555 
813 	6845 	2728 	50 	11894 	1167 	2573 
814 	8824 	3746 	1068 	5700 	2185 	3591 
815 	3358 	680 	2086 	1797 	3203 	525 
816 	10288 	292 	1698 	7164 	2815 	137 
817 	4094 	1310 	2716 	9143 	3833 	1155 
818 	6071 	2328 	3734 	11120 	767 	2173 
819 	8048 	3346 	668 	4926 	1785 	3191 
820 	10027 	280 	1686 	6903 	2803 	125 
821 	3976 	1298 	2704 	2415 	3821 	1143 
822 	11491 	910 	2316 	8369 	3433 	755 
823 	5297 	1928 	3334 	10346 	367 	1773 
824 	7274 	2946 	268 	4152 	1385 	2791 
825 	9253 	3964 	1286 	6129 	2403 	3809 
826 	3576 	898 	2304 	2015 	3421 	743 
827 	10717 	510 	1916 	7593 	3033 	355 
828 	4523 	1528 	2934 	9572 	4051 	1373 
829 	6500 	2546 	3952 	11549 	985 	2391 
830 	8479 	3564 	886 	5355 	2003 	3409 
831 	10456 	498 	1904 	7331 	3021 	343 
832 	110 	1516 	2922 	2633 	4039 	1361 
833 	11920 	1128 	2534 	8798 	3651 	973 
834 	5726 	2146 	3552 	10775 	585 	1991 
835 	7703 	3164 	486 	4581 	1603 	3009 
836 	9682 	98 	1504 	6557 	2621 	4027 
837 	3794 	1116 	2522 	2233 	3639 	961 
838 	11146 	728 	2134 	8022 	3251 	573 
839 	4952 	1746 	3152 	10001 	185 	1591 
840 	6929 	2764 	86 	11977 	1203 	2609 
841 	8908 	3782 	1104 	5783 	2221 	3627 
842 	10885 	716 	2122 	7760 	3239 	561 
843 	328 	1734 	3140 	2851 	173 	1579 
844 	4178 	1346 	2752 	9227 	3869 	1191 
845 	6155 	2364 	3770 	11204 	803 	2209 
846 	8131 	3382 	704 	5010 	1821 	3227 
847 	10111 	316 	1722 	6986 	2839 	161 
848 	4012 	1334 	2740 	2451 	3857 	1179 
849 	11575 	946 	2352 	8453 	3469 	791 
850 	5381 	1964 	3370 	10430 	403 	1809 
851 	7357 	2982 	304 	4236 	1421 	2827 
852 	9337 	4000 	1322 	6212 	2439 	3845 
853 	11313 	934 	2340 	8192 	3457 	779 
854 	10801 	546 	1952 	7676 	3069 	391 
855 	4607 	1564 	2970 	9656 	3 	1409 
856 	6584 	2582 	3988 	11632 	1021 	2427 
857 	8563 	3600 	922 	5438 	2039 	3445 
858 	10539 	534 	1940 	7415 	3057 	379 
859 	146 	1552 	2958 	2669 	4075 	1397 
860 	12004 	1164 	2570 	8882 	3687 	1009 
861 	5810 	2182 	3588 	10858 	621 	2027 
862 	7786 	3200 	522 	4664 	1639 	3045 
863 	9766 	134 	1540 	6641 	2657 	4063 
864 	3830 	1152 	2558 	2269 	3675 	997 
865 	11230 	764 	2170 	8105 	3287 	609 
866 	5036 	1782 	3188 	10084 	221 	1627 
867 	7012 	2800 	122 	12061 	1239 	2645 
868 	8992 	3818 	1140 	5867 	2257 	3663 
869 	10968 	752 	2158 	7844 	3275 	597 
870 	364 	1770 	3176 	2887 	209 	1615 
871 	4262 	1382 	2788 	9311 	3905 	1227 
872 	6238 	2400 	3806 	11287 	839 	2245 
873 	8218 	3418 	740 	5093 	1857 	3263 
874 	10194 	352 	1758 	7070 	2875 	197 
875 	4048 	1370 	2776 	2487 	3893 	1215 
876 	11658 	982 	2388 	8537 	3505 	827 
877 	5465 	2000 	3406 	10513 	439 	1845 
878 	7441 	3018 	340 	4319 	1457 	2863 
879 	9420 	4036 	1358 	6296 	2475 	3881 
880 	11397 	970 	2376 	8275 	3493 	815 
881 	582 	1988 	3394 	3105 	427 	1833 
882 	4691 	1600 	3006 	9739 	39 	1445 
883 	6667 	2618 	4024 	11716 	1057 	2463 
884 	8646 	3636 	958 	5522 	2075 	3481 
885 	10623 	570 	1976 	7499 	3093 	415 
886 	182 	1588 	2994 	2705 	27 	1433 
887 	12087 	1200 	2606 	8965 	3723 	1045 
888 	5893 	2218 	3624 	10942 	657 	2063 
889 	7870 	3236 	558 	4748 	1675 	3081 
890 	9849 	170 	1576 	6725 	2693 	15 
891 	11826 	1188 	2594 	8704 	3711 	1033 
892 	800 	2206 	3612 	3323 	645 	2051 
893 	5119 	1818 	3224 	10168 	257 	1663 
894 	7096 	2836 	158 	12145 	1275 	2681 
895 	9075 	3854 	1176 	5951 	2293 	3699 
896 	11052 	788 	2194 	7927 	3311 	633 
897 	400 	1806 	3212 	2923 	245 	1651 
898 	4345 	1418 	2824 	9394 	3941 	1263 
899 	6322 	2436 	3842 	11371 	875 	2281 
900 	8301 	3454 	776 	5177 	1893 	3299 
901 	10278 	388 	1794 	7154 	2911 	233 
902 	4084 	1406 	2812 	9133 	3929 	1251 
903 	11742 	1018 	2424 	8620 	3541 	863 
904 	5548 	2036 	3442 	10597 	475 	1881 
905 	7525 	3054 	376 	4403 	1493 	2899 
906 	9504 	4072 	1394 	6380 	2511 	3917 
907 	11481 	1006 	2412 	8359 	3529 	851 
908 	618 	2024 	3430 	3141 	463 	1869 
909 	4774 	1636 	3042 	9823 	75 	1481 
910 	6751 	2654 	4060 	11800 	1093 	2499 
911 	8730 	3672 	994 	5606 	2111 	3517 
912 	10707 	606 	2012 	7582 	3129 	451 
913 	218 	1624 	3030 	2741 	63 	1469 
914 	12171 	1236 	2642 	9049 	3759 	1081 
915 	5977 	2254 	3660 	11026 	693 	2099 
916 	7954 	3272 	594 	4832 	1711 	3117 
917 	9933 	206 	1612 	6808 	2729 	51 
918 	11909 	1224 	2630 	8788 	3747 	1069 
919 	836 	2242 	3648 	3359 	681 	2087 
920 	5203 	1854 	3260 	10252 	293 	1699 
921 	7180 	2872 	194 	12228 	1311 	2717 
922 	9159 	3890 	1212 	6034 	2329 	3735 
923 	11136 	824 	2230 	8011 	3347 	669 
924 	436 	1842 	3248 	2959 	281 	1687 
925 	4429 	1454 	2860 	9478 	3977 	1299 
926 	6406 	2472 	3878 	11455 	911 	2317 
927 	8385 	3490 	812 	5261 	1929 	3335 
928 	10362 	424 	1830 	7237 	2947 	269 
929 	4168 	1442 	2848 	9216 	3965 	1287 
930 	1054 	2460 	3866 	3577 	899 	2305 
931 	5632 	2072 	3478 	10681 	511 	1917 
932 	7608 	3090 	412 	4487 	1529 	2935 
933 	9588 	24 	1430 	6463 	2547 	3953 
934 	11564 	1042 	2448 	8443 	3565 	887 
935 	654 	2060 	3466 	3177 	499 	1905 
936 	4858 	1672 	3078 	9907 	111 	1517 
937 	6835 	2690 	12 	11883 	1129 	2535 
938 	8814 	3708 	1030 	5689 	2147 	3553 
939 	10790 	642 	2048 	7666 	3165 	487 
940 	4596 	1660 	3066 	9645 	99 	1505 
