FR80T25X16L3
Channel Interleaving, Puncturing and Mapping to 16-QAM
User data=1760, with flush=1764, Channel Symbols=1318, Channel Bits=5272, p=1754, q=1754, Coding Rate=0.333839

Symbol	b3 	b2 	b1 	b0 
0 	0 	4098 	1091 	2749 
1 	90 	3182 	1181 	1833 
2 	180 	2267 	1271 	4447 
3 	270 	4880 	1361 	3532 
4 	360 	3965 	1451 	2616 
5 	1855 	3049 	4034 	5229 
6 	4468 	2134 	3119 	4314 
7 	74 	3553 	1165 	2203 
8 	164 	2637 	1255 	4817 
9 	254 	5250 	1345 	3902 
10 	344 	4335 	1435 	2986 
11 	2225 	3419 	4404 	2071 
12 	4838 	2504 	3489 	4684 
13 	58 	3923 	1149 	2574 
14 	148 	3007 	1239 	5187 
15 	238 	2092 	1329 	4272 
16 	328 	4705 	1419 	3356 
17 	2595 	3790 	4775 	2441 
18 	5208 	2874 	3859 	5054 
19 	4293 	1959 	2944 	4139 
20 	132 	3377 	1223 	2028 
21 	222 	2462 	1313 	4642 
22 	312 	5075 	1403 	3727 
23 	402 	4160 	1493 	2811 
24 	2050 	3244 	4229 	1896 
25 	4663 	2329 	3314 	4509 
26 	116 	3748 	1207 	2399 
27 	206 	2832 	1297 	5012 
28 	296 	1917 	1387 	4097 
29 	386 	4530 	1477 	3181 
30 	2420 	3615 	4600 	2266 
31 	5033 	2699 	3684 	4879 
32 	100 	4118 	1191 	2769 
33 	190 	3202 	1281 	1854 
34 	280 	2287 	1371 	4467 
35 	370 	4900 	1461 	3552 
36 	460 	3985 	1551 	2636 
37 	1875 	3069 	4054 	5249 
38 	4488 	2154 	3139 	4334 
39 	174 	3573 	1265 	2224 
40 	264 	2657 	1355 	4837 
41 	354 	5270 	1445 	3922 
42 	444 	4355 	1535 	3006 
43 	2245 	3439 	4425 	2091 
44 	4858 	2524 	3509 	4704 
45 	158 	3943 	1249 	2594 
46 	248 	3027 	1339 	5207 
47 	338 	2112 	1429 	4292 
48 	428 	4725 	1519 	3376 
49 	2615 	3810 	4795 	2461 
50 	5228 	2894 	3879 	5074 
51 	142 	4313 	1233 	2964 
52 	232 	3397 	1323 	2049 
53 	322 	2482 	1413 	4662 
54 	412 	5095 	1503 	3747 
55 	502 	4180 	1593 	2831 
56 	2070 	3265 	4250 	1916 
57 	4683 	2349 	3334 	4529 
58 	216 	3768 	1307 	2419 
59 	306 	2852 	1397 	5032 
60 	396 	1937 	1487 	4117 
61 	486 	4550 	1577 	3201 
62 	2440 	3635 	4620 	2286 
63 	5053 	2719 	3705 	4899 
64 	200 	4138 	1291 	2789 
65 	290 	3222 	1381 	1874 
66 	380 	2307 	1471 	4487 
67 	470 	4920 	1561 	3572 
68 	2810 	4005 	4990 	2656 
69 	1895 	3090 	4075 	5269 
70 	4508 	2174 	3159 	4354 
71 	274 	3593 	1365 	2244 
72 	364 	2677 	1455 	4857 
73 	454 	5290 	1545 	3942 
74 	544 	4375 	1635 	3026 
75 	2265 	3460 	4445 	2111 
76 	4878 	2544 	3530 	4724 
77 	258 	3963 	1349 	2614 
78 	348 	3047 	1439 	5227 
79 	438 	2132 	1529 	4312 
80 	528 	4745 	1619 	3396 
81 	2635 	3830 	4815 	2481 
82 	5248 	2915 	3900 	5094 
83 	242 	4333 	1333 	2984 
84 	332 	3417 	1423 	2069 
85 	422 	2502 	1513 	4682 
86 	512 	5115 	1603 	3767 
87 	602 	4200 	1693 	2851 
88 	2090 	3285 	4270 	1936 
89 	4703 	2369 	3354 	4549 
90 	316 	3788 	1407 	2439 
91 	406 	2872 	1497 	5052 
92 	496 	1957 	1587 	4137 
93 	586 	4570 	1677 	3221 
94 	2460 	3655 	4640 	2306 
95 	5073 	2740 	3725 	4919 
96 	300 	4158 	1391 	2809 
97 	390 	3242 	1481 	1894 
98 	480 	2327 	1571 	4507 
99 	570 	4941 	1661 	3592 
100 	2830 	4025 	5010 	2676 
101 	1915 	3110 	4095 	5289 
102 	284 	4528 	1375 	3179 
103 	374 	3613 	1465 	2264 
104 	464 	2697 	1555 	4877 
105 	554 	1782 	1645 	3962 
106 	644 	4395 	1735 	3046 
107 	2285 	3480 	4465 	2131 
108 	4898 	2565 	3550 	4744 
109 	358 	3983 	1449 	2634 
110 	448 	3067 	1539 	5247 
111 	538 	2152 	1629 	4332 
112 	628 	4766 	1719 	3416 
113 	2655 	3850 	4835 	2501 
114 	5268 	2935 	3920 	5114 
115 	342 	4353 	1433 	3004 
116 	432 	3437 	1523 	2089 
117 	522 	2522 	1613 	4702 
118 	612 	5136 	1703 	3787 
119 	3025 	4220 	5205 	2871 
120 	2110 	3305 	4290 	1956 
121 	326 	4723 	1417 	3374 
122 	416 	3808 	1507 	2459 
123 	506 	2892 	1597 	5072 
124 	596 	1977 	1687 	4157 
125 	686 	4591 	13 	3241 
126 	2480 	3675 	4660 	2326 
127 	5093 	2760 	3745 	4940 
128 	400 	4178 	1491 	2829 
129 	490 	3262 	1581 	1914 
130 	580 	2347 	1671 	4527 
131 	670 	4961 	1761 	3612 
132 	2850 	4045 	5030 	2696 
133 	1935 	3130 	4115 	1781 
134 	384 	4548 	1475 	3199 
135 	474 	3633 	1565 	2284 
136 	564 	2717 	1655 	4897 
137 	654 	1802 	1745 	3982 
138 	3220 	4416 	1872 	3066 
139 	2305 	3500 	4485 	2151 
140 	4918 	2585 	3570 	4765 
141 	458 	4003 	1549 	2654 
142 	548 	3088 	1639 	5267 
143 	638 	2172 	1729 	4352 
144 	728 	4786 	55 	3436 
145 	2675 	3870 	4855 	2521 
146 	5288 	2955 	3940 	5135 
147 	442 	4373 	1533 	3024 
148 	532 	3458 	1623 	2109 
149 	622 	2542 	1713 	4722 
150 	712 	5156 	39 	3807 
151 	3045 	4241 	5225 	2891 
152 	2130 	3325 	4310 	1976 
153 	426 	4743 	1517 	3394 
154 	516 	3828 	1607 	2479 
155 	606 	2913 	1697 	5092 
156 	696 	1997 	23 	4177 
157 	786 	4611 	113 	3261 
158 	2500 	3695 	4680 	2346 
159 	5113 	2780 	3765 	4960 
160 	500 	4198 	1591 	2849 
161 	590 	3283 	1681 	1934 
162 	680 	2367 	7 	4547 
163 	770 	4981 	97 	3632 
164 	2870 	4066 	5050 	2716 
165 	1955 	3150 	4135 	1801 
166 	484 	4568 	1575 	3219 
167 	574 	3653 	1665 	2304 
168 	664 	2738 	1755 	4917 
169 	754 	1822 	81 	4002 
170 	3240 	4436 	1892 	3086 
171 	2325 	3520 	4505 	2171 
172 	468 	4938 	1559 	3590 
173 	558 	4023 	1649 	2674 
174 	648 	3108 	1739 	5287 
175 	738 	2192 	65 	4372 
176 	828 	4806 	155 	3457 
177 	2695 	3891 	4875 	2541 
178 	1780 	2975 	3960 	5155 
179 	542 	4393 	1633 	3044 
180 	632 	3478 	1723 	2129 
181 	722 	2563 	49 	4742 
182 	812 	5176 	139 	3827 
183 	3065 	4261 	5245 	2912 
184 	2150 	3345 	4330 	1996 
185 	526 	4764 	1617 	3414 
186 	616 	3848 	1707 	2499 
187 	706 	2933 	33 	5112 
188 	796 	2017 	123 	4197 
189 	3435 	4631 	2087 	3282 
190 	2520 	3716 	4700 	2366 
191 	5134 	2800 	3785 	4980 
192 	600 	4218 	1691 	2869 
193 	690 	3303 	17 	1954 
194 	780 	2388 	107 	4567 
195 	870 	5001 	197 	3652 
196 	2890 	4086 	5070 	2737 
197 	1975 	3170 	4155 	1821 
198 	584 	4589 	1675 	3239 
199 	674 	3673 	1 	2324 
200 	764 	2758 	91 	4937 
201 	854 	1842 	181 	4022 
202 	3260 	4456 	1912 	3107 
203 	2345 	3541 	4525 	2191 
204 	568 	4959 	1659 	3610 
205 	658 	4043 	1749 	2694 
206 	748 	3128 	75 	1779 
207 	838 	2213 	165 	4392 
208 	928 	4826 	255 	3477 
209 	2715 	3911 	4895 	2562 
210 	1800 	2995 	3980 	5175 
211 	642 	4414 	1733 	3064 
212 	732 	3498 	59 	2149 
213 	822 	2583 	149 	4762 
214 	912 	5196 	239 	3847 
215 	3085 	4281 	5265 	2932 
216 	2170 	3365 	4350 	2016 
217 	626 	4784 	1717 	3434 
218 	716 	3868 	43 	2519 
219 	806 	2953 	133 	5133 
220 	896 	2038 	223 	4217 
221 	3456 	4651 	2107 	3302 
222 	2540 	3736 	4720 	2387 
223 	610 	5154 	1701 	3805 
224 	700 	4239 	27 	2889 
225 	790 	3323 	117 	1974 
226 	880 	2408 	207 	4588 
227 	970 	5021 	297 	3672 
228 	2910 	4106 	5090 	2757 
229 	1995 	3190 	4175 	1841 
230 	684 	4609 	11 	3259 
231 	774 	3693 	101 	2344 
232 	864 	2778 	191 	4958 
233 	954 	1863 	281 	4042 
234 	3281 	4476 	1932 	3127 
235 	2365 	3561 	4545 	2212 
236 	668 	4979 	1759 	3630 
237 	758 	4064 	85 	2714 
238 	848 	3148 	175 	1799 
239 	938 	2233 	265 	4413 
240 	3651 	4846 	2302 	3497 
241 	2736 	3931 	4915 	2582 
242 	652 	1820 	1743 	4000 
243 	742 	4434 	69 	3084 
244 	832 	3518 	159 	2169 
245 	922 	2603 	249 	4783 
246 	1012 	5216 	339 	3867 
247 	3106 	4301 	5285 	2952 
248 	2190 	3385 	4370 	2037 
249 	726 	4804 	53 	3455 
250 	816 	3889 	143 	2539 
251 	906 	2973 	233 	5153 
252 	996 	2058 	323 	4238 
253 	3476 	4671 	2127 	3322 
254 	2561 	3756 	4740 	2407 
255 	710 	5174 	37 	3825 
256 	800 	4259 	127 	2909 
257 	890 	3343 	217 	1994 
258 	980 	2428 	307 	4608 
259 	3846 	5041 	2497 	3692 
260 	2931 	4126 	5110 	2777 
261 	2015 	3210 	4195 	1862 
262 	784 	4629 	111 	3280 
263 	874 	3714 	201 	2364 
264 	964 	2798 	291 	4978 
265 	1054 	1883 	381 	4063 
266 	3301 	4496 	1952 	3147 
267 	2386 	3581 	4565 	2232 
268 	768 	4999 	95 	3650 
269 	858 	4084 	185 	2735 
270 	948 	3168 	275 	1819 
271 	1038 	2253 	365 	4433 
272 	3671 	4866 	2322 	3517 
273 	2756 	3951 	4935 	2602 
274 	752 	1840 	79 	4020 
275 	842 	4454 	169 	3105 
276 	932 	3539 	259 	2189 
277 	1022 	2623 	349 	4803 
278 	1112 	5236 	439 	3888 
279 	3126 	4321 	1777 	2972 
280 	2211 	3405 	4390 	2057 
281 	826 	4824 	153 	3475 
282 	916 	3909 	243 	2560 
283 	1006 	2993 	333 	5173 
284 	1096 	2078 	423 	4258 
285 	3496 	4691 	2147 	3342 
286 	2581 	3776 	4760 	2427 
287 	810 	5194 	137 	3845 
288 	900 	4279 	227 	2930 
289 	990 	3363 	317 	2014 
290 	1080 	2448 	407 	4628 
291 	3866 	5061 	2517 	3713 
292 	2951 	4146 	5131 	2797 
293 	794 	2036 	121 	4215 
294 	884 	4649 	211 	3300 
295 	974 	3734 	301 	2385 
296 	1064 	2818 	391 	4998 
297 	1154 	1903 	481 	4083 
298 	3321 	4516 	1972 	3167 
299 	2406 	3601 	4585 	2252 
300 	868 	5019 	195 	3670 
301 	958 	4104 	285 	2755 
302 	1048 	3188 	375 	1839 
303 	1138 	2273 	465 	4453 
304 	3691 	4886 	2342 	3538 
305 	2776 	3971 	4956 	2622 
306 	852 	1861 	179 	4040 
307 	942 	4474 	269 	3125 
308 	1032 	3559 	359 	2210 
309 	1122 	2643 	449 	4823 
310 	4062 	5256 	2712 	3908 
311 	3146 	4341 	1797 	2992 
312 	836 	2231 	163 	4411 
313 	926 	4844 	253 	3495 
314 	1016 	3929 	343 	2580 
315 	1106 	3013 	433 	5193 
316 	1196 	2098 	523 	4278 
317 	3516 	4711 	2167 	3362 
318 	2601 	3796 	4781 	2447 
319 	910 	5214 	237 	3865 
320 	1000 	4299 	327 	2950 
321 	1090 	3383 	417 	2035 
322 	1180 	2468 	507 	4648 
323 	3887 	5081 	2537 	3733 
324 	2971 	4166 	5151 	2817 
325 	894 	2056 	221 	4236 
326 	984 	4669 	311 	3320 
327 	1074 	3754 	401 	2405 
328 	1164 	2838 	491 	5018 
329 	4257 	1923 	2907 	4103 
330 	3341 	4536 	1992 	3187 
331 	2426 	3621 	4606 	2272 
332 	968 	5039 	295 	3690 
333 	1058 	4124 	385 	2775 
334 	1148 	3208 	475 	1860 
335 	1238 	2293 	565 	4473 
336 	3712 	4906 	2362 	3558 
337 	2796 	3991 	4976 	2642 
338 	952 	1881 	279 	4061 
339 	1042 	4494 	369 	3145 
340 	1132 	3579 	459 	2230 
341 	1222 	2663 	549 	4843 
342 	4082 	5276 	2732 	3928 
343 	3166 	4361 	1817 	3012 
344 	936 	2251 	263 	4431 
345 	1026 	4864 	353 	3515 
346 	1116 	3949 	443 	2600 
347 	1206 	3033 	533 	5213 
348 	1296 	2118 	623 	4298 
349 	3537 	4731 	2187 	3382 
350 	2621 	3816 	4801 	2467 
351 	1010 	5234 	337 	3886 
352 	1100 	4319 	427 	2970 
353 	1190 	3403 	517 	2055 
354 	1280 	2488 	607 	4668 
355 	3907 	5101 	2557 	3753 
356 	2991 	4186 	5171 	2837 
357 	994 	2076 	321 	4256 
358 	1084 	4689 	411 	3340 
359 	1174 	3774 	501 	2425 
360 	1264 	2858 	591 	5038 
361 	4277 	1943 	2928 	4123 
362 	3361 	4556 	2012 	3207 
363 	978 	2446 	305 	4626 
364 	1068 	5059 	395 	3711 
365 	1158 	4144 	485 	2795 
366 	1248 	3228 	575 	1880 
367 	1338 	2313 	665 	4493 
368 	3732 	4926 	2383 	3578 
369 	2816 	4011 	4996 	2662 
370 	1052 	1901 	379 	4081 
371 	1142 	4514 	469 	3165 
372 	1232 	3599 	559 	2250 
373 	1322 	2683 	649 	4863 
374 	4102 	1768 	2753 	3948 
375 	3186 	4381 	1837 	3032 
376 	1036 	2271 	363 	4451 
377 	1126 	4884 	453 	3536 
378 	1216 	3969 	543 	2620 
379 	1306 	3053 	633 	5233 
380 	4472 	2138 	3123 	4318 
381 	3557 	4751 	2208 	3402 
382 	2641 	3836 	4821 	2487 
383 	1110 	5254 	437 	3906 
384 	1200 	4339 	527 	2990 
385 	1290 	3423 	617 	2075 
386 	1380 	2508 	707 	4688 
387 	3927 	5122 	2578 	3773 
388 	3011 	4206 	5191 	2857 
389 	1094 	2096 	421 	4276 
390 	1184 	4709 	511 	3360 
391 	1274 	3794 	601 	2445 
392 	1364 	2878 	691 	5058 
393 	4297 	1963 	2948 	4143 
394 	3381 	4576 	2033 	3227 
395 	1078 	2466 	405 	4646 
396 	1168 	5079 	495 	3731 
397 	1258 	4164 	585 	2815 
398 	1348 	3248 	675 	1900 
399 	1438 	2333 	765 	4513 
400 	3752 	4947 	2403 	3598 
401 	2836 	4031 	5016 	2682 
402 	1152 	1921 	479 	4101 
403 	1242 	4534 	569 	3185 
404 	1332 	3619 	659 	2270 
405 	1422 	2703 	749 	4883 
406 	4122 	1788 	2773 	3968 
407 	3206 	4401 	1858 	3052 
408 	1136 	2291 	463 	4471 
409 	1226 	4904 	553 	3556 
410 	1316 	3989 	643 	2640 
411 	1406 	3073 	733 	5253 
412 	4492 	2158 	3143 	4338 
413 	3577 	4772 	2228 	3422 
414 	1120 	2661 	447 	4841 
415 	1210 	5274 	537 	3926 
416 	1300 	4359 	627 	3010 
417 	1390 	3444 	717 	2095 
418 	1480 	2528 	807 	4708 
419 	3947 	5142 	2598 	3793 
420 	3031 	4226 	5211 	2877 
421 	1194 	2116 	521 	4296 
422 	1284 	4729 	611 	3380 
423 	1374 	3814 	701 	2465 
424 	1464 	2898 	791 	5078 
425 	4317 	1983 	2968 	4163 
426 	3401 	4597 	2053 	3247 
427 	1178 	2486 	505 	4666 
428 	1268 	5099 	595 	3751 
429 	1358 	4184 	685 	2835 
430 	1448 	3269 	775 	1920 
431 	4687 	2353 	3338 	4533 
432 	3772 	4967 	2423 	3618 
433 	1162 	2856 	489 	5036 
434 	1252 	1941 	579 	4121 
435 	1342 	4554 	669 	3205 
436 	1432 	3639 	759 	2290 
437 	1522 	2723 	849 	4903 
438 	4142 	1808 	2793 	3988 
439 	3226 	4422 	1878 	3072 
440 	1236 	2311 	563 	4491 
441 	1326 	4924 	653 	3576 
442 	1416 	4009 	743 	2660 
443 	1506 	3094 	833 	5273 
444 	4512 	2178 	3163 	4358 
445 	3597 	4792 	2248 	3443 
446 	1220 	2681 	547 	4861 
447 	1310 	1766 	637 	3946 
448 	1400 	4379 	727 	3030 
449 	1490 	3464 	817 	2115 
450 	4882 	2548 	3534 	4728 
451 	3967 	5162 	2618 	3813 
452 	3051 	4247 	5231 	2897 
453 	1294 	2136 	621 	4316 
454 	1384 	4749 	711 	3400 
455 	1474 	3834 	801 	2485 
456 	1564 	2919 	891 	5098 
457 	4337 	2003 	2988 	4183 
458 	3421 	4617 	2073 	3268 
459 	1278 	2506 	605 	4686 
460 	1368 	5120 	695 	3771 
461 	1458 	4204 	785 	2855 
462 	1548 	3289 	875 	1940 
463 	4707 	2373 	3358 	4553 
464 	3792 	4987 	2443 	3638 
465 	1262 	2876 	589 	5056 
466 	1352 	1961 	679 	4141 
467 	1442 	4574 	769 	3225 
468 	1532 	3659 	859 	2310 
469 	1622 	2744 	949 	4923 
470 	4162 	1828 	2813 	4008 
471 	3246 	4442 	1898 	3093 
472 	1336 	2331 	663 	4511 
473 	1426 	4945 	753 	3596 
474 	1516 	4029 	843 	2680 
475 	1606 	3114 	933 	1765 
476 	4532 	2198 	3183 	4378 
477 	3617 	4812 	2268 	3463 
478 	1320 	2701 	647 	4881 
479 	1410 	1786 	737 	3966 
480 	1500 	4399 	827 	3050 
481 	1590 	3484 	917 	2135 
482 	4902 	2569 	3554 	4748 
483 	3987 	5182 	2638 	3833 
484 	1304 	3071 	631 	5251 
485 	1394 	2156 	721 	4336 
486 	1484 	4770 	811 	3420 
487 	1574 	3854 	901 	2505 
488 	1664 	2939 	991 	5119 
489 	4357 	2023 	3008 	4203 
490 	3442 	4637 	2093 	3288 
491 	1378 	2526 	705 	4706 
492 	1468 	5140 	795 	3791 
493 	1558 	4224 	885 	2875 
494 	1648 	3309 	975 	1960 
495 	4727 	2394 	3378 	4573 
496 	3812 	5007 	2463 	3658 
497 	1362 	2896 	689 	5076 
498 	1452 	1981 	779 	4161 
499 	1542 	4595 	869 	3245 
500 	1632 	3679 	959 	2330 
501 	5097 	2764 	3749 	4944 
502 	4182 	1848 	2833 	4028 
503 	3267 	4462 	1918 	3113 
504 	1436 	2351 	763 	4531 
505 	1526 	4965 	853 	3616 
506 	1616 	4049 	943 	2700 
507 	1706 	3134 	1033 	1785 
508 	4552 	2219 	3203 	4398 
509 	3637 	4832 	2288 	3483 
510 	1420 	2721 	747 	4901 
511 	1510 	1806 	837 	3986 
512 	1600 	4420 	927 	3070 
513 	1690 	3504 	1017 	2155 
514 	4922 	2589 	3574 	4769 
515 	4007 	5202 	2658 	3853 
516 	1404 	3092 	731 	5271 
517 	1494 	2176 	821 	4356 
518 	1584 	4790 	911 	3441 
519 	1674 	3874 	1001 	2525 
520 	1764 	2959 	3944 	5139 
521 	4377 	2044 	3028 	4223 
522 	3462 	4657 	2113 	3308 
523 	1478 	2546 	805 	4726 
524 	1568 	5160 	895 	3811 
525 	1658 	4245 	985 	2895 
526 	1748 	3329 	1075 	1980 
527 	4747 	2414 	3398 	4594 
528 	3832 	5027 	2483 	3678 
529 	1462 	2917 	789 	5096 
530 	1552 	2001 	879 	4181 
531 	1642 	4615 	969 	3266 
532 	1732 	3699 	1059 	2350 
533 	5118 	2784 	3769 	4964 
534 	4202 	1869 	2853 	4048 
535 	1446 	3287 	773 	1938 
536 	1536 	2371 	863 	4551 
537 	1626 	4985 	953 	3636 
538 	1716 	4070 	1043 	2720 
539 	42 	3154 	1133 	1805 
540 	4572 	2239 	3223 	4419 
541 	3657 	4852 	2308 	3503 
542 	1520 	2742 	847 	4921 
543 	1610 	1826 	937 	4006 
544 	1700 	4440 	1027 	3091 
545 	26 	3524 	1117 	2175 
546 	4943 	2609 	3594 	4789 
547 	4027 	5222 	2678 	3873 
548 	1504 	3112 	831 	5291 
549 	1594 	2196 	921 	4376 
550 	1684 	4810 	1011 	3461 
551 	10 	3895 	1101 	2545 
552 	1784 	2979 	3964 	5159 
553 	4397 	2064 	3048 	4244 
554 	1488 	3482 	815 	2133 
555 	1578 	2567 	905 	4746 
556 	1668 	5180 	995 	3831 
557 	1758 	4265 	1085 	2916 
558 	84 	3349 	1175 	2000 
559 	4768 	2434 	3418 	4614 
560 	3852 	5047 	2503 	3698 
561 	1562 	2937 	889 	5117 
562 	1652 	2021 	979 	4201 
563 	1742 	4635 	1069 	3286 
564 	68 	3720 	1159 	2370 
565 	5138 	2804 	3789 	4984 
566 	4222 	1889 	2873 	4069 
567 	1546 	3307 	873 	1958 
568 	1636 	2392 	963 	4571 
569 	1726 	5005 	1053 	3656 
570 	52 	4090 	1143 	2741 
571 	1979 	3174 	4159 	1825 
572 	4593 	2259 	3243 	4439 
573 	3677 	4872 	2328 	3523 
574 	1620 	2762 	947 	4942 
575 	1710 	1846 	1037 	4026 
576 	36 	4460 	1127 	3111 
577 	126 	3545 	1217 	2195 
578 	4963 	2629 	3614 	4809 
579 	4047 	5242 	2698 	3894 
580 	1604 	3132 	931 	1783 
581 	1694 	2217 	1021 	4396 
582 	20 	4830 	1111 	3481 
583 	110 	3915 	1201 	2566 
584 	1804 	2999 	3984 	5179 
585 	4418 	2084 	3068 	4264 
586 	1588 	3502 	915 	2153 
587 	1678 	2587 	1005 	4767 
588 	4 	5200 	1095 	3851 
589 	94 	4285 	1185 	2936 
590 	184 	3369 	1275 	2020 
591 	4788 	2454 	3438 	4634 
592 	3872 	5067 	2523 	3719 
593 	1662 	2957 	989 	5137 
594 	1752 	2042 	1079 	4221 
595 	78 	4655 	1169 	3306 
596 	168 	3740 	1259 	2391 
597 	5158 	2824 	3809 	5004 
598 	4243 	1909 	2893 	4089 
599 	1646 	3327 	973 	1978 
600 	1736 	2412 	1063 	4592 
601 	62 	5025 	1153 	3676 
602 	152 	4110 	1243 	2761 
603 	1999 	3194 	4179 	1845 
604 	4613 	2279 	3264 	4459 
605 	1630 	3697 	957 	2348 
606 	1720 	2782 	1047 	4962 
607 	46 	1867 	1137 	4046 
608 	136 	4480 	1227 	3131 
609 	226 	3565 	1317 	2216 
610 	4983 	2649 	3634 	4829 
611 	4068 	5262 	2718 	3914 
612 	1704 	3152 	1031 	1803 
613 	30 	2237 	1121 	4417 
614 	120 	4850 	1211 	3501 
615 	210 	3935 	1301 	2586 
616 	1824 	3019 	4004 	5199 
617 	4438 	2104 	3089 	4284 
618 	1688 	3522 	1015 	2173 
619 	14 	2607 	1105 	4787 
620 	104 	5220 	1195 	3871 
621 	194 	4305 	1285 	2956 
622 	2194 	3389 	4374 	2041 
623 	4808 	2474 	3459 	4654 
624 	1672 	3893 	999 	2543 
625 	1762 	2977 	1089 	5157 
626 	88 	2062 	1179 	4242 
627 	178 	4675 	1269 	3326 
628 	268 	3760 	1359 	2411 
629 	5178 	2844 	3829 	5024 
630 	4263 	1929 	2914 	4109 
631 	1746 	3347 	1073 	1998 
632 	72 	2432 	1163 	4612 
633 	162 	5045 	1253 	3696 
634 	252 	4130 	1343 	2781 
635 	2019 	3214 	4199 	1866 
636 	4633 	2299 	3284 	4479 
637 	1730 	3718 	1057 	2368 
638 	56 	2802 	1147 	4982 
639 	146 	1887 	1237 	4067 
640 	236 	4500 	1327 	3151 
641 	2390 	3585 	4569 	2236 
642 	5003 	2669 	3654 	4849 
643 	4088 	5282 	2739 	3934 
644 	40 	3172 	1131 	1823 
645 	130 	2257 	1221 	4437 
646 	220 	4870 	1311 	3521 
647 	310 	3955 	1401 	2606 
648 	1844 	3039 	4024 	5219 
649 	4458 	2124 	3109 	4304 
650 	24 	3543 	1115 	2193 
651 	114 	2627 	1205 	4807 
652 	204 	5240 	1295 	3892 
653 	294 	4325 	1385 	2976 
654 	2215 	3409 	4394 	2061 
655 	4828 	2494 	3479 	4674 
656 	8 	3913 	1099 	2564 
657 	98 	2997 	1189 	5177 
658 	188 	2082 	1279 	4262 
659 	278 	4695 	1369 	3346 
660 	368 	3780 	1459 	2431 
661 	5198 	2864 	3849 	5044 
662 	4283 	1949 	2934 	4129 
663 	82 	3367 	1173 	2018 
664 	172 	2452 	1263 	4632 
665 	262 	5065 	1353 	3717 
666 	352 	4150 	1443 	2801 
667 	2040 	3234 	4219 	1886 
668 	4653 	2319 	3304 	4499 
669 	66 	3738 	1157 	2389 
670 	156 	2822 	1247 	5002 
671 	246 	1907 	1337 	4087 
672 	336 	4520 	1427 	3171 
673 	2410 	3605 	4590 	2256 
674 	5023 	2689 	3674 	4869 
675 	50 	4108 	1141 	2759 
676 	140 	3192 	1231 	1843 
677 	230 	2277 	1321 	4457 
678 	320 	4890 	1411 	3542 
679 	410 	3975 	1501 	2626 
680 	1865 	3059 	4044 	5239 
681 	4478 	2144 	3129 	4324 
682 	124 	3563 	1215 	2214 
683 	214 	2647 	1305 	4827 
684 	304 	5260 	1395 	3912 
685 	394 	4345 	1485 	2996 
686 	2235 	3429 	4415 	2081 
687 	4848 	2514 	3499 	4694 
688 	108 	3933 	1199 	2584 
689 	198 	3017 	1289 	5197 
690 	288 	2102 	1379 	4282 
691 	378 	4715 	1469 	3366 
692 	2605 	3800 	4785 	2451 
693 	5218 	2884 	3869 	5064 
694 	4303 	1969 	2954 	4149 
695 	182 	3387 	1273 	2039 
696 	272 	2472 	1363 	4652 
697 	362 	5085 	1453 	3737 
698 	452 	4170 	1543 	2821 
699 	2060 	3254 	4240 	1906 
700 	4673 	2339 	3324 	4519 
701 	166 	3758 	1257 	2409 
702 	256 	2842 	1347 	5022 
703 	346 	1927 	1437 	4107 
704 	436 	4540 	1527 	3191 
705 	2430 	3625 	4610 	2276 
706 	5043 	2709 	3694 	4889 
707 	150 	4128 	1241 	2779 
708 	240 	3212 	1331 	1864 
709 	330 	2297 	1421 	4477 
710 	420 	4910 	1511 	3562 
711 	510 	3995 	1601 	2646 
712 	1885 	3079 	4065 	5259 
713 	4498 	2164 	3149 	4344 
714 	224 	3583 	1315 	2234 
715 	314 	2667 	1405 	4847 
716 	404 	5280 	1495 	3932 
717 	494 	4365 	1585 	3016 
718 	2255 	3450 	4435 	2101 
719 	4868 	2534 	3519 	4714 
720 	208 	3953 	1299 	2604 
721 	298 	3037 	1389 	5217 
722 	388 	2122 	1479 	4302 
723 	478 	4735 	1569 	3386 
724 	2625 	3820 	4805 	2471 
725 	5238 	2904 	3890 	5084 
726 	192 	4323 	1283 	2974 
727 	282 	3407 	1373 	2059 
728 	372 	2492 	1463 	4672 
729 	462 	5105 	1553 	3757 
730 	552 	4190 	1643 	2841 
731 	2080 	3275 	4260 	1926 
732 	4693 	2359 	3344 	4539 
733 	266 	3778 	1357 	2429 
734 	356 	2862 	1447 	5042 
735 	446 	1947 	1537 	4127 
736 	536 	4560 	1627 	3211 
737 	2450 	3645 	4630 	2296 
738 	5063 	2729 	3715 	4909 
739 	250 	4148 	1341 	2799 
740 	340 	3232 	1431 	1884 
741 	430 	2317 	1521 	4497 
742 	520 	4930 	1611 	3582 
743 	2820 	4015 	5000 	2666 
744 	1905 	3100 	4085 	5279 
745 	234 	4518 	1325 	3169 
746 	324 	3603 	1415 	2254 
747 	414 	2687 	1505 	4867 
748 	504 	1772 	1595 	3952 
749 	594 	4385 	1685 	3036 
750 	2275 	3470 	4455 	2121 
751 	4888 	2554 	3540 	4734 
752 	308 	3973 	1399 	2624 
753 	398 	3057 	1489 	5237 
754 	488 	2142 	1579 	4322 
755 	578 	4755 	1669 	3406 
756 	2645 	3840 	4825 	2491 
757 	5258 	2925 	3910 	5104 
758 	292 	4343 	1383 	2994 
759 	382 	3427 	1473 	2079 
760 	472 	2512 	1563 	4692 
761 	562 	5126 	1653 	3777 
762 	3015 	4210 	5195 	2861 
763 	2100 	3295 	4280 	1946 
764 	4713 	2379 	3364 	4559 
765 	366 	3798 	1457 	2449 
766 	456 	2882 	1547 	5062 
767 	546 	1967 	1637 	4147 
768 	636 	4580 	1727 	3231 
769 	2470 	3665 	4650 	2316 
770 	5083 	2750 	3735 	4929 
771 	350 	4168 	1441 	2819 
772 	440 	3252 	1531 	1904 
773 	530 	2337 	1621 	4517 
774 	620 	4951 	1711 	3602 
775 	2840 	4035 	5020 	2686 
776 	1925 	3120 	4105 	1771 
777 	334 	4538 	1425 	3189 
778 	424 	3623 	1515 	2274 
779 	514 	2707 	1605 	4887 
780 	604 	1792 	1695 	3972 
781 	694 	4405 	21 	3056 
782 	2295 	3490 	4475 	2141 
783 	4908 	2575 	3560 	4754 
784 	408 	3993 	1499 	2644 
785 	498 	3077 	1589 	5257 
786 	588 	2162 	1679 	4342 
787 	678 	4776 	5 	3426 
788 	2665 	3860 	4845 	2511 
789 	5278 	2945 	3930 	5125 
790 	392 	4363 	1483 	3014 
791 	482 	3448 	1573 	2099 
792 	572 	2532 	1663 	4712 
793 	662 	5146 	1753 	3797 
794 	3035 	4230 	5215 	2881 
795 	2120 	3315 	4300 	1966 
796 	376 	4733 	1467 	3384 
797 	466 	3818 	1557 	2469 
798 	556 	2902 	1647 	5082 
799 	646 	1987 	1737 	4167 
800 	736 	4601 	63 	3251 
801 	2490 	3685 	4670 	2336 
802 	5103 	2770 	3755 	4950 
803 	450 	4188 	1541 	2839 
804 	540 	3273 	1631 	1924 
805 	630 	2357 	1721 	4537 
806 	720 	4971 	47 	3622 
807 	2860 	4055 	5040 	2706 
808 	1945 	3140 	4125 	1791 
809 	434 	4558 	1525 	3209 
810 	524 	3643 	1615 	2294 
811 	614 	2727 	1705 	4907 
812 	704 	1812 	31 	3992 
813 	3230 	4426 	1882 	3076 
814 	2315 	3510 	4495 	2161 
815 	418 	4928 	1509 	3580 
816 	508 	4013 	1599 	2664 
817 	598 	3098 	1689 	5277 
818 	688 	2182 	15 	4362 
819 	778 	4796 	105 	3447 
820 	2685 	3880 	4865 	2531 
821 	1770 	2965 	3950 	5145 
822 	492 	4383 	1583 	3034 
823 	582 	3468 	1673 	2119 
824 	672 	2552 	1763 	4732 
825 	762 	5166 	89 	3817 
826 	3055 	4251 	5235 	2901 
827 	2140 	3335 	4320 	1986 
828 	476 	4753 	1567 	3404 
829 	566 	3838 	1657 	2489 
830 	656 	2923 	1747 	5102 
831 	746 	2007 	73 	4187 
832 	3425 	4621 	2077 	3272 
833 	2510 	3706 	4690 	2356 
834 	5124 	2790 	3775 	4970 
835 	550 	4208 	1641 	2859 
836 	640 	3293 	1731 	1944 
837 	730 	2377 	57 	4557 
838 	820 	4991 	147 	3642 
839 	2880 	4076 	5060 	2726 
840 	1965 	3160 	4145 	1811 
841 	534 	4578 	1625 	3229 
842 	624 	3663 	1715 	2314 
843 	714 	2748 	41 	4927 
844 	804 	1832 	131 	4012 
845 	3250 	4446 	1902 	3097 
846 	2335 	3531 	4515 	2181 
847 	518 	4949 	1609 	3600 
848 	608 	4033 	1699 	2684 
849 	698 	3118 	25 	1769 
850 	788 	2202 	115 	4382 
851 	878 	4816 	205 	3467 
852 	2705 	3901 	4885 	2551 
853 	1790 	2985 	3970 	5165 
854 	592 	4403 	1683 	3054 
855 	682 	3488 	9 	2139 
856 	772 	2573 	99 	4752 
857 	862 	5186 	189 	3837 
858 	3075 	4271 	5255 	2922 
859 	2160 	3355 	4340 	2006 
860 	576 	4774 	1667 	3424 
861 	666 	3858 	1757 	2509 
862 	756 	2943 	83 	5123 
863 	846 	2027 	173 	4207 
864 	3446 	4641 	2097 	3292 
865 	2530 	3726 	4710 	2376 
866 	560 	5144 	1651 	3795 
867 	650 	4228 	1741 	2879 
868 	740 	3313 	67 	1964 
869 	830 	2398 	157 	4577 
870 	920 	5011 	247 	3662 
871 	2900 	4096 	5080 	2747 
872 	1985 	3180 	4165 	1831 
873 	634 	4599 	1725 	3249 
874 	724 	3683 	51 	2334 
875 	814 	2768 	141 	4948 
876 	904 	1853 	231 	4032 
877 	3271 	4466 	1922 	3117 
878 	2355 	3551 	4535 	2201 
879 	618 	4969 	1709 	3620 
880 	708 	4053 	35 	2704 
881 	798 	3138 	125 	1789 
882 	888 	2223 	215 	4402 
883 	3641 	4836 	2292 	3487 
884 	2725 	3921 	4905 	2572 
885 	1810 	3005 	3990 	5185 
886 	692 	4424 	19 	3074 
887 	782 	3508 	109 	2159 
888 	872 	2593 	199 	4773 
889 	962 	5206 	289 	3857 
890 	3096 	4291 	5275 	2942 
891 	2180 	3375 	4360 	2026 
892 	676 	4794 	3 	3445 
893 	766 	3878 	93 	2529 
894 	856 	2963 	183 	5143 
895 	946 	2048 	273 	4227 
896 	3466 	4661 	2117 	3312 
897 	2550 	3746 	4730 	2397 
898 	660 	5164 	1751 	3815 
899 	750 	4249 	77 	2899 
900 	840 	3333 	167 	1984 
901 	930 	2418 	257 	4598 
902 	1020 	5031 	347 	3682 
903 	2921 	4116 	5100 	2767 
904 	2005 	3200 	4185 	1851 
905 	734 	4619 	61 	3270 
906 	824 	3703 	151 	2354 
907 	914 	2788 	241 	4968 
908 	1004 	1873 	331 	4052 
909 	3291 	4486 	1942 	3137 
910 	2375 	3571 	4555 	2222 
911 	718 	4989 	45 	3640 
912 	808 	4074 	135 	2724 
913 	898 	3158 	225 	1809 
914 	988 	2243 	315 	4423 
915 	3661 	4856 	2312 	3507 
916 	2746 	3941 	4925 	2592 
917 	702 	1830 	29 	4010 
918 	792 	4444 	119 	3095 
919 	882 	3529 	209 	2179 
920 	972 	2613 	299 	4793 
921 	1062 	5226 	389 	3877 
922 	3116 	4311 	1767 	2962 
923 	2200 	3395 	4380 	2047 
924 	776 	4814 	103 	3465 
925 	866 	3899 	193 	2549 
926 	956 	2983 	283 	5163 
927 	1046 	2068 	373 	4248 
928 	3486 	4681 	2137 	3332 
929 	2571 	3766 	4750 	2417 
930 	760 	5184 	87 	3835 
931 	850 	4269 	177 	2920 
932 	940 	3353 	267 	2004 
933 	1030 	2438 	357 	4618 
934 	3856 	5051 	2507 	3702 
935 	2941 	4136 	5121 	2787 
936 	744 	2025 	71 	4205 
937 	834 	4639 	161 	3290 
938 	924 	3724 	251 	2374 
939 	1014 	2808 	341 	4988 
940 	1104 	1893 	431 	4073 
941 	3311 	4506 	1962 	3157 
942 	2396 	3591 	4575 	2242 
943 	818 	5009 	145 	3660 
944 	908 	4094 	235 	2745 
945 	998 	3178 	325 	1829 
946 	1088 	2263 	415 	4443 
947 	3681 	4876 	2332 	3527 
948 	2766 	3961 	4946 	2612 
949 	802 	1850 	129 	4030 
950 	892 	4464 	219 	3115 
951 	982 	3549 	309 	2199 
952 	1072 	2633 	399 	4813 
953 	4051 	5246 	2702 	3898 
954 	3136 	4331 	1787 	2982 
955 	2221 	3415 	4400 	2067 
956 	876 	4834 	203 	3485 
957 	966 	3919 	293 	2570 
958 	1056 	3003 	383 	5183 
959 	1146 	2088 	473 	4268 
960 	3506 	4701 	2157 	3352 
961 	2591 	3786 	4771 	2437 
962 	860 	5204 	187 	3855 
963 	950 	4289 	277 	2940 
964 	1040 	3373 	367 	2024 
965 	1130 	2458 	457 	4638 
966 	3876 	5071 	2527 	3723 
967 	2961 	4156 	5141 	2807 
968 	844 	2046 	171 	4225 
969 	934 	4659 	261 	3310 
970 	1024 	3744 	351 	2395 
971 	1114 	2828 	441 	5008 
972 	1204 	1913 	531 	4093 
973 	3331 	4526 	1982 	3177 
974 	2416 	3611 	4596 	2262 
975 	918 	5029 	245 	3680 
976 	1008 	4114 	335 	2765 
977 	1098 	3198 	425 	1849 
978 	1188 	2283 	515 	4463 
979 	3701 	4896 	2352 	3548 
980 	2786 	3981 	4966 	2632 
981 	902 	1871 	229 	4050 
982 	992 	4484 	319 	3135 
983 	1082 	3569 	409 	2220 
984 	1172 	2653 	499 	4833 
985 	4072 	5266 	2722 	3918 
986 	3156 	4351 	1807 	3002 
987 	886 	2241 	213 	4421 
988 	976 	4854 	303 	3505 
989 	1066 	3939 	393 	2590 
990 	1156 	3023 	483 	5203 
991 	1246 	2108 	573 	4288 
992 	3526 	4721 	2177 	3372 
993 	2611 	3806 	4791 	2457 
994 	960 	5224 	287 	3875 
995 	1050 	4309 	377 	2960 
996 	1140 	3393 	467 	2045 
997 	1230 	2478 	557 	4658 
998 	3897 	5091 	2547 	3743 
999 	2981 	4176 	5161 	2827 
1000 	944 	2066 	271 	4246 
1001 	1034 	4679 	361 	3330 
1002 	1124 	3764 	451 	2415 
1003 	1214 	2848 	541 	5028 
1004 	4267 	1933 	2918 	4113 
1005 	3351 	4546 	2002 	3197 
1006 	2436 	3631 	4616 	2282 
1007 	1018 	5049 	345 	3700 
1008 	1108 	4134 	435 	2785 
1009 	1198 	3218 	525 	1870 
1010 	1288 	2303 	615 	4483 
1011 	3722 	4916 	2372 	3568 
1012 	2806 	4001 	4986 	2652 
1013 	1002 	1891 	329 	4071 
1014 	1092 	4504 	419 	3155 
1015 	1182 	3589 	509 	2240 
1016 	1272 	2673 	599 	4853 
1017 	4092 	5286 	2743 	3938 
1018 	3176 	4371 	1827 	3022 
1019 	986 	2261 	313 	4441 
1020 	1076 	4874 	403 	3525 
1021 	1166 	3959 	493 	2610 
1022 	1256 	3043 	583 	5223 
1023 	1346 	2128 	673 	4308 
1024 	3547 	4741 	2197 	3392 
1025 	2631 	3826 	4811 	2477 
1026 	1060 	5244 	387 	3896 
1027 	1150 	4329 	477 	2980 
1028 	1240 	3413 	567 	2065 
1029 	1330 	2498 	657 	4678 
1030 	3917 	5111 	2568 	3763 
1031 	3001 	4196 	5181 	2847 
1032 	1044 	2086 	371 	4266 
1033 	1134 	4699 	461 	3350 
1034 	1224 	3784 	551 	2435 
1035 	1314 	2868 	641 	5048 
1036 	4287 	1953 	2938 	4133 
1037 	3371 	4566 	2022 	3217 
1038 	1028 	2456 	355 	4636 
1039 	1118 	5069 	445 	3721 
1040 	1208 	4154 	535 	2805 
1041 	1298 	3238 	625 	1890 
1042 	1388 	2323 	715 	4503 
1043 	3742 	4936 	2393 	3588 
1044 	2826 	4021 	5006 	2672 
1045 	1102 	1911 	429 	4091 
1046 	1192 	4524 	519 	3175 
1047 	1282 	3609 	609 	2260 
1048 	1372 	2693 	699 	4873 
1049 	4112 	1778 	2763 	3958 
1050 	3196 	4391 	1847 	3042 
1051 	1086 	2281 	413 	4461 
1052 	1176 	4894 	503 	3546 
1053 	1266 	3979 	593 	2630 
1054 	1356 	3063 	683 	5243 
1055 	4482 	2148 	3133 	4328 
1056 	3567 	4761 	2218 	3412 
1057 	1070 	2651 	397 	4831 
1058 	1160 	5264 	487 	3916 
1059 	1250 	4349 	577 	3000 
1060 	1340 	3433 	667 	2085 
1061 	1430 	2518 	757 	4698 
1062 	3937 	5132 	2588 	3783 
1063 	3021 	4216 	5201 	2867 
1064 	1144 	2106 	471 	4286 
1065 	1234 	4719 	561 	3370 
1066 	1324 	3804 	651 	2455 
1067 	1414 	2888 	741 	5068 
1068 	4307 	1973 	2958 	4153 
1069 	3391 	4587 	2043 	3237 
1070 	1128 	2476 	455 	4656 
1071 	1218 	5089 	545 	3741 
1072 	1308 	4174 	635 	2825 
1073 	1398 	3258 	725 	1910 
1074 	4677 	2343 	3328 	4523 
1075 	3762 	4957 	2413 	3608 
1076 	2846 	4041 	5026 	2692 
1077 	1202 	1931 	529 	4111 
1078 	1292 	4544 	619 	3195 
1079 	1382 	3629 	709 	2280 
1080 	1472 	2713 	799 	4893 
1081 	4132 	1798 	2783 	3978 
1082 	3216 	4412 	1868 	3062 
1083 	1186 	2301 	513 	4481 
1084 	1276 	4914 	603 	3566 
1085 	1366 	3999 	693 	2650 
1086 	1456 	3083 	783 	5263 
1087 	4502 	2168 	3153 	4348 
1088 	3587 	4782 	2238 	3432 
1089 	1170 	2671 	497 	4851 
1090 	1260 	5284 	587 	3936 
1091 	1350 	4369 	677 	3020 
1092 	1440 	3454 	767 	2105 
1093 	1530 	2538 	857 	4718 
1094 	3957 	5152 	2608 	3803 
1095 	3041 	4237 	5221 	2887 
1096 	1244 	2126 	571 	4306 
1097 	1334 	4739 	661 	3390 
1098 	1424 	3824 	751 	2475 
1099 	1514 	2908 	841 	5088 
1100 	4327 	1993 	2978 	4173 
1101 	3411 	4607 	2063 	3257 
1102 	1228 	2496 	555 	4676 
1103 	1318 	5109 	645 	3761 
1104 	1408 	4194 	735 	2845 
1105 	1498 	3279 	825 	1930 
1106 	4697 	2363 	3348 	4543 
1107 	3782 	4977 	2433 	3628 
1108 	1212 	2866 	539 	5046 
1109 	1302 	1951 	629 	4131 
1110 	1392 	4564 	719 	3215 
1111 	1482 	3649 	809 	2300 
1112 	1572 	2733 	899 	4913 
1113 	4152 	1818 	2803 	3998 
1114 	3236 	4432 	1888 	3082 
1115 	1286 	2321 	613 	4501 
1116 	1376 	4934 	703 	3586 
1117 	1466 	4019 	793 	2670 
1118 	1556 	3104 	883 	5283 
1119 	4522 	2188 	3173 	4368 
1120 	3607 	4802 	2258 	3453 
1121 	1270 	2691 	597 	4871 
1122 	1360 	1776 	687 	3956 
1123 	1450 	4389 	777 	3040 
1124 	1540 	3474 	867 	2125 
1125 	4892 	2559 	3544 	4738 
1126 	3977 	5172 	2628 	3823 
1127 	1254 	3061 	581 	5241 
1128 	1344 	2146 	671 	4326 
1129 	1434 	4759 	761 	3410 
1130 	1524 	3844 	851 	2495 
1131 	1614 	2929 	941 	5108 
1132 	4347 	2013 	2998 	4193 
1133 	3431 	4627 	2083 	3278 
1134 	1328 	2516 	655 	4696 
1135 	1418 	5130 	745 	3781 
1136 	1508 	4214 	835 	2865 
1137 	1598 	3299 	925 	1950 
1138 	4717 	2384 	3368 	4563 
1139 	3802 	4997 	2453 	3648 
1140 	1312 	2886 	639 	5066 
1141 	1402 	1971 	729 	4151 
1142 	1492 	4584 	819 	3235 
1143 	1582 	3669 	909 	2320 
1144 	5087 	2754 	3739 	4933 
1145 	4172 	1838 	2823 	4018 
1146 	3256 	4452 	1908 	3103 
1147 	1386 	2341 	713 	4521 
1148 	1476 	4955 	803 	3606 
1149 	1566 	4039 	893 	2690 
1150 	1656 	3124 	983 	1775 
1151 	4542 	2209 	3193 	4388 
1152 	3627 	4822 	2278 	3473 
1153 	1370 	2711 	697 	4891 
1154 	1460 	1796 	787 	3976 
1155 	1550 	4409 	877 	3060 
1156 	1640 	3494 	967 	2145 
1157 	4912 	2579 	3564 	4758 
1158 	3997 	5192 	2648 	3843 
1159 	1354 	3081 	681 	5261 
1160 	1444 	2166 	771 	4346 
1161 	1534 	4780 	861 	3430 
1162 	1624 	3864 	951 	2515 
1163 	1714 	2949 	1041 	5129 
1164 	4367 	2034 	3018 	4213 
1165 	3452 	4647 	2103 	3298 
1166 	1428 	2536 	755 	4716 
1167 	1518 	5150 	845 	3801 
1168 	1608 	4235 	935 	2885 
1169 	1698 	3319 	1025 	1970 
1170 	4737 	2404 	3388 	4583 
1171 	3822 	5017 	2473 	3668 
1172 	1412 	2906 	739 	5086 
1173 	1502 	1991 	829 	4171 
1174 	1592 	4605 	919 	3255 
1175 	1682 	3689 	1009 	2340 
1176 	5107 	2774 	3759 	4954 
1177 	4192 	1859 	2843 	4038 
1178 	1396 	3277 	723 	1928 
1179 	1486 	2361 	813 	4541 
1180 	1576 	4975 	903 	3626 
1181 	1666 	4060 	993 	2710 
1182 	1756 	3144 	1083 	1795 
1183 	4562 	2229 	3213 	4408 
1184 	3647 	4842 	2298 	3493 
1185 	1470 	2731 	797 	4911 
1186 	1560 	1816 	887 	3996 
1187 	1650 	4430 	977 	3080 
1188 	1740 	3514 	1067 	2165 
1189 	4932 	2599 	3584 	4779 
1190 	4017 	5212 	2668 	3863 
1191 	1454 	3102 	781 	5281 
1192 	1544 	2186 	871 	4366 
1193 	1634 	4800 	961 	3451 
1194 	1724 	3885 	1051 	2535 
1195 	1774 	2969 	3954 	5149 
1196 	4387 	2054 	3038 	4233 
1197 	3472 	4667 	2123 	3318 
1198 	1528 	2556 	855 	4736 
1199 	1618 	5170 	945 	3821 
1200 	1708 	4255 	1035 	2905 
1201 	34 	3339 	1125 	1990 
1202 	4757 	2424 	3408 	4604 
1203 	3842 	5037 	2493 	3688 
1204 	1512 	2927 	839 	5106 
1205 	1602 	2011 	929 	4191 
1206 	1692 	4625 	1019 	3276 
1207 	18 	3710 	1109 	2360 
1208 	5128 	2794 	3779 	4974 
1209 	4212 	1879 	2863 	4059 
1210 	1496 	3297 	823 	1948 
1211 	1586 	2382 	913 	4561 
1212 	1676 	4995 	1003 	3646 
1213 	2 	4080 	1093 	2730 
1214 	92 	3164 	1183 	1815 
1215 	4582 	2249 	3233 	4429 
1216 	3667 	4862 	2318 	3513 
1217 	1570 	2752 	897 	4931 
1218 	1660 	1836 	987 	4016 
1219 	1750 	4450 	1077 	3101 
1220 	76 	3535 	1167 	2185 
1221 	4953 	2619 	3604 	4799 
1222 	4037 	5232 	2688 	3884 
1223 	1554 	3122 	881 	1773 
1224 	1644 	2207 	971 	4386 
1225 	1734 	4820 	1061 	3471 
1226 	60 	3905 	1151 	2555 
1227 	1794 	2989 	3974 	5169 
1228 	4407 	2074 	3058 	4254 
1229 	1538 	3492 	865 	2143 
1230 	1628 	2577 	955 	4756 
1231 	1718 	5190 	1045 	3841 
1232 	44 	4275 	1135 	2926 
1233 	134 	3359 	1225 	2010 
1234 	4778 	2444 	3428 	4624 
1235 	3862 	5057 	2513 	3709 
1236 	1612 	2947 	939 	5127 
1237 	1702 	2032 	1029 	4211 
1238 	28 	4645 	1119 	3296 
1239 	118 	3730 	1209 	2380 
1240 	5148 	2814 	3799 	4994 
1241 	4232 	1899 	2883 	4079 
1242 	1596 	3317 	923 	1968 
1243 	1686 	2402 	1013 	4581 
1244 	12 	5015 	1103 	3666 
1245 	102 	4100 	1193 	2751 
1246 	1989 	3184 	4169 	1835 
1247 	4603 	2269 	3253 	4449 
1248 	1580 	3687 	907 	2338 
1249 	1670 	2772 	997 	4952 
1250 	1760 	1857 	1087 	4036 
1251 	86 	4470 	1177 	3121 
1252 	176 	3555 	1267 	2206 
1253 	4973 	2639 	3624 	4819 
1254 	4058 	5252 	2708 	3904 
1255 	1654 	3142 	981 	1793 
1256 	1744 	2227 	1071 	4406 
1257 	70 	4840 	1161 	3491 
1258 	160 	3925 	1251 	2576 
1259 	1814 	3009 	3994 	5189 
1260 	4428 	2094 	3078 	4274 
1261 	1638 	3512 	965 	2163 
1262 	1728 	2597 	1055 	4777 
1263 	54 	5210 	1145 	3861 
1264 	144 	4295 	1235 	2946 
1265 	2184 	3379 	4364 	2031 
1266 	4798 	2464 	3449 	4644 
1267 	3883 	5077 	2533 	3729 
1268 	1712 	2967 	1039 	5147 
1269 	38 	2052 	1129 	4231 
1270 	128 	4665 	1219 	3316 
1271 	218 	3750 	1309 	2401 
1272 	5168 	2834 	3819 	5014 
1273 	4253 	1919 	2903 	4099 
1274 	1696 	3337 	1023 	1988 
1275 	22 	2422 	1113 	4602 
1276 	112 	5035 	1203 	3686 
1277 	202 	4120 	1293 	2771 
1278 	2009 	3204 	4189 	1856 
1279 	4623 	2289 	3274 	4469 
1280 	1680 	3708 	1007 	2358 
1281 	6 	2792 	1097 	4972 
1282 	96 	1877 	1187 	4056 
1283 	186 	4490 	1277 	3141 
1284 	276 	3575 	1367 	2226 
1285 	4993 	2659 	3644 	4839 
1286 	4078 	5272 	2728 	3924 
1287 	1754 	3162 	1081 	1813 
1288 	80 	2247 	1171 	4427 
1289 	170 	4860 	1261 	3511 
1290 	260 	3945 	1351 	2596 
1291 	1834 	3029 	4014 	5209 
1292 	4448 	2114 	3099 	4294 
1293 	1738 	3533 	1065 	2183 
1294 	64 	2617 	1155 	4797 
1295 	154 	5230 	1245 	3882 
1296 	244 	4315 	1335 	2966 
1297 	2204 	3399 	4384 	2051 
1298 	4818 	2484 	3469 	4664 
1299 	1722 	3903 	1049 	2553 
1300 	48 	2987 	1139 	5167 
1301 	138 	2072 	1229 	4252 
1302 	228 	4685 	1319 	3336 
1303 	318 	3770 	1409 	2421 
1304 	5188 	2854 	3839 	5034 
1305 	4273 	1939 	2924 	4119 
1306 	32 	3357 	1123 	2008 
1307 	122 	2442 	1213 	4622 
1308 	212 	5055 	1303 	3707 
1309 	302 	4140 	1393 	2791 
1310 	2030 	3224 	4209 	1876 
1311 	4643 	2309 	3294 	4489 
1312 	16 	3728 	1107 	2378 
1313 	106 	2812 	1197 	4992 
1314 	196 	1897 	1287 	4077 
1315 	286 	4510 	1377 	3161 
1316 	2400 	3595 	4579 	2246 
1317 	5013 	2679 	3664 	4859 
