FR80T25X32L2
Channel Interleaving, Puncturing and Mapping to 32-QAM
User data=2240, with flush=2244, Channel Symbols=1098, Channel Bits=5490, p=1623, q=1623, Coding Rate=0.408015

Symbol	b4 	b3 	b2 	b1 	b0 
0 	2714 	5617 	1292 	3830 	0 
1 	3799 	6702 	2077 	4916 	785 
2 	4886 	763 	3098 	6001 	1570 
3 	5971 	1548 	4184 	256 	2397 
4 	234 	2367 	5270 	1041 	3483 
5 	1019 	3452 	6355 	1826 	4569 
6 	1804 	4538 	512 	2751 	5654 
7 	2721 	5624 	1297 	3837 	5 
8 	3806 	6709 	2082 	4923 	790 
9 	4892 	768 	3105 	6008 	1575 
10 	5978 	1553 	4191 	261 	2404 
11 	239 	2374 	5277 	1046 	3490 
12 	1024 	3459 	6362 	1831 	4576 
13 	1809 	4545 	517 	2758 	5661 
14 	2728 	5631 	1302 	3844 	10 
15 	3813 	6716 	2087 	4930 	795 
16 	4899 	773 	3112 	6015 	1580 
17 	5985 	1558 	4198 	266 	2411 
18 	244 	2381 	5284 	1051 	3497 
19 	1029 	3466 	6369 	1836 	4583 
20 	1814 	4552 	522 	2765 	5668 
21 	2735 	5638 	1307 	3851 	15 
22 	3820 	6723 	2092 	4937 	800 
23 	4906 	778 	3119 	6022 	1585 
24 	5992 	1563 	4205 	271 	2418 
25 	249 	2388 	5291 	1056 	3504 
26 	1034 	3473 	6376 	1841 	4590 
27 	1819 	4559 	527 	2772 	5675 
28 	2742 	5645 	1312 	3858 	20 
29 	3827 	6730 	2097 	4944 	805 
30 	4913 	783 	3126 	6029 	1590 
31 	5999 	1568 	4211 	276 	2425 
32 	254 	2395 	5298 	1061 	3510 
33 	1039 	3480 	6383 	1846 	4597 
34 	1824 	4566 	532 	2779 	5682 
35 	2749 	5651 	1317 	3864 	25 
36 	3834 	3 	2102 	4950 	810 
37 	4920 	788 	3133 	6036 	1595 
38 	6005 	1573 	4218 	281 	2432 
39 	259 	2402 	5304 	1066 	3517 
40 	1044 	3487 	6390 	1851 	4603 
41 	1829 	4573 	537 	2786 	5689 
42 	2756 	5658 	1322 	3871 	30 
43 	3841 	8 	2107 	4957 	815 
44 	4927 	793 	3140 	6043 	1600 
45 	6012 	1578 	4225 	286 	2439 
46 	264 	2409 	5311 	1071 	3524 
47 	1049 	3494 	6397 	1856 	4610 
48 	1834 	4580 	542 	2793 	5696 
49 	2762 	5665 	1327 	3878 	35 
50 	3848 	13 	2112 	4964 	820 
51 	4934 	798 	3147 	6050 	1605 
52 	6019 	1583 	4232 	291 	2446 
53 	269 	2415 	5318 	1076 	3531 
54 	1054 	3501 	6404 	1861 	4617 
55 	1839 	4587 	547 	2800 	5703 
56 	2769 	5672 	1332 	3885 	40 
57 	3855 	18 	2117 	4971 	825 
58 	4941 	803 	3154 	6057 	1610 
59 	6026 	1588 	4239 	296 	2453 
60 	274 	2422 	5325 	1081 	3538 
61 	1059 	3508 	6411 	1866 	4624 
62 	1844 	4594 	552 	2807 	5710 
63 	2776 	5679 	1337 	3892 	45 
64 	3862 	23 	2122 	4978 	830 
65 	4948 	808 	3161 	6064 	1615 
66 	6033 	1593 	4246 	301 	2460 
67 	279 	2429 	5332 	1086 	3545 
68 	1064 	3515 	6417 	1871 	4631 
69 	1849 	4601 	557 	2814 	5716 
70 	2783 	5686 	1342 	3899 	50 
71 	3869 	28 	2127 	4985 	835 
72 	4955 	813 	3168 	6070 	1620 
73 	6040 	1598 	4253 	306 	2467 
74 	284 	2436 	5339 	1091 	3552 
75 	1069 	3522 	6424 	1876 	4638 
76 	1854 	4608 	562 	2821 	5723 
77 	2790 	5693 	1347 	3906 	55 
78 	3875 	33 	2132 	4992 	840 
79 	4962 	818 	3175 	6077 	1625 
80 	6047 	1603 	4260 	311 	2474 
81 	289 	2443 	5346 	1096 	3559 
82 	1074 	3528 	6431 	1881 	4645 
83 	1859 	4615 	567 	2827 	5730 
84 	2797 	5700 	1352 	3913 	60 
85 	3882 	38 	2137 	4999 	845 
86 	4968 	823 	3181 	6084 	1630 
87 	6054 	1608 	4267 	316 	2480 
88 	294 	2450 	5353 	1101 	3566 
89 	1079 	3535 	6438 	1886 	4652 
90 	1864 	4621 	572 	2834 	5737 
91 	2804 	5707 	1357 	3920 	65 
92 	3889 	43 	2142 	5006 	850 
93 	4975 	828 	3188 	6091 	1635 
94 	6061 	1613 	4274 	321 	2487 
95 	299 	2457 	5360 	1106 	3573 
96 	1084 	3542 	6445 	1891 	4659 
97 	1869 	4628 	577 	2841 	5744 
98 	2811 	5714 	1362 	3927 	70 
99 	3896 	48 	2147 	5013 	855 
100 	4982 	833 	3195 	6098 	1640 
101 	6068 	1618 	4281 	326 	2494 
102 	304 	2464 	5367 	1111 	3580 
103 	1089 	3549 	6452 	1896 	4666 
104 	1874 	4635 	582 	2848 	5751 
105 	2818 	5721 	1367 	3934 	75 
106 	3903 	53 	2152 	5020 	860 
107 	4989 	838 	3202 	6105 	1645 
108 	6075 	1623 	4288 	331 	2501 
109 	309 	2471 	5374 	1116 	3587 
110 	1094 	3556 	6459 	1901 	4673 
111 	1879 	4642 	587 	2855 	5758 
112 	2825 	5728 	1372 	3940 	80 
113 	3910 	58 	2157 	5027 	865 
114 	4996 	843 	3209 	6112 	1650 
115 	6081 	1628 	4294 	336 	2508 
116 	314 	2478 	5380 	1121 	3593 
117 	1099 	3563 	6466 	1906 	4679 
118 	1884 	4649 	592 	2862 	5765 
119 	2832 	5734 	1377 	3947 	85 
120 	3917 	63 	2162 	5033 	870 
121 	5003 	848 	3216 	6119 	1655 
122 	6088 	1633 	4301 	341 	2515 
123 	319 	2485 	5387 	1126 	3600 
124 	1104 	3570 	6473 	1911 	4686 
125 	1889 	4656 	597 	2869 	5772 
126 	2839 	5741 	1382 	3954 	90 
127 	3924 	68 	2167 	5040 	875 
128 	5010 	853 	3223 	6126 	1660 
129 	6095 	1638 	4308 	346 	2522 
130 	324 	2491 	5394 	1131 	3607 
131 	1109 	3577 	6480 	1916 	4693 
132 	1894 	4663 	602 	2876 	5779 
133 	2845 	5748 	1387 	3961 	95 
134 	3931 	73 	2172 	5047 	880 
135 	5017 	858 	3230 	6133 	1665 
136 	6102 	1643 	4315 	351 	2529 
137 	329 	2498 	5401 	1136 	3614 
138 	1114 	3584 	6487 	1921 	4700 
139 	1899 	4670 	607 	2883 	5786 
140 	2852 	5755 	1392 	3968 	100 
141 	3938 	78 	2177 	5054 	885 
142 	5024 	863 	3237 	6140 	1670 
143 	6109 	1648 	4322 	356 	2536 
144 	334 	2505 	5408 	1141 	3621 
145 	1119 	3591 	6493 	1926 	4707 
146 	1904 	4677 	612 	2890 	5793 
147 	2859 	5762 	1397 	3975 	105 
148 	3945 	83 	2182 	5061 	890 
149 	5031 	868 	3244 	6146 	1675 
150 	6116 	1653 	4329 	361 	2543 
151 	339 	2512 	5415 	1146 	3628 
152 	1124 	3598 	6500 	1931 	4714 
153 	1909 	4684 	617 	2897 	5799 
154 	2866 	5769 	1402 	3982 	110 
155 	3952 	88 	2187 	5068 	895 
156 	5038 	873 	3251 	6153 	1680 
157 	6123 	1658 	4336 	366 	2550 
158 	344 	2519 	5422 	1151 	3635 
159 	1129 	3605 	6507 	1936 	4721 
160 	1914 	4691 	622 	2904 	5806 
161 	2873 	5776 	1407 	3989 	115 
162 	3958 	93 	2192 	5075 	900 
163 	5045 	878 	3257 	6160 	1685 
164 	6130 	1663 	4343 	371 	2556 
165 	349 	2526 	5429 	1156 	3642 
166 	1134 	3611 	6514 	1941 	4728 
167 	1919 	4697 	627 	2910 	5813 
168 	2880 	5783 	1412 	3996 	120 
169 	3965 	98 	2197 	5082 	905 
170 	5051 	883 	3264 	6167 	1690 
171 	6137 	1668 	4350 	376 	2563 
172 	354 	2533 	5436 	1161 	3649 
173 	1139 	3618 	6521 	1946 	4735 
174 	1924 	4704 	632 	2917 	5820 
175 	2887 	5790 	1417 	4003 	125 
176 	3972 	103 	2202 	5089 	910 
177 	5058 	888 	3271 	6174 	1695 
178 	6144 	1673 	4357 	381 	2570 
179 	359 	2540 	5443 	1166 	3656 
180 	1144 	3625 	6528 	1951 	4742 
181 	1929 	4711 	637 	2924 	5827 
182 	2894 	5797 	1422 	4010 	130 
183 	3979 	108 	2207 	5096 	915 
184 	5065 	893 	3278 	6181 	1700 
185 	6151 	1678 	4364 	386 	2577 
186 	364 	2547 	5450 	1171 	3663 
187 	1149 	3632 	6535 	1956 	4749 
188 	1934 	4718 	642 	2931 	5834 
189 	2901 	5804 	1427 	4017 	135 
190 	3986 	113 	2212 	5103 	920 
191 	5072 	898 	3285 	6188 	1705 
192 	6158 	1683 	4370 	391 	2584 
193 	369 	2554 	5457 	1176 	3669 
194 	1154 	3639 	6542 	1961 	4756 
195 	1939 	4725 	647 	2938 	5841 
196 	2908 	5810 	1432 	4023 	140 
197 	3993 	118 	2217 	5109 	925 
198 	5079 	903 	3292 	6195 	1710 
199 	6164 	1688 	4377 	396 	2591 
200 	374 	2561 	5463 	1181 	3676 
201 	1159 	3646 	6549 	1966 	4762 
202 	1944 	4732 	652 	2945 	5848 
203 	2915 	5817 	1437 	4030 	145 
204 	4000 	123 	2222 	5116 	930 
205 	5086 	908 	3299 	6202 	1715 
206 	6171 	1693 	4384 	401 	2598 
207 	379 	2568 	5470 	1186 	3683 
208 	1164 	3653 	6556 	1971 	4769 
209 	1949 	4739 	657 	2952 	5855 
210 	2921 	5824 	1442 	4037 	150 
211 	4007 	128 	2227 	5123 	935 
212 	5093 	913 	3306 	6209 	1720 
213 	6178 	1698 	4391 	406 	2605 
214 	384 	2574 	5477 	1191 	3690 
215 	1169 	3660 	6563 	1976 	4776 
216 	1954 	4746 	662 	2959 	5862 
217 	2928 	5831 	1447 	4044 	155 
218 	4014 	133 	2232 	5130 	940 
219 	5100 	918 	3313 	6216 	1725 
220 	6185 	1703 	4398 	411 	2612 
221 	389 	2581 	5484 	1196 	3697 
222 	1174 	3667 	6570 	1981 	4783 
223 	1959 	4753 	667 	2966 	5869 
224 	2935 	5838 	1452 	4051 	160 
225 	4021 	138 	2237 	5137 	945 
226 	5107 	923 	3320 	6223 	1730 
227 	6192 	1708 	4405 	416 	2619 
228 	394 	2588 	5491 	1201 	3704 
229 	1179 	3674 	6576 	1986 	4790 
230 	1964 	4760 	672 	2973 	5875 
231 	2942 	5845 	1457 	4058 	165 
232 	4028 	143 	2242 	5144 	950 
233 	5114 	928 	3327 	6229 	1735 
234 	6199 	1713 	4412 	421 	2626 
235 	399 	2595 	5498 	1206 	3711 
236 	1184 	3681 	6583 	1991 	4797 
237 	1969 	4767 	677 	2980 	5882 
238 	2949 	5852 	1462 	4065 	170 
239 	4034 	148 	2248 	5151 	955 
240 	5121 	933 	3334 	6236 	1740 
241 	6206 	1718 	4419 	426 	2633 
242 	404 	2602 	5505 	1211 	3718 
243 	1189 	3687 	6590 	1996 	4804 
244 	1974 	4774 	682 	2986 	5889 
245 	2956 	5859 	1467 	4072 	175 
246 	4041 	153 	2255 	5158 	960 
247 	5127 	938 	3340 	6243 	1745 
248 	6213 	1723 	4426 	431 	2639 
249 	409 	2609 	5512 	1216 	3725 
250 	1194 	3694 	6597 	2001 	4811 
251 	1979 	4780 	687 	2993 	5896 
252 	2963 	5866 	1472 	4079 	180 
253 	4048 	158 	2262 	5165 	965 
254 	5134 	943 	3347 	6250 	1750 
255 	6220 	1728 	4433 	436 	2646 
256 	414 	2616 	5519 	1221 	3732 
257 	1199 	3701 	6604 	2006 	4818 
258 	1984 	4787 	692 	3000 	5903 
259 	2970 	5873 	1477 	4086 	185 
260 	4055 	163 	2269 	5172 	970 
261 	5141 	948 	3354 	6257 	1755 
262 	6227 	1733 	4440 	441 	2653 
263 	419 	2623 	5526 	1226 	3739 
264 	1204 	3708 	6611 	2011 	4825 
265 	1989 	4794 	697 	3007 	5910 
266 	2977 	5880 	1482 	4093 	190 
267 	4062 	168 	2276 	5179 	975 
268 	5148 	953 	3361 	6264 	1760 
269 	6234 	1738 	4447 	446 	2660 
270 	424 	2630 	5533 	1231 	3746 
271 	1209 	3715 	6618 	2016 	4832 
272 	1994 	4801 	702 	3014 	5917 
273 	2984 	5887 	1487 	4099 	195 
274 	4069 	173 	2283 	5186 	980 
275 	5155 	958 	3368 	6271 	1765 
276 	6240 	1743 	4453 	451 	2667 
277 	429 	2637 	5539 	1236 	3752 
278 	1214 	3722 	6625 	2021 	4838 
279 	1999 	4808 	707 	3021 	5924 
280 	2991 	5893 	1492 	4106 	200 
281 	4076 	178 	2290 	5192 	985 
282 	5162 	963 	3375 	6278 	1770 
283 	6247 	1748 	4460 	456 	2674 
284 	434 	2644 	5546 	1241 	3759 
285 	1219 	3729 	6632 	2026 	4845 
286 	2004 	4815 	712 	3028 	5931 
287 	2998 	5900 	1497 	4113 	205 
288 	4083 	183 	2297 	5199 	990 
289 	5169 	968 	3382 	6285 	1775 
290 	6254 	1753 	4467 	461 	2681 
291 	439 	2650 	5553 	1246 	3766 
292 	1224 	3736 	6639 	2031 	4852 
293 	2009 	4822 	717 	3035 	5938 
294 	3004 	5907 	1502 	4120 	210 
295 	4090 	188 	2303 	5206 	995 
296 	5176 	973 	3389 	6292 	1780 
297 	6261 	1758 	4474 	466 	2688 
298 	444 	2657 	5560 	1251 	3773 
299 	1229 	3743 	6646 	2036 	4859 
300 	2014 	4829 	722 	3042 	5945 
301 	3011 	5914 	1507 	4127 	215 
302 	4097 	193 	2310 	5213 	1000 
303 	5183 	978 	3396 	6299 	1785 
304 	6268 	1763 	4481 	471 	2695 
305 	449 	2664 	5567 	1256 	3780 
306 	1234 	3750 	6652 	2041 	4866 
307 	2019 	4836 	727 	3049 	5952 
308 	3018 	5921 	1512 	4134 	220 
309 	4104 	198 	2317 	5220 	1005 
310 	5190 	983 	3403 	6305 	1790 
311 	6275 	1768 	4489 	476 	2702 
312 	454 	2671 	5574 	1261 	3787 
313 	1239 	3757 	6659 	2046 	4873 
314 	2024 	4843 	732 	3056 	5958 
315 	3025 	5928 	1517 	4141 	225 
316 	4111 	203 	2324 	5227 	1010 
317 	5197 	988 	3410 	6312 	1795 
318 	6282 	1773 	4496 	481 	2709 
319 	459 	2678 	5581 	1266 	3794 
320 	1244 	3764 	6666 	2051 	4880 
321 	2029 	4850 	737 	3063 	5965 
322 	3032 	5935 	1522 	4148 	230 
323 	4117 	208 	2331 	5234 	1015 
324 	5204 	993 	3416 	6319 	1800 
325 	6289 	1778 	4503 	486 	2715 
326 	464 	2685 	5588 	1271 	3801 
327 	1249 	3770 	6673 	2056 	4887 
328 	2034 	4856 	742 	3069 	5972 
329 	3039 	5942 	1527 	4155 	235 
330 	4124 	213 	2338 	5241 	1020 
331 	5210 	998 	3423 	6326 	1805 
332 	6296 	1783 	4509 	491 	2722 
333 	469 	2692 	5595 	1276 	3808 
334 	1254 	3777 	6680 	2061 	4894 
335 	2039 	4863 	747 	3076 	5979 
336 	3046 	5949 	1532 	4162 	240 
337 	4131 	218 	2345 	5248 	1025 
338 	5217 	1003 	3430 	6333 	1810 
339 	6303 	1788 	4516 	496 	2729 
340 	474 	2699 	5602 	1281 	3815 
341 	1259 	3784 	6687 	2066 	4901 
342 	2044 	4870 	752 	3083 	5986 
343 	3053 	5956 	1537 	4169 	245 
344 	4138 	223 	2352 	5255 	1030 
345 	5224 	1008 	3437 	6340 	1815 
346 	6310 	1793 	4523 	501 	2736 
347 	479 	2706 	5609 	1286 	3822 
348 	1264 	3791 	6694 	2071 	4908 
349 	2049 	4877 	757 	3090 	5993 
350 	3060 	5963 	1542 	4176 	250 
351 	4145 	228 	2359 	5262 	1035 
352 	5231 	1013 	3444 	6347 	1820 
353 	6317 	1798 	4530 	506 	2743 
354 	484 	2713 	5616 	1291 	3828 
355 	1269 	3798 	6701 	2076 	4915 
356 	2054 	4884 	762 	3097 	6000 
357 	3067 	5969 	1547 	4182 	255 
358 	4152 	233 	2366 	5268 	1040 
359 	5238 	1018 	3451 	6354 	1825 
360 	6323 	1803 	4537 	511 	2750 
361 	489 	2720 	5622 	1296 	3835 
362 	1274 	3805 	6708 	2081 	4921 
363 	2059 	4891 	767 	3104 	6007 
364 	3074 	5976 	1552 	4189 	260 
365 	4159 	238 	2373 	5275 	1045 
366 	5245 	1023 	3458 	6361 	1830 
367 	6330 	1808 	4544 	516 	2757 
368 	494 	2727 	5629 	1301 	3842 
369 	1279 	3812 	6715 	2086 	4928 
370 	2064 	4898 	772 	3111 	6014 
371 	3080 	5983 	1557 	4196 	265 
372 	4166 	243 	2379 	5282 	1050 
373 	5252 	1028 	3465 	6368 	1835 
374 	6337 	1813 	4551 	521 	2764 
375 	499 	2733 	5636 	1306 	3849 
376 	1284 	3819 	6722 	2091 	4935 
377 	2069 	4905 	777 	3118 	6021 
378 	3087 	5990 	1562 	4203 	270 
379 	4173 	248 	2386 	5289 	1055 
380 	5259 	1033 	3472 	6375 	1840 
381 	6344 	1818 	4558 	526 	2771 
382 	504 	2740 	5643 	1311 	3856 
383 	1289 	3826 	6729 	2096 	4942 
384 	2074 	4912 	782 	3125 	6028 
385 	3094 	5997 	1567 	4210 	275 
386 	4180 	253 	2393 	5296 	1060 
387 	5266 	1038 	3479 	6382 	1845 
388 	6351 	1823 	4565 	531 	2778 
389 	509 	2747 	5650 	1316 	3863 
390 	1294 	3833 	2 	2101 	4949 
391 	2079 	4919 	787 	3132 	6034 
392 	3101 	6004 	1572 	4217 	280 
393 	4187 	258 	2400 	5303 	1065 
394 	5273 	1043 	3486 	6388 	1850 
395 	6358 	1828 	4572 	536 	2785 
396 	514 	2754 	5657 	1321 	3870 
397 	1299 	3840 	7 	2106 	4956 
398 	2084 	4926 	792 	3139 	6041 
399 	3108 	6011 	1577 	4224 	285 
400 	4194 	263 	2407 	5310 	1070 
401 	5280 	1048 	3493 	6395 	1855 
402 	6365 	1833 	4579 	541 	2792 
403 	519 	2761 	5664 	1326 	3877 
404 	1304 	3846 	12 	2111 	4963 
405 	2089 	4933 	797 	3145 	6048 
406 	3115 	6018 	1582 	4231 	290 
407 	4200 	268 	2414 	5317 	1075 
408 	5286 	1053 	3499 	6402 	1860 
409 	6372 	1838 	4585 	546 	2798 
410 	524 	2768 	5671 	1331 	3884 
411 	1309 	3853 	17 	2116 	4970 
412 	2094 	4939 	802 	3152 	6055 
413 	3122 	6025 	1587 	4238 	295 
414 	4207 	273 	2421 	5324 	1080 
415 	5293 	1058 	3506 	6409 	1865 
416 	6379 	1843 	4592 	551 	2805 
417 	529 	2775 	5678 	1336 	3891 
418 	1314 	3860 	22 	2121 	4977 
419 	2099 	4946 	807 	3159 	6062 
420 	3129 	6032 	1592 	4245 	300 
421 	4214 	278 	2428 	5331 	1085 
422 	5300 	1063 	3513 	6416 	1870 
423 	6386 	1848 	4599 	556 	2812 
424 	534 	2782 	5685 	1341 	3898 
425 	1319 	3867 	27 	2126 	4984 
426 	2104 	4953 	812 	3166 	6069 
427 	3136 	6039 	1597 	4252 	305 
428 	4221 	283 	2435 	5338 	1090 
429 	5307 	1068 	3520 	6423 	1875 
430 	6393 	1853 	4606 	561 	2819 
431 	539 	2789 	5692 	1346 	3905 
432 	1324 	3874 	32 	2131 	4991 
433 	2109 	4960 	817 	3173 	6076 
434 	3143 	6046 	1602 	4258 	310 
435 	4228 	288 	2442 	5345 	1095 
436 	5314 	1073 	3527 	6430 	1880 
437 	6399 	1858 	4613 	566 	2826 
438 	544 	2796 	5698 	1351 	3911 
439 	1329 	3881 	37 	2136 	4997 
440 	2114 	4967 	822 	3180 	6083 
441 	3150 	6052 	1607 	4265 	315 
442 	4235 	293 	2449 	5351 	1100 
443 	5321 	1078 	3534 	6437 	1885 
444 	6406 	1863 	4620 	571 	2833 
445 	549 	2803 	5705 	1356 	3918 
446 	1334 	3888 	42 	2141 	5004 
447 	2119 	4974 	827 	3187 	6090 
448 	3157 	6059 	1612 	4272 	320 
449 	4242 	298 	2456 	5358 	1105 
450 	5328 	1083 	3541 	6444 	1890 
451 	6413 	1868 	4627 	576 	2840 
452 	554 	2809 	5712 	1361 	3925 
453 	1339 	3895 	47 	2146 	5011 
454 	2124 	4981 	832 	3194 	6097 
455 	3163 	6066 	1617 	4279 	325 
456 	4249 	303 	2462 	5365 	1110 
457 	5335 	1088 	3548 	6451 	1895 
458 	6420 	1873 	4634 	581 	2847 
459 	559 	2816 	5719 	1366 	3932 
460 	1344 	3902 	52 	2151 	5018 
461 	2129 	4988 	837 	3201 	6104 
462 	3170 	6073 	1622 	4286 	330 
463 	4256 	308 	2469 	5372 	1115 
464 	5342 	1093 	3555 	6458 	1900 
465 	6427 	1878 	4641 	586 	2854 
466 	564 	2823 	5726 	1371 	3939 
467 	1349 	3909 	57 	2156 	5025 
468 	2134 	4995 	842 	3208 	6111 
469 	3177 	6080 	1627 	4293 	335 
470 	4263 	313 	2476 	5379 	1120 
471 	5349 	1098 	3562 	6464 	1905 
472 	6434 	1883 	4648 	591 	2861 
473 	569 	2830 	5733 	1376 	3946 
474 	1354 	3916 	62 	2161 	5032 
475 	2139 	5002 	847 	3215 	6117 
476 	3184 	6087 	1632 	4300 	340 
477 	4270 	318 	2483 	5386 	1125 
478 	5356 	1103 	3569 	6471 	1910 
479 	6441 	1888 	4655 	596 	2868 
480 	574 	2837 	5740 	1381 	3953 
481 	1359 	3923 	67 	2166 	5039 
482 	2144 	5009 	852 	3222 	6124 
483 	3191 	6094 	1637 	4307 	345 
484 	4276 	323 	2490 	5393 	1130 
485 	5363 	1108 	3575 	6478 	1915 
486 	6448 	1893 	4662 	601 	2874 
487 	579 	2844 	5747 	1386 	3960 
488 	1364 	3929 	72 	2171 	5046 
489 	2149 	5015 	857 	3228 	6131 
490 	3198 	6101 	1642 	4314 	350 
491 	4283 	328 	2497 	5400 	1135 
492 	5369 	1113 	3582 	6485 	1920 
493 	6455 	1898 	4668 	606 	2881 
494 	584 	2851 	5754 	1391 	3967 
495 	1369 	3936 	77 	2176 	5053 
496 	2154 	5022 	862 	3235 	6138 
497 	3205 	6108 	1647 	4321 	355 
498 	4290 	333 	2504 	5407 	1140 
499 	5376 	1118 	3589 	6492 	1925 
500 	6462 	1903 	4675 	611 	2888 
501 	589 	2858 	5761 	1396 	3974 
502 	1374 	3943 	82 	2181 	5060 
503 	2159 	5029 	867 	3242 	6145 
504 	3212 	6115 	1652 	4328 	360 
505 	4297 	338 	2511 	5414 	1145 
506 	5383 	1123 	3596 	6499 	1930 
507 	6469 	1908 	4682 	616 	2895 
508 	594 	2865 	5768 	1401 	3981 
509 	1379 	3950 	87 	2186 	5067 
510 	2164 	5036 	872 	3249 	6152 
511 	3219 	6122 	1657 	4335 	365 
512 	4304 	343 	2518 	5421 	1150 
513 	5390 	1128 	3603 	6506 	1935 
514 	6476 	1913 	4689 	621 	2902 
515 	599 	2872 	5775 	1406 	3987 
516 	1384 	3957 	92 	2191 	5074 
517 	2169 	5043 	877 	3256 	6159 
518 	3226 	6128 	1662 	4341 	370 
519 	4311 	348 	2525 	5427 	1155 
520 	5397 	1133 	3610 	6513 	1940 
521 	6482 	1918 	4696 	626 	2909 
522 	604 	2879 	5781 	1411 	3994 
523 	1389 	3964 	97 	2196 	5080 
524 	2174 	5050 	882 	3263 	6166 
525 	3233 	6135 	1667 	4348 	375 
526 	4318 	353 	2532 	5434 	1160 
527 	5404 	1138 	3617 	6520 	1945 
528 	6489 	1923 	4703 	631 	2916 
529 	609 	2886 	5788 	1416 	4001 
530 	1394 	3971 	102 	2201 	5087 
531 	2179 	5057 	887 	3270 	6173 
532 	3239 	6142 	1672 	4355 	380 
533 	4325 	358 	2538 	5441 	1165 
534 	5411 	1143 	3624 	6527 	1950 
535 	6496 	1928 	4710 	636 	2923 
536 	614 	2892 	5795 	1421 	4008 
537 	1399 	3978 	107 	2206 	5094 
538 	2184 	5064 	892 	3277 	6180 
539 	3246 	6149 	1677 	4362 	385 
540 	4332 	363 	2545 	5448 	1170 
541 	5418 	1148 	3631 	6534 	1955 
542 	6503 	1933 	4717 	641 	2930 
543 	619 	2899 	5802 	1426 	4015 
544 	1404 	3985 	112 	2211 	5101 
545 	2189 	5071 	897 	3284 	6187 
546 	3253 	6156 	1682 	4369 	390 
547 	4339 	368 	2552 	5455 	1175 
548 	5425 	1153 	3638 	6541 	1960 
549 	6510 	1938 	4724 	646 	2937 
550 	624 	2906 	5809 	1431 	4022 
551 	1409 	3992 	117 	2216 	5108 
552 	2194 	5078 	902 	3291 	6193 
553 	3260 	6163 	1687 	4376 	395 
554 	4346 	373 	2559 	5462 	1180 
555 	5432 	1158 	3645 	6547 	1965 
556 	6517 	1943 	4731 	651 	2944 
557 	629 	2913 	5816 	1436 	4029 
558 	1414 	3999 	122 	2221 	5115 
559 	2199 	5085 	907 	3298 	6200 
560 	3267 	6170 	1692 	4383 	400 
561 	4353 	378 	2566 	5469 	1185 
562 	5439 	1163 	3652 	6554 	1970 
563 	6524 	1948 	4738 	656 	2951 
564 	634 	2920 	5823 	1441 	4036 
565 	1419 	4005 	127 	2226 	5122 
566 	2204 	5092 	912 	3304 	6207 
567 	3274 	6177 	1697 	4390 	405 
568 	4359 	383 	2573 	5476 	1190 
569 	5445 	1168 	3658 	6561 	1975 
570 	6531 	1953 	4744 	661 	2957 
571 	639 	2927 	5830 	1446 	4043 
572 	1424 	4012 	132 	2231 	5129 
573 	2209 	5098 	917 	3311 	6214 
574 	3281 	6184 	1702 	4397 	410 
575 	4366 	388 	2580 	5483 	1195 
576 	5452 	1173 	3665 	6568 	1980 
577 	6538 	1958 	4751 	666 	2964 
578 	644 	2934 	5837 	1451 	4050 
579 	1429 	4019 	137 	2236 	5136 
580 	2214 	5105 	922 	3318 	6221 
581 	3288 	6191 	1707 	4404 	415 
582 	4373 	393 	2587 	5490 	1200 
583 	5459 	1178 	3672 	6575 	1985 
584 	6545 	1963 	4758 	671 	2971 
585 	649 	2941 	5844 	1456 	4057 
586 	1434 	4026 	142 	2241 	5143 
587 	2219 	5112 	927 	3325 	6228 
588 	3295 	6198 	1712 	4411 	420 
589 	4380 	398 	2594 	5497 	1205 
590 	5466 	1183 	3679 	6582 	1990 
591 	6552 	1968 	4765 	676 	2978 
592 	654 	2948 	5851 	1461 	4064 
593 	1439 	4033 	147 	2247 	5150 
594 	2224 	5119 	932 	3332 	6235 
595 	3302 	6205 	1717 	4417 	425 
596 	4387 	403 	2601 	5504 	1210 
597 	5473 	1188 	3686 	6589 	1995 
598 	6558 	1973 	4772 	681 	2985 
599 	659 	2955 	5857 	1466 	4070 
600 	1444 	4040 	152 	2254 	5156 
601 	2229 	5126 	937 	3339 	6242 
602 	3309 	6211 	1722 	4424 	430 
603 	4394 	408 	2608 	5510 	1215 
604 	5480 	1193 	3693 	6596 	2000 
605 	6565 	1978 	4779 	686 	2992 
606 	664 	2962 	5864 	1471 	4077 
607 	1449 	4047 	157 	2261 	5163 
608 	2234 	5133 	942 	3346 	6249 
609 	3316 	6218 	1727 	4431 	435 
610 	4401 	413 	2615 	5517 	1220 
611 	5487 	1198 	3700 	6603 	2005 
612 	6572 	1983 	4786 	691 	2999 
613 	669 	2968 	5871 	1476 	4084 
614 	1454 	4054 	162 	2268 	5170 
615 	2239 	5140 	947 	3353 	6256 
616 	3322 	6225 	1732 	4438 	440 
617 	4408 	418 	2621 	5524 	1225 
618 	5494 	1203 	3707 	6610 	2010 
619 	6579 	1988 	4793 	696 	3006 
620 	674 	2975 	5878 	1481 	4091 
621 	1459 	4061 	167 	2274 	5177 
622 	2244 	5147 	952 	3360 	6263 
623 	3329 	6232 	1737 	4445 	445 
624 	4415 	423 	2628 	5531 	1230 
625 	5501 	1208 	3714 	6617 	2015 
626 	6586 	1993 	4800 	701 	3013 
627 	679 	2982 	5885 	1486 	4098 
628 	1464 	4068 	172 	2281 	5184 
629 	2251 	5154 	957 	3367 	6270 
630 	3336 	6239 	1742 	4452 	450 
631 	4422 	428 	2635 	5538 	1235 
632 	5508 	1213 	3721 	6623 	2020 
633 	6593 	1998 	4807 	706 	3020 
634 	684 	2989 	5892 	1491 	4105 
635 	1469 	4075 	177 	2288 	5191 
636 	2258 	5161 	962 	3374 	6276 
637 	3343 	6246 	1747 	4459 	455 
638 	4429 	433 	2642 	5545 	1240 
639 	5515 	1218 	3728 	6630 	2025 
640 	6600 	2003 	4814 	711 	3027 
641 	689 	2996 	5899 	1496 	4112 
642 	1474 	4082 	182 	2295 	5198 
643 	2265 	5168 	967 	3381 	6283 
644 	3350 	6253 	1752 	4466 	460 
645 	4435 	438 	2649 	5552 	1245 
646 	5522 	1223 	3734 	6637 	2030 
647 	6607 	2008 	4821 	716 	3033 
648 	694 	3003 	5906 	1501 	4119 
649 	1479 	4088 	187 	2302 	5205 
650 	2272 	5174 	972 	3387 	6290 
651 	3357 	6260 	1757 	4473 	465 
652 	4442 	443 	2656 	5559 	1250 
653 	5528 	1228 	3741 	6644 	2035 
654 	6614 	2013 	4827 	721 	3040 
655 	699 	3010 	5913 	1506 	4126 
656 	1484 	4095 	192 	2309 	5212 
657 	2279 	5181 	977 	3394 	6297 
658 	3364 	6267 	1762 	4480 	470 
659 	4449 	448 	2663 	5566 	1255 
660 	5535 	1233 	3748 	6651 	2040 
661 	6621 	2018 	4834 	726 	3047 
662 	704 	3017 	5920 	1511 	4133 
663 	1489 	4102 	197 	2316 	5219 
664 	2285 	5188 	982 	3401 	6304 
665 	3371 	6274 	1767 	4487 	475 
666 	4456 	453 	2670 	5573 	1260 
667 	5542 	1238 	3755 	6658 	2045 
668 	6628 	2023 	4841 	731 	3054 
669 	709 	3024 	5927 	1516 	4140 
670 	1494 	4109 	202 	2323 	5226 
671 	2292 	5195 	987 	3408 	6311 
672 	3378 	6281 	1772 	4494 	480 
673 	4463 	458 	2677 	5580 	1265 
674 	5549 	1243 	3762 	6665 	2050 
675 	6635 	2028 	4848 	736 	3061 
676 	714 	3031 	5934 	1521 	4146 
677 	1499 	4116 	207 	2330 	5233 
678 	2299 	5202 	992 	3415 	6318 
679 	3385 	6287 	1777 	4501 	485 
680 	4470 	463 	2684 	5586 	1270 
681 	5556 	1248 	3769 	6672 	2055 
682 	6641 	2033 	4855 	741 	3068 
683 	719 	3038 	5940 	1526 	4153 
684 	1504 	4123 	212 	2337 	5239 
685 	2306 	5209 	997 	3422 	6325 
686 	3392 	6294 	1782 	4508 	490 
687 	4477 	468 	2691 	5593 	1275 
688 	5563 	1253 	3776 	6679 	2060 
689 	6648 	2038 	4862 	746 	3075 
690 	724 	3045 	5947 	1531 	4160 
691 	1509 	4130 	217 	2344 	5246 
692 	2313 	5216 	1002 	3429 	6332 
693 	3398 	6301 	1787 	4515 	495 
694 	4484 	473 	2698 	5600 	1280 
695 	5570 	1258 	3783 	6686 	2065 
696 	6655 	2043 	4869 	751 	3082 
697 	729 	3051 	5954 	1536 	4167 
698 	1514 	4137 	222 	2350 	5253 
699 	2320 	5223 	1007 	3436 	6339 
700 	3405 	6308 	1792 	4522 	500 
701 	4491 	478 	2704 	5607 	1285 
702 	5577 	1263 	3790 	6693 	2070 
703 	6662 	2048 	4876 	756 	3089 
704 	734 	3058 	5961 	1541 	4174 
705 	1519 	4144 	227 	2357 	5260 
706 	2327 	5230 	1012 	3443 	6346 
707 	3412 	6315 	1797 	4529 	505 
708 	4498 	483 	2711 	5614 	1290 
709 	5584 	1268 	3797 	6700 	2075 
710 	6669 	2053 	4883 	761 	3096 
711 	739 	3065 	5968 	1546 	4181 
712 	1524 	4151 	232 	2364 	5267 
713 	2334 	5237 	1017 	3450 	6352 
714 	3419 	6322 	1802 	4536 	510 
715 	4505 	488 	2718 	5621 	1295 
716 	5591 	1273 	3804 	6706 	2080 
717 	6676 	2058 	4890 	766 	3103 
718 	744 	3072 	5975 	1551 	4188 
719 	1529 	4158 	237 	2371 	5274 
720 	2341 	5244 	1022 	3457 	6359 
721 	3426 	6329 	1807 	4543 	515 
722 	4512 	493 	2725 	5628 	1300 
723 	5598 	1278 	3811 	6713 	2085 
724 	6683 	2063 	4897 	771 	3110 
725 	749 	3079 	5982 	1556 	4195 
726 	1534 	4164 	242 	2378 	5281 
727 	2348 	5251 	1027 	3463 	6366 
728 	3433 	6336 	1812 	4550 	520 
729 	4519 	498 	2732 	5635 	1305 
730 	5604 	1283 	3817 	6720 	2090 
731 	6690 	2068 	4903 	776 	3116 
732 	754 	3086 	5989 	1561 	4202 
733 	1539 	4171 	247 	2385 	5288 
734 	2355 	5257 	1032 	3470 	6373 
735 	3440 	6343 	1817 	4556 	525 
736 	4526 	503 	2739 	5642 	1310 
737 	5611 	1288 	3824 	6727 	2095 
738 	6697 	2073 	4910 	781 	3123 
739 	759 	3093 	5996 	1566 	4209 
740 	1544 	4178 	252 	2392 	5295 
741 	2362 	5264 	1037 	3477 	6380 
742 	3447 	6350 	1822 	4563 	530 
743 	4533 	508 	2746 	5649 	1315 
744 	5618 	1293 	3831 	1 	2100 
745 	6704 	2078 	4917 	786 	3130 
746 	764 	3100 	6003 	1571 	4216 
747 	1549 	4185 	257 	2399 	5302 
748 	2368 	5271 	1042 	3484 	6387 
749 	3454 	6357 	1827 	4570 	535 
750 	4540 	513 	2753 	5656 	1320 
751 	5625 	1298 	3838 	6 	2105 
752 	6711 	2083 	4924 	791 	3137 
753 	769 	3107 	6010 	1576 	4223 
754 	1554 	4192 	262 	2406 	5309 
755 	2375 	5278 	1047 	3491 	6394 
756 	3461 	6364 	1832 	4577 	540 
757 	4547 	518 	2760 	5663 	1325 
758 	5632 	1303 	3845 	11 	2110 
759 	6717 	2088 	4931 	796 	3144 
760 	774 	3114 	6016 	1581 	4229 
761 	1559 	4199 	267 	2413 	5316 
762 	2382 	5285 	1052 	3498 	6401 
763 	3468 	6370 	1837 	4584 	545 
764 	4554 	523 	2767 	5669 	1330 
765 	5639 	1308 	3852 	16 	2115 
766 	6724 	2093 	4938 	801 	3151 
767 	779 	3121 	6023 	1586 	4236 
768 	1564 	4206 	272 	2420 	5322 
769 	2389 	5292 	1057 	3505 	6408 
770 	3475 	6377 	1842 	4591 	550 
771 	4561 	528 	2774 	5676 	1335 
772 	5646 	1313 	3859 	21 	2120 
773 	6731 	2098 	4945 	806 	3158 
774 	784 	3127 	6030 	1591 	4243 
775 	1569 	4213 	277 	2427 	5329 
776 	2396 	5299 	1062 	3512 	6415 
777 	3481 	6384 	1847 	4598 	555 
778 	4568 	533 	2780 	5683 	1340 
779 	5653 	1318 	3866 	26 	2125 
780 	4 	2103 	4952 	811 	3165 
781 	789 	3134 	6037 	1596 	4250 
782 	1574 	4220 	282 	2433 	5336 
783 	2403 	5306 	1067 	3519 	6422 
784 	3488 	6391 	1852 	4605 	560 
785 	4574 	538 	2787 	5690 	1345 
786 	5660 	1323 	3873 	31 	2130 
787 	9 	2108 	4959 	816 	3172 
788 	794 	3141 	6044 	1601 	4257 
789 	1579 	4227 	287 	2440 	5343 
790 	2410 	5313 	1072 	3526 	6429 
791 	3495 	6398 	1857 	4612 	565 
792 	4581 	543 	2794 	5697 	1350 
793 	5667 	1328 	3880 	36 	2135 
794 	14 	2113 	4966 	821 	3179 
795 	799 	3148 	6051 	1606 	4264 
796 	1584 	4234 	292 	2447 	5350 
797 	2417 	5320 	1077 	3533 	6435 
798 	3502 	6405 	1862 	4619 	570 
799 	4588 	548 	2801 	5704 	1355 
800 	5674 	1333 	3887 	41 	2140 
801 	19 	2118 	4973 	826 	3186 
802 	804 	3155 	6058 	1611 	4271 
803 	1589 	4241 	297 	2454 	5357 
804 	2424 	5327 	1082 	3540 	6442 
805 	3509 	6412 	1867 	4626 	575 
806 	4595 	553 	2808 	5711 	1360 
807 	5681 	1338 	3893 	46 	2145 
808 	24 	2123 	4980 	831 	3192 
809 	809 	3162 	6065 	1616 	4278 
810 	1594 	4247 	302 	2461 	5364 
811 	2431 	5333 	1087 	3546 	6449 
812 	3516 	6419 	1872 	4632 	580 
813 	4602 	558 	2815 	5718 	1365 
814 	5687 	1343 	3900 	51 	2150 
815 	29 	2128 	4986 	836 	3199 
816 	814 	3169 	6072 	1621 	4285 
817 	1599 	4254 	307 	2468 	5371 
818 	2438 	5340 	1092 	3553 	6456 
819 	3523 	6426 	1877 	4639 	585 
820 	4609 	563 	2822 	5725 	1370 
821 	5694 	1348 	3907 	56 	2155 
822 	34 	2133 	4993 	841 	3206 
823 	819 	3176 	6079 	1626 	4292 
824 	1604 	4261 	312 	2475 	5378 
825 	2444 	5347 	1097 	3560 	6463 
826 	3530 	6433 	1882 	4646 	590 
827 	4616 	568 	2829 	5732 	1375 
828 	5701 	1353 	3914 	61 	2160 
829 	39 	2138 	5000 	846 	3213 
830 	824 	3183 	6086 	1631 	4299 
831 	1609 	4268 	317 	2482 	5385 
832 	2451 	5354 	1102 	3567 	6470 
833 	3537 	6440 	1887 	4653 	595 
834 	4623 	573 	2836 	5739 	1380 
835 	5708 	1358 	3921 	66 	2165 
836 	44 	2143 	5007 	851 	3220 
837 	829 	3190 	6093 	1636 	4305 
838 	1614 	4275 	322 	2489 	5392 
839 	2458 	5361 	1107 	3574 	6477 
840 	3544 	6446 	1892 	4660 	600 
841 	4630 	578 	2843 	5745 	1385 
842 	5715 	1363 	3928 	71 	2170 
843 	49 	2148 	5014 	856 	3227 
844 	834 	3197 	6099 	1641 	4312 
845 	1619 	4282 	327 	2496 	5398 
846 	2465 	5368 	1112 	3581 	6484 
847 	3551 	6453 	1897 	4667 	605 
848 	4637 	583 	2850 	5752 	1390 
849 	5722 	1368 	3935 	76 	2175 
850 	54 	2153 	5021 	861 	3234 
851 	839 	3204 	6106 	1646 	4319 
852 	1624 	4289 	332 	2503 	5405 
853 	2472 	5375 	1117 	3588 	6491 
854 	3557 	6460 	1902 	4674 	610 
855 	4644 	588 	2857 	5759 	1395 
856 	5729 	1373 	3942 	81 	2180 
857 	59 	2158 	5028 	866 	3241 
858 	844 	3210 	6113 	1651 	4326 
859 	1629 	4296 	337 	2509 	5412 
860 	2479 	5382 	1122 	3595 	6498 
861 	3564 	6467 	1907 	4681 	615 
862 	4650 	593 	2863 	5766 	1400 
863 	5736 	1378 	3949 	86 	2185 
864 	64 	2163 	5035 	871 	3248 
865 	849 	3217 	6120 	1656 	4333 
866 	1634 	4303 	342 	2516 	5419 
867 	2486 	5389 	1127 	3602 	6505 
868 	3571 	6474 	1912 	4688 	620 
869 	4657 	598 	2870 	5773 	1405 
870 	5743 	1383 	3956 	91 	2190 
871 	69 	2168 	5042 	876 	3255 
872 	854 	3224 	6127 	1661 	4340 
873 	1639 	4310 	347 	2523 	5426 
874 	2493 	5396 	1132 	3609 	6511 
875 	3578 	6481 	1917 	4695 	625 
876 	4664 	603 	2877 	5780 	1410 
877 	5750 	1388 	3963 	96 	2195 
878 	74 	2173 	5049 	881 	3262 
879 	859 	3231 	6134 	1666 	4347 
880 	1644 	4317 	352 	2530 	5433 
881 	2500 	5403 	1137 	3616 	6518 
882 	3585 	6488 	1922 	4702 	630 
883 	4671 	608 	2884 	5787 	1415 
884 	5757 	1393 	3970 	101 	2200 
885 	79 	2178 	5056 	886 	3269 
886 	864 	3238 	6141 	1671 	4354 
887 	1649 	4323 	357 	2537 	5440 
888 	2507 	5410 	1142 	3622 	6525 
889 	3592 	6495 	1927 	4709 	635 
890 	4678 	613 	2891 	5794 	1420 
891 	5763 	1398 	3976 	106 	2205 
892 	84 	2183 	5062 	891 	3275 
893 	869 	3245 	6148 	1676 	4361 
894 	1654 	4330 	362 	2544 	5447 
895 	2514 	5416 	1147 	3629 	6532 
896 	3599 	6502 	1932 	4715 	640 
897 	4685 	618 	2898 	5801 	1425 
898 	5770 	1403 	3983 	111 	2210 
899 	89 	2188 	5069 	896 	3282 
900 	874 	3252 	6155 	1681 	4368 
901 	1659 	4337 	367 	2551 	5454 
902 	2521 	5423 	1152 	3636 	6539 
903 	3606 	6509 	1937 	4722 	645 
904 	4692 	623 	2905 	5808 	1430 
905 	5777 	1408 	3990 	116 	2215 
906 	94 	2193 	5076 	901 	3289 
907 	879 	3259 	6162 	1686 	4375 
908 	1664 	4344 	372 	2558 	5461 
909 	2527 	5430 	1157 	3643 	6546 
910 	3613 	6516 	1942 	4729 	650 
911 	4699 	628 	2912 	5815 	1435 
912 	5784 	1413 	3997 	121 	2220 
913 	99 	2198 	5083 	906 	3296 
914 	884 	3266 	6169 	1691 	4382 
915 	1669 	4351 	377 	2565 	5468 
916 	2534 	5437 	1162 	3650 	6553 
917 	3620 	6523 	1947 	4736 	655 
918 	4706 	633 	2919 	5822 	1440 
919 	5791 	1418 	4004 	126 	2225 
920 	104 	2203 	5090 	911 	3303 
921 	889 	3273 	6175 	1696 	4388 
922 	1674 	4358 	382 	2572 	5475 
923 	2541 	5444 	1167 	3657 	6560 
924 	3627 	6529 	1952 	4743 	660 
925 	4713 	638 	2926 	5828 	1445 
926 	5798 	1423 	4011 	131 	2230 
927 	109 	2208 	5097 	916 	3310 
928 	894 	3280 	6182 	1701 	4395 
929 	1679 	4365 	387 	2579 	5481 
930 	2548 	5451 	1172 	3664 	6567 
931 	3634 	6536 	1957 	4750 	665 
932 	4720 	643 	2933 	5835 	1450 
933 	5805 	1428 	4018 	136 	2235 
934 	114 	2213 	5104 	921 	3317 
935 	899 	3286 	6189 	1706 	4402 
936 	1684 	4372 	392 	2586 	5488 
937 	2555 	5458 	1177 	3671 	6574 
938 	3640 	6543 	1962 	4757 	670 
939 	4727 	648 	2939 	5842 	1455 
940 	5812 	1433 	4025 	141 	2240 
941 	119 	2218 	5111 	926 	3324 
942 	904 	3293 	6196 	1711 	4409 
943 	1689 	4379 	397 	2592 	5495 
944 	2562 	5465 	1182 	3678 	6581 
945 	3647 	6550 	1967 	4764 	675 
946 	4733 	653 	2946 	5849 	1460 
947 	5819 	1438 	4032 	146 	2245 
948 	124 	2223 	5118 	931 	3331 
949 	909 	3300 	6203 	1716 	4416 
950 	1694 	4386 	402 	2599 	5502 
951 	2569 	5472 	1187 	3685 	6588 
952 	3654 	6557 	1972 	4771 	680 
953 	4740 	658 	2953 	5856 	1465 
954 	5826 	1443 	4039 	151 	2252 
955 	129 	2228 	5125 	936 	3338 
956 	914 	3307 	6210 	1721 	4423 
957 	1699 	4393 	407 	2606 	5509 
958 	2576 	5479 	1192 	3692 	6594 
959 	3661 	6564 	1977 	4778 	685 
960 	4747 	663 	2960 	5863 	1470 
961 	5833 	1448 	4046 	156 	2259 
962 	134 	2233 	5132 	941 	3345 
963 	919 	3314 	6217 	1726 	4430 
964 	1704 	4400 	412 	2613 	5516 
965 	2583 	5486 	1197 	3699 	6601 
966 	3668 	6571 	1982 	4785 	690 
967 	4754 	668 	2967 	5870 	1475 
968 	5840 	1453 	4052 	161 	2266 
969 	139 	2238 	5139 	946 	3351 
970 	924 	3321 	6224 	1731 	4437 
971 	1709 	4406 	417 	2620 	5523 
972 	2590 	5492 	1202 	3705 	6608 
973 	3675 	6578 	1987 	4791 	695 
974 	4761 	673 	2974 	5877 	1480 
975 	5846 	1458 	4059 	166 	2273 
976 	144 	2243 	5145 	951 	3358 
977 	929 	3328 	6231 	1736 	4444 
978 	1714 	4413 	422 	2627 	5530 
979 	2597 	5499 	1207 	3712 	6615 
980 	3682 	6585 	1992 	4798 	700 
981 	4768 	678 	2981 	5884 	1485 
982 	5853 	1463 	4066 	171 	2280 
983 	149 	2250 	5152 	956 	3365 
984 	934 	3335 	6238 	1741 	4451 
985 	1719 	4420 	427 	2634 	5537 
986 	2603 	5506 	1212 	3719 	6622 
987 	3689 	6592 	1997 	4805 	705 
988 	4775 	683 	2988 	5891 	1490 
989 	5860 	1468 	4073 	176 	2287 
990 	154 	2256 	5159 	961 	3372 
991 	939 	3342 	6245 	1746 	4458 
992 	1724 	4427 	432 	2641 	5544 
993 	2610 	5513 	1217 	3726 	6629 
994 	3696 	6599 	2002 	4812 	710 
995 	4782 	688 	2995 	5898 	1495 
996 	5867 	1473 	4080 	181 	2294 
997 	159 	2263 	5166 	966 	3379 
998 	944 	3349 	6252 	1751 	4464 
999 	1729 	4434 	437 	2648 	5551 
1000 	2617 	5520 	1222 	3733 	6636 
1001 	3703 	6605 	2007 	4819 	715 
1002 	4789 	693 	3002 	5904 	1500 
1003 	5874 	1478 	4087 	186 	2301 
1004 	164 	2270 	5173 	971 	3386 
1005 	949 	3356 	6258 	1756 	4471 
1006 	1734 	4441 	442 	2655 	5557 
1007 	2624 	5527 	1227 	3740 	6643 
1008 	3710 	6612 	2012 	4826 	720 
1009 	4796 	698 	3009 	5911 	1505 
1010 	5881 	1483 	4094 	191 	2308 
1011 	169 	2277 	5180 	976 	3393 
1012 	954 	3363 	6265 	1761 	4478 
1013 	1739 	4448 	447 	2662 	5564 
1014 	2631 	5534 	1232 	3747 	6650 
1015 	3716 	6619 	2017 	4833 	725 
1016 	4803 	703 	3016 	5918 	1510 
1017 	5888 	1488 	4101 	196 	2315 
1018 	174 	2284 	5187 	981 	3400 
1019 	959 	3369 	6272 	1766 	4485 
1020 	1744 	4455 	452 	2668 	5571 
1021 	2638 	5541 	1237 	3754 	6657 
1022 	3723 	6626 	2022 	4840 	730 
1023 	4809 	708 	3022 	5925 	1515 
1024 	5895 	1493 	4108 	201 	2321 
1025 	179 	2291 	5194 	986 	3407 
1026 	964 	3376 	6279 	1771 	4493 
1027 	1749 	4462 	457 	2675 	5578 
1028 	2645 	5548 	1242 	3761 	6664 
1029 	3730 	6633 	2027 	4847 	735 
1030 	4816 	713 	3029 	5932 	1520 
1031 	5902 	1498 	4115 	206 	2328 
1032 	184 	2298 	5201 	991 	3414 
1033 	969 	3383 	6286 	1776 	4500 
1034 	1754 	4469 	462 	2682 	5585 
1035 	2652 	5555 	1247 	3768 	6670 
1036 	3737 	6640 	2032 	4854 	740 
1037 	4823 	718 	3036 	5939 	1525 
1038 	5909 	1503 	4122 	211 	2335 
1039 	189 	2305 	5208 	996 	3421 
1040 	974 	3390 	6293 	1781 	4507 
1041 	1759 	4476 	467 	2689 	5592 
1042 	2659 	5562 	1252 	3775 	6677 
1043 	3744 	6647 	2037 	4861 	745 
1044 	4830 	723 	3043 	5946 	1530 
1045 	5916 	1508 	4129 	216 	2342 
1046 	194 	2312 	5215 	1001 	3428 
1047 	979 	3397 	6300 	1786 	4514 
1048 	1764 	4482 	472 	2696 	5599 
1049 	2666 	5569 	1257 	3781 	6684 
1050 	3751 	6654 	2042 	4868 	750 
1051 	4837 	728 	3050 	5953 	1535 
1052 	5922 	1513 	4135 	221 	2349 
1053 	199 	2319 	5221 	1006 	3434 
1054 	984 	3404 	6307 	1791 	4520 
1055 	1769 	4490 	477 	2703 	5606 
1056 	2673 	5575 	1262 	3788 	6691 
1057 	3758 	6661 	2047 	4874 	755 
1058 	4844 	733 	3057 	5960 	1540 
1059 	5929 	1518 	4142 	226 	2356 
1060 	204 	2326 	5228 	1011 	3441 
1061 	989 	3411 	6314 	1796 	4527 
1062 	1774 	4497 	482 	2710 	5613 
1063 	2680 	5582 	1267 	3795 	6698 
1064 	3765 	6668 	2052 	4881 	760 
1065 	4851 	738 	3064 	5967 	1545 
1066 	5936 	1523 	4149 	231 	2363 
1067 	209 	2332 	5235 	1016 	3448 
1068 	994 	3418 	6321 	1801 	4534 
1069 	1779 	4504 	487 	2717 	5620 
1070 	2686 	5589 	1272 	3802 	6705 
1071 	3772 	6675 	2057 	4888 	765 
1072 	4858 	743 	3071 	5974 	1550 
1073 	5943 	1528 	4156 	236 	2370 
1074 	214 	2339 	5242 	1021 	3455 
1075 	999 	3425 	6328 	1806 	4541 
1076 	1784 	4511 	492 	2724 	5627 
1077 	2693 	5596 	1277 	3809 	6712 
1078 	3779 	6682 	2062 	4895 	770 
1079 	4865 	748 	3078 	5981 	1555 
1080 	5950 	1533 	4163 	241 	2377 
1081 	219 	2346 	5249 	1026 	3462 
1082 	1004 	3432 	6334 	1811 	4548 
1083 	1789 	4518 	497 	2731 	5634 
1084 	2700 	5603 	1282 	3816 	6719 
1085 	3786 	6688 	2067 	4902 	775 
1086 	4872 	753 	3085 	5987 	1560 
1087 	5957 	1538 	4170 	246 	2384 
1088 	224 	2353 	5256 	1031 	3469 
1089 	1009 	3439 	6341 	1816 	4555 
1090 	1794 	4525 	502 	2738 	5640 
1091 	2707 	5610 	1287 	3823 	6726 
1092 	3793 	6695 	2072 	4909 	780 
1093 	4879 	758 	3092 	5994 	1565 
1094 	5964 	1543 	4177 	251 	2391 
1095 	229 	2360 	5263 	1036 	3476 
1096 	1014 	3446 	6348 	1821 	4562 
1097 	1799 	4532 	507 	2745 	5647 
