FR80T5X4L4
Channel Interleaving, Puncturing and Mapping to 4-QAM
User data=1960, with flush=1964, Channel Symbols=1479, Channel Bits=2958, p=497, q=497, Coding Rate=0.662610

Symbol	b1 	b0 
0 	1221 	0 
1 	5835 	798 
2 	2845 	1596 
3 	3786 	430 
4 	4728 	1228 
5 	5669 	62 
6 	2679 	860 
7 	1089 	1658 
8 	1887 	492 
9 	721 	1290 
10 	1519 	124 
11 	353 	3671 
12 	1151 	4614 
13 	1949 	5554 
14 	783 	2565 
15 	1581 	3505 
16 	415 	4448 
17 	4388 	1956 
18 	5329 	790 
19 	2339 	1588 
20 	3280 	422 
21 	4222 	1220 
22 	5163 	54 
23 	283 	852 
24 	1081 	1650 
25 	1879 	484 
26 	713 	1282 
27 	1511 	116 
28 	345 	3165 
29 	1143 	4108 
30 	1941 	5048 
31 	775 	2059 
32 	1573 	2999 
33 	407 	1150 
34 	3881 	1948 
35 	4823 	782 
36 	5764 	1580 
37 	2774 	414 
38 	3715 	1212 
39 	1441 	46 
40 	275 	844 
41 	1073 	1642 
42 	1871 	476 
43 	705 	1274 
44 	1503 	5649 
45 	337 	2660 
46 	1135 	3600 
47 	1933 	4542 
48 	767 	5483 
49 	1565 	344 
50 	2434 	1142 
51 	3375 	1940 
52 	4317 	774 
53 	5258 	1572 
54 	2268 	406 
55 	635 	1204 
56 	1433 	38 
57 	267 	836 
58 	1065 	1634 
59 	1863 	468 
60 	697 	4203 
61 	1495 	5143 
62 	329 	2154 
63 	1127 	3094 
64 	1925 	4037 
65 	759 	4977 
66 	4918 	336 
67 	5858 	1134 
68 	2869 	1932 
69 	3809 	766 
70 	4752 	1564 
71 	5692 	398 
72 	627 	1196 
73 	1425 	30 
74 	259 	828 
75 	1057 	1626 
76 	1855 	2754 
77 	689 	3695 
78 	1487 	4637 
79 	321 	5578 
80 	1119 	2588 
81 	1917 	3529 
82 	751 	1494 
83 	4412 	328 
84 	5353 	1126 
85 	2363 	1924 
86 	3304 	758 
87 	4246 	1556 
88 	1785 	390 
89 	619 	1188 
90 	1417 	22 
91 	251 	820 
92 	1049 	1618 
93 	1847 	2249 
94 	681 	3189 
95 	1479 	4132 
96 	313 	5072 
97 	1111 	2083 
98 	1909 	688 
99 	2964 	1486 
100 	3904 	320 
101 	4847 	1118 
102 	5787 	1916 
103 	2798 	750 
104 	979 	1548 
105 	1777 	382 
106 	611 	1180 
107 	1409 	14 
108 	243 	812 
109 	1041 	4732 
110 	1839 	5673 
111 	673 	2683 
112 	1471 	3624 
113 	305 	4566 
114 	1103 	1846 
115 	5447 	680 
116 	2458 	1478 
117 	3398 	312 
118 	4341 	1110 
119 	5281 	1908 
120 	173 	742 
121 	971 	1540 
122 	1769 	374 
123 	603 	1172 
124 	1401 	6 
125 	235 	3284 
126 	1033 	4226 
127 	1831 	5167 
128 	665 	2177 
129 	1463 	3118 
130 	297 	4060 
131 	4001 	1838 
132 	4942 	672 
133 	5882 	1470 
134 	2893 	304 
135 	3833 	1102 
136 	4776 	1900 
137 	165 	734 
138 	963 	1532 
139 	1761 	366 
140 	595 	1164 
141 	1393 	5768 
142 	227 	2778 
143 	1025 	3719 
144 	1823 	4661 
145 	657 	5602 
146 	1455 	2612 
147 	289 	1032 
148 	3493 	1830 
149 	4436 	664 
150 	5376 	1462 
151 	2387 	296 
152 	3327 	1094 
153 	1323 	1892 
154 	157 	726 
155 	955 	1524 
156 	1753 	358 
157 	587 	1156 
158 	1385 	5262 
159 	219 	2272 
160 	1017 	3213 
161 	1815 	4155 
162 	649 	5096 
163 	1447 	226 
164 	2047 	1024 
165 	2987 	1822 
166 	3930 	656 
167 	4870 	1454 
168 	5811 	288 
169 	517 	1086 
170 	1315 	1884 
171 	149 	718 
172 	947 	1516 
173 	1745 	350 
174 	579 	3813 
175 	1377 	4756 
176 	211 	5696 
177 	1009 	2707 
178 	1807 	3647 
179 	641 	1384 
180 	4531 	218 
181 	5471 	1016 
182 	2482 	1814 
183 	3422 	648 
184 	4365 	1446 
185 	1675 	280 
186 	509 	1078 
187 	1307 	1876 
188 	141 	710 
189 	939 	1508 
190 	1737 	2367 
191 	571 	3308 
192 	1369 	4250 
193 	203 	5191 
194 	1001 	2201 
195 	1799 	3142 
196 	3082 	1376 
197 	4025 	210 
198 	4965 	1008 
199 	1976 	1806 
200 	2916 	640 
201 	3857 	1438 
202 	1667 	272 
203 	501 	1070 
204 	1299 	1868 
205 	133 	702 
206 	931 	4851 
207 	1729 	5791 
208 	563 	2802 
209 	1361 	3742 
210 	195 	4685 
211 	993 	5625 
212 	1791 	570 
213 	2577 	1368 
214 	3517 	202 
215 	4460 	1000 
216 	5400 	1798 
217 	2411 	632 
218 	861 	1430 
219 	1659 	264 
220 	493 	1062 
221 	1291 	1860 
222 	125 	694 
223 	923 	4345 
224 	1721 	5285 
225 	555 	2296 
226 	1353 	3236 
227 	187 	4179 
228 	985 	1728 
229 	5060 	562 
230 	2071 	1360 
231 	3011 	194 
232 	3954 	992 
233 	4894 	1790 
234 	55 	624 
235 	853 	1422 
236 	1651 	256 
237 	485 	1054 
238 	1283 	1852 
239 	117 	2897 
240 	915 	3837 
241 	1713 	4780 
242 	547 	5720 
243 	1345 	2731 
244 	179 	922 
245 	3612 	1720 
246 	4554 	554 
247 	5495 	1352 
248 	2505 	186 
249 	3446 	984 
250 	1213 	1782 
251 	47 	616 
252 	845 	1414 
253 	1643 	248 
254 	477 	1046 
255 	1275 	5380 
256 	109 	2391 
257 	907 	3331 
258 	1705 	4274 
259 	539 	5214 
260 	1337 	2225 
261 	2166 	914 
262 	3106 	1712 
263 	4049 	546 
264 	4989 	1344 
265 	2000 	178 
266 	2940 	976 
267 	1205 	1774 
268 	39 	608 
269 	837 	1406 
270 	1635 	240 
271 	469 	3934 
272 	1267 	4874 
273 	101 	5815 
274 	899 	2825 
275 	1697 	3766 
276 	531 	4708 
277 	1329 	108 
278 	5590 	906 
279 	2600 	1704 
280 	3541 	538 
281 	4483 	1336 
282 	5424 	170 
283 	399 	968 
284 	1197 	1766 
285 	31 	600 
286 	829 	1398 
287 	1627 	232 
288 	461 	3426 
289 	1259 	4369 
290 	93 	5309 
291 	891 	2320 
292 	1689 	3260 
293 	523 	1266 
294 	4143 	100 
295 	5084 	898 
296 	2094 	1696 
297 	3035 	530 
298 	3977 	1328 
299 	1557 	162 
300 	391 	960 
301 	1189 	1758 
302 	23 	592 
303 	821 	1390 
304 	1619 	1980 
305 	453 	2920 
306 	1251 	3861 
307 	85 	4803 
308 	883 	5744 
309 	1681 	460 
310 	2695 	1258 
311 	3636 	92 
312 	4578 	890 
313 	5519 	1688 
314 	2529 	522 
315 	3470 	1320 
316 	1549 	154 
317 	383 	952 
318 	1181 	1750 
319 	15 	584 
320 	813 	4463 
321 	1611 	5404 
322 	445 	2414 
323 	1243 	3355 
324 	77 	4297 
325 	875 	5238 
326 	5179 	452 
327 	2189 	1250 
328 	3130 	84 
329 	4072 	882 
330 	5013 	1680 
331 	2023 	514 
332 	743 	1312 
333 	1541 	146 
334 	375 	944 
335 	1173 	1742 
336 	7 	3015 
337 	805 	3958 
338 	1603 	4898 
339 	437 	5839 
340 	1235 	2849 
341 	69 	3790 
342 	867 	1610 
343 	4673 	444 
344 	5613 	1242 
345 	2624 	76 
346 	3564 	874 
347 	4507 	1672 
348 	1901 	506 
349 	735 	1304 
350 	1533 	138 
351 	367 	936 
352 	1165 	1734 
353 	1963 	2509 
354 	797 	3450 
355 	1595 	4392 
356 	429 	5333 
357 	1227 	2343 
358 	61 	804 
359 	3225 	1602 
360 	4167 	436 
361 	5108 	1234 
362 	2118 	68 
363 	3059 	866 
364 	1095 	1664 
365 	1893 	498 
366 	727 	1296 
367 	1525 	130 
368 	359 	928 
369 	1157 	4993 
370 	1955 	2004 
371 	789 	2944 
372 	1587 	3885 
373 	421 	4827 
374 	1219 	1962 
375 	5708 	796 
376 	2719 	1594 
377 	3659 	428 
378 	4602 	1226 
379 	5542 	60 
380 	2553 	858 
381 	1087 	1656 
382 	1885 	490 
383 	719 	1288 
384 	1517 	122 
385 	351 	3545 
386 	1149 	4487 
387 	1947 	5428 
388 	781 	2438 
389 	1579 	3379 
390 	413 	4321 
391 	4262 	1954 
392 	5202 	788 
393 	2213 	1586 
394 	3153 	420 
395 	4096 	1218 
396 	5036 	52 
397 	281 	850 
398 	1079 	1648 
399 	1877 	482 
400 	711 	1280 
401 	1509 	2098 
402 	343 	3039 
403 	1141 	3981 
404 	1939 	4922 
405 	773 	5862 
406 	1571 	2873 
407 	405 	1148 
408 	3754 	1946 
409 	4697 	780 
410 	5637 	1578 
411 	2648 	412 
412 	3588 	1210 
413 	1439 	44 
414 	273 	842 
415 	1071 	1640 
416 	1869 	474 
417 	703 	1272 
418 	1501 	5523 
419 	335 	2533 
420 	1133 	3474 
421 	1931 	4416 
422 	765 	5357 
423 	1563 	342 
424 	2308 	1140 
425 	3248 	1938 
426 	4191 	772 
427 	5131 	1570 
428 	2142 	404 
429 	633 	1202 
430 	1431 	36 
431 	265 	834 
432 	1063 	1632 
433 	1861 	466 
434 	695 	4076 
435 	1493 	5017 
436 	327 	2027 
437 	1125 	2968 
438 	1923 	3908 
439 	757 	1500 
440 	4791 	334 
441 	5732 	1132 
442 	2742 	1930 
443 	3683 	764 
444 	4625 	1562 
445 	5566 	396 
446 	625 	1194 
447 	1423 	28 
448 	257 	826 
449 	1055 	1624 
450 	1853 	2628 
451 	687 	3568 
452 	1485 	4511 
453 	319 	5451 
454 	1117 	2462 
455 	1915 	3402 
456 	3343 	1492 
457 	4286 	326 
458 	5226 	1124 
459 	2237 	1922 
460 	3177 	756 
461 	4120 	1554 
462 	1783 	388 
463 	617 	1186 
464 	1415 	20 
465 	249 	818 
466 	1047 	5112 
467 	1845 	2122 
468 	679 	3063 
469 	1477 	4005 
470 	311 	4946 
471 	1109 	5886 
472 	1907 	686 
473 	2837 	1484 
474 	3778 	318 
475 	4720 	1116 
476 	5661 	1914 
477 	2671 	748 
478 	977 	1546 
479 	1775 	380 
480 	609 	1178 
481 	1407 	12 
482 	241 	810 
483 	1039 	4606 
484 	1837 	5546 
485 	671 	2557 
486 	1469 	3497 
487 	303 	4440 
488 	1101 	1844 
489 	5321 	678 
490 	2332 	1476 
491 	3272 	310 
492 	4214 	1108 
493 	5155 	1906 
494 	171 	740 
495 	969 	1538 
496 	1767 	372 
497 	601 	1170 
498 	1399 	4 
499 	233 	3157 
500 	1031 	4100 
501 	1829 	5040 
502 	663 	2051 
503 	1461 	2991 
504 	295 	1038 
505 	3873 	1836 
506 	4815 	670 
507 	5756 	1468 
508 	2766 	302 
509 	3707 	1100 
510 	4649 	1898 
511 	163 	732 
512 	961 	1530 
513 	1759 	364 
514 	593 	1162 
515 	1391 	5641 
516 	225 	2652 
517 	1023 	3592 
518 	1821 	4535 
519 	655 	5475 
520 	1453 	2486 
521 	2426 	1030 
522 	3367 	1828 
523 	4309 	662 
524 	5250 	1460 
525 	2260 	294 
526 	3201 	1092 
527 	1321 	1890 
528 	155 	724 
529 	953 	1522 
530 	1751 	356 
531 	585 	4195 
532 	1383 	5135 
533 	217 	2146 
534 	1015 	3086 
535 	1813 	4029 
536 	647 	4969 
537 	1445 	224 
538 	5851 	1022 
539 	2861 	1820 
540 	3802 	654 
541 	4744 	1452 
542 	5685 	286 
543 	515 	1084 
544 	1313 	1882 
545 	147 	716 
546 	945 	1514 
547 	1743 	348 
548 	577 	3687 
549 	1375 	4629 
550 	209 	5570 
551 	1007 	2580 
552 	1805 	3521 
553 	639 	1382 
554 	4404 	216 
555 	5345 	1014 
556 	2355 	1812 
557 	3296 	646 
558 	4238 	1444 
559 	1673 	278 
560 	507 	1076 
561 	1305 	1874 
562 	139 	708 
563 	937 	1506 
564 	1735 	2241 
565 	569 	3181 
566 	1367 	4124 
567 	201 	5064 
568 	999 	2075 
569 	1797 	576 
570 	2956 	1374 
571 	3896 	208 
572 	4839 	1006 
573 	5779 	1804 
574 	2790 	638 
575 	3730 	1436 
576 	1665 	270 
577 	499 	1068 
578 	1297 	1866 
579 	131 	700 
580 	929 	4724 
581 	1727 	5665 
582 	561 	2675 
583 	1359 	3616 
584 	193 	4558 
585 	991 	5499 
586 	5440 	568 
587 	2450 	1366 
588 	3391 	200 
589 	4333 	998 
590 	5274 	1796 
591 	2284 	630 
592 	859 	1428 
593 	1657 	262 
594 	491 	1060 
595 	1289 	1858 
596 	123 	3276 
597 	921 	4218 
598 	1719 	5159 
599 	553 	2169 
600 	1351 	3110 
601 	185 	4052 
602 	983 	1726 
603 	4934 	560 
604 	5874 	1358 
605 	2885 	192 
606 	3825 	990 
607 	4768 	1788 
608 	53 	622 
609 	851 	1420 
610 	1649 	254 
611 	483 	1052 
612 	1281 	1850 
613 	115 	2770 
614 	913 	3711 
615 	1711 	4653 
616 	545 	5594 
617 	1343 	2604 
618 	177 	920 
619 	3485 	1718 
620 	4428 	552 
621 	5368 	1350 
622 	2379 	184 
623 	3319 	982 
624 	1211 	1780 
625 	45 	614 
626 	843 	1412 
627 	1641 	246 
628 	475 	1044 
629 	1273 	5254 
630 	107 	2264 
631 	905 	3205 
632 	1703 	4147 
633 	537 	5088 
634 	1335 	114 
635 	2039 	912 
636 	2980 	1710 
637 	3920 	544 
638 	4863 	1342 
639 	5803 	176 
640 	2814 	974 
641 	1203 	1772 
642 	37 	606 
643 	835 	1404 
644 	1633 	238 
645 	467 	3805 
646 	1265 	4748 
647 	99 	5688 
648 	897 	2699 
649 	1695 	3640 
650 	529 	4582 
651 	4523 	106 
652 	5463 	904 
653 	2474 	1702 
654 	3414 	536 
655 	4357 	1334 
656 	5297 	168 
657 	397 	966 
658 	1195 	1764 
659 	29 	598 
660 	827 	1396 
661 	1625 	2359 
662 	459 	3300 
663 	1257 	4242 
664 	91 	5183 
665 	889 	2193 
666 	1687 	3134 
667 	521 	1264 
668 	4017 	98 
669 	4957 	896 
670 	1968 	1694 
671 	2908 	528 
672 	3849 	1326 
673 	1555 	160 
674 	389 	958 
675 	1187 	1756 
676 	21 	590 
677 	819 	1388 
678 	1617 	5783 
679 	451 	2794 
680 	1249 	3734 
681 	83 	4677 
682 	881 	5617 
683 	1679 	458 
684 	2569 	1256 
685 	3509 	90 
686 	4452 	888 
687 	5392 	1686 
688 	2403 	520 
689 	749 	1318 
690 	1547 	152 
691 	381 	950 
692 	1179 	1748 
693 	13 	582 
694 	811 	4337 
695 	1609 	5278 
696 	443 	2288 
697 	1241 	3229 
698 	75 	4171 
699 	873 	1616 
700 	5052 	450 
701 	2063 	1248 
702 	3003 	82 
703 	3946 	880 
704 	4886 	1678 
705 	5827 	512 
706 	741 	1310 
707 	1539 	144 
708 	373 	942 
709 	1171 	1740 
710 	5 	2889 
711 	803 	3829 
712 	1601 	4772 
713 	435 	5712 
714 	1233 	2723 
715 	67 	3663 
716 	3604 	1608 
717 	4546 	442 
718 	5487 	1240 
719 	2497 	74 
720 	3438 	872 
721 	4380 	1670 
722 	1899 	504 
723 	733 	1302 
724 	1531 	136 
725 	365 	934 
726 	1163 	5372 
727 	1961 	2383 
728 	795 	3323 
729 	1593 	4266 
730 	427 	5206 
731 	1225 	2217 
732 	59 	802 
733 	3098 	1600 
734 	4041 	434 
735 	4981 	1232 
736 	1992 	66 
737 	2932 	864 
738 	1093 	1662 
739 	1891 	496 
740 	725 	1294 
741 	1523 	128 
742 	357 	926 
743 	1155 	4867 
744 	1953 	5807 
745 	787 	2818 
746 	1585 	3758 
747 	419 	4701 
748 	1217 	1960 
749 	5582 	794 
750 	2592 	1592 
751 	3533 	426 
752 	4475 	1224 
753 	5416 	58 
754 	287 	856 
755 	1085 	1654 
756 	1883 	488 
757 	717 	1286 
758 	1515 	120 
759 	349 	3418 
760 	1147 	4361 
761 	1945 	5301 
762 	779 	2312 
763 	1577 	3252 
764 	411 	1154 
765 	4135 	1952 
766 	5076 	786 
767 	2087 	1584 
768 	3027 	418 
769 	3969 	1216 
770 	4910 	50 
771 	279 	848 
772 	1077 	1646 
773 	1875 	480 
774 	709 	1278 
775 	1507 	1972 
776 	341 	2912 
777 	1139 	3853 
778 	1937 	4795 
779 	771 	5736 
780 	1569 	2746 
781 	2687 	1146 
782 	3628 	1944 
783 	4570 	778 
784 	5511 	1576 
785 	2521 	410 
786 	3462 	1208 
787 	1437 	42 
788 	271 	840 
789 	1069 	1638 
790 	1867 	472 
791 	701 	4456 
792 	1499 	5396 
793 	333 	2407 
794 	1131 	3347 
795 	1929 	4290 
796 	763 	5230 
797 	1561 	340 
798 	2181 	1138 
799 	3122 	1936 
800 	4064 	770 
801 	5005 	1568 
802 	2015 	402 
803 	631 	1200 
804 	1429 	34 
805 	263 	832 
806 	1061 	1630 
807 	1859 	464 
808 	693 	3950 
809 	1491 	4890 
810 	325 	5831 
811 	1123 	2841 
812 	1921 	3782 
813 	755 	1498 
814 	4665 	332 
815 	5606 	1130 
816 	2616 	1928 
817 	3557 	762 
818 	4499 	1560 
819 	1789 	394 
820 	623 	1192 
821 	1421 	26 
822 	255 	824 
823 	1053 	1622 
824 	1851 	2501 
825 	685 	3442 
826 	1483 	4384 
827 	317 	5325 
828 	1115 	2335 
829 	1913 	692 
830 	3217 	1490 
831 	4159 	324 
832 	5100 	1122 
833 	2110 	1920 
834 	3051 	754 
835 	3993 	1552 
836 	1781 	386 
837 	615 	1184 
838 	1413 	18 
839 	247 	816 
840 	1045 	4985 
841 	1843 	1996 
842 	677 	2936 
843 	1475 	3877 
844 	309 	4819 
845 	1107 	5760 
846 	5700 	684 
847 	2711 	1482 
848 	3651 	316 
849 	4594 	1114 
850 	5534 	1912 
851 	2545 	746 
852 	975 	1544 
853 	1773 	378 
854 	607 	1176 
855 	1405 	10 
856 	239 	3537 
857 	1037 	4479 
858 	1835 	5420 
859 	669 	2430 
860 	1467 	3371 
861 	301 	4313 
862 	1099 	1842 
863 	5195 	676 
864 	2205 	1474 
865 	3146 	308 
866 	4088 	1106 
867 	5029 	1904 
868 	169 	738 
869 	967 	1536 
870 	1765 	370 
871 	599 	1168 
872 	1397 	2 
873 	231 	3031 
874 	1029 	3973 
875 	1827 	4914 
876 	661 	5854 
877 	1459 	2865 
878 	293 	1036 
879 	3746 	1834 
880 	4689 	668 
881 	5629 	1466 
882 	2640 	300 
883 	3580 	1098 
884 	1327 	1896 
885 	161 	730 
886 	959 	1528 
887 	1757 	362 
888 	591 	1160 
889 	1389 	5515 
890 	223 	2525 
891 	1021 	3466 
892 	1819 	4408 
893 	653 	5349 
894 	1451 	230 
895 	2300 	1028 
896 	3240 	1826 
897 	4183 	660 
898 	5123 	1458 
899 	2134 	292 
900 	3074 	1090 
901 	1319 	1888 
902 	153 	722 
903 	951 	1520 
904 	1749 	354 
905 	583 	4068 
906 	1381 	5009 
907 	215 	2019 
908 	1013 	2960 
909 	1811 	3900 
910 	645 	4843 
911 	4784 	222 
912 	5724 	1020 
913 	2735 	1818 
914 	3675 	652 
915 	4618 	1450 
916 	5558 	284 
917 	513 	1082 
918 	1311 	1880 
919 	145 	714 
920 	943 	1512 
921 	1741 	2620 
922 	575 	3560 
923 	1373 	4503 
924 	207 	5443 
925 	1005 	2454 
926 	1803 	3395 
927 	637 	1380 
928 	4278 	214 
929 	5218 	1012 
930 	2229 	1810 
931 	3169 	644 
932 	4112 	1442 
933 	1671 	276 
934 	505 	1074 
935 	1303 	1872 
936 	137 	706 
937 	935 	1504 
938 	1733 	2114 
939 	567 	3055 
940 	1365 	3997 
941 	199 	4938 
942 	997 	5878 
943 	1795 	574 
944 	2829 	1372 
945 	3770 	206 
946 	4712 	1004 
947 	5653 	1802 
948 	2663 	636 
949 	865 	1434 
950 	1663 	268 
951 	497 	1066 
952 	1295 	1864 
953 	129 	698 
954 	927 	4598 
955 	1725 	5538 
956 	559 	2549 
957 	1357 	3489 
958 	191 	4432 
959 	989 	1732 
960 	5313 	566 
961 	2324 	1364 
962 	3264 	198 
963 	4207 	996 
964 	5147 	1794 
965 	2158 	628 
966 	857 	1426 
967 	1655 	260 
968 	489 	1058 
969 	1287 	1856 
970 	121 	3150 
971 	919 	4092 
972 	1717 	5033 
973 	551 	2043 
974 	1349 	2984 
975 	183 	3924 
976 	3865 	1724 
977 	4807 	558 
978 	5748 	1356 
979 	2758 	190 
980 	3699 	988 
981 	4641 	1786 
982 	51 	620 
983 	849 	1418 
984 	1647 	252 
985 	481 	1050 
986 	1279 	5633 
987 	113 	2644 
988 	911 	3584 
989 	1709 	4527 
990 	543 	5467 
991 	1341 	2478 
992 	175 	918 
993 	3359 	1716 
994 	4301 	550 
995 	5242 	1348 
996 	2252 	182 
997 	3193 	980 
998 	1209 	1778 
999 	43 	612 
1000 	841 	1410 
1001 	1639 	244 
1002 	473 	1042 
1003 	1271 	5127 
1004 	105 	2138 
1005 	903 	3078 
1006 	1701 	4021 
1007 	535 	4961 
1008 	1333 	112 
1009 	5843 	910 
1010 	2853 	1708 
1011 	3794 	542 
1012 	4736 	1340 
1013 	5677 	174 
1014 	403 	972 
1015 	1201 	1770 
1016 	35 	604 
1017 	833 	1402 
1018 	1631 	236 
1019 	465 	3679 
1020 	1263 	4622 
1021 	97 	5562 
1022 	895 	2573 
1023 	1693 	3513 
1024 	527 	1270 
1025 	4396 	104 
1026 	5337 	902 
1027 	2347 	1700 
1028 	3288 	534 
1029 	4230 	1332 
1030 	5171 	166 
1031 	395 	964 
1032 	1193 	1762 
1033 	27 	596 
1034 	825 	1394 
1035 	1623 	2233 
1036 	457 	3173 
1037 	1255 	4116 
1038 	89 	5056 
1039 	887 	2067 
1040 	1685 	3007 
1041 	2948 	1262 
1042 	3888 	96 
1043 	4831 	894 
1044 	5771 	1692 
1045 	2782 	526 
1046 	3723 	1324 
1047 	1553 	158 
1048 	387 	956 
1049 	1185 	1754 
1050 	19 	588 
1051 	817 	4716 
1052 	1615 	5657 
1053 	449 	2667 
1054 	1247 	3608 
1055 	81 	4550 
1056 	879 	5491 
1057 	1677 	456 
1058 	2442 	1254 
1059 	3383 	88 
1060 	4325 	886 
1061 	5266 	1684 
1062 	2276 	518 
1063 	747 	1316 
1064 	1545 	150 
1065 	379 	948 
1066 	1177 	1746 
1067 	11 	580 
1068 	809 	4211 
1069 	1607 	5151 
1070 	441 	2162 
1071 	1239 	3102 
1072 	73 	4045 
1073 	871 	1614 
1074 	4926 	448 
1075 	5866 	1246 
1076 	2877 	80 
1077 	3817 	878 
1078 	4760 	1676 
1079 	1905 	510 
1080 	739 	1308 
1081 	1537 	142 
1082 	371 	940 
1083 	1169 	1738 
1084 	3 	2762 
1085 	801 	3703 
1086 	1599 	4645 
1087 	433 	5586 
1088 	1231 	2596 
1089 	65 	808 
1090 	3478 	1606 
1091 	4420 	440 
1092 	5360 	1238 
1093 	2371 	72 
1094 	3312 	870 
1095 	4254 	1668 
1096 	1897 	502 
1097 	731 	1300 
1098 	1529 	134 
1099 	363 	932 
1100 	1161 	5246 
1101 	1959 	2256 
1102 	793 	3197 
1103 	1591 	4139 
1104 	425 	5080 
1105 	1223 	2090 
1106 	2031 	800 
1107 	2972 	1598 
1108 	3912 	432 
1109 	4855 	1230 
1110 	5795 	64 
1111 	2806 	862 
1112 	1091 	1660 
1113 	1889 	494 
1114 	723 	1292 
1115 	1521 	126 
1116 	355 	3798 
1117 	1153 	4740 
1118 	1951 	5681 
1119 	785 	2691 
1120 	1583 	3632 
1121 	417 	4574 
1122 	1215 	1958 
1123 	5455 	792 
1124 	2466 	1590 
1125 	3406 	424 
1126 	4349 	1222 
1127 	5289 	56 
1128 	285 	854 
1129 	1083 	1652 
1130 	1881 	486 
1131 	715 	1284 
1132 	1513 	118 
1133 	347 	3292 
1134 	1145 	4234 
1135 	1943 	5175 
1136 	777 	2185 
1137 	1575 	3126 
1138 	409 	1152 
1139 	4009 	1950 
1140 	4950 	784 
1141 	5890 	1582 
1142 	2901 	416 
1143 	3841 	1214 
1144 	1443 	48 
1145 	277 	846 
1146 	1075 	1644 
1147 	1873 	478 
1148 	707 	1276 
1149 	1505 	5775 
1150 	339 	2786 
1151 	1137 	3726 
1152 	1935 	4669 
1153 	769 	5609 
1154 	1567 	346 
1155 	2561 	1144 
1156 	3501 	1942 
1157 	4444 	776 
1158 	5384 	1574 
1159 	2395 	408 
1160 	3335 	1206 
1161 	1435 	40 
1162 	269 	838 
1163 	1067 	1636 
1164 	1865 	470 
1165 	699 	4329 
1166 	1497 	5270 
1167 	331 	2280 
1168 	1129 	3221 
1169 	1927 	4163 
1170 	761 	5104 
1171 	5044 	338 
1172 	2055 	1136 
1173 	2995 	1934 
1174 	3938 	768 
1175 	4878 	1566 
1176 	5819 	400 
1177 	629 	1198 
1178 	1427 	32 
1179 	261 	830 
1180 	1059 	1628 
1181 	1857 	2881 
1182 	691 	3821 
1183 	1489 	4764 
1184 	323 	5704 
1185 	1121 	2715 
1186 	1919 	3655 
1187 	753 	1496 
1188 	4539 	330 
1189 	5479 	1128 
1190 	2490 	1926 
1191 	3430 	760 
1192 	4373 	1558 
1193 	1787 	392 
1194 	621 	1190 
1195 	1419 	24 
1196 	253 	822 
1197 	1051 	1620 
1198 	1849 	2375 
1199 	683 	3315 
1200 	1481 	4258 
1201 	315 	5198 
1202 	1113 	2209 
1203 	1911 	690 
1204 	3090 	1488 
1205 	4033 	322 
1206 	4973 	1120 
1207 	1984 	1918 
1208 	2924 	752 
1209 	981 	1550 
1210 	1779 	384 
1211 	613 	1182 
1212 	1411 	16 
1213 	245 	814 
1214 	1043 	4859 
1215 	1841 	5799 
1216 	675 	2810 
1217 	1473 	3750 
1218 	307 	4693 
1219 	1105 	1848 
1220 	5574 	682 
1221 	2584 	1480 
1222 	3525 	314 
1223 	4467 	1112 
1224 	5408 	1910 
1225 	2418 	744 
1226 	973 	1542 
1227 	1771 	376 
1228 	605 	1174 
1229 	1403 	8 
1230 	237 	3410 
1231 	1035 	4353 
1232 	1833 	5293 
1233 	667 	2304 
1234 	1465 	3244 
1235 	299 	4187 
1236 	4128 	1840 
1237 	5068 	674 
1238 	2079 	1472 
1239 	3019 	306 
1240 	3962 	1104 
1241 	4902 	1902 
1242 	167 	736 
1243 	965 	1534 
1244 	1763 	368 
1245 	597 	1166 
1246 	1395 	1964 
1247 	229 	2905 
1248 	1027 	3845 
1249 	1825 	4787 
1250 	659 	5728 
1251 	1457 	2739 
1252 	291 	1034 
1253 	3620 	1832 
1254 	4562 	666 
1255 	5503 	1464 
1256 	2513 	298 
1257 	3454 	1096 
1258 	1325 	1894 
1259 	159 	728 
1260 	957 	1526 
1261 	1755 	360 
1262 	589 	1158 
1263 	1387 	5388 
1264 	221 	2399 
1265 	1019 	3339 
1266 	1817 	4282 
1267 	651 	5222 
1268 	1449 	228 
1269 	2173 	1026 
1270 	3114 	1824 
1271 	4056 	658 
1272 	4997 	1456 
1273 	2007 	290 
1274 	519 	1088 
1275 	1317 	1886 
1276 	151 	720 
1277 	949 	1518 
1278 	1747 	352 
1279 	581 	3942 
1280 	1379 	4882 
1281 	213 	5823 
1282 	1011 	2833 
1283 	1809 	3774 
1284 	643 	1386 
1285 	4657 	220 
1286 	5598 	1018 
1287 	2608 	1816 
1288 	3549 	650 
1289 	4491 	1448 
1290 	5432 	282 
1291 	511 	1080 
1292 	1309 	1878 
1293 	143 	712 
1294 	941 	1510 
1295 	1739 	2494 
1296 	573 	3434 
1297 	1371 	4377 
1298 	205 	5317 
1299 	1003 	2328 
1300 	1801 	3268 
1301 	3209 	1378 
1302 	4151 	212 
1303 	5092 	1010 
1304 	2102 	1808 
1305 	3043 	642 
1306 	3985 	1440 
1307 	1669 	274 
1308 	503 	1072 
1309 	1301 	1870 
1310 	135 	704 
1311 	933 	1502 
1312 	1731 	1988 
1313 	565 	2928 
1314 	1363 	3869 
1315 	197 	4811 
1316 	995 	5752 
1317 	1793 	572 
1318 	2703 	1370 
1319 	3643 	204 
1320 	4586 	1002 
1321 	5526 	1800 
1322 	2537 	634 
1323 	863 	1432 
1324 	1661 	266 
1325 	495 	1064 
1326 	1293 	1862 
1327 	127 	696 
1328 	925 	4471 
1329 	1723 	5412 
1330 	557 	2422 
1331 	1355 	3363 
1332 	189 	4305 
1333 	987 	1730 
1334 	5187 	564 
1335 	2197 	1362 
1336 	3138 	196 
1337 	4080 	994 
1338 	5021 	1792 
1339 	57 	626 
1340 	855 	1424 
1341 	1653 	258 
1342 	487 	1056 
1343 	1285 	1854 
1344 	119 	3023 
1345 	917 	3966 
1346 	1715 	4906 
1347 	549 	5847 
1348 	1347 	2857 
1349 	181 	924 
1350 	3738 	1722 
1351 	4681 	556 
1352 	5621 	1354 
1353 	2632 	188 
1354 	3572 	986 
1355 	4515 	1784 
1356 	49 	618 
1357 	847 	1416 
1358 	1645 	250 
1359 	479 	1048 
1360 	1277 	5507 
1361 	111 	2517 
1362 	909 	3458 
1363 	1707 	4400 
1364 	541 	5341 
1365 	1339 	2351 
1366 	2292 	916 
1367 	3232 	1714 
1368 	4175 	548 
1369 	5115 	1346 
1370 	2126 	180 
1371 	3067 	978 
1372 	1207 	1776 
1373 	41 	610 
1374 	839 	1408 
1375 	1637 	242 
1376 	471 	1040 
1377 	1269 	5001 
1378 	103 	2011 
1379 	901 	2952 
1380 	1699 	3892 
1381 	533 	4835 
1382 	1331 	110 
1383 	5716 	908 
1384 	2727 	1706 
1385 	3667 	540 
1386 	4610 	1338 
1387 	5550 	172 
1388 	401 	970 
1389 	1199 	1768 
1390 	33 	602 
1391 	831 	1400 
1392 	1629 	234 
1393 	463 	3553 
1394 	1261 	4495 
1395 	95 	5436 
1396 	893 	2446 
1397 	1691 	3387 
1398 	525 	1268 
1399 	4270 	102 
1400 	5210 	900 
1401 	2221 	1698 
1402 	3161 	532 
1403 	4104 	1330 
1404 	1559 	164 
1405 	393 	962 
1406 	1191 	1760 
1407 	25 	594 
1408 	823 	1392 
1409 	1621 	2106 
1410 	455 	3047 
1411 	1253 	3989 
1412 	87 	4930 
1413 	885 	5870 
1414 	1683 	462 
1415 	2822 	1260 
1416 	3762 	94 
1417 	4705 	892 
1418 	5645 	1690 
1419 	2656 	524 
1420 	3596 	1322 
1421 	1551 	156 
1422 	385 	954 
1423 	1183 	1752 
1424 	17 	586 
1425 	815 	4590 
1426 	1613 	5530 
1427 	447 	2541 
1428 	1245 	3481 
1429 	79 	4424 
1430 	877 	5364 
1431 	5305 	454 
1432 	2316 	1252 
1433 	3256 	86 
1434 	4199 	884 
1435 	5139 	1682 
1436 	2150 	516 
1437 	745 	1314 
1438 	1543 	148 
1439 	377 	946 
1440 	1175 	1744 
1441 	9 	578 
1442 	807 	4084 
1443 	1605 	5025 
1444 	439 	2035 
1445 	1237 	2976 
1446 	71 	3916 
1447 	869 	1612 
1448 	4799 	446 
1449 	5740 	1244 
1450 	2750 	78 
1451 	3691 	876 
1452 	4633 	1674 
1453 	1903 	508 
1454 	737 	1306 
1455 	1535 	140 
1456 	369 	938 
1457 	1167 	1736 
1458 	1 	2636 
1459 	799 	3576 
1460 	1597 	4519 
1461 	431 	5459 
1462 	1229 	2470 
1463 	63 	806 
1464 	3351 	1604 
1465 	4294 	438 
1466 	5234 	1236 
1467 	2245 	70 
1468 	3185 	868 
1469 	1097 	1666 
1470 	1895 	500 
1471 	729 	1298 
1472 	1527 	132 
1473 	361 	930 
1474 	1159 	5119 
1475 	1957 	2130 
1476 	791 	3070 
1477 	1589 	4013 
1478 	423 	4953 
