FR80T5X16H2
Channel Interleaving, Puncturing and Mapping to 16-QAM
User data=3920, with flush=3924, Channel Symbols=1479, Channel Bits=5916, p=996, q=996, Coding Rate=0.662610

Symbol	b3 	b2 	b1 	b0 
0 	78 	0 	2503 	2425 
1 	88 	10 	2513 	2435 
2 	98 	20 	2523 	2445 
3 	108 	30 	2533 	2455 
4 	118 	40 	2543 	2465 
5 	128 	50 	2553 	2475 
6 	4184 	60 	9036 	2485 
7 	4176 	70 	9028 	2495 
8 	4168 	80 	9020 	2505 
9 	4160 	90 	9012 	2515 
10 	4153 	100 	9004 	2525 
11 	4145 	110 	8996 	2535 
12 	4137 	120 	8989 	2545 
13 	4129 	130 	8981 	2555 
14 	4121 	140 	8973 	2565 
15 	4113 	150 	8965 	2575 
16 	4105 	160 	8957 	2585 
17 	170 	92 	2595 	2517 
18 	180 	102 	2605 	2527 
19 	190 	112 	2615 	2537 
20 	200 	122 	2625 	2547 
21 	210 	132 	2635 	2557 
22 	220 	142 	2645 	2567 
23 	4357 	152 	9209 	2577 
24 	4349 	162 	9201 	2587 
25 	4342 	172 	9193 	2597 
26 	4334 	182 	9186 	2607 
27 	4326 	192 	9178 	2617 
28 	4318 	202 	9170 	2627 
29 	4310 	212 	9162 	2637 
30 	4302 	222 	9154 	2647 
31 	4294 	232 	9146 	2657 
32 	4286 	242 	9138 	2667 
33 	4279 	252 	9130 	2677 
34 	262 	184 	2687 	2609 
35 	272 	194 	2697 	2619 
36 	282 	204 	2707 	2629 
37 	292 	214 	2717 	2639 
38 	302 	224 	2727 	2649 
39 	4539 	234 	9390 	2659 
40 	4531 	244 	9383 	2669 
41 	4523 	254 	9375 	2679 
42 	4515 	264 	9367 	2689 
43 	4507 	274 	9359 	2699 
44 	4499 	284 	9351 	2709 
45 	4491 	294 	9343 	2719 
46 	4483 	304 	9335 	2729 
47 	4476 	314 	9327 	2739 
48 	4468 	324 	9319 	2749 
49 	4460 	334 	9312 	2759 
50 	344 	266 	2769 	2691 
51 	354 	276 	2779 	2701 
52 	364 	286 	2789 	2711 
53 	374 	296 	2799 	2721 
54 	384 	306 	2809 	2731 
55 	394 	316 	2819 	2741 
56 	4712 	326 	9564 	2751 
57 	4704 	336 	9556 	2761 
58 	4696 	346 	9548 	2771 
59 	4688 	356 	9540 	2781 
60 	4680 	366 	9532 	2791 
61 	4673 	376 	9524 	2801 
62 	4665 	386 	9516 	2811 
63 	4657 	396 	9509 	2821 
64 	4649 	406 	9501 	2831 
65 	4641 	416 	9493 	2841 
66 	4633 	426 	9485 	2851 
67 	436 	358 	2861 	2783 
68 	446 	368 	2871 	2793 
69 	456 	378 	2881 	2803 
70 	466 	388 	2891 	2813 
71 	476 	398 	2901 	2823 
72 	4893 	408 	9745 	2833 
73 	4885 	418 	9737 	2843 
74 	4877 	428 	9729 	2853 
75 	4870 	438 	9721 	2863 
76 	4862 	448 	9713 	2873 
77 	4854 	458 	9706 	2883 
78 	4846 	468 	9698 	2893 
79 	4838 	478 	9690 	2903 
80 	4830 	488 	9682 	2913 
81 	4822 	498 	9674 	2923 
82 	4814 	508 	9666 	2933 
83 	4807 	518 	9658 	2943 
84 	528 	450 	2953 	2875 
85 	538 	460 	2963 	2885 
86 	548 	470 	2973 	2895 
87 	558 	480 	2983 	2905 
88 	568 	490 	2993 	2915 
89 	5067 	500 	9918 	2925 
90 	5059 	510 	9910 	2935 
91 	5051 	520 	9903 	2945 
92 	5043 	530 	9895 	2955 
93 	5035 	540 	9887 	2965 
94 	5027 	550 	9879 	2975 
95 	5019 	560 	9871 	2985 
96 	5011 	570 	9863 	2995 
97 	5003 	580 	9855 	3005 
98 	4996 	590 	9847 	3015 
99 	4988 	600 	9840 	3025 
100 	610 	532 	3035 	2957 
101 	620 	542 	3045 	2967 
102 	630 	552 	3055 	2977 
103 	640 	562 	3065 	2987 
104 	650 	572 	3075 	2997 
105 	660 	582 	3085 	3007 
106 	5240 	592 	10092 	3017 
107 	5232 	602 	10084 	3027 
108 	5224 	612 	10076 	3037 
109 	5216 	622 	10068 	3047 
110 	5208 	632 	10060 	3057 
111 	5200 	642 	10052 	3067 
112 	5193 	652 	10044 	3077 
113 	5185 	662 	10037 	3087 
114 	5177 	672 	10029 	3097 
115 	5169 	682 	10021 	3107 
116 	5161 	692 	10013 	3117 
117 	702 	624 	3127 	3049 
118 	712 	634 	3137 	3059 
119 	722 	644 	3147 	3069 
120 	732 	654 	3157 	3079 
121 	742 	664 	3167 	3089 
122 	5421 	674 	10273 	3099 
123 	5413 	684 	10265 	3109 
124 	5405 	694 	10257 	3119 
125 	5397 	704 	10249 	3129 
126 	5390 	714 	10241 	3139 
127 	5382 	724 	10234 	3149 
128 	5374 	734 	10226 	3159 
129 	5366 	744 	10218 	3169 
130 	5358 	754 	10210 	3179 
131 	5350 	764 	10202 	3189 
132 	5342 	774 	10194 	3199 
133 	784 	706 	3209 	3131 
134 	794 	716 	3219 	3141 
135 	804 	726 	3229 	3151 
136 	814 	736 	3239 	3161 
137 	824 	746 	3249 	3171 
138 	834 	756 	3259 	3181 
139 	5594 	766 	10446 	3191 
140 	5587 	776 	10438 	3201 
141 	5579 	786 	10431 	3211 
142 	5571 	796 	10423 	3221 
143 	5563 	806 	10415 	3231 
144 	5555 	816 	10407 	3241 
145 	5547 	826 	10399 	3251 
146 	5539 	836 	10391 	3261 
147 	5531 	846 	10383 	3271 
148 	5524 	856 	10375 	3281 
149 	5516 	866 	10367 	3291 
150 	876 	798 	3301 	3223 
151 	886 	808 	3311 	3233 
152 	896 	818 	3321 	3243 
153 	906 	828 	3331 	3253 
154 	916 	838 	3341 	3263 
155 	5776 	848 	10627 	3273 
156 	5768 	858 	10620 	3283 
157 	5760 	868 	10612 	3293 
158 	5752 	878 	10604 	3303 
159 	5744 	888 	10596 	3313 
160 	5736 	898 	10588 	3323 
161 	5728 	908 	10580 	3333 
162 	5721 	918 	10572 	3343 
163 	5713 	928 	10564 	3353 
164 	5705 	938 	10557 	3363 
165 	5697 	948 	10549 	3373 
166 	5689 	958 	10541 	3383 
167 	968 	890 	3393 	3315 
168 	978 	900 	3403 	3325 
169 	988 	910 	3413 	3335 
170 	998 	920 	3423 	3345 
171 	1008 	930 	3433 	3355 
172 	5949 	940 	10801 	3365 
173 	5941 	950 	10793 	3375 
174 	5933 	960 	10785 	3385 
175 	5925 	970 	10777 	3395 
176 	5918 	980 	10769 	3405 
177 	5910 	990 	10761 	3415 
178 	5902 	1000 	10754 	3425 
179 	5894 	1010 	10746 	3435 
180 	5886 	1020 	10738 	3445 
181 	5878 	1030 	10730 	3455 
182 	5870 	1040 	10722 	3465 
183 	1050 	972 	3475 	3397 
184 	1060 	982 	3485 	3407 
185 	1070 	992 	3495 	3417 
186 	1080 	1002 	3505 	3427 
187 	1090 	1012 	3515 	3437 
188 	1100 	1022 	3525 	3447 
189 	6122 	1032 	10974 	3457 
190 	6115 	1042 	10966 	3467 
191 	6107 	1052 	10958 	3477 
192 	6099 	1062 	10951 	3487 
193 	6091 	1072 	10943 	3497 
194 	6083 	1082 	10935 	3507 
195 	6075 	1092 	10927 	3517 
196 	6067 	1102 	10919 	3527 
197 	6059 	1112 	10911 	3537 
198 	6051 	1122 	10903 	3547 
199 	6044 	1132 	10895 	3557 
200 	1142 	1064 	3567 	3489 
201 	1152 	1074 	3577 	3499 
202 	1162 	1084 	3587 	3509 
203 	1172 	1094 	3597 	3519 
204 	1182 	1104 	3607 	3529 
205 	6304 	1114 	11155 	3539 
206 	6296 	1124 	11148 	3549 
207 	6288 	1134 	11140 	3559 
208 	6280 	1144 	11132 	3569 
209 	6272 	1154 	11124 	3579 
210 	6264 	1164 	11116 	3589 
211 	6256 	1174 	11108 	3599 
212 	6248 	1184 	11100 	3609 
213 	6241 	1194 	11092 	3619 
214 	6233 	1204 	11085 	3629 
215 	6225 	1214 	11077 	3639 
216 	6217 	1224 	11069 	3649 
217 	1234 	1156 	3659 	3581 
218 	1244 	1166 	3669 	3591 
219 	1254 	1176 	3679 	3601 
220 	1264 	1186 	3689 	3611 
221 	1274 	1196 	3699 	3621 
222 	6477 	1206 	11329 	3631 
223 	6469 	1216 	11321 	3641 
224 	6461 	1226 	11313 	3651 
225 	6453 	1236 	11305 	3661 
226 	6445 	1246 	11297 	3671 
227 	6438 	1256 	11289 	3681 
228 	6430 	1266 	11281 	3691 
229 	6422 	1276 	11274 	3701 
230 	6414 	1286 	11266 	3711 
231 	6406 	1296 	11258 	3721 
232 	6398 	1306 	11250 	3731 
233 	1316 	1238 	3741 	3663 
234 	1326 	1248 	3751 	3673 
235 	1336 	1258 	3761 	3683 
236 	1346 	1268 	3771 	3693 
237 	1356 	1278 	3781 	3703 
238 	1366 	1288 	3791 	3713 
239 	6650 	1298 	11502 	3723 
240 	6642 	1308 	11494 	3733 
241 	6635 	1318 	11486 	3743 
242 	6627 	1328 	11478 	3753 
243 	6619 	1338 	11471 	3763 
244 	6611 	1348 	11463 	3773 
245 	6603 	1358 	11455 	3783 
246 	6595 	1368 	11447 	3793 
247 	6587 	1378 	11439 	3803 
248 	6579 	1388 	11431 	3813 
249 	6572 	1398 	11423 	3823 
250 	1408 	1330 	3833 	3755 
251 	1418 	1340 	3843 	3765 
252 	1428 	1350 	3853 	3775 
253 	1438 	1360 	3863 	3785 
254 	1448 	1370 	3873 	3795 
255 	6832 	1380 	11683 	3805 
256 	6824 	1390 	11675 	3815 
257 	6816 	1400 	11668 	3825 
258 	6808 	1410 	11660 	3835 
259 	6800 	1420 	11652 	3845 
260 	6792 	1430 	11644 	3855 
261 	6784 	1440 	11636 	3865 
262 	6776 	1450 	11628 	3875 
263 	6769 	1460 	11620 	3885 
264 	6761 	1470 	11612 	3895 
265 	6753 	1480 	11605 	3905 
266 	1490 	1412 	3915 	3837 
267 	1500 	1422 	1 	3847 
268 	1510 	1432 	11 	3857 
269 	1520 	1442 	21 	3867 
270 	1530 	1452 	31 	3877 
271 	1540 	1462 	41 	3887 
272 	7005 	1472 	4007 	3897 
273 	6997 	1482 	3999 	3907 
274 	6989 	1492 	3991 	3917 
275 	6981 	1502 	3983 	3 
276 	6973 	1512 	3975 	13 
277 	6965 	1522 	3967 	23 
278 	6958 	1532 	3959 	33 
279 	6950 	1542 	3952 	43 
280 	6942 	1552 	3944 	53 
281 	6934 	1562 	3936 	63 
282 	6926 	1572 	3928 	73 
283 	1582 	1504 	83 	5 
284 	1592 	1514 	93 	15 
285 	1602 	1524 	103 	25 
286 	1612 	1534 	113 	35 
287 	1622 	1544 	123 	45 
288 	7186 	1554 	4188 	55 
289 	7178 	1564 	4180 	65 
290 	7170 	1574 	4172 	75 
291 	7162 	1584 	4164 	85 
292 	7155 	1594 	4156 	95 
293 	7147 	1604 	4149 	105 
294 	7139 	1614 	4141 	115 
295 	7131 	1624 	4133 	125 
296 	7123 	1634 	4125 	135 
297 	7115 	1644 	4117 	145 
298 	7107 	1654 	4109 	155 
299 	7099 	1664 	4101 	165 
300 	1674 	1596 	175 	97 
301 	1684 	1606 	185 	107 
302 	1694 	1616 	195 	117 
303 	1704 	1626 	205 	127 
304 	1714 	1636 	215 	137 
305 	7359 	1646 	4361 	147 
306 	7352 	1656 	4353 	157 
307 	7344 	1666 	4346 	167 
308 	7336 	1676 	4338 	177 
309 	7328 	1686 	4330 	187 
310 	7320 	1696 	4322 	197 
311 	7312 	1706 	4314 	207 
312 	7304 	1716 	4306 	217 
313 	7296 	1726 	4298 	227 
314 	7289 	1736 	4290 	237 
315 	7281 	1746 	4283 	247 
316 	1756 	1678 	257 	179 
317 	1766 	1688 	267 	189 
318 	1776 	1698 	277 	199 
319 	1786 	1708 	287 	209 
320 	1796 	1718 	297 	219 
321 	1806 	1728 	307 	229 
322 	7533 	1738 	4535 	239 
323 	7525 	1748 	4527 	249 
324 	7517 	1758 	4519 	259 
325 	7509 	1768 	4511 	269 
326 	7501 	1778 	4503 	279 
327 	7493 	1788 	4495 	289 
328 	7486 	1798 	4487 	299 
329 	7478 	1808 	4480 	309 
330 	7470 	1818 	4472 	319 
331 	7462 	1828 	4464 	329 
332 	7454 	1838 	4456 	339 
333 	1848 	1770 	349 	271 
334 	1858 	1780 	359 	281 
335 	1868 	1790 	369 	291 
336 	1878 	1800 	379 	301 
337 	1888 	1810 	389 	311 
338 	7714 	1820 	4716 	321 
339 	7706 	1830 	4708 	331 
340 	7698 	1840 	4700 	341 
341 	7690 	1850 	4692 	351 
342 	7683 	1860 	4684 	361 
343 	7675 	1870 	4676 	371 
344 	7667 	1880 	4669 	381 
345 	7659 	1890 	4661 	391 
346 	7651 	1900 	4653 	401 
347 	7643 	1910 	4645 	411 
348 	7635 	1920 	4637 	421 
349 	1930 	1852 	431 	353 
350 	1940 	1862 	441 	363 
351 	1950 	1872 	451 	373 
352 	1960 	1882 	461 	383 
353 	1970 	1892 	471 	393 
354 	1980 	1902 	481 	403 
355 	7889 	1912 	4889 	413 
356 	7881 	1922 	4881 	423 
357 	7874 	1932 	4873 	433 
358 	7866 	1942 	4866 	443 
359 	7858 	1952 	4858 	453 
360 	7850 	1962 	4850 	463 
361 	7840 	1972 	4842 	473 
362 	7832 	1982 	4834 	483 
363 	7824 	1992 	4826 	493 
364 	7816 	2002 	4818 	503 
365 	7809 	2012 	4810 	513 
366 	2022 	1944 	523 	445 
367 	2032 	1954 	533 	455 
368 	2042 	1964 	543 	465 
369 	2052 	1974 	553 	475 
370 	2062 	1984 	563 	485 
371 	2072 	1994 	573 	495 
372 	8063 	2004 	5063 	505 
373 	8055 	2014 	5055 	515 
374 	8047 	2024 	5047 	525 
375 	8039 	2034 	5039 	535 
376 	8031 	2044 	5031 	545 
377 	8023 	2054 	5023 	555 
378 	8015 	2064 	5015 	565 
379 	8008 	2074 	5007 	575 
380 	8000 	2084 	5000 	585 
381 	7992 	2094 	4992 	595 
382 	7984 	2104 	4984 	605 
383 	2114 	2036 	615 	537 
384 	2124 	2046 	625 	547 
385 	2134 	2056 	635 	557 
386 	2144 	2066 	645 	567 
387 	2154 	2076 	655 	577 
388 	8244 	2086 	5244 	587 
389 	8236 	2096 	5236 	597 
390 	8228 	2106 	5228 	607 
391 	8220 	2116 	5220 	617 
392 	8212 	2126 	5212 	627 
393 	8205 	2136 	5204 	637 
394 	8197 	2146 	5197 	647 
395 	8189 	2156 	5189 	657 
396 	8181 	2166 	5181 	667 
397 	8173 	2176 	5173 	677 
398 	8165 	2186 	5165 	687 
399 	2196 	2118 	697 	619 
400 	2206 	2128 	707 	629 
401 	2216 	2138 	717 	639 
402 	2226 	2148 	727 	649 
403 	2236 	2158 	737 	659 
404 	2246 	2168 	747 	669 
405 	8417 	2178 	5417 	679 
406 	8409 	2188 	5409 	689 
407 	8402 	2198 	5401 	699 
408 	8394 	2208 	5394 	709 
409 	8386 	2218 	5386 	719 
410 	8378 	2228 	5378 	729 
411 	8370 	2238 	5370 	739 
412 	8362 	2248 	5362 	749 
413 	8354 	2258 	5354 	759 
414 	8346 	2268 	5346 	769 
415 	8338 	2278 	5338 	779 
416 	2288 	2210 	789 	711 
417 	2298 	2220 	799 	721 
418 	2308 	2230 	809 	731 
419 	2318 	2240 	819 	741 
420 	2328 	2250 	829 	751 
421 	8599 	2260 	5598 	761 
422 	8591 	2270 	5591 	771 
423 	8583 	2280 	5583 	781 
424 	8575 	2290 	5575 	791 
425 	8567 	2300 	5567 	801 
426 	8559 	2310 	5559 	811 
427 	8551 	2320 	5551 	821 
428 	8543 	2330 	5543 	831 
429 	8535 	2340 	5535 	841 
430 	8528 	2350 	5527 	851 
431 	8520 	2360 	5520 	861 
432 	8512 	2370 	5512 	871 
433 	2380 	2302 	881 	803 
434 	2390 	2312 	891 	813 
435 	2400 	2322 	901 	823 
436 	2410 	2332 	911 	833 
437 	2420 	2342 	921 	843 
438 	8772 	2352 	5772 	853 
439 	8764 	2362 	5764 	863 
440 	8756 	2372 	5756 	873 
441 	8748 	2382 	5748 	883 
442 	8740 	2392 	5740 	893 
443 	8732 	2402 	5732 	903 
444 	8725 	2412 	5724 	913 
445 	8717 	2422 	5717 	923 
446 	8709 	2432 	5709 	933 
447 	8701 	2442 	5701 	943 
448 	8693 	2452 	5693 	953 
449 	2462 	2384 	963 	885 
450 	2472 	2394 	973 	895 
451 	2482 	2404 	983 	905 
452 	2492 	2414 	993 	915 
453 	2502 	2424 	1003 	925 
454 	2512 	2434 	1013 	935 
455 	8945 	2444 	5945 	945 
456 	8937 	2454 	5937 	955 
457 	8929 	2464 	5929 	965 
458 	8922 	2474 	5921 	975 
459 	8914 	2484 	5914 	985 
460 	8906 	2494 	5906 	995 
461 	8898 	2504 	5898 	1005 
462 	8890 	2514 	5890 	1015 
463 	8882 	2524 	5882 	1025 
464 	8874 	2534 	5874 	1035 
465 	8866 	2544 	5866 	1045 
466 	2554 	2476 	1055 	977 
467 	2564 	2486 	1065 	987 
468 	2574 	2496 	1075 	997 
469 	2584 	2506 	1085 	1007 
470 	2594 	2516 	1095 	1017 
471 	9126 	2526 	6126 	1027 
472 	9119 	2536 	6118 	1037 
473 	9111 	2546 	6111 	1047 
474 	9103 	2556 	6103 	1057 
475 	9095 	2566 	6095 	1067 
476 	9087 	2576 	6087 	1077 
477 	9079 	2586 	6079 	1087 
478 	9071 	2596 	6071 	1097 
479 	9063 	2606 	6063 	1107 
480 	9056 	2616 	6055 	1117 
481 	9048 	2626 	6048 	1127 
482 	2636 	2558 	1137 	1059 
483 	2646 	2568 	1147 	1069 
484 	2656 	2578 	1157 	1079 
485 	2666 	2588 	1167 	1089 
486 	2676 	2598 	1177 	1099 
487 	2686 	2608 	1187 	1109 
488 	9300 	2618 	6300 	1119 
489 	9292 	2628 	6292 	1129 
490 	9284 	2638 	6284 	1139 
491 	9276 	2648 	6276 	1149 
492 	9268 	2658 	6268 	1159 
493 	9260 	2668 	6260 	1169 
494 	9253 	2678 	6252 	1179 
495 	9245 	2688 	6245 	1189 
496 	9237 	2698 	6237 	1199 
497 	9229 	2708 	6229 	1209 
498 	9221 	2718 	6221 	1219 
499 	2728 	2650 	1229 	1151 
500 	2738 	2660 	1239 	1161 
501 	2748 	2670 	1249 	1171 
502 	2758 	2680 	1259 	1181 
503 	2768 	2690 	1269 	1191 
504 	9481 	2700 	6481 	1201 
505 	9473 	2710 	6473 	1211 
506 	9465 	2720 	6465 	1221 
507 	9457 	2730 	6457 	1231 
508 	9450 	2740 	6449 	1241 
509 	9442 	2750 	6442 	1251 
510 	9434 	2760 	6434 	1261 
511 	9426 	2770 	6426 	1271 
512 	9418 	2780 	6418 	1281 
513 	9410 	2790 	6410 	1291 
514 	9402 	2800 	6402 	1301 
515 	9394 	2810 	6394 	1311 
516 	2820 	2742 	1321 	1243 
517 	2830 	2752 	1331 	1253 
518 	2840 	2762 	1341 	1263 
519 	2850 	2772 	1351 	1273 
520 	2860 	2782 	1361 	1283 
521 	9654 	2792 	6654 	1293 
522 	9646 	2802 	6646 	1303 
523 	9639 	2812 	6638 	1313 
524 	9631 	2822 	6631 	1323 
525 	9623 	2832 	6623 	1333 
526 	9615 	2842 	6615 	1343 
527 	9607 	2852 	6607 	1353 
528 	9599 	2862 	6599 	1363 
529 	9591 	2872 	6591 	1373 
530 	9583 	2882 	6583 	1383 
531 	9576 	2892 	6575 	1393 
532 	2902 	2824 	1403 	1325 
533 	2912 	2834 	1413 	1335 
534 	2922 	2844 	1423 	1345 
535 	2932 	2854 	1433 	1355 
536 	2942 	2864 	1443 	1365 
537 	2952 	2874 	1453 	1375 
538 	9828 	2884 	6828 	1385 
539 	9820 	2894 	6820 	1395 
540 	9812 	2904 	6812 	1405 
541 	9804 	2914 	6804 	1415 
542 	9796 	2924 	6796 	1425 
543 	9788 	2934 	6788 	1435 
544 	9780 	2944 	6780 	1445 
545 	9773 	2954 	6772 	1455 
546 	9765 	2964 	6765 	1465 
547 	9757 	2974 	6757 	1475 
548 	9749 	2984 	6749 	1485 
549 	2994 	2916 	1495 	1417 
550 	3004 	2926 	1505 	1427 
551 	3014 	2936 	1515 	1437 
552 	3024 	2946 	1525 	1447 
553 	3034 	2956 	1535 	1457 
554 	10009 	2966 	7009 	1467 
555 	10001 	2976 	7001 	1477 
556 	9993 	2986 	6993 	1487 
557 	9985 	2996 	6985 	1497 
558 	9977 	3006 	6977 	1507 
559 	9970 	3016 	6969 	1517 
560 	9962 	3026 	6962 	1527 
561 	9954 	3036 	6954 	1537 
562 	9946 	3046 	6946 	1547 
563 	9938 	3056 	6938 	1557 
564 	9930 	3066 	6930 	1567 
565 	9922 	3076 	6922 	1577 
566 	3086 	3008 	1587 	1509 
567 	3096 	3018 	1597 	1519 
568 	3106 	3028 	1607 	1529 
569 	3116 	3038 	1617 	1539 
570 	3126 	3048 	1627 	1549 
571 	10182 	3058 	7182 	1559 
572 	10174 	3068 	7174 	1569 
573 	10167 	3078 	7166 	1579 
574 	10159 	3088 	7159 	1589 
575 	10151 	3098 	7151 	1599 
576 	10143 	3108 	7143 	1609 
577 	10135 	3118 	7135 	1619 
578 	10127 	3128 	7127 	1629 
579 	10119 	3138 	7119 	1639 
580 	10111 	3148 	7111 	1649 
581 	10104 	3158 	7103 	1659 
582 	3168 	3090 	1669 	1591 
583 	3178 	3100 	1679 	1601 
584 	3188 	3110 	1689 	1611 
585 	3198 	3120 	1699 	1621 
586 	3208 	3130 	1709 	1631 
587 	3218 	3140 	1719 	1641 
588 	10356 	3150 	7356 	1651 
589 	10348 	3160 	7348 	1661 
590 	10340 	3170 	7340 	1671 
591 	10332 	3180 	7332 	1681 
592 	10324 	3190 	7324 	1691 
593 	10316 	3200 	7316 	1701 
594 	10308 	3210 	7308 	1711 
595 	10300 	3220 	7300 	1721 
596 	10293 	3230 	7292 	1731 
597 	10285 	3240 	7285 	1741 
598 	10277 	3250 	7277 	1751 
599 	3260 	3182 	1761 	1683 
600 	3270 	3192 	1771 	1693 
601 	3280 	3202 	1781 	1703 
602 	3290 	3212 	1791 	1713 
603 	3300 	3222 	1801 	1723 
604 	10537 	3232 	7537 	1733 
605 	10529 	3242 	7529 	1743 
606 	10521 	3252 	7521 	1753 
607 	10513 	3262 	7513 	1763 
608 	10505 	3272 	7505 	1773 
609 	10497 	3282 	7497 	1783 
610 	10490 	3292 	7489 	1793 
611 	10482 	3302 	7482 	1803 
612 	10474 	3312 	7474 	1813 
613 	10466 	3322 	7466 	1823 
614 	10458 	3332 	7458 	1833 
615 	3342 	3264 	1843 	1765 
616 	3352 	3274 	1853 	1775 
617 	3362 	3284 	1863 	1785 
618 	3372 	3294 	1873 	1795 
619 	3382 	3304 	1883 	1805 
620 	3392 	3314 	1893 	1815 
621 	10710 	3324 	7710 	1825 
622 	10702 	3334 	7702 	1835 
623 	10694 	3344 	7694 	1845 
624 	10687 	3354 	7686 	1855 
625 	10679 	3364 	7679 	1865 
626 	10671 	3374 	7671 	1875 
627 	10663 	3384 	7663 	1885 
628 	10655 	3394 	7655 	1895 
629 	10647 	3404 	7647 	1905 
630 	10639 	3414 	7639 	1915 
631 	10631 	3424 	7631 	1925 
632 	3434 	3356 	1935 	1857 
633 	3444 	3366 	1945 	1867 
634 	3454 	3376 	1955 	1877 
635 	3464 	3386 	1965 	1887 
636 	3474 	3396 	1975 	1897 
637 	10891 	3406 	7893 	1907 
638 	10884 	3416 	7885 	1917 
639 	10876 	3426 	7878 	1927 
640 	10868 	3436 	7870 	1937 
641 	10860 	3446 	7862 	1947 
642 	10852 	3456 	7854 	1957 
643 	10844 	3466 	7844 	1967 
644 	10836 	3476 	7836 	1977 
645 	10828 	3486 	7828 	1987 
646 	10821 	3496 	7820 	1997 
647 	10813 	3506 	7813 	2007 
648 	10805 	3516 	7805 	2017 
649 	3526 	3448 	2027 	1949 
650 	3536 	3458 	2037 	1959 
651 	3546 	3468 	2047 	1969 
652 	3556 	3478 	2057 	1979 
653 	3566 	3488 	2067 	1989 
654 	11065 	3498 	8067 	1999 
655 	11057 	3508 	8059 	2009 
656 	11049 	3518 	8051 	2019 
657 	11041 	3528 	8043 	2029 
658 	11033 	3538 	8035 	2039 
659 	11025 	3548 	8027 	2049 
660 	11018 	3558 	8019 	2059 
661 	11010 	3568 	8011 	2069 
662 	11002 	3578 	8004 	2079 
663 	10994 	3588 	7996 	2089 
664 	10986 	3598 	7988 	2099 
665 	3608 	3530 	2109 	2031 
666 	3618 	3540 	2119 	2041 
667 	3628 	3550 	2129 	2051 
668 	3638 	3560 	2139 	2061 
669 	3648 	3570 	2149 	2071 
670 	3658 	3580 	2159 	2081 
671 	11238 	3590 	8240 	2091 
672 	11230 	3600 	8232 	2101 
673 	11222 	3610 	8224 	2111 
674 	11215 	3620 	8216 	2121 
675 	11207 	3630 	8208 	2131 
676 	11199 	3640 	8201 	2141 
677 	11191 	3650 	8193 	2151 
678 	11183 	3660 	8185 	2161 
679 	11175 	3670 	8177 	2171 
680 	11167 	3680 	8169 	2181 
681 	11159 	3690 	8161 	2191 
682 	3700 	3622 	2201 	2123 
683 	3710 	3632 	2211 	2133 
684 	3720 	3642 	2221 	2143 
685 	3730 	3652 	2231 	2153 
686 	3740 	3662 	2241 	2163 
687 	11419 	3672 	8421 	2173 
688 	11412 	3682 	8413 	2183 
689 	11404 	3692 	8405 	2193 
690 	11396 	3702 	8398 	2203 
691 	11388 	3712 	8390 	2213 
692 	11380 	3722 	8382 	2223 
693 	11372 	3732 	8374 	2233 
694 	11364 	3742 	8366 	2243 
695 	11356 	3752 	8358 	2253 
696 	11348 	3762 	8350 	2263 
697 	11341 	3772 	8342 	2273 
698 	3782 	3704 	2283 	2205 
699 	3792 	3714 	2293 	2215 
700 	3802 	3724 	2303 	2225 
701 	3812 	3734 	2313 	2235 
702 	3822 	3744 	2323 	2245 
703 	3832 	3754 	2333 	2255 
704 	11593 	3764 	8595 	2265 
705 	11585 	3774 	8587 	2275 
706 	11577 	3784 	8579 	2285 
707 	11569 	3794 	8571 	2295 
708 	11561 	3804 	8563 	2305 
709 	11553 	3814 	8555 	2315 
710 	11545 	3824 	8547 	2325 
711 	11538 	3834 	8539 	2335 
712 	11530 	3844 	8532 	2345 
713 	11522 	3854 	8524 	2355 
714 	11514 	3864 	8516 	2365 
715 	3874 	3796 	2375 	2297 
716 	3884 	3806 	2385 	2307 
717 	3894 	3816 	2395 	2317 
718 	3904 	3826 	2405 	2327 
719 	3914 	3836 	2415 	2337 
720 	3924 	3846 	8776 	2347 
721 	11766 	3856 	8768 	2357 
722 	11758 	3866 	8760 	2367 
723 	11750 	3876 	8752 	2377 
724 	11742 	3886 	8744 	2387 
725 	11735 	3896 	8736 	2397 
726 	11727 	3906 	8729 	2407 
727 	11719 	3916 	8721 	2417 
728 	11711 	2 	8713 	2427 
729 	11703 	12 	8705 	2437 
730 	11695 	22 	8697 	2447 
731 	11687 	32 	8689 	2457 
732 	42 	3888 	2467 	2389 
733 	52 	3898 	2477 	2399 
734 	62 	3908 	2487 	2409 
735 	72 	3918 	2497 	2419 
736 	82 	4 	2507 	2429 
737 	4097 	14 	8949 	2439 
738 	4089 	24 	8941 	2449 
739 	4082 	34 	8933 	2459 
740 	4074 	44 	8926 	2469 
741 	4066 	54 	8918 	2479 
742 	4058 	64 	8910 	2489 
743 	4050 	74 	8902 	2499 
744 	4042 	84 	8894 	2509 
745 	4034 	94 	8886 	2519 
746 	4026 	104 	8878 	2529 
747 	4019 	114 	8870 	2539 
748 	124 	46 	2549 	2471 
749 	134 	56 	2559 	2481 
750 	144 	66 	2569 	2491 
751 	154 	76 	2579 	2501 
752 	164 	86 	2589 	2511 
753 	174 	96 	2599 	2521 
754 	4271 	106 	9123 	2531 
755 	4263 	116 	9115 	2541 
756 	4255 	126 	9107 	2551 
757 	4247 	136 	9099 	2561 
758 	4239 	146 	9091 	2571 
759 	4231 	156 	9083 	2581 
760 	4223 	166 	9075 	2591 
761 	4216 	176 	9067 	2601 
762 	4208 	186 	9059 	2611 
763 	4200 	196 	9052 	2621 
764 	4192 	206 	9044 	2631 
765 	216 	138 	2641 	2563 
766 	226 	148 	2651 	2573 
767 	236 	158 	2661 	2583 
768 	246 	168 	2671 	2593 
769 	256 	178 	2681 	2603 
770 	4452 	188 	9304 	2613 
771 	4444 	198 	9296 	2623 
772 	4436 	208 	9288 	2633 
773 	4428 	218 	9280 	2643 
774 	4420 	228 	9272 	2653 
775 	4413 	238 	9264 	2663 
776 	4405 	248 	9256 	2673 
777 	4397 	258 	9249 	2683 
778 	4389 	268 	9241 	2693 
779 	4381 	278 	9233 	2703 
780 	4373 	288 	9225 	2713 
781 	4365 	298 	9217 	2723 
782 	308 	230 	2733 	2655 
783 	318 	240 	2743 	2665 
784 	328 	250 	2753 	2675 
785 	338 	260 	2763 	2685 
786 	348 	270 	2773 	2695 
787 	4625 	280 	9477 	2705 
788 	4617 	290 	9469 	2715 
789 	4610 	300 	9461 	2725 
790 	4602 	310 	9453 	2735 
791 	4594 	320 	9446 	2745 
792 	4586 	330 	9438 	2755 
793 	4578 	340 	9430 	2765 
794 	4570 	350 	9422 	2775 
795 	4562 	360 	9414 	2785 
796 	4554 	370 	9406 	2795 
797 	4546 	380 	9398 	2805 
798 	390 	312 	2815 	2737 
799 	400 	322 	2825 	2747 
800 	410 	332 	2835 	2757 
801 	420 	342 	2845 	2767 
802 	430 	352 	2855 	2777 
803 	440 	362 	2865 	2787 
804 	4799 	372 	9650 	2797 
805 	4791 	382 	9643 	2807 
806 	4783 	392 	9635 	2817 
807 	4775 	402 	9627 	2827 
808 	4767 	412 	9619 	2837 
809 	4759 	422 	9611 	2847 
810 	4751 	432 	9603 	2857 
811 	4743 	442 	9595 	2867 
812 	4736 	452 	9587 	2877 
813 	4728 	462 	9580 	2887 
814 	4720 	472 	9572 	2897 
815 	482 	404 	2907 	2829 
816 	492 	414 	2917 	2839 
817 	502 	424 	2927 	2849 
818 	512 	434 	2937 	2859 
819 	522 	444 	2947 	2869 
820 	4980 	454 	9832 	2879 
821 	4972 	464 	9824 	2889 
822 	4964 	474 	9816 	2899 
823 	4956 	484 	9808 	2909 
824 	4948 	494 	9800 	2919 
825 	4940 	504 	9792 	2929 
826 	4933 	514 	9784 	2939 
827 	4925 	524 	9777 	2949 
828 	4917 	534 	9769 	2959 
829 	4909 	544 	9761 	2969 
830 	4901 	554 	9753 	2979 
831 	564 	486 	2989 	2911 
832 	574 	496 	2999 	2921 
833 	584 	506 	3009 	2931 
834 	594 	516 	3019 	2941 
835 	604 	526 	3029 	2951 
836 	614 	536 	3039 	2961 
837 	5153 	546 	10005 	2971 
838 	5145 	556 	9997 	2981 
839 	5137 	566 	9989 	2991 
840 	5130 	576 	9981 	3001 
841 	5122 	586 	9973 	3011 
842 	5114 	596 	9966 	3021 
843 	5106 	606 	9958 	3031 
844 	5098 	616 	9950 	3041 
845 	5090 	626 	9942 	3051 
846 	5082 	636 	9934 	3061 
847 	5074 	646 	9926 	3071 
848 	656 	578 	3081 	3003 
849 	666 	588 	3091 	3013 
850 	676 	598 	3101 	3023 
851 	686 	608 	3111 	3033 
852 	696 	618 	3121 	3043 
853 	5334 	628 	10186 	3053 
854 	5327 	638 	10178 	3063 
855 	5319 	648 	10170 	3073 
856 	5311 	658 	10163 	3083 
857 	5303 	668 	10155 	3093 
858 	5295 	678 	10147 	3103 
859 	5287 	688 	10139 	3113 
860 	5279 	698 	10131 	3123 
861 	5271 	708 	10123 	3133 
862 	5264 	718 	10115 	3143 
863 	5256 	728 	10107 	3153 
864 	5248 	738 	10100 	3163 
865 	748 	670 	3173 	3095 
866 	758 	680 	3183 	3105 
867 	768 	690 	3193 	3115 
868 	778 	700 	3203 	3125 
869 	788 	710 	3213 	3135 
870 	5508 	720 	10360 	3145 
871 	5500 	730 	10352 	3155 
872 	5492 	740 	10344 	3165 
873 	5484 	750 	10336 	3175 
874 	5476 	760 	10328 	3185 
875 	5468 	770 	10320 	3195 
876 	5461 	780 	10312 	3205 
877 	5453 	790 	10304 	3215 
878 	5445 	800 	10297 	3225 
879 	5437 	810 	10289 	3235 
880 	5429 	820 	10281 	3245 
881 	830 	752 	3255 	3177 
882 	840 	762 	3265 	3187 
883 	850 	772 	3275 	3197 
884 	860 	782 	3285 	3207 
885 	870 	792 	3295 	3217 
886 	880 	802 	3305 	3227 
887 	5681 	812 	10533 	3237 
888 	5673 	822 	10525 	3247 
889 	5665 	832 	10517 	3257 
890 	5657 	842 	10509 	3267 
891 	5650 	852 	10501 	3277 
892 	5642 	862 	10494 	3287 
893 	5634 	872 	10486 	3297 
894 	5626 	882 	10478 	3307 
895 	5618 	892 	10470 	3317 
896 	5610 	902 	10462 	3327 
897 	5602 	912 	10454 	3337 
898 	922 	844 	3347 	3269 
899 	932 	854 	3357 	3279 
900 	942 	864 	3367 	3289 
901 	952 	874 	3377 	3299 
902 	962 	884 	3387 	3309 
903 	5862 	894 	10714 	3319 
904 	5854 	904 	10706 	3329 
905 	5847 	914 	10698 	3339 
906 	5839 	924 	10691 	3349 
907 	5831 	934 	10683 	3359 
908 	5823 	944 	10675 	3369 
909 	5815 	954 	10667 	3379 
910 	5807 	964 	10659 	3389 
911 	5799 	974 	10651 	3399 
912 	5791 	984 	10643 	3409 
913 	5784 	994 	10635 	3419 
914 	1004 	926 	3429 	3351 
915 	1014 	936 	3439 	3361 
916 	1024 	946 	3449 	3371 
917 	1034 	956 	3459 	3381 
918 	1044 	966 	3469 	3391 
919 	1054 	976 	3479 	3401 
920 	6036 	986 	10888 	3411 
921 	6028 	996 	10880 	3421 
922 	6020 	1006 	10872 	3431 
923 	6012 	1016 	10864 	3441 
924 	6004 	1026 	10856 	3451 
925 	5996 	1036 	10848 	3461 
926 	5988 	1046 	10840 	3471 
927 	5981 	1056 	10832 	3481 
928 	5973 	1066 	10824 	3491 
929 	5965 	1076 	10817 	3501 
930 	5957 	1086 	10809 	3511 
931 	1096 	1018 	3521 	3443 
932 	1106 	1028 	3531 	3453 
933 	1116 	1038 	3541 	3463 
934 	1126 	1048 	3551 	3473 
935 	1136 	1058 	3561 	3483 
936 	1146 	1068 	3571 	3493 
937 	6209 	1078 	11061 	3503 
938 	6201 	1088 	11053 	3513 
939 	6193 	1098 	11045 	3523 
940 	6185 	1108 	11037 	3533 
941 	6178 	1118 	11029 	3543 
942 	6170 	1128 	11021 	3553 
943 	6162 	1138 	11014 	3563 
944 	6154 	1148 	11006 	3573 
945 	6146 	1158 	10998 	3583 
946 	6138 	1168 	10990 	3593 
947 	6130 	1178 	10982 	3603 
948 	1188 	1110 	3613 	3535 
949 	1198 	1120 	3623 	3545 
950 	1208 	1130 	3633 	3555 
951 	1218 	1140 	3643 	3565 
952 	1228 	1150 	3653 	3575 
953 	6390 	1160 	11242 	3585 
954 	6382 	1170 	11234 	3595 
955 	6375 	1180 	11226 	3605 
956 	6367 	1190 	11218 	3615 
957 	6359 	1200 	11211 	3625 
958 	6351 	1210 	11203 	3635 
959 	6343 	1220 	11195 	3645 
960 	6335 	1230 	11187 	3655 
961 	6327 	1240 	11179 	3665 
962 	6319 	1250 	11171 	3675 
963 	6311 	1260 	11163 	3685 
964 	1270 	1192 	3695 	3617 
965 	1280 	1202 	3705 	3627 
966 	1290 	1212 	3715 	3637 
967 	1300 	1222 	3725 	3647 
968 	1310 	1232 	3735 	3657 
969 	1320 	1242 	3745 	3667 
970 	6564 	1252 	11415 	3677 
971 	6556 	1262 	11408 	3687 
972 	6548 	1272 	11400 	3697 
973 	6540 	1282 	11392 	3707 
974 	6532 	1292 	11384 	3717 
975 	6524 	1302 	11376 	3727 
976 	6516 	1312 	11368 	3737 
977 	6508 	1322 	11360 	3747 
978 	6501 	1332 	11352 	3757 
979 	6493 	1342 	11345 	3767 
980 	6485 	1352 	11337 	3777 
981 	1362 	1284 	3787 	3709 
982 	1372 	1294 	3797 	3719 
983 	1382 	1304 	3807 	3729 
984 	1392 	1314 	3817 	3739 
985 	1402 	1324 	3827 	3749 
986 	6745 	1334 	11597 	3759 
987 	6737 	1344 	11589 	3769 
988 	6729 	1354 	11581 	3779 
989 	6721 	1364 	11573 	3789 
990 	6713 	1374 	11565 	3799 
991 	6705 	1384 	11557 	3809 
992 	6698 	1394 	11549 	3819 
993 	6690 	1404 	11542 	3829 
994 	6682 	1414 	11534 	3839 
995 	6674 	1424 	11526 	3849 
996 	6666 	1434 	11518 	3859 
997 	6658 	1444 	11510 	3869 
998 	1454 	1376 	3879 	3801 
999 	1464 	1386 	3889 	3811 
1000 	1474 	1396 	3899 	3821 
1001 	1484 	1406 	3909 	3831 
1002 	1494 	1416 	3919 	3841 
1003 	6918 	1426 	11770 	3851 
1004 	6910 	1436 	11762 	3861 
1005 	6902 	1446 	11754 	3871 
1006 	6895 	1456 	11746 	3881 
1007 	6887 	1466 	11739 	3891 
1008 	6879 	1476 	11731 	3901 
1009 	6871 	1486 	11723 	3911 
1010 	6863 	1496 	11715 	3921 
1011 	6855 	1506 	11707 	7 
1012 	6847 	1516 	11699 	17 
1013 	6839 	1526 	11691 	27 
1014 	1536 	1458 	37 	3883 
1015 	1546 	1468 	47 	3893 
1016 	1556 	1478 	57 	3903 
1017 	1566 	1488 	67 	3913 
1018 	1576 	1498 	77 	3923 
1019 	1586 	1508 	87 	9 
1020 	7092 	1518 	4093 	19 
1021 	7084 	1528 	4086 	29 
1022 	7076 	1538 	4078 	39 
1023 	7068 	1548 	4070 	49 
1024 	7060 	1558 	4062 	59 
1025 	7052 	1568 	4054 	69 
1026 	7044 	1578 	4046 	79 
1027 	7036 	1588 	4038 	89 
1028 	7029 	1598 	4030 	99 
1029 	7021 	1608 	4022 	109 
1030 	7013 	1618 	4015 	119 
1031 	1628 	1550 	129 	51 
1032 	1638 	1560 	139 	61 
1033 	1648 	1570 	149 	71 
1034 	1658 	1580 	159 	81 
1035 	1668 	1590 	169 	91 
1036 	7273 	1600 	4275 	101 
1037 	7265 	1610 	4267 	111 
1038 	7257 	1620 	4259 	121 
1039 	7249 	1630 	4251 	131 
1040 	7241 	1640 	4243 	141 
1041 	7233 	1650 	4235 	151 
1042 	7226 	1660 	4227 	161 
1043 	7218 	1670 	4219 	171 
1044 	7210 	1680 	4212 	181 
1045 	7202 	1690 	4204 	191 
1046 	7194 	1700 	4196 	201 
1047 	1710 	1632 	211 	133 
1048 	1720 	1642 	221 	143 
1049 	1730 	1652 	231 	153 
1050 	1740 	1662 	241 	163 
1051 	1750 	1672 	251 	173 
1052 	1760 	1682 	261 	183 
1053 	7446 	1692 	4448 	193 
1054 	7438 	1702 	4440 	203 
1055 	7430 	1712 	4432 	213 
1056 	7423 	1722 	4424 	223 
1057 	7415 	1732 	4416 	233 
1058 	7407 	1742 	4409 	243 
1059 	7399 	1752 	4401 	253 
1060 	7391 	1762 	4393 	263 
1061 	7383 	1772 	4385 	273 
1062 	7375 	1782 	4377 	283 
1063 	7367 	1792 	4369 	293 
1064 	1802 	1724 	303 	225 
1065 	1812 	1734 	313 	235 
1066 	1822 	1744 	323 	245 
1067 	1832 	1754 	333 	255 
1068 	1842 	1764 	343 	265 
1069 	7627 	1774 	4629 	275 
1070 	7619 	1784 	4621 	285 
1071 	7612 	1794 	4613 	295 
1072 	7604 	1804 	4606 	305 
1073 	7596 	1814 	4598 	315 
1074 	7588 	1824 	4590 	325 
1075 	7580 	1834 	4582 	335 
1076 	7572 	1844 	4574 	345 
1077 	7564 	1854 	4566 	355 
1078 	7556 	1864 	4558 	365 
1079 	7549 	1874 	4550 	375 
1080 	7541 	1884 	4543 	385 
1081 	1894 	1816 	395 	317 
1082 	1904 	1826 	405 	327 
1083 	1914 	1836 	415 	337 
1084 	1924 	1846 	425 	347 
1085 	1934 	1856 	435 	357 
1086 	7801 	1866 	4803 	367 
1087 	7793 	1876 	4795 	377 
1088 	7785 	1886 	4787 	387 
1089 	7777 	1896 	4779 	397 
1090 	7769 	1906 	4771 	407 
1091 	7761 	1916 	4763 	417 
1092 	7753 	1926 	4755 	427 
1093 	7746 	1936 	4747 	437 
1094 	7738 	1946 	4740 	447 
1095 	7730 	1956 	4732 	457 
1096 	7722 	1966 	4724 	467 
1097 	1976 	1898 	477 	399 
1098 	1986 	1908 	487 	409 
1099 	1996 	1918 	497 	419 
1100 	2006 	1928 	507 	429 
1101 	2016 	1938 	517 	439 
1102 	2026 	1948 	527 	449 
1103 	7976 	1958 	4976 	459 
1104 	7968 	1968 	4968 	469 
1105 	7960 	1978 	4960 	479 
1106 	7952 	1988 	4952 	489 
1107 	7945 	1998 	4944 	499 
1108 	7937 	2008 	4937 	509 
1109 	7929 	2018 	4929 	519 
1110 	7921 	2028 	4921 	529 
1111 	7913 	2038 	4913 	539 
1112 	7905 	2048 	4905 	549 
1113 	7897 	2058 	4897 	559 
1114 	2068 	1990 	569 	491 
1115 	2078 	2000 	579 	501 
1116 	2088 	2010 	589 	511 
1117 	2098 	2020 	599 	521 
1118 	2108 	2030 	609 	531 
1119 	8157 	2040 	5157 	541 
1120 	8149 	2050 	5149 	551 
1121 	8142 	2060 	5141 	561 
1122 	8134 	2070 	5134 	571 
1123 	8126 	2080 	5126 	581 
1124 	8118 	2090 	5118 	591 
1125 	8110 	2100 	5110 	601 
1126 	8102 	2110 	5102 	611 
1127 	8094 	2120 	5094 	621 
1128 	8086 	2130 	5086 	631 
1129 	8078 	2140 	5078 	641 
1130 	8071 	2150 	5070 	651 
1131 	2160 	2082 	661 	583 
1132 	2170 	2092 	671 	593 
1133 	2180 	2102 	681 	603 
1134 	2190 	2112 	691 	613 
1135 	2200 	2122 	701 	623 
1136 	8331 	2132 	5330 	633 
1137 	8323 	2142 	5323 	643 
1138 	8315 	2152 	5315 	653 
1139 	8307 	2162 	5307 	663 
1140 	8299 	2172 	5299 	673 
1141 	8291 	2182 	5291 	683 
1142 	8283 	2192 	5283 	693 
1143 	8275 	2202 	5275 	703 
1144 	8268 	2212 	5267 	713 
1145 	8260 	2222 	5260 	723 
1146 	8252 	2232 	5252 	733 
1147 	2242 	2164 	743 	665 
1148 	2252 	2174 	753 	675 
1149 	2262 	2184 	763 	685 
1150 	2272 	2194 	773 	695 
1151 	2282 	2204 	783 	705 
1152 	2292 	2214 	793 	715 
1153 	8504 	2224 	5504 	725 
1154 	8496 	2234 	5496 	735 
1155 	8488 	2244 	5488 	745 
1156 	8480 	2254 	5480 	755 
1157 	8472 	2264 	5472 	765 
1158 	8465 	2274 	5464 	775 
1159 	8457 	2284 	5457 	785 
1160 	8449 	2294 	5449 	795 
1161 	8441 	2304 	5441 	805 
1162 	8433 	2314 	5433 	815 
1163 	8425 	2324 	5425 	825 
1164 	2334 	2256 	835 	757 
1165 	2344 	2266 	845 	767 
1166 	2354 	2276 	855 	777 
1167 	2364 	2286 	865 	787 
1168 	2374 	2296 	875 	797 
1169 	8685 	2306 	5685 	807 
1170 	8677 	2316 	5677 	817 
1171 	8669 	2326 	5669 	827 
1172 	8662 	2336 	5661 	837 
1173 	8654 	2346 	5654 	847 
1174 	8646 	2356 	5646 	857 
1175 	8638 	2366 	5638 	867 
1176 	8630 	2376 	5630 	877 
1177 	8622 	2386 	5622 	887 
1178 	8614 	2396 	5614 	897 
1179 	8606 	2406 	5606 	907 
1180 	2416 	2338 	917 	839 
1181 	2426 	2348 	927 	849 
1182 	2436 	2358 	937 	859 
1183 	2446 	2368 	947 	869 
1184 	2456 	2378 	957 	879 
1185 	2466 	2388 	967 	889 
1186 	8859 	2398 	5858 	899 
1187 	8851 	2408 	5851 	909 
1188 	8843 	2418 	5843 	919 
1189 	8835 	2428 	5835 	929 
1190 	8827 	2438 	5827 	939 
1191 	8819 	2448 	5819 	949 
1192 	8811 	2458 	5811 	959 
1193 	8803 	2468 	5803 	969 
1194 	8796 	2478 	5795 	979 
1195 	8788 	2488 	5788 	989 
1196 	8780 	2498 	5780 	999 
1197 	2508 	2430 	1009 	931 
1198 	2518 	2440 	1019 	941 
1199 	2528 	2450 	1029 	951 
1200 	2538 	2460 	1039 	961 
1201 	2548 	2470 	1049 	971 
1202 	9040 	2480 	6040 	981 
1203 	9032 	2490 	6032 	991 
1204 	9024 	2500 	6024 	1001 
1205 	9016 	2510 	6016 	1011 
1206 	9008 	2520 	6008 	1021 
1207 	9000 	2530 	6000 	1031 
1208 	8992 	2540 	5992 	1041 
1209 	8985 	2550 	5984 	1051 
1210 	8977 	2560 	5977 	1061 
1211 	8969 	2570 	5969 	1071 
1212 	8961 	2580 	5961 	1081 
1213 	8953 	2590 	5953 	1091 
1214 	2600 	2522 	1101 	1023 
1215 	2610 	2532 	1111 	1033 
1216 	2620 	2542 	1121 	1043 
1217 	2630 	2552 	1131 	1053 
1218 	2640 	2562 	1141 	1063 
1219 	9213 	2572 	6213 	1073 
1220 	9205 	2582 	6205 	1083 
1221 	9197 	2592 	6197 	1093 
1222 	9189 	2602 	6189 	1103 
1223 	9182 	2612 	6181 	1113 
1224 	9174 	2622 	6174 	1123 
1225 	9166 	2632 	6166 	1133 
1226 	9158 	2642 	6158 	1143 
1227 	9150 	2652 	6150 	1153 
1228 	9142 	2662 	6142 	1163 
1229 	9134 	2672 	6134 	1173 
1230 	2682 	2604 	1183 	1105 
1231 	2692 	2614 	1193 	1115 
1232 	2702 	2624 	1203 	1125 
1233 	2712 	2634 	1213 	1135 
1234 	2722 	2644 	1223 	1145 
1235 	2732 	2654 	1233 	1155 
1236 	9386 	2664 	6386 	1165 
1237 	9379 	2674 	6378 	1175 
1238 	9371 	2684 	6371 	1185 
1239 	9363 	2694 	6363 	1195 
1240 	9355 	2704 	6355 	1205 
1241 	9347 	2714 	6347 	1215 
1242 	9339 	2724 	6339 	1225 
1243 	9331 	2734 	6331 	1235 
1244 	9323 	2744 	6323 	1245 
1245 	9316 	2754 	6315 	1255 
1246 	9308 	2764 	6308 	1265 
1247 	2774 	2696 	1275 	1197 
1248 	2784 	2706 	1285 	1207 
1249 	2794 	2716 	1295 	1217 
1250 	2804 	2726 	1305 	1227 
1251 	2814 	2736 	1315 	1237 
1252 	9568 	2746 	6568 	1247 
1253 	9560 	2756 	6560 	1257 
1254 	9552 	2766 	6552 	1267 
1255 	9544 	2776 	6544 	1277 
1256 	9536 	2786 	6536 	1287 
1257 	9528 	2796 	6528 	1297 
1258 	9520 	2806 	6520 	1307 
1259 	9513 	2816 	6512 	1317 
1260 	9505 	2826 	6505 	1327 
1261 	9497 	2836 	6497 	1337 
1262 	9489 	2846 	6489 	1347 
1263 	2856 	2778 	1357 	1279 
1264 	2866 	2788 	1367 	1289 
1265 	2876 	2798 	1377 	1299 
1266 	2886 	2808 	1387 	1309 
1267 	2896 	2818 	1397 	1319 
1268 	2906 	2828 	1407 	1329 
1269 	9741 	2838 	6741 	1339 
1270 	9733 	2848 	6733 	1349 
1271 	9725 	2858 	6725 	1359 
1272 	9717 	2868 	6717 	1369 
1273 	9710 	2878 	6709 	1379 
1274 	9702 	2888 	6702 	1389 
1275 	9694 	2898 	6694 	1399 
1276 	9686 	2908 	6686 	1409 
1277 	9678 	2918 	6678 	1419 
1278 	9670 	2928 	6670 	1429 
1279 	9662 	2938 	6662 	1439 
1280 	2948 	2870 	1449 	1371 
1281 	2958 	2880 	1459 	1381 
1282 	2968 	2890 	1469 	1391 
1283 	2978 	2900 	1479 	1401 
1284 	2988 	2910 	1489 	1411 
1285 	2998 	2920 	1499 	1421 
1286 	9914 	2930 	6914 	1431 
1287 	9907 	2940 	6906 	1441 
1288 	9899 	2950 	6899 	1451 
1289 	9891 	2960 	6891 	1461 
1290 	9883 	2970 	6883 	1471 
1291 	9875 	2980 	6875 	1481 
1292 	9867 	2990 	6867 	1491 
1293 	9859 	3000 	6859 	1501 
1294 	9851 	3010 	6851 	1511 
1295 	9843 	3020 	6843 	1521 
1296 	9836 	3030 	6835 	1531 
1297 	3040 	2962 	1541 	1463 
1298 	3050 	2972 	1551 	1473 
1299 	3060 	2982 	1561 	1483 
1300 	3070 	2992 	1571 	1493 
1301 	3080 	3002 	1581 	1503 
1302 	10096 	3012 	7096 	1513 
1303 	10088 	3022 	7088 	1523 
1304 	10080 	3032 	7080 	1533 
1305 	10072 	3042 	7072 	1543 
1306 	10064 	3052 	7064 	1553 
1307 	10056 	3062 	7056 	1563 
1308 	10048 	3072 	7048 	1573 
1309 	10040 	3082 	7040 	1583 
1310 	10033 	3092 	7032 	1593 
1311 	10025 	3102 	7025 	1603 
1312 	10017 	3112 	7017 	1613 
1313 	3122 	3044 	1623 	1545 
1314 	3132 	3054 	1633 	1555 
1315 	3142 	3064 	1643 	1565 
1316 	3152 	3074 	1653 	1575 
1317 	3162 	3084 	1663 	1585 
1318 	3172 	3094 	1673 	1595 
1319 	10269 	3104 	7269 	1605 
1320 	10261 	3114 	7261 	1615 
1321 	10253 	3124 	7253 	1625 
1322 	10245 	3134 	7245 	1635 
1323 	10237 	3144 	7237 	1645 
1324 	10230 	3154 	7229 	1655 
1325 	10222 	3164 	7222 	1665 
1326 	10214 	3174 	7214 	1675 
1327 	10206 	3184 	7206 	1685 
1328 	10198 	3194 	7198 	1695 
1329 	10190 	3204 	7190 	1705 
1330 	3214 	3136 	1715 	1637 
1331 	3224 	3146 	1725 	1647 
1332 	3234 	3156 	1735 	1657 
1333 	3244 	3166 	1745 	1667 
1334 	3254 	3176 	1755 	1677 
1335 	10450 	3186 	7450 	1687 
1336 	10442 	3196 	7442 	1697 
1337 	10434 	3206 	7434 	1707 
1338 	10427 	3216 	7426 	1717 
1339 	10419 	3226 	7419 	1727 
1340 	10411 	3236 	7411 	1737 
1341 	10403 	3246 	7403 	1747 
1342 	10395 	3256 	7395 	1757 
1343 	10387 	3266 	7387 	1767 
1344 	10379 	3276 	7379 	1777 
1345 	10371 	3286 	7371 	1787 
1346 	10364 	3296 	7363 	1797 
1347 	3306 	3228 	1807 	1729 
1348 	3316 	3238 	1817 	1739 
1349 	3326 	3248 	1827 	1749 
1350 	3336 	3258 	1837 	1759 
1351 	3346 	3268 	1847 	1769 
1352 	10624 	3278 	7623 	1779 
1353 	10616 	3288 	7616 	1789 
1354 	10608 	3298 	7608 	1799 
1355 	10600 	3308 	7600 	1809 
1356 	10592 	3318 	7592 	1819 
1357 	10584 	3328 	7584 	1829 
1358 	10576 	3338 	7576 	1839 
1359 	10568 	3348 	7568 	1849 
1360 	10561 	3358 	7560 	1859 
1361 	10553 	3368 	7553 	1869 
1362 	10545 	3378 	7545 	1879 
1363 	3388 	3310 	1889 	1811 
1364 	3398 	3320 	1899 	1821 
1365 	3408 	3330 	1909 	1831 
1366 	3418 	3340 	1919 	1841 
1367 	3428 	3350 	1929 	1851 
1368 	3438 	3360 	1939 	1861 
1369 	10797 	3370 	7797 	1871 
1370 	10789 	3380 	7789 	1881 
1371 	10781 	3390 	7781 	1891 
1372 	10773 	3400 	7773 	1901 
1373 	10765 	3410 	7765 	1911 
1374 	10758 	3420 	7757 	1921 
1375 	10750 	3430 	7750 	1931 
1376 	10742 	3440 	7742 	1941 
1377 	10734 	3450 	7734 	1951 
1378 	10726 	3460 	7726 	1961 
1379 	10718 	3470 	7718 	1971 
1380 	3480 	3402 	1981 	1903 
1381 	3490 	3412 	1991 	1913 
1382 	3500 	3422 	2001 	1923 
1383 	3510 	3432 	2011 	1933 
1384 	3520 	3442 	2021 	1943 
1385 	10978 	3452 	7980 	1953 
1386 	10970 	3462 	7972 	1963 
1387 	10962 	3472 	7964 	1973 
1388 	10954 	3482 	7956 	1983 
1389 	10947 	3492 	7948 	1993 
1390 	10939 	3502 	7941 	2003 
1391 	10931 	3512 	7933 	2013 
1392 	10923 	3522 	7925 	2023 
1393 	10915 	3532 	7917 	2033 
1394 	10907 	3542 	7909 	2043 
1395 	10899 	3552 	7901 	2053 
1396 	3562 	3484 	2063 	1985 
1397 	3572 	3494 	2073 	1995 
1398 	3582 	3504 	2083 	2005 
1399 	3592 	3514 	2093 	2015 
1400 	3602 	3524 	2103 	2025 
1401 	3612 	3534 	2113 	2035 
1402 	11151 	3544 	8153 	2045 
1403 	11144 	3554 	8145 	2055 
1404 	11136 	3564 	8138 	2065 
1405 	11128 	3574 	8130 	2075 
1406 	11120 	3584 	8122 	2085 
1407 	11112 	3594 	8114 	2095 
1408 	11104 	3604 	8106 	2105 
1409 	11096 	3614 	8098 	2115 
1410 	11088 	3624 	8090 	2125 
1411 	11081 	3634 	8082 	2135 
1412 	11073 	3644 	8075 	2145 
1413 	3654 	3576 	2155 	2077 
1414 	3664 	3586 	2165 	2087 
1415 	3674 	3596 	2175 	2097 
1416 	3684 	3606 	2185 	2107 
1417 	3694 	3616 	2195 	2117 
1418 	11333 	3626 	8335 	2127 
1419 	11325 	3636 	8327 	2137 
1420 	11317 	3646 	8319 	2147 
1421 	11309 	3656 	8311 	2157 
1422 	11301 	3666 	8303 	2167 
1423 	11293 	3676 	8295 	2177 
1424 	11285 	3686 	8287 	2187 
1425 	11278 	3696 	8279 	2197 
1426 	11270 	3706 	8272 	2207 
1427 	11262 	3716 	8264 	2217 
1428 	11254 	3726 	8256 	2227 
1429 	11246 	3736 	8248 	2237 
1430 	3746 	3668 	2247 	2169 
1431 	3756 	3678 	2257 	2179 
1432 	3766 	3688 	2267 	2189 
1433 	3776 	3698 	2277 	2199 
1434 	3786 	3708 	2287 	2209 
1435 	11506 	3718 	8508 	2219 
1436 	11498 	3728 	8500 	2229 
1437 	11490 	3738 	8492 	2239 
1438 	11482 	3748 	8484 	2249 
1439 	11475 	3758 	8476 	2259 
1440 	11467 	3768 	8469 	2269 
1441 	11459 	3778 	8461 	2279 
1442 	11451 	3788 	8453 	2289 
1443 	11443 	3798 	8445 	2299 
1444 	11435 	3808 	8437 	2309 
1445 	11427 	3818 	8429 	2319 
1446 	3828 	3750 	2329 	2251 
1447 	3838 	3760 	2339 	2261 
1448 	3848 	3770 	2349 	2271 
1449 	3858 	3780 	2359 	2281 
1450 	3868 	3790 	2369 	2291 
1451 	3878 	3800 	2379 	2301 
1452 	11679 	3810 	8681 	2311 
1453 	11672 	3820 	8673 	2321 
1454 	11664 	3830 	8665 	2331 
1455 	11656 	3840 	8658 	2341 
1456 	11648 	3850 	8650 	2351 
1457 	11640 	3860 	8642 	2361 
1458 	11632 	3870 	8634 	2371 
1459 	11624 	3880 	8626 	2381 
1460 	11616 	3890 	8618 	2391 
1461 	11608 	3900 	8610 	2401 
1462 	11601 	3910 	8602 	2411 
1463 	3920 	3842 	2421 	2343 
1464 	6 	3852 	2431 	2353 
1465 	16 	3862 	2441 	2363 
1466 	26 	3872 	2451 	2373 
1467 	36 	3882 	2461 	2383 
1468 	4011 	3892 	8862 	2393 
1469 	4003 	3902 	8855 	2403 
1470 	3995 	3912 	8847 	2413 
1471 	3987 	3922 	8839 	2423 
1472 	3979 	8 	8831 	2433 
1473 	3971 	18 	8823 	2443 
1474 	3963 	28 	8815 	2453 
1475 	3956 	38 	8807 	2463 
1476 	3948 	48 	8799 	2473 
1477 	3940 	58 	8792 	2483 
1478 	3932 	68 	8784 	2493 
