FR80T5X64H5
Channel Interleaving, Puncturing and Mapping to 64-QAM
User data=5040, with flush=5044, Channel Symbols=1024, Channel Bits=6144, p=550, q=550, Coding Rate=0.820313

Symbol	b5 	b4 	b3 	b2 	b1 	b0 
0 	868 	2956 	0 	3985 	1029 	3117 
1 	6053 	990 	3078 	12284 	4107 	1151 
2 	7062 	1112 	3200 	13293 	4229 	1273 
3 	8070 	1234 	3322 	14302 	4351 	1395 
4 	9079 	1356 	3444 	5218 	4473 	1517 
5 	10093 	1478 	3566 	6227 	4595 	1639 
6 	11101 	1600 	3688 	7236 	4717 	1761 
7 	12110 	1722 	3810 	8245 	4839 	1883 
8 	13119 	1844 	3932 	9253 	4961 	2005 
9 	14128 	1966 	4054 	10267 	39 	2127 
10 	5044 	2088 	4176 	11276 	161 	2249 
11 	122 	2210 	4298 	3239 	283 	2371 
12 	244 	2332 	4420 	3361 	405 	2493 
13 	366 	2454 	4542 	3483 	527 	2615 
14 	488 	2576 	4664 	3605 	649 	2737 
15 	610 	2698 	4786 	3727 	771 	2859 
16 	732 	2820 	4908 	3849 	893 	2981 
17 	854 	2942 	5030 	3971 	1015 	3103 
18 	976 	3064 	108 	4093 	1137 	3225 
19 	5796 	1098 	3186 	12028 	4215 	1259 
20 	6805 	1220 	3308 	13036 	4337 	1381 
21 	7814 	1342 	3430 	14045 	4459 	1503 
22 	8822 	1464 	3552 	15054 	4581 	1625 
23 	9831 	1586 	3674 	5970 	4703 	1747 
24 	10845 	1708 	3796 	6979 	4825 	1869 
25 	11853 	1830 	3918 	7988 	4947 	1991 
26 	12862 	1952 	4040 	8997 	25 	2113 
27 	13871 	2074 	4162 	10005 	147 	2235 
28 	14880 	2196 	4284 	11019 	269 	2357 
29 	230 	2318 	4406 	3347 	391 	2479 
30 	352 	2440 	4528 	3469 	513 	2601 
31 	474 	2562 	4650 	3591 	635 	2723 
32 	596 	2684 	4772 	3713 	757 	2845 
33 	718 	2806 	4894 	3835 	879 	2967 
34 	840 	2928 	5016 	3957 	1001 	3089 
35 	962 	3050 	94 	4079 	1123 	3211 
36 	1084 	3172 	216 	4201 	1245 	3333 
37 	1206 	3294 	338 	4323 	1367 	3455 
38 	6548 	1328 	3416 	12780 	4445 	1489 
39 	7557 	1450 	3538 	13788 	4567 	1611 
40 	8566 	1572 	3660 	14797 	4689 	1733 
41 	9574 	1694 	3782 	5713 	4811 	1855 
42 	10588 	1816 	3904 	6722 	4933 	1977 
43 	11597 	1938 	4026 	7731 	11 	2099 
44 	12605 	2060 	4148 	8740 	133 	2221 
45 	13614 	2182 	4270 	9749 	255 	2343 
46 	14623 	2304 	4392 	10762 	377 	2465 
47 	5539 	2426 	4514 	11771 	499 	2587 
48 	460 	2548 	4636 	3577 	621 	2709 
49 	582 	2670 	4758 	3699 	743 	2831 
50 	704 	2792 	4880 	3821 	865 	2953 
51 	826 	2914 	5002 	3943 	987 	3075 
52 	948 	3036 	80 	4065 	1109 	3197 
53 	1070 	3158 	202 	4187 	1231 	3319 
54 	1192 	3280 	324 	4309 	1353 	3441 
55 	1314 	3402 	446 	4431 	1475 	3563 
56 	6291 	1436 	3524 	12523 	4553 	1597 
57 	7300 	1558 	3646 	13532 	4675 	1719 
58 	8309 	1680 	3768 	14540 	4797 	1841 
59 	9318 	1802 	3890 	5457 	4919 	1963 
60 	10331 	1924 	4012 	6465 	5041 	2085 
61 	11340 	2046 	4134 	7474 	119 	2207 
62 	12349 	2168 	4256 	8483 	241 	2329 
63 	13357 	2290 	4378 	9492 	363 	2451 
64 	14366 	2412 	4500 	10505 	485 	2573 
65 	5282 	2534 	4622 	11514 	607 	2695 
66 	568 	2656 	4744 	3685 	729 	2817 
67 	690 	2778 	4866 	3807 	851 	2939 
68 	812 	2900 	4988 	3929 	973 	3061 
69 	934 	3022 	66 	4051 	1095 	3183 
70 	1056 	3144 	188 	4173 	1217 	3305 
71 	1178 	3266 	310 	4295 	1339 	3427 
72 	1300 	3388 	432 	4417 	1461 	3549 
73 	1422 	3510 	554 	4539 	1583 	3671 
74 	1544 	3632 	676 	4661 	1705 	3793 
75 	7043 	1666 	3754 	13275 	4783 	1827 
76 	8052 	1788 	3876 	14284 	4905 	1949 
77 	9061 	1910 	3998 	5200 	5027 	2071 
78 	10070 	2032 	4120 	6209 	105 	2193 
79 	11083 	2154 	4242 	7218 	227 	2315 
80 	12092 	2276 	4364 	8226 	349 	2437 
81 	13101 	2398 	4486 	9235 	471 	2559 
82 	14109 	2520 	4608 	10248 	593 	2681 
83 	15118 	2642 	4730 	11257 	715 	2803 
84 	6034 	2764 	4852 	12266 	837 	2925 
85 	798 	2886 	4974 	3915 	959 	3047 
86 	920 	3008 	52 	4037 	1081 	3169 
87 	1042 	3130 	174 	4159 	1203 	3291 
88 	1164 	3252 	296 	4281 	1325 	3413 
89 	1286 	3374 	418 	4403 	1447 	3535 
90 	1408 	3496 	540 	4525 	1569 	3657 
91 	1530 	3618 	662 	4647 	1691 	3779 
92 	1652 	3740 	784 	4769 	1813 	3901 
93 	1774 	3862 	906 	4891 	1935 	4023 
94 	7795 	1896 	3984 	14027 	5013 	2057 
95 	8804 	2018 	4106 	15036 	91 	2179 
96 	9813 	2140 	4228 	5952 	213 	2301 
97 	10826 	2262 	4350 	6961 	335 	2423 
98 	11835 	2384 	4472 	7970 	457 	2545 
99 	12844 	2506 	4594 	8978 	579 	2667 
100 	13853 	2628 	4716 	9987 	701 	2789 
101 	14861 	2750 	4838 	11001 	823 	2911 
102 	5778 	2872 	4960 	12009 	945 	3033 
103 	6786 	2994 	38 	13018 	1067 	3155 
104 	1028 	3116 	160 	4145 	1189 	3277 
105 	1150 	3238 	282 	4267 	1311 	3399 
106 	1272 	3360 	404 	4389 	1433 	3521 
107 	1394 	3482 	526 	4511 	1555 	3643 
108 	1516 	3604 	648 	4633 	1677 	3765 
109 	1638 	3726 	770 	4755 	1799 	3887 
110 	1760 	3848 	892 	4877 	1921 	4009 
111 	1882 	3970 	1014 	4999 	2043 	4131 
112 	7538 	2004 	4092 	13770 	77 	2165 
113 	8547 	2126 	4214 	14779 	199 	2287 
114 	9556 	2248 	4336 	5695 	321 	2409 
115 	10569 	2370 	4458 	6704 	443 	2531 
116 	11578 	2492 	4580 	7713 	565 	2653 
117 	12587 	2614 	4702 	8722 	687 	2775 
118 	13596 	2736 	4824 	9730 	809 	2897 
119 	14605 	2858 	4946 	10744 	931 	3019 
120 	5521 	2980 	24 	11753 	1053 	3141 
121 	6530 	3102 	146 	12761 	1175 	3263 
122 	1136 	3224 	268 	4253 	1297 	3385 
123 	1258 	3346 	390 	4375 	1419 	3507 
124 	1380 	3468 	512 	4497 	1541 	3629 
125 	1502 	3590 	634 	4619 	1663 	3751 
126 	1624 	3712 	756 	4741 	1785 	3873 
127 	1746 	3834 	878 	4863 	1907 	3995 
128 	1868 	3956 	1000 	4985 	2029 	4117 
129 	1990 	4078 	1122 	63 	2151 	4239 
130 	2112 	4200 	1244 	185 	2273 	4361 
131 	8291 	2234 	4322 	14522 	307 	2395 
132 	9299 	2356 	4444 	5438 	429 	2517 
133 	10313 	2478 	4566 	6447 	551 	2639 
134 	11321 	2600 	4688 	7456 	673 	2761 
135 	12330 	2722 	4810 	8465 	795 	2883 
136 	13339 	2844 	4932 	9474 	917 	3005 
137 	14348 	2966 	10 	10487 	1039 	3127 
138 	5264 	3088 	132 	11496 	1161 	3249 
139 	6273 	3210 	254 	12505 	1283 	3371 
140 	7282 	3332 	376 	13513 	1405 	3493 
141 	1366 	3454 	498 	4483 	1527 	3615 
142 	1488 	3576 	620 	4605 	1649 	3737 
143 	1610 	3698 	742 	4727 	1771 	3859 
144 	1732 	3820 	864 	4849 	1893 	3981 
145 	1854 	3942 	986 	4971 	2015 	4103 
146 	1976 	4064 	1108 	49 	2137 	4225 
147 	2098 	4186 	1230 	171 	2259 	4347 
148 	2220 	4308 	1352 	293 	2381 	4469 
149 	8034 	2342 	4430 	14265 	415 	2503 
150 	9043 	2464 	4552 	5182 	537 	2625 
151 	10051 	2586 	4674 	6190 	659 	2747 
152 	11065 	2708 	4796 	7199 	781 	2869 
153 	12074 	2830 	4918 	8208 	903 	2991 
154 	13082 	2952 	5040 	9217 	1025 	3113 
155 	14091 	3074 	118 	10230 	1147 	3235 
156 	15100 	3196 	240 	11239 	1269 	3357 
157 	6016 	3318 	362 	12248 	1391 	3479 
158 	7025 	3440 	484 	13257 	1513 	3601 
159 	1474 	3562 	606 	4591 	1635 	3723 
160 	1596 	3684 	728 	4713 	1757 	3845 
161 	1718 	3806 	850 	4835 	1879 	3967 
162 	1840 	3928 	972 	4957 	2001 	4089 
163 	1962 	4050 	1094 	35 	2123 	4211 
164 	2084 	4172 	1216 	157 	2245 	4333 
165 	2206 	4294 	1338 	279 	2367 	4455 
166 	2328 	4416 	1460 	401 	2489 	4577 
167 	2450 	4538 	1582 	523 	2611 	4699 
168 	8786 	2572 	4660 	15017 	645 	2733 
169 	9795 	2694 	4782 	5934 	767 	2855 
170 	10808 	2816 	4904 	6942 	889 	2977 
171 	11817 	2938 	5026 	7951 	1011 	3099 
172 	12826 	3060 	104 	8960 	1133 	3221 
173 	13834 	3182 	226 	9969 	1255 	3343 
174 	14843 	3304 	348 	10982 	1377 	3465 
175 	5759 	3426 	470 	11991 	1499 	3587 
176 	6768 	3548 	592 	13000 	1621 	3709 
177 	7777 	3670 	714 	14009 	1743 	3831 
178 	1704 	3792 	836 	4821 	1865 	3953 
179 	1826 	3914 	958 	4943 	1987 	4075 
180 	1948 	4036 	1080 	21 	2109 	4197 
181 	2070 	4158 	1202 	143 	2231 	4319 
182 	2192 	4280 	1324 	265 	2353 	4441 
183 	2314 	4402 	1446 	387 	2475 	4563 
184 	2436 	4524 	1568 	509 	2597 	4685 
185 	2558 	4646 	1690 	631 	2719 	4807 
186 	2680 	4768 	1812 	753 	2841 	4929 
187 	9538 	2802 	4890 	5677 	875 	2963 
188 	10551 	2924 	5012 	6686 	997 	3085 
189 	11560 	3046 	90 	7694 	1119 	3207 
190 	12569 	3168 	212 	8703 	1241 	3329 
191 	13578 	3290 	334 	9712 	1363 	3451 
192 	14586 	3412 	456 	10725 	1485 	3573 
193 	5503 	3534 	578 	11734 	1607 	3695 
194 	6511 	3656 	700 	12743 	1729 	3817 
195 	7520 	3778 	822 	13752 	1851 	3939 
196 	8529 	3900 	944 	14761 	1973 	4061 
197 	1934 	4022 	1066 	7 	2095 	4183 
198 	2056 	4144 	1188 	129 	2217 	4305 
199 	2178 	4266 	1310 	251 	2339 	4427 
200 	2300 	4388 	1432 	373 	2461 	4549 
201 	2422 	4510 	1554 	495 	2583 	4671 
202 	2544 	4632 	1676 	617 	2705 	4793 
203 	2666 	4754 	1798 	739 	2827 	4915 
204 	2788 	4876 	1920 	861 	2949 	5037 
205 	9281 	2910 	4998 	5420 	983 	3071 
206 	10294 	3032 	76 	6429 	1105 	3193 
207 	11303 	3154 	198 	7438 	1227 	3315 
208 	12312 	3276 	320 	8446 	1349 	3437 
209 	13321 	3398 	442 	9455 	1471 	3559 
210 	14330 	3520 	564 	10469 	1593 	3681 
211 	5246 	3642 	686 	11477 	1715 	3803 
212 	6255 	3764 	808 	12486 	1837 	3925 
213 	7263 	3886 	930 	13495 	1959 	4047 
214 	8272 	4008 	1052 	14504 	2081 	4169 
215 	2042 	4130 	1174 	115 	2203 	4291 
216 	2164 	4252 	1296 	237 	2325 	4413 
217 	2286 	4374 	1418 	359 	2447 	4535 
218 	2408 	4496 	1540 	481 	2569 	4657 
219 	2530 	4618 	1662 	603 	2691 	4779 
220 	2652 	4740 	1784 	725 	2813 	4901 
221 	2774 	4862 	1906 	847 	2935 	5023 
222 	2896 	4984 	2028 	969 	3057 	101 
223 	3018 	62 	2150 	1091 	3179 	223 
224 	10033 	3140 	184 	6172 	1213 	3301 
225 	11046 	3262 	306 	7181 	1335 	3423 
226 	12055 	3384 	428 	8190 	1457 	3545 
227 	13064 	3506 	550 	9198 	1579 	3667 
228 	14073 	3628 	672 	10212 	1701 	3789 
229 	15082 	3750 	794 	11221 	1823 	3911 
230 	5998 	3872 	916 	12229 	1945 	4033 
231 	7007 	3994 	1038 	13238 	2067 	4155 
232 	8015 	4116 	1160 	14247 	2189 	4277 
233 	9024 	4238 	1282 	5163 	2311 	4399 
234 	2272 	4360 	1404 	345 	2433 	4521 
235 	2394 	4482 	1526 	467 	2555 	4643 
236 	2516 	4604 	1648 	589 	2677 	4765 
237 	2638 	4726 	1770 	711 	2799 	4887 
238 	2760 	4848 	1892 	833 	2921 	5009 
239 	2882 	4970 	2014 	955 	3043 	87 
240 	3004 	48 	2136 	1077 	3165 	209 
241 	3126 	170 	2258 	1199 	3287 	331 
242 	3248 	292 	2380 	1321 	3409 	453 
243 	10790 	3370 	414 	6924 	1443 	3531 
244 	11798 	3492 	536 	7933 	1565 	3653 
245 	12807 	3614 	658 	8942 	1687 	3775 
246 	13816 	3736 	780 	9950 	1809 	3897 
247 	14825 	3858 	902 	10964 	1931 	4019 
248 	5741 	3980 	1024 	11973 	2053 	4141 
249 	6750 	4102 	1146 	12981 	2175 	4263 
250 	7759 	4224 	1268 	13990 	2297 	4385 
251 	8767 	4346 	1390 	14999 	2419 	4507 
252 	9776 	4468 	1512 	5915 	2541 	4629 
253 	2502 	4590 	1634 	575 	2663 	4751 
254 	2624 	4712 	1756 	697 	2785 	4873 
255 	2746 	4834 	1878 	819 	2907 	4995 
256 	2868 	4956 	2000 	941 	3029 	73 
257 	2990 	34 	2122 	1063 	3151 	195 
258 	3112 	156 	2244 	1185 	3273 	317 
259 	3234 	278 	2366 	1307 	3395 	439 
260 	3356 	400 	2488 	1429 	3517 	561 
261 	10533 	3478 	522 	6667 	1551 	3639 
262 	11542 	3600 	644 	7676 	1673 	3761 
263 	12550 	3722 	766 	8685 	1795 	3883 
264 	13559 	3844 	888 	9694 	1917 	4005 
265 	14568 	3966 	1010 	10707 	2039 	4127 
266 	5484 	4088 	1132 	11716 	2161 	4249 
267 	6493 	4210 	1254 	12725 	2283 	4371 
268 	7502 	4332 	1376 	13733 	2405 	4493 
269 	8511 	4454 	1498 	14742 	2527 	4615 
270 	9519 	4576 	1620 	5658 	2649 	4737 
271 	2610 	4698 	1742 	683 	2771 	4859 
272 	2732 	4820 	1864 	805 	2893 	4981 
273 	2854 	4942 	1986 	927 	3015 	59 
274 	2976 	20 	2108 	1049 	3137 	181 
275 	3098 	142 	2230 	1171 	3259 	303 
276 	3220 	264 	2352 	1293 	3381 	425 
277 	3342 	386 	2474 	1415 	3503 	547 
278 	3464 	508 	2596 	1537 	3625 	669 
279 	3586 	630 	2718 	1659 	3747 	791 
280 	11285 	3708 	752 	7419 	1781 	3869 
281 	12294 	3830 	874 	8428 	1903 	3991 
282 	13302 	3952 	996 	9437 	2025 	4113 
283 	14311 	4074 	1118 	10450 	2147 	4235 
284 	5227 	4196 	1240 	11459 	2269 	4357 
285 	6236 	4318 	1362 	12468 	2391 	4479 
286 	7245 	4440 	1484 	13477 	2513 	4601 
287 	8254 	4562 	1606 	14485 	2635 	4723 
288 	9263 	4684 	1728 	5402 	2757 	4845 
289 	10276 	4806 	1850 	6410 	2879 	4967 
290 	2840 	4928 	1972 	913 	3001 	45 
291 	2962 	6 	2094 	1035 	3123 	167 
292 	3084 	128 	2216 	1157 	3245 	289 
293 	3206 	250 	2338 	1279 	3367 	411 
294 	3328 	372 	2460 	1401 	3489 	533 
295 	3450 	494 	2582 	1523 	3611 	655 
296 	3572 	616 	2704 	1645 	3733 	777 
297 	3694 	738 	2826 	1767 	3855 	899 
298 	11028 	3816 	860 	7162 	1889 	3977 
299 	12037 	3938 	982 	8171 	2011 	4099 
300 	13046 	4060 	1104 	9180 	2133 	4221 
301 	14054 	4182 	1226 	10193 	2255 	4343 
302 	15063 	4304 	1348 	11202 	2377 	4465 
303 	5979 	4426 	1470 	12211 	2499 	4587 
304 	6988 	4548 	1592 	13220 	2621 	4709 
305 	7997 	4670 	1714 	14229 	2743 	4831 
306 	9006 	4792 	1836 	5145 	2865 	4953 
307 	10015 	4914 	1958 	6154 	2987 	31 
308 	2948 	5036 	2080 	1021 	3109 	153 
309 	3070 	114 	2202 	1143 	3231 	275 
310 	3192 	236 	2324 	1265 	3353 	397 
311 	3314 	358 	2446 	1387 	3475 	519 
312 	3436 	480 	2568 	1509 	3597 	641 
313 	3558 	602 	2690 	1631 	3719 	763 
314 	3680 	724 	2812 	1753 	3841 	885 
315 	3802 	846 	2934 	1875 	3963 	1007 
316 	3924 	968 	3056 	1997 	4085 	1129 
317 	11780 	4046 	1090 	7914 	2119 	4207 
318 	12789 	4168 	1212 	8923 	2241 	4329 
319 	13798 	4290 	1334 	9932 	2363 	4451 
320 	14806 	4412 	1456 	10945 	2485 	4573 
321 	5723 	4534 	1578 	11954 	2607 	4695 
322 	6731 	4656 	1700 	12963 	2729 	4817 
323 	7740 	4778 	1822 	13972 	2851 	4939 
324 	8749 	4900 	1944 	14981 	2973 	17 
325 	9758 	5022 	2066 	5897 	3095 	139 
326 	10771 	100 	2188 	6906 	3217 	261 
327 	3178 	222 	2310 	1251 	3339 	383 
328 	3300 	344 	2432 	1373 	3461 	505 
329 	3422 	466 	2554 	1495 	3583 	627 
330 	3544 	588 	2676 	1617 	3705 	749 
331 	3666 	710 	2798 	1739 	3827 	871 
332 	3788 	832 	2920 	1861 	3949 	993 
333 	3910 	954 	3042 	1983 	4071 	1115 
334 	4032 	1076 	3164 	2105 	4193 	1237 
335 	4154 	1198 	3286 	2227 	4315 	1359 
336 	12532 	4276 	1320 	8667 	2349 	4437 
337 	13541 	4398 	1442 	9675 	2471 	4559 
338 	14550 	4520 	1564 	10689 	2593 	4681 
339 	5466 	4642 	1686 	11697 	2715 	4803 
340 	6475 	4764 	1808 	12706 	2837 	4925 
341 	7483 	4886 	1930 	13715 	2959 	3 
342 	8492 	5008 	2052 	14724 	3081 	125 
343 	9501 	86 	2174 	5640 	3203 	247 
344 	10514 	208 	2296 	6649 	3325 	369 
345 	11523 	330 	2418 	7658 	3447 	491 
346 	3408 	452 	2540 	1481 	3569 	613 
347 	3530 	574 	2662 	1603 	3691 	735 
348 	3652 	696 	2784 	1725 	3813 	857 
349 	3774 	818 	2906 	1847 	3935 	979 
350 	3896 	940 	3028 	1969 	4057 	1101 
351 	4018 	1062 	3150 	2091 	4179 	1223 
352 	4140 	1184 	3272 	2213 	4301 	1345 
353 	4262 	1306 	3394 	2335 	4423 	1467 
354 	12275 	4384 	1428 	8410 	2457 	4545 
355 	13284 	4506 	1550 	9419 	2579 	4667 
356 	14293 	4628 	1672 	10432 	2701 	4789 
357 	5209 	4750 	1794 	11441 	2823 	4911 
358 	6218 	4872 	1916 	12450 	2945 	5033 
359 	7227 	4994 	2038 	13458 	3067 	111 
360 	8235 	72 	2160 	14467 	3189 	233 
361 	9244 	194 	2282 	5383 	3311 	355 
362 	10258 	316 	2404 	6392 	3433 	477 
363 	11266 	438 	2526 	7401 	3555 	599 
364 	3516 	560 	2648 	1589 	3677 	721 
365 	3638 	682 	2770 	1711 	3799 	843 
366 	3760 	804 	2892 	1833 	3921 	965 
367 	3882 	926 	3014 	1955 	4043 	1087 
368 	4004 	1048 	3136 	2077 	4165 	1209 
369 	4126 	1170 	3258 	2199 	4287 	1331 
370 	4248 	1292 	3380 	2321 	4409 	1453 
371 	4370 	1414 	3502 	2443 	4531 	1575 
372 	4492 	1536 	3624 	2565 	4653 	1697 
373 	13027 	4614 	1658 	9162 	2687 	4775 
374 	14036 	4736 	1780 	10175 	2809 	4897 
375 	15045 	4858 	1902 	11184 	2931 	5019 
376 	5961 	4980 	2024 	12193 	3053 	97 
377 	6970 	58 	2146 	13202 	3175 	219 
378 	7979 	180 	2268 	14210 	3297 	341 
379 	8987 	302 	2390 	5127 	3419 	463 
380 	9996 	424 	2512 	6135 	3541 	585 
381 	11010 	546 	2634 	7144 	3663 	707 
382 	12018 	668 	2756 	8153 	3785 	829 
383 	3746 	790 	2878 	1819 	3907 	951 
384 	3868 	912 	3000 	1941 	4029 	1073 
385 	3990 	1034 	3122 	2063 	4151 	1195 
386 	4112 	1156 	3244 	2185 	4273 	1317 
387 	4234 	1278 	3366 	2307 	4395 	1439 
388 	4356 	1400 	3488 	2429 	4517 	1561 
389 	4478 	1522 	3610 	2551 	4639 	1683 
390 	4600 	1644 	3732 	2673 	4761 	1805 
391 	12770 	4722 	1766 	8905 	2795 	4883 
392 	13779 	4844 	1888 	9914 	2917 	5005 
393 	14788 	4966 	2010 	10927 	3039 	83 
394 	5704 	44 	2132 	11936 	3161 	205 
395 	6713 	166 	2254 	12945 	3283 	327 
396 	7722 	288 	2376 	13954 	3405 	449 
397 	8731 	410 	2498 	14962 	3527 	571 
398 	9740 	532 	2620 	5879 	3649 	693 
399 	10753 	654 	2742 	6887 	3771 	815 
400 	11762 	776 	2864 	7896 	3893 	937 
401 	3854 	898 	2986 	1927 	4015 	1059 
402 	3976 	1020 	3108 	2049 	4137 	1181 
403 	4098 	1142 	3230 	2171 	4259 	1303 
404 	4220 	1264 	3352 	2293 	4381 	1425 
405 	4342 	1386 	3474 	2415 	4503 	1547 
406 	4464 	1508 	3596 	2537 	4625 	1669 
407 	4586 	1630 	3718 	2659 	4747 	1791 
408 	4708 	1752 	3840 	2781 	4869 	1913 
409 	4830 	1874 	3962 	2903 	4991 	2035 
410 	13523 	4952 	1996 	9657 	3025 	69 
411 	14531 	30 	2118 	10670 	3147 	191 
412 	5448 	152 	2240 	11679 	3269 	313 
413 	6456 	274 	2362 	12688 	3391 	435 
414 	7465 	396 	2484 	13697 	3513 	557 
415 	8474 	518 	2606 	14706 	3635 	679 
416 	9483 	640 	2728 	5622 	3757 	801 
417 	10496 	762 	2850 	6631 	3879 	923 
418 	11505 	884 	2972 	7639 	4001 	1045 
419 	12514 	1006 	3094 	8648 	4123 	1167 
420 	4084 	1128 	3216 	2157 	4245 	1289 
421 	4206 	1250 	3338 	2279 	4367 	1411 
422 	4328 	1372 	3460 	2401 	4489 	1533 
423 	4450 	1494 	3582 	2523 	4611 	1655 
424 	4572 	1616 	3704 	2645 	4733 	1777 
425 	4694 	1738 	3826 	2767 	4855 	1899 
426 	4816 	1860 	3948 	2889 	4977 	2021 
427 	4938 	1982 	4070 	3011 	55 	2143 
428 	16 	2104 	4192 	3133 	177 	2265 
429 	14275 	138 	2226 	10414 	3255 	299 
430 	5191 	260 	2348 	11422 	3377 	421 
431 	6200 	382 	2470 	12431 	3499 	543 
432 	7208 	504 	2592 	13440 	3621 	665 
433 	8217 	626 	2714 	14449 	3743 	787 
434 	9226 	748 	2836 	5365 	3865 	909 
435 	10239 	870 	2958 	6374 	3987 	1031 
436 	11248 	992 	3080 	7383 	4109 	1153 
437 	12257 	1114 	3202 	8391 	4231 	1275 
438 	13266 	1236 	3324 	9400 	4353 	1397 
439 	4314 	1358 	3446 	2387 	4475 	1519 
440 	4436 	1480 	3568 	2509 	4597 	1641 
441 	4558 	1602 	3690 	2631 	4719 	1763 
442 	4680 	1724 	3812 	2753 	4841 	1885 
443 	4802 	1846 	3934 	2875 	4963 	2007 
444 	4924 	1968 	4056 	2997 	41 	2129 
445 	2 	2090 	4178 	3119 	163 	2251 
446 	124 	2212 	4300 	3241 	285 	2373 
447 	14018 	246 	2334 	10157 	3363 	407 
448 	15027 	368 	2456 	11166 	3485 	529 
449 	5943 	490 	2578 	12174 	3607 	651 
450 	6952 	612 	2700 	13183 	3729 	773 
451 	7960 	734 	2822 	14192 	3851 	895 
452 	8969 	856 	2944 	5108 	3973 	1017 
453 	9978 	978 	3066 	6117 	4095 	1139 
454 	10991 	1100 	3188 	7126 	4217 	1261 
455 	12000 	1222 	3310 	8135 	4339 	1383 
456 	13009 	1344 	3432 	9143 	4461 	1505 
457 	4422 	1466 	3554 	2495 	4583 	1627 
458 	4544 	1588 	3676 	2617 	4705 	1749 
459 	4666 	1710 	3798 	2739 	4827 	1871 
460 	4788 	1832 	3920 	2861 	4949 	1993 
461 	4910 	1954 	4042 	2983 	27 	2115 
462 	5032 	2076 	4164 	3105 	149 	2237 
463 	110 	2198 	4286 	3227 	271 	2359 
464 	232 	2320 	4408 	3349 	393 	2481 
465 	354 	2442 	4530 	3471 	515 	2603 
466 	14770 	476 	2564 	10909 	3593 	637 
467 	5686 	598 	2686 	11918 	3715 	759 
468 	6695 	720 	2808 	12926 	3837 	881 
469 	7704 	842 	2930 	13935 	3959 	1003 
470 	8712 	964 	3052 	14944 	4081 	1125 
471 	9721 	1086 	3174 	5860 	4203 	1247 
472 	10735 	1208 	3296 	6869 	4325 	1369 
473 	11743 	1330 	3418 	7878 	4447 	1491 
474 	12752 	1452 	3540 	8887 	4569 	1613 
475 	13761 	1574 	3662 	9895 	4691 	1735 
476 	4652 	1696 	3784 	2725 	4813 	1857 
477 	4774 	1818 	3906 	2847 	4935 	1979 
478 	4896 	1940 	4028 	2969 	13 	2101 
479 	5018 	2062 	4150 	3091 	135 	2223 
480 	96 	2184 	4272 	3213 	257 	2345 
481 	218 	2306 	4394 	3335 	379 	2467 
482 	340 	2428 	4516 	3457 	501 	2589 
483 	462 	2550 	4638 	3579 	623 	2711 
484 	584 	2672 	4760 	3701 	745 	2833 
485 	5429 	706 	2794 	11661 	3823 	867 
486 	6438 	828 	2916 	12670 	3945 	989 
487 	7447 	950 	3038 	13678 	4067 	1111 
488 	8456 	1072 	3160 	14687 	4189 	1233 
489 	9464 	1194 	3282 	5603 	4311 	1355 
490 	10478 	1316 	3404 	6612 	4433 	1477 
491 	11487 	1438 	3526 	7621 	4555 	1599 
492 	12495 	1560 	3648 	8630 	4677 	1721 
493 	13504 	1682 	3770 	9639 	4799 	1843 
494 	14513 	1804 	3892 	10652 	4921 	1965 
495 	4882 	1926 	4014 	2955 	5043 	2087 
496 	5004 	2048 	4136 	3077 	121 	2209 
497 	82 	2170 	4258 	3199 	243 	2331 
498 	204 	2292 	4380 	3321 	365 	2453 
499 	326 	2414 	4502 	3443 	487 	2575 
500 	448 	2536 	4624 	3565 	609 	2697 
501 	570 	2658 	4746 	3687 	731 	2819 
502 	692 	2780 	4868 	3809 	853 	2941 
503 	5172 	814 	2902 	11404 	3931 	975 
504 	6181 	936 	3024 	12413 	4053 	1097 
505 	7190 	1058 	3146 	13422 	4175 	1219 
506 	8199 	1180 	3268 	14430 	4297 	1341 
507 	9208 	1302 	3390 	5347 	4419 	1463 
508 	10221 	1424 	3512 	6355 	4541 	1585 
509 	11230 	1546 	3634 	7364 	4663 	1707 
510 	12239 	1668 	3756 	8373 	4785 	1829 
511 	13247 	1790 	3878 	9382 	4907 	1951 
512 	14256 	1912 	4000 	10395 	5029 	2073 
513 	4990 	2034 	4122 	3063 	107 	2195 
514 	68 	2156 	4244 	3185 	229 	2317 
515 	190 	2278 	4366 	3307 	351 	2439 
516 	312 	2400 	4488 	3429 	473 	2561 
517 	434 	2522 	4610 	3551 	595 	2683 
518 	556 	2644 	4732 	3673 	717 	2805 
519 	678 	2766 	4854 	3795 	839 	2927 
520 	800 	2888 	4976 	3917 	961 	3049 
521 	922 	3010 	54 	4039 	1083 	3171 
522 	5924 	1044 	3132 	12156 	4161 	1205 
523 	6933 	1166 	3254 	13165 	4283 	1327 
524 	7942 	1288 	3376 	14174 	4405 	1449 
525 	8951 	1410 	3498 	5090 	4527 	1571 
526 	9960 	1532 	3620 	6099 	4649 	1693 
527 	10973 	1654 	3742 	7107 	4771 	1815 
528 	11982 	1776 	3864 	8116 	4893 	1937 
529 	12991 	1898 	3986 	9125 	5015 	2059 
530 	13999 	2020 	4108 	10138 	93 	2181 
531 	15008 	2142 	4230 	11147 	215 	2303 
532 	176 	2264 	4352 	3293 	337 	2425 
533 	298 	2386 	4474 	3415 	459 	2547 
534 	420 	2508 	4596 	3537 	581 	2669 
535 	542 	2630 	4718 	3659 	703 	2791 
536 	664 	2752 	4840 	3781 	825 	2913 
537 	786 	2874 	4962 	3903 	947 	3035 
538 	908 	2996 	40 	4025 	1069 	3157 
539 	1030 	3118 	162 	4147 	1191 	3279 
540 	5668 	1152 	3240 	11899 	4269 	1313 
541 	6676 	1274 	3362 	12908 	4391 	1435 
542 	7685 	1396 	3484 	13917 	4513 	1557 
543 	8694 	1518 	3606 	14926 	4635 	1679 
544 	9703 	1640 	3728 	5842 	4757 	1801 
545 	10716 	1762 	3850 	6851 	4879 	1923 
546 	11725 	1884 	3972 	7859 	5001 	2045 
547 	12734 	2006 	4094 	8868 	79 	2167 
548 	13743 	2128 	4216 	9877 	201 	2289 
549 	14751 	2250 	4338 	10890 	323 	2411 
550 	284 	2372 	4460 	3401 	445 	2533 
551 	406 	2494 	4582 	3523 	567 	2655 
552 	528 	2616 	4704 	3645 	689 	2777 
553 	650 	2738 	4826 	3767 	811 	2899 
554 	772 	2860 	4948 	3889 	933 	3021 
555 	894 	2982 	26 	4011 	1055 	3143 
556 	1016 	3104 	148 	4133 	1177 	3265 
557 	1138 	3226 	270 	4255 	1299 	3387 
558 	1260 	3348 	392 	4377 	1421 	3509 
559 	6420 	1382 	3470 	12651 	4499 	1543 
560 	7428 	1504 	3592 	13660 	4621 	1665 
561 	8437 	1626 	3714 	14669 	4743 	1787 
562 	9446 	1748 	3836 	5585 	4865 	1909 
563 	10459 	1870 	3958 	6594 	4987 	2031 
564 	11468 	1992 	4080 	7603 	65 	2153 
565 	12477 	2114 	4202 	8611 	187 	2275 
566 	13486 	2236 	4324 	9620 	309 	2397 
567 	14495 	2358 	4446 	10634 	431 	2519 
568 	5411 	2480 	4568 	11642 	553 	2641 
569 	514 	2602 	4690 	3631 	675 	2763 
570 	636 	2724 	4812 	3753 	797 	2885 
571 	758 	2846 	4934 	3875 	919 	3007 
572 	880 	2968 	12 	3997 	1041 	3129 
573 	1002 	3090 	134 	4119 	1163 	3251 
574 	1124 	3212 	256 	4241 	1285 	3373 
575 	1246 	3334 	378 	4363 	1407 	3495 
576 	1368 	3456 	500 	4485 	1529 	3617 
577 	1490 	3578 	622 	4607 	1651 	3739 
578 	7172 	1612 	3700 	13403 	4729 	1773 
579 	8180 	1734 	3822 	14412 	4851 	1895 
580 	9189 	1856 	3944 	5328 	4973 	2017 
581 	10203 	1978 	4066 	6337 	51 	2139 
582 	11211 	2100 	4188 	7346 	173 	2261 
583 	12220 	2222 	4310 	8355 	295 	2383 
584 	13229 	2344 	4432 	9363 	417 	2505 
585 	14238 	2466 	4554 	10377 	539 	2627 
586 	5154 	2588 	4676 	11386 	661 	2749 
587 	6163 	2710 	4798 	12394 	783 	2871 
588 	744 	2832 	4920 	3861 	905 	2993 
589 	866 	2954 	5042 	3983 	1027 	3115 
590 	988 	3076 	120 	4105 	1149 	3237 
591 	1110 	3198 	242 	4227 	1271 	3359 
592 	1232 	3320 	364 	4349 	1393 	3481 
593 	1354 	3442 	486 	4471 	1515 	3603 
594 	1476 	3564 	608 	4593 	1637 	3725 
595 	1598 	3686 	730 	4715 	1759 	3847 
596 	6915 	1720 	3808 	13146 	4837 	1881 
597 	7924 	1842 	3930 	14155 	4959 	2003 
598 	8932 	1964 	4052 	5072 	37 	2125 
599 	9941 	2086 	4174 	6080 	159 	2247 
600 	10955 	2208 	4296 	7089 	281 	2369 
601 	11963 	2330 	4418 	8098 	403 	2491 
602 	12972 	2452 	4540 	9107 	525 	2613 
603 	13981 	2574 	4662 	10120 	647 	2735 
604 	14990 	2696 	4784 	11129 	769 	2857 
605 	5906 	2818 	4906 	12138 	891 	2979 
606 	852 	2940 	5028 	3969 	1013 	3101 
607 	974 	3062 	106 	4091 	1135 	3223 
608 	1096 	3184 	228 	4213 	1257 	3345 
609 	1218 	3306 	350 	4335 	1379 	3467 
610 	1340 	3428 	472 	4457 	1501 	3589 
611 	1462 	3550 	594 	4579 	1623 	3711 
612 	1584 	3672 	716 	4701 	1745 	3833 
613 	1706 	3794 	838 	4823 	1867 	3955 
614 	1828 	3916 	960 	4945 	1989 	4077 
615 	7667 	1950 	4038 	13899 	23 	2111 
616 	8676 	2072 	4160 	14907 	145 	2233 
617 	9684 	2194 	4282 	5824 	267 	2355 
618 	10698 	2316 	4404 	6832 	389 	2477 
619 	11707 	2438 	4526 	7841 	511 	2599 
620 	12715 	2560 	4648 	8850 	633 	2721 
621 	13724 	2682 	4770 	9859 	755 	2843 
622 	14733 	2804 	4892 	10872 	877 	2965 
623 	5649 	2926 	5014 	11881 	999 	3087 
624 	6658 	3048 	92 	12890 	1121 	3209 
625 	1082 	3170 	214 	4199 	1243 	3331 
626 	1204 	3292 	336 	4321 	1365 	3453 
627 	1326 	3414 	458 	4443 	1487 	3575 
628 	1448 	3536 	580 	4565 	1609 	3697 
629 	1570 	3658 	702 	4687 	1731 	3819 
630 	1692 	3780 	824 	4809 	1853 	3941 
631 	1814 	3902 	946 	4931 	1975 	4063 
632 	1936 	4024 	1068 	9 	2097 	4185 
633 	2058 	4146 	1190 	131 	2219 	4307 
634 	8419 	2180 	4268 	14651 	253 	2341 
635 	9428 	2302 	4390 	5567 	375 	2463 
636 	10441 	2424 	4512 	6576 	497 	2585 
637 	11450 	2546 	4634 	7584 	619 	2707 
638 	12459 	2668 	4756 	8593 	741 	2829 
639 	13467 	2790 	4878 	9602 	863 	2951 
640 	14476 	2912 	5000 	10615 	985 	3073 
641 	5392 	3034 	78 	11624 	1107 	3195 
642 	6401 	3156 	200 	12633 	1229 	3317 
643 	7410 	3278 	322 	13642 	1351 	3439 
644 	1312 	3400 	444 	4429 	1473 	3561 
645 	1434 	3522 	566 	4551 	1595 	3683 
646 	1556 	3644 	688 	4673 	1717 	3805 
647 	1678 	3766 	810 	4795 	1839 	3927 
648 	1800 	3888 	932 	4917 	1961 	4049 
649 	1922 	4010 	1054 	5039 	2083 	4171 
650 	2044 	4132 	1176 	117 	2205 	4293 
651 	2166 	4254 	1298 	239 	2327 	4415 
652 	8162 	2288 	4376 	14394 	361 	2449 
653 	9171 	2410 	4498 	5310 	483 	2571 
654 	10184 	2532 	4620 	6319 	605 	2693 
655 	11193 	2654 	4742 	7328 	727 	2815 
656 	12202 	2776 	4864 	8336 	849 	2937 
657 	13211 	2898 	4986 	9345 	971 	3059 
658 	14219 	3020 	64 	10359 	1093 	3181 
659 	5136 	3142 	186 	11367 	1215 	3303 
660 	6145 	3264 	308 	12376 	1337 	3425 
661 	7153 	3386 	430 	13385 	1459 	3547 
662 	1420 	3508 	552 	4537 	1581 	3669 
663 	1542 	3630 	674 	4659 	1703 	3791 
664 	1664 	3752 	796 	4781 	1825 	3913 
665 	1786 	3874 	918 	4903 	1947 	4035 
666 	1908 	3996 	1040 	5025 	2069 	4157 
667 	2030 	4118 	1162 	103 	2191 	4279 
668 	2152 	4240 	1284 	225 	2313 	4401 
669 	2274 	4362 	1406 	347 	2435 	4523 
670 	2396 	4484 	1528 	469 	2557 	4645 
671 	8914 	2518 	4606 	5053 	591 	2679 
672 	9923 	2640 	4728 	6062 	713 	2801 
673 	10936 	2762 	4850 	7071 	835 	2923 
674 	11945 	2884 	4972 	8080 	957 	3045 
675 	12954 	3006 	50 	9088 	1079 	3167 
676 	13963 	3128 	172 	10102 	1201 	3289 
677 	14972 	3250 	294 	11111 	1323 	3411 
678 	5888 	3372 	416 	12119 	1445 	3533 
679 	6897 	3494 	538 	13128 	1567 	3655 
680 	7905 	3616 	660 	14137 	1689 	3777 
681 	1650 	3738 	782 	4767 	1811 	3899 
682 	1772 	3860 	904 	4889 	1933 	4021 
683 	1894 	3982 	1026 	5011 	2055 	4143 
684 	2016 	4104 	1148 	89 	2177 	4265 
685 	2138 	4226 	1270 	211 	2299 	4387 
686 	2260 	4348 	1392 	333 	2421 	4509 
687 	2382 	4470 	1514 	455 	2543 	4631 
688 	2504 	4592 	1636 	577 	2665 	4753 
689 	8657 	2626 	4714 	14889 	699 	2787 
690 	9666 	2748 	4836 	5805 	821 	2909 
691 	10680 	2870 	4958 	6814 	943 	3031 
692 	11688 	2992 	36 	7823 	1065 	3153 
693 	12697 	3114 	158 	8832 	1187 	3275 
694 	13706 	3236 	280 	9840 	1309 	3397 
695 	14715 	3358 	402 	10854 	1431 	3519 
696 	5631 	3480 	524 	11863 	1553 	3641 
697 	6640 	3602 	646 	12871 	1675 	3763 
698 	7649 	3724 	768 	13880 	1797 	3885 
699 	1758 	3846 	890 	4875 	1919 	4007 
700 	1880 	3968 	1012 	4997 	2041 	4129 
701 	2002 	4090 	1134 	75 	2163 	4251 
702 	2124 	4212 	1256 	197 	2285 	4373 
703 	2246 	4334 	1378 	319 	2407 	4495 
704 	2368 	4456 	1500 	441 	2529 	4617 
705 	2490 	4578 	1622 	563 	2651 	4739 
706 	2612 	4700 	1744 	685 	2773 	4861 
707 	2734 	4822 	1866 	807 	2895 	4983 
708 	9409 	2856 	4944 	5548 	929 	3017 
709 	10423 	2978 	22 	6557 	1051 	3139 
710 	11432 	3100 	144 	7566 	1173 	3261 
711 	12440 	3222 	266 	8575 	1295 	3383 
712 	13449 	3344 	388 	9584 	1417 	3505 
713 	14458 	3466 	510 	10597 	1539 	3627 
714 	5374 	3588 	632 	11606 	1661 	3749 
715 	6383 	3710 	754 	12615 	1783 	3871 
716 	7392 	3832 	876 	13623 	1905 	3993 
717 	8401 	3954 	998 	14632 	2027 	4115 
718 	1988 	4076 	1120 	61 	2149 	4237 
719 	2110 	4198 	1242 	183 	2271 	4359 
720 	2232 	4320 	1364 	305 	2393 	4481 
721 	2354 	4442 	1486 	427 	2515 	4603 
722 	2476 	4564 	1608 	549 	2637 	4725 
723 	2598 	4686 	1730 	671 	2759 	4847 
724 	2720 	4808 	1852 	793 	2881 	4969 
725 	2842 	4930 	1974 	915 	3003 	47 
726 	2964 	8 	2096 	1037 	3125 	169 
727 	10166 	3086 	130 	6300 	1159 	3247 
728 	11175 	3208 	252 	7309 	1281 	3369 
729 	12184 	3330 	374 	8318 	1403 	3491 
730 	13192 	3452 	496 	9327 	1525 	3613 
731 	14201 	3574 	618 	10340 	1647 	3735 
732 	5117 	3696 	740 	11349 	1769 	3857 
733 	6126 	3818 	862 	12358 	1891 	3979 
734 	7135 	3940 	984 	13367 	2013 	4101 
735 	8144 	4062 	1106 	14375 	2135 	4223 
736 	9153 	4184 	1228 	5292 	2257 	4345 
737 	2218 	4306 	1350 	291 	2379 	4467 
738 	2340 	4428 	1472 	413 	2501 	4589 
739 	2462 	4550 	1594 	535 	2623 	4711 
740 	2584 	4672 	1716 	657 	2745 	4833 
741 	2706 	4794 	1838 	779 	2867 	4955 
742 	2828 	4916 	1960 	901 	2989 	33 
743 	2950 	5038 	2082 	1023 	3111 	155 
744 	3072 	116 	2204 	1145 	3233 	277 
745 	9905 	3194 	238 	6044 	1267 	3355 
746 	10918 	3316 	360 	7052 	1389 	3477 
747 	11927 	3438 	482 	8061 	1511 	3599 
748 	12936 	3560 	604 	9070 	1633 	3721 
749 	13944 	3682 	726 	10079 	1755 	3843 
750 	14953 	3804 	848 	11092 	1877 	3965 
751 	5869 	3926 	970 	12101 	1999 	4087 
752 	6878 	4048 	1092 	13110 	2121 	4209 
753 	7887 	4170 	1214 	14119 	2243 	4331 
754 	8896 	4292 	1336 	15127 	2365 	4453 
755 	2326 	4414 	1458 	399 	2487 	4575 
756 	2448 	4536 	1580 	521 	2609 	4697 
757 	2570 	4658 	1702 	643 	2731 	4819 
758 	2692 	4780 	1824 	765 	2853 	4941 
759 	2814 	4902 	1946 	887 	2975 	19 
760 	2936 	5024 	2068 	1009 	3097 	141 
761 	3058 	102 	2190 	1131 	3219 	263 
762 	3180 	224 	2312 	1253 	3341 	385 
763 	3302 	346 	2434 	1375 	3463 	507 
764 	10661 	3424 	468 	6796 	1497 	3585 
765 	11670 	3546 	590 	7804 	1619 	3707 
766 	12679 	3668 	712 	8813 	1741 	3829 
767 	13688 	3790 	834 	9822 	1863 	3951 
768 	14696 	3912 	956 	10835 	1985 	4073 
769 	5613 	4034 	1078 	11844 	2107 	4195 
770 	6621 	4156 	1200 	12853 	2229 	4317 
771 	7630 	4278 	1322 	13862 	2351 	4439 
772 	8639 	4400 	1444 	14871 	2473 	4561 
773 	9648 	4522 	1566 	5787 	2595 	4683 
774 	2556 	4644 	1688 	629 	2717 	4805 
775 	2678 	4766 	1810 	751 	2839 	4927 
776 	2800 	4888 	1932 	873 	2961 	5 
777 	2922 	5010 	2054 	995 	3083 	127 
778 	3044 	88 	2176 	1117 	3205 	249 
779 	3166 	210 	2298 	1239 	3327 	371 
780 	3288 	332 	2420 	1361 	3449 	493 
781 	3410 	454 	2542 	1483 	3571 	615 
782 	10404 	3532 	576 	6539 	1605 	3693 
783 	11413 	3654 	698 	7548 	1727 	3815 
784 	12422 	3776 	820 	8556 	1849 	3937 
785 	13431 	3898 	942 	9565 	1971 	4059 
786 	14440 	4020 	1064 	10579 	2093 	4181 
787 	5356 	4142 	1186 	11587 	2215 	4303 
788 	6365 	4264 	1308 	12596 	2337 	4425 
789 	7373 	4386 	1430 	13605 	2459 	4547 
790 	8382 	4508 	1552 	14614 	2581 	4669 
791 	9391 	4630 	1674 	5530 	2703 	4791 
792 	2664 	4752 	1796 	737 	2825 	4913 
793 	2786 	4874 	1918 	859 	2947 	5035 
794 	2908 	4996 	2040 	981 	3069 	113 
795 	3030 	74 	2162 	1103 	3191 	235 
796 	3152 	196 	2284 	1225 	3313 	357 
797 	3274 	318 	2406 	1347 	3435 	479 
798 	3396 	440 	2528 	1469 	3557 	601 
799 	3518 	562 	2650 	1591 	3679 	723 
800 	3640 	684 	2772 	1713 	3801 	845 
801 	11156 	3762 	806 	7291 	1835 	3923 
802 	12165 	3884 	928 	8300 	1957 	4045 
803 	13174 	4006 	1050 	9308 	2079 	4167 
804 	14183 	4128 	1172 	10322 	2201 	4289 
805 	5099 	4250 	1294 	11331 	2323 	4411 
806 	6108 	4372 	1416 	12339 	2445 	4533 
807 	7117 	4494 	1538 	13348 	2567 	4655 
808 	8125 	4616 	1660 	14357 	2689 	4777 
809 	9134 	4738 	1782 	5273 	2811 	4899 
810 	10148 	4860 	1904 	6282 	2933 	5021 
811 	2894 	4982 	2026 	967 	3055 	99 
812 	3016 	60 	2148 	1089 	3177 	221 
813 	3138 	182 	2270 	1211 	3299 	343 
814 	3260 	304 	2392 	1333 	3421 	465 
815 	3382 	426 	2514 	1455 	3543 	587 
816 	3504 	548 	2636 	1577 	3665 	709 
817 	3626 	670 	2758 	1699 	3787 	831 
818 	3748 	792 	2880 	1821 	3909 	953 
819 	3870 	914 	3002 	1943 	4031 	1075 
820 	11908 	3992 	1036 	8043 	2065 	4153 
821 	12917 	4114 	1158 	9052 	2187 	4275 
822 	13926 	4236 	1280 	10060 	2309 	4397 
823 	14935 	4358 	1402 	11074 	2431 	4519 
824 	5851 	4480 	1524 	12083 	2553 	4641 
825 	6860 	4602 	1646 	13091 	2675 	4763 
826 	7869 	4724 	1768 	14100 	2797 	4885 
827 	8877 	4846 	1890 	15109 	2919 	5007 
828 	9886 	4968 	2012 	6025 	3041 	85 
829 	10900 	46 	2134 	7034 	3163 	207 
830 	3124 	168 	2256 	1197 	3285 	329 
831 	3246 	290 	2378 	1319 	3407 	451 
832 	3368 	412 	2500 	1441 	3529 	573 
833 	3490 	534 	2622 	1563 	3651 	695 
834 	3612 	656 	2744 	1685 	3773 	817 
835 	3734 	778 	2866 	1807 	3895 	939 
836 	3856 	900 	2988 	1929 	4017 	1061 
837 	3978 	1022 	3110 	2051 	4139 	1183 
838 	11652 	4100 	1144 	7786 	2173 	4261 
839 	12660 	4222 	1266 	8795 	2295 	4383 
840 	13669 	4344 	1388 	9804 	2417 	4505 
841 	14678 	4466 	1510 	10817 	2539 	4627 
842 	5594 	4588 	1632 	11826 	2661 	4749 
843 	6603 	4710 	1754 	12835 	2783 	4871 
844 	7612 	4832 	1876 	13843 	2905 	4993 
845 	8621 	4954 	1998 	14852 	3027 	71 
846 	9629 	32 	2120 	5769 	3149 	193 
847 	10643 	154 	2242 	6777 	3271 	315 
848 	3232 	276 	2364 	1305 	3393 	437 
849 	3354 	398 	2486 	1427 	3515 	559 
850 	3476 	520 	2608 	1549 	3637 	681 
851 	3598 	642 	2730 	1671 	3759 	803 
852 	3720 	764 	2852 	1793 	3881 	925 
853 	3842 	886 	2974 	1915 	4003 	1047 
854 	3964 	1008 	3096 	2037 	4125 	1169 
855 	4086 	1130 	3218 	2159 	4247 	1291 
856 	4208 	1252 	3340 	2281 	4369 	1413 
857 	12404 	4330 	1374 	8538 	2403 	4491 
858 	13412 	4452 	1496 	9547 	2525 	4613 
859 	14421 	4574 	1618 	10560 	2647 	4735 
860 	5337 	4696 	1740 	11569 	2769 	4857 
861 	6346 	4818 	1862 	12578 	2891 	4979 
862 	7355 	4940 	1984 	13587 	3013 	57 
863 	8364 	18 	2106 	14596 	3135 	179 
864 	9373 	140 	2228 	5512 	3257 	301 
865 	10386 	262 	2350 	6521 	3379 	423 
866 	11395 	384 	2472 	7529 	3501 	545 
867 	3462 	506 	2594 	1535 	3623 	667 
868 	3584 	628 	2716 	1657 	3745 	789 
869 	3706 	750 	2838 	1779 	3867 	911 
870 	3828 	872 	2960 	1901 	3989 	1033 
871 	3950 	994 	3082 	2023 	4111 	1155 
872 	4072 	1116 	3204 	2145 	4233 	1277 
873 	4194 	1238 	3326 	2267 	4355 	1399 
874 	4316 	1360 	3448 	2389 	4477 	1521 
875 	4438 	1482 	3570 	2511 	4599 	1643 
876 	13156 	4560 	1604 	9290 	2633 	4721 
877 	14164 	4682 	1726 	10304 	2755 	4843 
878 	5081 	4804 	1848 	11312 	2877 	4965 
879 	6089 	4926 	1970 	12321 	2999 	43 
880 	7098 	4 	2092 	13330 	3121 	165 
881 	8107 	126 	2214 	14339 	3243 	287 
882 	9116 	248 	2336 	5255 	3365 	409 
883 	10129 	370 	2458 	6264 	3487 	531 
884 	11138 	492 	2580 	7273 	3609 	653 
885 	12147 	614 	2702 	8281 	3731 	775 
886 	3692 	736 	2824 	1765 	3853 	897 
887 	3814 	858 	2946 	1887 	3975 	1019 
888 	3936 	980 	3068 	2009 	4097 	1141 
889 	4058 	1102 	3190 	2131 	4219 	1263 
890 	4180 	1224 	3312 	2253 	4341 	1385 
891 	4302 	1346 	3434 	2375 	4463 	1507 
892 	4424 	1468 	3556 	2497 	4585 	1629 
893 	4546 	1590 	3678 	2619 	4707 	1751 
894 	12899 	4668 	1712 	9033 	2741 	4829 
895 	13908 	4790 	1834 	10042 	2863 	4951 
896 	14916 	4912 	1956 	11056 	2985 	29 
897 	5833 	5034 	2078 	12064 	3107 	151 
898 	6841 	112 	2200 	13073 	3229 	273 
899 	7850 	234 	2322 	14082 	3351 	395 
900 	8859 	356 	2444 	15091 	3473 	517 
901 	9868 	478 	2566 	6007 	3595 	639 
902 	10881 	600 	2688 	7016 	3717 	761 
903 	11890 	722 	2810 	8025 	3839 	883 
904 	3800 	844 	2932 	1873 	3961 	1005 
905 	3922 	966 	3054 	1995 	4083 	1127 
906 	4044 	1088 	3176 	2117 	4205 	1249 
907 	4166 	1210 	3298 	2239 	4327 	1371 
908 	4288 	1332 	3420 	2361 	4449 	1493 
909 	4410 	1454 	3542 	2483 	4571 	1615 
910 	4532 	1576 	3664 	2605 	4693 	1737 
911 	4654 	1698 	3786 	2727 	4815 	1859 
912 	4776 	1820 	3908 	2849 	4937 	1981 
913 	13651 	4898 	1942 	9785 	2971 	15 
914 	14660 	5020 	2064 	10799 	3093 	137 
915 	5576 	98 	2186 	11808 	3215 	259 
916 	6585 	220 	2308 	12816 	3337 	381 
917 	7594 	342 	2430 	13825 	3459 	503 
918 	8602 	464 	2552 	14834 	3581 	625 
919 	9611 	586 	2674 	5750 	3703 	747 
920 	10624 	708 	2796 	6759 	3825 	869 
921 	11633 	830 	2918 	7768 	3947 	991 
922 	12642 	952 	3040 	8777 	4069 	1113 
923 	4030 	1074 	3162 	2103 	4191 	1235 
924 	4152 	1196 	3284 	2225 	4313 	1357 
925 	4274 	1318 	3406 	2347 	4435 	1479 
926 	4396 	1440 	3528 	2469 	4557 	1601 
927 	4518 	1562 	3650 	2591 	4679 	1723 
928 	4640 	1684 	3772 	2713 	4801 	1845 
929 	4762 	1806 	3894 	2835 	4923 	1967 
930 	4884 	1928 	4016 	2957 	1 	2089 
931 	13394 	5006 	2050 	9529 	3079 	123 
932 	14403 	84 	2172 	10542 	3201 	245 
933 	5319 	206 	2294 	11551 	3323 	367 
934 	6328 	328 	2416 	12560 	3445 	489 
935 	7337 	450 	2538 	13568 	3567 	611 
936 	8346 	572 	2660 	14577 	3689 	733 
937 	9354 	694 	2782 	5493 	3811 	855 
938 	10368 	816 	2904 	6502 	3933 	977 
939 	11377 	938 	3026 	7511 	4055 	1099 
940 	12385 	1060 	3148 	8520 	4177 	1221 
941 	4138 	1182 	3270 	2211 	4299 	1343 
942 	4260 	1304 	3392 	2333 	4421 	1465 
943 	4382 	1426 	3514 	2455 	4543 	1587 
944 	4504 	1548 	3636 	2577 	4665 	1709 
945 	4626 	1670 	3758 	2699 	4787 	1831 
946 	4748 	1792 	3880 	2821 	4909 	1953 
947 	4870 	1914 	4002 	2943 	5031 	2075 
948 	4992 	2036 	4124 	3065 	109 	2197 
949 	70 	2158 	4246 	3187 	231 	2319 
950 	14146 	192 	2280 	10285 	3309 	353 
951 	5062 	314 	2402 	11294 	3431 	475 
952 	6071 	436 	2524 	12303 	3553 	597 
953 	7080 	558 	2646 	13312 	3675 	719 
954 	8089 	680 	2768 	14320 	3797 	841 
955 	9098 	802 	2890 	5237 	3919 	963 
956 	10111 	924 	3012 	6245 	4041 	1085 
957 	11120 	1046 	3134 	7254 	4163 	1207 
958 	12129 	1168 	3256 	8263 	4285 	1329 
959 	13137 	1290 	3378 	9272 	4407 	1451 
960 	4368 	1412 	3500 	2441 	4529 	1573 
961 	4490 	1534 	3622 	2563 	4651 	1695 
962 	4612 	1656 	3744 	2685 	4773 	1817 
963 	4734 	1778 	3866 	2807 	4895 	1939 
964 	4856 	1900 	3988 	2929 	5017 	2061 
965 	4978 	2022 	4110 	3051 	95 	2183 
966 	56 	2144 	4232 	3173 	217 	2305 
967 	178 	2266 	4354 	3295 	339 	2427 
968 	300 	2388 	4476 	3417 	461 	2549 
969 	14898 	422 	2510 	11037 	3539 	583 
970 	5814 	544 	2632 	12046 	3661 	705 
971 	6823 	666 	2754 	13055 	3783 	827 
972 	7832 	788 	2876 	14064 	3905 	949 
973 	8841 	910 	2998 	15072 	4027 	1071 
974 	9850 	1032 	3120 	5989 	4149 	1193 
975 	10863 	1154 	3242 	6997 	4271 	1315 
976 	11872 	1276 	3364 	8006 	4393 	1437 
977 	12881 	1398 	3486 	9015 	4515 	1559 
978 	13889 	1520 	3608 	10024 	4637 	1681 
979 	4598 	1642 	3730 	2671 	4759 	1803 
980 	4720 	1764 	3852 	2793 	4881 	1925 
981 	4842 	1886 	3974 	2915 	5003 	2047 
982 	4964 	2008 	4096 	3037 	81 	2169 
983 	42 	2130 	4218 	3159 	203 	2291 
984 	164 	2252 	4340 	3281 	325 	2413 
985 	286 	2374 	4462 	3403 	447 	2535 
986 	408 	2496 	4584 	3525 	569 	2657 
987 	14641 	530 	2618 	10780 	3647 	691 
988 	5558 	652 	2740 	11789 	3769 	813 
989 	6566 	774 	2862 	12798 	3891 	935 
990 	7575 	896 	2984 	13807 	4013 	1057 
991 	8584 	1018 	3106 	14816 	4135 	1179 
992 	9593 	1140 	3228 	5732 	4257 	1301 
993 	10606 	1262 	3350 	6741 	4379 	1423 
994 	11615 	1384 	3472 	7749 	4501 	1545 
995 	12624 	1506 	3594 	8758 	4623 	1667 
996 	13633 	1628 	3716 	9767 	4745 	1789 
997 	4706 	1750 	3838 	2779 	4867 	1911 
998 	4828 	1872 	3960 	2901 	4989 	2033 
999 	4950 	1994 	4082 	3023 	67 	2155 
1000 	28 	2116 	4204 	3145 	189 	2277 
1001 	150 	2238 	4326 	3267 	311 	2399 
1002 	272 	2360 	4448 	3389 	433 	2521 
1003 	394 	2482 	4570 	3511 	555 	2643 
1004 	516 	2604 	4692 	3633 	677 	2765 
1005 	638 	2726 	4814 	3755 	799 	2887 
1006 	5301 	760 	2848 	11532 	3877 	921 
1007 	6310 	882 	2970 	12541 	3999 	1043 
1008 	7318 	1004 	3092 	13550 	4121 	1165 
1009 	8327 	1126 	3214 	14559 	4243 	1287 
1010 	9336 	1248 	3336 	5475 	4365 	1409 
1011 	10349 	1370 	3458 	6484 	4487 	1531 
1012 	11358 	1492 	3580 	7493 	4609 	1653 
1013 	12367 	1614 	3702 	8501 	4731 	1775 
1014 	13376 	1736 	3824 	9510 	4853 	1897 
1015 	14385 	1858 	3946 	10524 	4975 	2019 
1016 	4936 	1980 	4068 	3009 	53 	2141 
1017 	14 	2102 	4190 	3131 	175 	2263 
1018 	136 	2224 	4312 	3253 	297 	2385 
1019 	258 	2346 	4434 	3375 	419 	2507 
1020 	380 	2468 	4556 	3497 	541 	2629 
1021 	502 	2590 	4678 	3619 	663 	2751 
1022 	624 	2712 	4800 	3741 	785 	2873 
1023 	746 	2834 	4922 	3863 	907 	2995 
