R20T1QL4
Channel Interleaving, Puncturing and Mapping to QPSK
Data coding rate = 0.626427 with QPSK, UW coding rate = 0.435876 with BPSK
User data with 32 bit UW =768, with flush=772, p-parity=227+22, q-parity=227,  Channel Symbols=656, Channel Bits=1248
D=768, FECSy=656, DF=772 N=1248, P=227, Puw=22, Q=227, DPQ=1184, dpqstep=731, S=3.398687, ppstart=772.500000, qpstart=1546.199341

Symbol   I0    Q0  Pattern= . =data, + =p parity, - =q parity
-------------------------------------------------------------
    0     0     0 R.
    1     1     1 R.
    2     2     2 R.
    3     3     3 R.
    4     4     4 R.
    5     5     5 R.
    6     6     6 R.
    7     7     7 R.
    8     8     8 R.
    9     9     9 R.
   10    10    10 R.
   11    11    11 R.
   12    12    12 R.
   13    13    13 R.
   14    14    14 R.
   15    15    15 R.
   16    16    16 R.
   17    17    17 R.
   18    18    18 R.
   19    19    19 R.
   20    20    20 R.
   21    21    21 R.
   22    22    22 R.
   23    23    23 R.
   24    24    24 R.
   25    25    25 R.
   26    26    26 R.
   27    27    27 R.
   28    28    28 R.
   29    29    29 R.
   30    30    30 R.
   31    31    31 R.
   32   772   772 R+
   33   773   773 R+
   34   774   774 R+
   35   775   775 R+
   36   776   776 R+
   37   777   777 R+
   38   778   778 R+
   39   779   779 R+
   40    32   147 ..
   41   262   377 ..
   42   492   607 ..
   43   722  1027 .+
   44  1418  1811 +-
   45  2202   113 -.
   46   228   343 ..
   47   458   573 ..
   48   688   911 .+
   49  1302  1695 +-
   50  2086    79 -.
   51   194   309 ..
   52   424   539 ..
   53   654   769 ..
   54  1187  1580 +-
   55  1971    45 -.
   56   160   275 ..
   57   390   505 ..
   58   620   735 ..
   59  1071  1462 ++
   60  1855  2246 --
   61   126   241 ..
   62   356   471 ..
   63   586   701 ..
   64   956  1346 ++
   65  1739  2130 --
   66    92   207 ..
   67   322   437 ..
   68   552   667 ..
   69   840  1231 ++
   70  1624  2015 --
   71    58   173 ..
   72   288   403 ..
   73   518   633 ..
   74   748  1115 .+
   75  1506  1899 +-
   76  2290   139 -.
   77   254   369 ..
   78   484   599 ..
   79   714  1000 .+
   80  1391  1784 +-
   81  2174   105 -.
   82   220   335 ..
   83   450   565 ..
   84   680   884 .+
   85  1275  1668 +-
   86  2059    71 -.
   87   186   301 ..
   88   416   531 ..
   89   646   761 ..
   90  1159  1552 +-
   91  1943    37 -.
   92   152   267 ..
   93   382   497 ..
   94   612   727 ..
   95  1044  1435 ++
   96  1828  2219 --
   97   118   233 ..
   98   348   463 ..
   99   578   693 ..
  100   928  1319 ++
  101  1712  2103 --
  102    84   199 ..
  103   314   429 ..
  104   544   659 ..
  105   813  1204 ++
  106  1597  1988 --
  107    50   165 ..
  108   280   395 ..
  109   510   625 ..
  110   740  1088 .+
  111  1479  1872 +-
  112  2263   131 -.
  113   246   361 ..
  114   476   591 ..
  115   706   973 .+
  116  1363  1756 +-
  117  2147    97 -.
  118   212   327 ..
  119   442   557 ..
  120   672   857 .+
  121  1248  1641 +-
  122  2032    63 -.
  123   178   293 ..
  124   408   523 ..
  125   638   753 ..
  126  1132  1523 ++
  127  1916  2307 --
  128   144   259 ..
  129   374   489 ..
  130   604   719 ..
  131  1017  1408 ++
  132  1801  2191 --
  133   110   225 ..
  134   340   455 ..
  135   570   685 ..
  136   901  1292 ++
  137  1685  2076 --
  138    76   191 ..
  139   306   421 ..
  140   536   651 ..
  141   766  1176 .+
  142  1569  1960 --
  143    42   157 ..
  144   272   387 ..
  145   502   617 ..
  146   732  1061 .+
  147  1452  1845 +-
  148  2236   123 -.
  149   238   353 ..
  150   468   583 ..
  151   698   945 .+
  152  1336  1729 +-
  153  2120    89 -.
  154   204   319 ..
  155   434   549 ..
  156   664   830 .+
  157  1221  1614 +-
  158  2005    55 -.
  159   170   285 ..
  160   400   515 ..
  161   630   745 ..
  162  1105  1496 ++
  163  1889  2280 --
  164   136   251 ..
  165   366   481 ..
  166   596   711 ..
  167   990  1380 ++
  168  1773  2164 --
  169   102   217 ..
  170   332   447 ..
  171   562   677 ..
  172   874  1265 ++
  173  1658  2049 --
  174    68   183 ..
  175   298   413 ..
  176   528   643 ..
  177   758  1149 .+
  178  1540  1933 +-
  179    34   149 ..
  180   264   379 ..
  181   494   609 ..
  182   724  1034 .+
  183  1425  1818 +-
  184  2208   115 -.
  185   230   345 ..
  186   460   575 ..
  187   690   918 .+
  188  1309  1702 +-
  189  2093    81 -.
  190   196   311 ..
  191   426   541 ..
  192   656   771 ..
  193  1193  1586 +-
  194  1977    47 -.
  195   162   277 ..
  196   392   507 ..
  197   622   737 ..
  198  1078  1469 ++
  199  1862  2253 --
  200   128   243 ..
  201   358   473 ..
  202   588   703 ..
  203   962  1353 ++
  204  1746  2137 --
  205    94   209 ..
  206   324   439 ..
  207   554   669 ..
  208   847  1238 ++
  209  1631  2022 --
  210    60   175 ..
  211   290   405 ..
  212   520   635 ..
  213   750  1122 .+
  214  1513  1906 +-
  215  2297   141 -.
  216   256   371 ..
  217   486   601 ..
  218   716  1007 .+
  219  1397  1790 +-
  220  2181   107 -.
  221   222   337 ..
  222   452   567 ..
  223   682   891 .+
  224  1282  1675 +-
  225  2066    73 -.
  226   188   303 ..
  227   418   533 ..
  228   648   763 ..
  229  1166  1559 +-
  230  1950    39 -.
  231   154   269 ..
  232   384   499 ..
  233   614   729 ..
  234  1051  1442 ++
  235  1835  2225 --
  236   120   235 ..
  237   350   465 ..
  238   580   695 ..
  239   935  1326 ++
  240  1719  2110 --
  241    86   201 ..
  242   316   431 ..
  243   546   661 ..
  244   820  1210 ++
  245  1603  1994 --
  246    52   167 ..
  247   282   397 ..
  248   512   627 ..
  249   742  1095 .+
  250  1486  1879 +-
  251  2270   133 -.
  252   248   363 ..
  253   478   593 ..
  254   708   979 .+
  255  1370  1763 +-
  256  2154    99 -.
  257   214   329 ..
  258   444   559 ..
  259   674   864 .+
  260  1255  1648 +-
  261  2039    65 -.
  262   180   295 ..
  263   410   525 ..
  264   640   755 ..
  265  1139  1530 ++
  266  1923  2314 --
  267   146   261 ..
  268   376   491 ..
  269   606   721 ..
  270  1024  1414 ++
  271  1807  2198 --
  272   112   227 ..
  273   342   457 ..
  274   572   687 ..
  275   908  1299 ++
  276  1692  2083 --
  277    78   193 ..
  278   308   423 ..
  279   538   653 ..
  280   768  1183 .+
  281  1576  1967 --
  282    44   159 ..
  283   274   389 ..
  284   504   619 ..
  285   734  1068 .+
  286  1459  1852 +-
  287  2242   125 -.
  288   240   355 ..
  289   470   585 ..
  290   700   952 .+
  291  1343  1736 +-
  292  2127    91 -.
  293   206   321 ..
  294   436   551 ..
  295   666   837 .+
  296  1227  1620 +-
  297  2011    57 -.
  298   172   287 ..
  299   402   517 ..
  300   632   747 ..
  301  1112  1503 ++
  302  1896  2287 --
  303   138   253 ..
  304   368   483 ..
  305   598   713 ..
  306   996  1387 ++
  307  1780  2171 --
  308   104   219 ..
  309   334   449 ..
  310   564   679 ..
  311   881  1272 ++
  312  1665  2056 --
  313    70   185 ..
  314   300   415 ..
  315   530   645 ..
  316   760  1156 .+
  317  1549  1940 --
  318    36   151 ..
  319   266   381 ..
  320   496   611 ..
  321   726  1040 .+
  322  1431  1824 +-
  323  2215   117 -.
  324   232   347 ..
  325   462   577 ..
  326   692   925 .+
  327  1316  1709 +-
  328  2100    83 -.
  329   198   313 ..
  330   428   543 ..
  331   658   809 .+
  332  1200  1593 +-
  333  1984    49 -.
  334   164   279 ..
  335   394   509 ..
  336   624   739 ..
  337  1085  1476 ++
  338  1869  2259 --
  339   130   245 ..
  340   360   475 ..
  341   590   705 ..
  342   969  1360 ++
  343  1753  2144 --
  344    96   211 ..
  345   326   441 ..
  346   556   671 ..
  347   854  1244 ++
  348  1637  2028 --
  349    62   177 ..
  350   292   407 ..
  351   522   637 ..
  352   752  1129 .+
  353  1520  1913 +-
  354  2304   143 -.
  355   258   373 ..
  356   488   603 ..
  357   718  1013 .+
  358  1404  1797 +-
  359  2188   109 -.
  360   224   339 ..
  361   454   569 ..
  362   684   898 .+
  363  1289  1682 +-
  364  2072    75 -.
  365   190   305 ..
  366   420   535 ..
  367   650   765 ..
  368  1173  1566 +-
  369  1957    41 -.
  370   156   271 ..
  371   386   501 ..
  372   616   731 ..
  373  1057  1448 ++
  374  1841  2232 --
  375   122   237 ..
  376   352   467 ..
  377   582   697 ..
  378   942  1333 ++
  379  1726  2117 --
  380    88   203 ..
  381   318   433 ..
  382   548   663 ..
  383   826  1217 ++
  384  1610  2001 --
  385    54   169 ..
  386   284   399 ..
  387   514   629 ..
  388   744  1102 .+
  389  1493  1886 +-
  390  2276   135 -.
  391   250   365 ..
  392   480   595 ..
  393   710   986 .+
  394  1377  1770 +-
  395  2161   101 -.
  396   216   331 ..
  397   446   561 ..
  398   676   871 .+
  399  1261  1654 +-
  400  2045    67 -.
  401   182   297 ..
  402   412   527 ..
  403   642   757 ..
  404  1146  1537 ++
  405  1930    33 -.
  406   148   263 ..
  407   378   493 ..
  408   608   723 ..
  409  1030  1421 ++
  410  1814  2205 --
  411   114   229 ..
  412   344   459 ..
  413   574   689 ..
  414   915  1306 ++
  415  1699  2089 --
  416    80   195 ..
  417   310   425 ..
  418   540   655 ..
  419   770  1190 .+
  420  1583  1974 --
  421    46   161 ..
  422   276   391 ..
  423   506   621 ..
  424   736  1074 .+
  425  1465  1858 +-
  426  2249   127 -.
  427   242   357 ..
  428   472   587 ..
  429   702   959 .+
  430  1350  1743 +-
  431  2134    93 -.
  432   208   323 ..
  433   438   553 ..
  434   668   843 .+
  435  1234  1627 +-
  436  2018    59 -.
  437   174   289 ..
  438   404   519 ..
  439   634   749 ..
  440  1119  1510 ++
  441  1903  2293 --
  442   140   255 ..
  443   370   485 ..
  444   600   715 ..
  445  1003  1394 ++
  446  1787  2178 --
  447   106   221 ..
  448   336   451 ..
  449   566   681 ..
  450   888  1278 ++
  451  1671  2062 --
  452    72   187 ..
  453   302   417 ..
  454   532   647 ..
  455   762  1163 .+
  456  1556  1947 --
  457    38   153 ..
  458   268   383 ..
  459   498   613 ..
  460   728  1047 .+
  461  1438  1831 +-
  462  2222   119 -.
  463   234   349 ..
  464   464   579 ..
  465   694   932 .+
  466  1323  1716 +-
  467  2106    85 -.
  468   200   315 ..
  469   430   545 ..
  470   660   816 .+
  471  1207  1600 +-
  472  1991    51 -.
  473   166   281 ..
  474   396   511 ..
  475   626   741 ..
  476  1091  1482 ++
  477  1875  2266 --
  478   132   247 ..
  479   362   477 ..
  480   592   707 ..
  481   976  1367 ++
  482  1760  2151 --
  483    98   213 ..
  484   328   443 ..
  485   558   673 ..
  486   860  1251 ++
  487  1644  2035 --
  488    64   179 ..
  489   294   409 ..
  490   524   639 ..
  491   754  1136 .+
  492  1527  1920 +-
  493  2310   145 -.
  494   260   375 ..
  495   490   605 ..
  496   720  1020 .+
  497  1411  1804 +-
  498  2195   111 -.
  499   226   341 ..
  500   456   571 ..
  501   686   905 .+
  502  1295  1688 +-
  503  2079    77 -.
  504   192   307 ..
  505   422   537 ..
  506   652   767 ..
  507  1180  1573 +-
  508  1964    43 -.
  509   158   273 ..
  510   388   503 ..
  511   618   733 ..
  512  1064  1455 ++
  513  1848  2239 --
  514   124   239 ..
  515   354   469 ..
  516   584   699 ..
  517   949  1340 ++
  518  1733  2123 --
  519    90   205 ..
  520   320   435 ..
  521   550   665 ..
  522   833  1224 ++
  523  1617  2008 --
  524    56   171 ..
  525   286   401 ..
  526   516   631 ..
  527   746  1108 .+
  528  1499  1892 +-
  529  2283   137 -.
  530   252   367 ..
  531   482   597 ..
  532   712   993 .+
  533  1384  1777 +-
  534  2168   103 -.
  535   218   333 ..
  536   448   563 ..
  537   678   877 .+
  538  1268  1661 +-
  539  2052    69 -.
  540   184   299 ..
  541   414   529 ..
  542   644   759 ..
  543  1153  1546 +-
  544  1937    35 -.
  545   150   265 ..
  546   380   495 ..
  547   610   725 ..
  548  1037  1428 ++
  549  1821  2212 --
  550   116   231 ..
  551   346   461 ..
  552   576   691 ..
  553   922  1312 ++
  554  1705  2096 --
  555    82   197 ..
  556   312   427 ..
  557   542   657 ..
  558   806  1197 ++
  559  1590  1981 --
  560    48   163 ..
  561   278   393 ..
  562   508   623 ..
  563   738  1081 .+
  564  1472  1865 +-
  565  2256   129 -.
  566   244   359 ..
  567   474   589 ..
  568   704   966 .+
  569  1357  1750 +-
  570  2140    95 -.
  571   210   325 ..
  572   440   555 ..
  573   670   850 .+
  574  1241  1634 +-
  575  2025    61 -.
  576   176   291 ..
  577   406   521 ..
  578   636   751 ..
  579  1125  1516 ++
  580  1909  2300 --
  581   142   257 ..
  582   372   487 ..
  583   602   717 ..
  584  1010  1401 ++
  585  1794  2185 --
  586   108   223 ..
  587   338   453 ..
  588   568   683 ..
  589   894  1285 ++
  590  1678  2069 --
  591    74   189 ..
  592   304   419 ..
  593   534   649 ..
  594   764  1170 .+
  595  1563  1954 --
  596    40   155 ..
  597   270   385 ..
  598   500   615 ..
  599   730  1054 .+
  600  1445  1838 +-
  601  2229   121 -.
  602   236   351 ..
  603   466   581 ..
  604   696   939 .+
  605  1329  1722 +-
  606  2113    87 -.
  607   202   317 ..
  608   432   547 ..
  609   662   823 .+
  610  1214  1607 +-
  611  1998    53 -.
  612   168   283 ..
  613   398   513 ..
  614   628   743 ..
  615  1098  1489 ++
  616  1882  2273 --
  617   134   249 ..
  618   364   479 ..
  619   594   709 ..
  620   983  1374 ++
  621  1767  2157 --
  622   100   215 ..
  623   330   445 ..
  624   560   675 ..
  625   867  1258 ++
  626  1651  2042 --
  627    66   181 ..
  628   296   411 ..
  629   526   641 ..
  630   756  1142 .+
  631  1533  1926 +-
  632   780   780 R+
  633   781   781 R+
  634   782   782 R+
  635   783   783 R+
  636   784   784 R+
  637   785   785 R+
  638   786   786 R+
  639   787   787 R+
  640   788   788 R+
  641   789   789 R+
  642   790   790 R+
  643   791   791 R+
  644   792   792 R+
  645   793   793 R+
  646   794   794 R+
  647   795   795 R+
  648   796   796 R+
  649   797   797 R+
  650   798   798 R+
  651   799   799 R+
  652   800   800 R+
  653   801   801 R+
  654   802   802 R+
  655   803   803 R+
Total data plus flush bits=772, p-parity bits=249, q-parity=227, Errors=0, Repetition=64
