R20T2XH6
Channel Interleaving, Puncturing and Mapping to 16-QAM
User data=4224, with flush=4228, Channel Symbols=1252, Channel Bits=5008, Parity=780, p=q=390, Coding Rate=0.843450
D=4224, FECSy=1252, DF=4228, N=5008, P=780, p=390, distep=2613, dd=0, pistep=241, pp=389, ppstep=10.841025, ppstart=4228.500000, qpstart=8461.920898, k=-862, mx=1.452436

Symbol   I1    I0    Q1    Q0  Pattern= . =data, + =p parity, - =q parity
-------------------------------------------------------------------------
    0     0   998  2613  3611 ....
    1  1996  8445   381  8461 .+.-
    2  2994  3992  1379  2377 ....
    3   762  1760  3375   145 ....
    4  2758  6830  1143 10077 .+.-
    5  3756   526  2141  3139 ....
    6  1524  2522  4137   907 ....
    7  3520  5215  1905 11692 .+.-
    8   290  1288  2903  3901 ....
    9  2286  3284   671  1669 ....
   10    54  7827  2667  9079 .+.-
   11  1052  2050  3665   435 ....
   12  3048  4046  1433  2431 ....
   13   816  6212  3429 10695 .+.-
   14  1814  2812   199  1197 ....
   15  3810   580  2195  3193 ....
   16  1578  2576  4191   961 ....
   17  3574  4597  1959 12310 .+.-
   18   344  1342  2957  3955 ....
   19  2340  3338   725  1723 ....
   20   108  7209  2721  9697 .+.-
   21  1106  2104  3719   489 ....
   22  3102  4100  1487  2485 ....
   23   870  5594  3483 11313 .+.-
   24  1868  2866   253  1251 ....
   25  3864   634  2249  3247 ....
   26  1632  8207    17  8700 .+.-
   27  2630  3628  1015  2013 ....
   28   398  1396  3011  4009 ....
   29  2394  6591   779 10315 .+.-
   30  3392   162  1777  2775 ....
   31  1160  2158  3773   543 ....
   32  3156  4154  1541  2539 ....
   33   924  4976  3537 11931 .+.-
   34  1922  2920   307  1305 ....
   35  3918   688  2303  3301 ....
   36  1686  7589    71  9318 .+.-
   37  2684  3682  1069  2067 ....
   38   452  1450  3065  4063 ....
   39  2448  5973   833 10933 .+.-
   40  3446   216  1831  2829 ....
   41  1214  2212  3827   597 ....
   42  3210  4358  1595 12548 .+.-
   43  4208   978  2593  3591 ....
   44  1976  2974   361  1359 ....
   45  3972  6971  2357  9936 .+.-
   46   742  1740  3355   125 ....
   47  2738  3736  1123  2121 ....
   48   506  1504  3119  4117 ....
   49  2502  5355   887 11551 .+.-
   50  3500   270  1885  2883 ....
   51  1268  2266  3881   651 ....
   52  3264  7968  1649  8938 .+.-
   53    34  1032  2647  3645 ....
   54  2030  3028   415  1413 ....
   55  4026  6353  2411 10554 .+.-
   56   796  1794  3409   179 ....
   57  2792  3790  1177  2175 ....
   58   560  4738  3173 12169 .+.-
   59  1558  2556  4171   941 ....
   60  3554   324  1939  2937 ....
   61  1322  7350  3935  9556 .+.-
   62  2320  3318   705  1703 ....
   63    88  1086  2701  3699 ....
   64  2084  3082   469  1467 ....
   65  4080  5735  2465 11172 .+.-
   66   850  1848  3463   233 ....
   67  2846  3844  1231  2229 ....
   68   614  8348  3227  8559 .+.-
   69  1612  2610  4225   995 ....
   70  3608   378  1993  2991 ....
   71  1376  6732  3989 10174 .+.-
   72  2374  3372   759  1757 ....
   73   142  1140  2755  3753 ....
   74  2138  5117   523 11790 .+.-
   75  3136  4134  1521  2519 ....
   76   904  1902  3517   287 ....
   77  2900  3898  1285  2283 ....
   78   668  7730  3281  9177 .+.-
   79  1666  2664    51  1049 ....
   80  3662   432  2047  3045 ....
   81  1430  6114  4043 10792 .+.-
   82  2428  3426   813  1811 ....
   83   196  1194  2809  3807 ....
   84  2192  4499   577 12408 .+.-
   85  3190  4188  1575  2573 ....
   86   958  1956  3571   341 ....
   87  2954  7112  1339  9795 .+.-
   88  3952   722  2337  3335 ....
   89  1720  2718   105  1103 ....
   90  3716  5496  2101 11410 .+.-
   91   486  1484  3099  4097 ....
   92  2482  3480   867  1865 ....
   93   250  1248  2863  3861 ....
   94  2246  8109   631  8797 .+.-
   95  3244    14  1629  2627 ....
   96  1012  2010  3625   395 ....
   97  3008  6494  1393 10413 .+.-
   98  4006   776  2391  3389 ....
   99  1774  2772   159  1157 ....
  100  3770  4878  2155 12028 .+.-
  101   540  1538  3153  4151 ....
  102  2536  3534   921  1919 ....
  103   304  7491  2917  9415 .+.-
  104  1302  2300  3915   685 ....
  105  3298    68  1683  2681 ....
  106  1066  5876  3679 11031 .+.-
  107  2064  3062   449  1447 ....
  108  4060   830  2445  3443 ....
  109  1828  2826   213  1211 ....
  110  3824  4261  2209 12646 .+.-
  111   594  1592  3207  4205 ....
  112  2590  3588   975  1973 ....
  113   358  6873  2971 10033 .+.-
  114  1356  2354  3969   739 ....
  115  3352   122  1737  2735 ....
  116  1120  5258  3733 11649 .+.-
  117  2118  3116   503  1501 ....
  118  4114   884  2499  3497 ....
  119  1882  7871   267  9036 .+.-
  120  2880  3878  1265  2263 ....
  121   648  1646  3261    31 ....
  122  2644  6255  1029 10651 .+.-
  123  3642   412  2027  3025 ....
  124  1410  2408  4023   793 ....
  125  3406   176  1791  2789 ....
  126  1174  4640  3787 12267 .+.-
  127  2172  3170   557  1555 ....
  128  4168   938  2553  3551 ....
  129  1936  7253   321  9654 .+.-
  130  2934  3932  1319  2317 ....
  131   702  1700  3315    85 ....
  132  2698  5637  1083 11269 .+.-
  133  3696   466  2081  3079 ....
  134  1464  2462  4077   847 ....
  135  3460  8250  1845  8657 .+.-
  136   230  1228  2843  3841 ....
  137  2226  3224   611  1609 ....
  138  4222   992  2607  3605 ....
  139  1990  6635   375 10272 .+.-
  140  2988  3986  1373  2371 ....
  141   756  1754  3369   139 ....
  142  2752  5019  1137 11887 .+.-
  143  3750   520  2135  3133 ....
  144  1518  2516  4131   901 ....
  145  3514  7632  1899  9274 .+.-
  146   284  1282  2897  3895 ....
  147  2280  3278   665  1663 ....
  148    48  6017  2661 10890 .+.-
  149  1046  2044  3659   429 ....
  150  3042  4040  1427  2425 ....
  151   810  4401  3423 12505 .+.-
  152  1808  2806   193  1191 ....
  153  3804   574  2189  3187 ....
  154  1572  2570  4185   955 ....
  155  3568  7014  1953  9892 .+.-
  156   338  1336  2951  3949 ....
  157  2334  3332   719  1717 ....
  158   102  5399  2715 11508 .+.-
  159  1100  2098  3713   483 ....
  160  3096  4094  1481  2479 ....
  161   864  8012  3477  8895 .+.-
  162  1862  2860   247  1245 ....
  163  3858   628  2243  3241 ....
  164  1626  6396    11 10510 .+.-
  165  2624  3622  1009  2007 ....
  166   392  1390  3005  4003 ....
  167  2388  4781   773 12126 .+.-
  168  3386   156  1771  2769 ....
  169  1154  2152  3767   537 ....
  170  3150  4148  1535  2533 ....
  171   918  7394  3531  9513 .+.-
  172  1916  2914   301  1299 ....
  173  3912   682  2297  3295 ....
  174  1680  5778    65 11128 .+.-
  175  2678  3676  1063  2061 ....
  176   446  1444  3059  4057 ....
  177  2442  8391   827  8516 .+.-
  178  3440   210  1825  2823 ....
  179  1208  2206  3821   591 ....
  180  3204  6776  1589 10131 .+.-
  181  4202   972  2587  3585 ....
  182  1970  2968   355  1353 ....
  183  3966  5160  2351 11746 .+.-
  184   736  1734  3349   119 ....
  185  2732  3730  1117  2115 ....
  186   500  1498  3113  4111 ....
  187  2496  7773   881  9134 .+.-
  188  3494   264  1879  2877 ....
  189  1262  2260  3875   645 ....
  190  3258  6158  1643 10749 .+.-
  191    28  1026  2641  3639 ....
  192  2024  3022   409  1407 ....
  193  4020  4542  2405 12364 .+.-
  194   790  1788  3403   173 ....
  195  2786  3784  1171  2169 ....
  196   554  7155  3167  9752 .+.-
  197  1552  2550  4165   935 ....
  198  3548   318  1933  2931 ....
  199  1316  2314  3929   699 ....
  200  3312  5540  1697 11367 .+.-
  201    82  1080  2695  3693 ....
  202  2078  3076   463  1461 ....
  203  4074  8152  2459  8754 .+.-
  204   844  1842  3457   227 ....
  205  2840  3838  1225  2223 ....
  206   608  6537  3221 10369 .+.-
  207  1606  2604  4219   989 ....
  208  3602   372  1987  2985 ....
  209  1370  4922  3983 11985 .+.-
  210  2368  3366   753  1751 ....
  211   136  1134  2749  3747 ....
  212  2132  7535   517  9372 .+.-
  213  3130  4128  1515  2513 ....
  214   898  1896  3511   281 ....
  215  2894  3892  1279  2277 ....
  216   662  5919  3275 10987 .+.-
  217  1660  2658    45  1043 ....
  218  3656   426  2041  3039 ....
  219  1424  4304  4037 12603 .+.-
  220  2422  3420   807  1805 ....
  221   190  1188  2803  3801 ....
  222  2186  6917   571  9990 .+.-
  223  3184  4182  1569  2567 ....
  224   952  1950  3565   335 ....
  225  2948  5301  1333 11605 .+.-
  226  3946   716  2331  3329 ....
  227  1714  2712    99  1097 ....
  228  3710  7914  2095  8993 .+.-
  229   480  1478  3093  4091 ....
  230  2476  3474   861  1859 ....
  231   244  1242  2857  3855 ....
  232  2240  6299   625 10608 .+.-
  233  3238     8  1623  2621 ....
  234  1006  2004  3619   389 ....
  235  3002  4683  1387 12223 .+.-
  236  4000   770  2385  3383 ....
  237  1768  2766   153  1151 ....
  238  3764  7296  2149  9611 .+.-
  239   534  1532  3147  4145 ....
  240  2530  3528   915  1913 ....
  241   298  5681  2911 11226 .+.-
  242  1296  2294  3909   679 ....
  243  3292    62  1677  2675 ....
  244  1060  8293  3673  8613 .+.-
  245  2058  3056   443  1441 ....
  246  4054   824  2439  3437 ....
  247  1822  2820   207  1205 ....
  248  3818  6678  2203 10229 .+.-
  249   588  1586  3201  4199 ....
  250  2584  3582   969  1967 ....
  251   352  5063  2965 11844 .+.-
  252  1350  2348  3963   733 ....
  253  3346   116  1731  2729 ....
  254  1114  7675  3727  9231 .+.-
  255  2112  3110   497  1495 ....
  256  4108   878  2493  3491 ....
  257  1876  6060   261 10846 .+.-
  258  2874  3872  1259  2257 ....
  259   642  1640  3255    25 ....
  260  2638  3636  1023  2021 ....
  261   406  4445  3019 12462 .+.-
  262  1404  2402  4017   787 ....
  263  3400   170  1785  2783 ....
  264  1168  7058  3781  9849 .+.-
  265  2166  3164   551  1549 ....
  266  4162   932  2547  3545 ....
  267  1930  5442   315 11464 .+.-
  268  2928  3926  1313  2311 ....
  269   696  1694  3309    79 ....
  270  2692  8055  1077  8852 .+.-
  271  3690   460  2075  3073 ....
  272  1458  2456  4071   841 ....
  273  3454  6440  1839 10467 .+.-
  274   224  1222  2837  3835 ....
  275  2220  3218   605  1603 ....
  276  4216   986  2601  3599 ....
  277  1984  4824   369 12082 .+.-
  278  2982  3980  1367  2365 ....
  279   750  1748  3363   133 ....
  280  2746  7437  1131  9470 .+.-
  281  3744   514  2129  3127 ....
  282  1512  2510  4125   895 ....
  283  3508  5822  1893 11085 .+.-
  284   278  1276  2891  3889 ....
  285  2274  3272   659  1657 ....
  286    42  8434  2655  8472 .+.-
  287  1040  2038  3653   423 ....
  288  3036  4034  1421  2419 ....
  289   804  6819  3417 10088 .+.-
  290  1802  2800   187  1185 ....
  291  3798   568  2183  3181 ....
  292  1566  2564  4179   949 ....
  293  3562  5204  1947 11703 .+.-
  294   332  1330  2945  3943 ....
  295  2328  3326   713  1711 ....
  296    96  7816  2709  9090 .+.-
  297  1094  2092  3707   477 ....
  298  3090  4088  1475  2473 ....
  299   858  6201  3471 10706 .+.-
  300  1856  2854   241  1239 ....
  301  3852   622  2237  3235 ....
  302  1620  4586     5 12321 .+.-
  303  2618  3616  1003  2001 ....
  304   386  1384  2999  3997 ....
  305  2382  7198   767  9708 .+.-
  306  3380   150  1765  2763 ....
  307  1148  2146  3761   531 ....
  308  3144  4142  1529  2527 ....
  309   912  5583  3525 11323 .+.-
  310  1910  2908   295  1293 ....
  311  3906   676  2291  3289 ....
  312  1674  8196    59  8711 .+.-
  313  2672  3670  1057  2055 ....
  314   440  1438  3053  4051 ....
  315  2436  6581   821 10326 .+.-
  316  3434   204  1819  2817 ....
  317  1202  2200  3815   585 ....
  318  3198  4965  1583 11941 .+.-
  319  4196   966  2581  3579 ....
  320  1964  2962   349  1347 ....
  321  3960   730  2345  3343 ....
  322  1728  7578   113  9329 .+.-
  323  2726  3724  1111  2109 ....
  324   494  1492  3107  4105 ....
  325  2490  5963   875 10944 .+.-
  326  3488   258  1873  2871 ....
  327  1256  2254  3869   639 ....
  328  3252  4347  1637 12559 .+.-
  329    22  1020  2635  3633 ....
  330  2018  3016   403  1401 ....
  331  4014  6960  2399  9947 .+.-
  332   784  1782  3397   167 ....
  333  2780  3778  1165  2163 ....
  334   548  5345  3161 11562 .+.-
  335  1546  2544  4159   929 ....
  336  3542   312  1927  2925 ....
  337  1310  2308  3923   693 ....
  338  3306  7957  1691  8949 .+.-
  339    76  1074  2689  3687 ....
  340  2072  3070   457  1455 ....
  341  4068  6342  2453 10565 .+.-
  342   838  1836  3451   221 ....
  343  2834  3832  1219  2217 ....
  344   602  4727  3215 12180 .+.-
  345  1600  2598  4213   983 ....
  346  3596   366  1981  2979 ....
  347  1364  7339  3977  9567 .+.-
  348  2362  3360   747  1745 ....
  349   130  1128  2743  3741 ....
  350  2126  5724   511 11183 .+.-
  351  3124  4122  1509  2507 ....
  352   892  1890  3505   275 ....
  353  2888  3886  1273  2271 ....
  354   656  8337  3269  8570 .+.-
  355  1654  2652    39  1037 ....
  356  3650   420  2035  3033 ....
  357  1418  6721  4031 10185 .+.-
  358  2416  3414   801  1799 ....
  359   184  1182  2797  3795 ....
  360  2180  5106   565 11800 .+.-
  361  3178  4176  1563  2561 ....
  362   946  1944  3559   329 ....
  363  2942  7719  1327  9188 .+.-
  364  3940   710  2325  3323 ....
  365  1708  2706    93  1091 ....
  366  3704  6103  2089 10803 .+.-
  367   474  1472  3087  4085 ....
  368  2470  3468   855  1853 ....
  369   238  1236  2851  3849 ....
  370  2234  4488   619 12418 .+.-
  371  3232     2  1617  2615 ....
  372  1000  1998  3613   383 ....
  373  2996  7101  1381  9806 .+.-
  374  3994   764  2379  3377 ....
  375  1762  2760   147  1145 ....
  376  3758  5486  2143 11421 .+.-
  377   528  1526  3141  4139 ....
  378  2524  3522   909  1907 ....
  379   292  8098  2905  8808 .+.-
  380  1290  2288  3903   673 ....
  381  3286    56  1671  2669 ....
  382  1054  2052  3667   437 ....
  383  3050  6483  1435 10424 .+.-
  384  4048   818  2433  3431 ....
  385  1816  2814   201  1199 ....
  386  3812  4868  2197 12039 .+.-
  387   582  1580  3195  4193 ....
  388  2578  3576   963  1961 ....
  389   346  7480  2959  9426 .+.-
  390  1344  2342  3957   727 ....
  391  3340   110  1725  2723 ....
  392  1108  5865  3721 11042 .+.-
  393  2106  3104   491  1489 ....
  394  4102   872  2487  3485 ....
  395  1870  4250   255 12657 .+.-
  396  2868  3866  1253  2251 ....
  397   636  1634  3249    19 ....
  398  2632  3630  1017  2015 ....
  399   400  6862  3013 10044 .+.-
  400  1398  2396  4011   781 ....
  401  3394   164  1779  2777 ....
  402  1162  5247  3775 11660 .+.-
  403  2160  3158   545  1543 ....
  404  4156   926  2541  3539 ....
  405  1924  7860   309  9047 .+.-
  406  2922  3920  1307  2305 ....
  407   690  1688  3303    73 ....
  408  2686  6244  1071 10662 .+.-
  409  3684   454  2069  3067 ....
  410  1452  2450  4065   835 ....
  411  3448  4629  1833 12277 .+.-
  412   218  1216  2831  3829 ....
  413  2214  3212   599  1597 ....
  414  4210   980  2595  3593 ....
  415  1978  7242   363  9665 .+.-
  416  2976  3974  1361  2359 ....
  417   744  1742  3357   127 ....
  418  2740  5626  1125 11280 .+.-
  419  3738   508  2123  3121 ....
  420  1506  2504  4119   889 ....
  421  3502  8239  1887  8667 .+.-
  422   272  1270  2885  3883 ....
  423  2268  3266   653  1651 ....
  424    36  6624  2649 10283 .+.-
  425  1034  2032  3647   417 ....
  426  3030  4028  1415  2413 ....
  427   798  5009  3411 11898 .+.-
  428  1796  2794   181  1179 ....
  429  3792   562  2177  3175 ....
  430  1560  2558  4173   943 ....
  431  3556  7621  1941  9285 .+.-
  432   326  1324  2939  3937 ....
  433  2322  3320   707  1705 ....
  434    90  6006  2703 10901 .+.-
  435  1088  2086  3701   471 ....
  436  3084  4082  1469  2467 ....
  437   852  4391  3465 12516 .+.-
  438  1850  2848   235  1233 ....
  439  3846   616  2231  3229 ....
  440  1614  7003  4227  9903 .+.-
  441  2612  3610   997  1995 ....
  442   380  1378  2993  3991 ....
  443  2376  3374   761  1759 ....
  444   144  5388  2757 11519 .+.-
  445  1142  2140  3755   525 ....
  446  3138  4136  1523  2521 ....
  447   906  8001  3519  8906 .+.-
  448  1904  2902   289  1287 ....
  449  3900   670  2285  3283 ....
  450  1668  6385    53 10521 .+.-
  451  2666  3664  1051  2049 ....
  452   434  1432  3047  4045 ....
  453  2430  4770   815 12137 .+.-
  454  3428   198  1813  2811 ....
  455  1196  2194  3809   579 ....
  456  3192  7383  1577  9524 .+.-
  457  4190   960  2575  3573 ....
  458  1958  2956   343  1341 ....
  459  3954   724  2339  3337 ....
  460  1722  5767   107 11139 .+.-
  461  2720  3718  1105  2103 ....
  462   488  1486  3101  4099 ....
  463  2484  8380   869  8526 .+.-
  464  3482   252  1867  2865 ....
  465  1250  2248  3863   633 ....
  466  3246  6765  1631 10142 .+.-
  467    16  1014  2629  3627 ....
  468  2012  3010   397  1395 ....
  469  4008  5149  2393 11757 .+.-
  470   778  1776  3391   161 ....
  471  2774  3772  1159  2157 ....
  472   542  7762  3155  9144 .+.-
  473  1540  2538  4153   923 ....
  474  3536   306  1921  2919 ....
  475  1304  2302  3917   687 ....
  476  3300  6147  1685 10760 .+.-
  477    70  1068  2683  3681 ....
  478  2066  3064   451  1449 ....
  479  4062  4532  2447 12375 .+.-
  480   832  1830  3445   215 ....
  481  2828  3826  1213  2211 ....
  482   596  7144  3209  9762 .+.-
  483  1594  2592  4207   977 ....
  484  3590   360  1975  2973 ....
  485  1358  5529  3971 11378 .+.-
  486  2356  3354   741  1739 ....
  487   124  1122  2737  3735 ....
  488  2120  8142   505  8765 .+.-
  489  3118  4116  1503  2501 ....
  490   886  1884  3499   269 ....
  491  2882  3880  1267  2265 ....
  492   650  6526  3263 10380 .+.-
  493  1648  2646    33  1031 ....
  494  3644   414  2029  3027 ....
  495  1412  4911  4025 11996 .+.-
  496  2410  3408   795  1793 ....
  497   178  1176  2791  3789 ....
  498  2174  7524   559  9383 .+.-
  499  3172  4170  1557  2555 ....
  500   940  1938  3553   323 ....
  501  2936  5908  1321 10998 .+.-
  502  3934   704  2319  3317 ....
  503  1702  2700    87  1085 ....
  504  3698   468  2083  3081 ....
  505  1466  4293  4079 12614 .+.-
  506  2464  3462   849  1847 ....
  507   232  1230  2845  3843 ....
  508  2228  6906   613 10001 .+.-
  509  3226  4224  1611  2609 ....
  510   994  1992  3607   377 ....
  511  2990  5290  1375 11616 .+.-
  512  3988   758  2373  3371 ....
  513  1756  2754   141  1139 ....
  514  3752  7903  2137  9003 .+.-
  515   522  1520  3135  4133 ....
  516  2518  3516   903  1901 ....
  517   286  6288  2899 10619 .+.-
  518  1284  2282  3897   667 ....
  519  3280    50  1665  2663 ....
  520  1048  2046  3661   431 ....
  521  3044  4672  1429 12234 .+.-
  522  4042   812  2427  3425 ....
  523  1810  2808   195  1193 ....
  524  3806  7285  2191  9621 .+.-
  525   576  1574  3189  4187 ....
  526  2572  3570   957  1955 ....
  527   340  5670  2953 11237 .+.-
  528  1338  2336  3951   721 ....
  529  3334   104  1719  2717 ....
  530  1102  8283  3715  8624 .+.-
  531  2100  3098   485  1483 ....
  532  4096   866  2481  3479 ....
  533  1864  6667   249 10239 .+.-
  534  2862  3860  1247  2245 ....
  535   630  1628  3243    13 ....
  536  2626  3624  1011  2009 ....
  537   394  5052  3007 11855 .+.-
  538  1392  2390  4005   775 ....
  539  3388   158  1773  2771 ....
  540  1156  7665  3769  9242 .+.-
  541  2154  3152   539  1537 ....
  542  4150   920  2535  3533 ....
  543  1918  6049   303 10857 .+.-
  544  2916  3914  1301  2299 ....
  545   684  1682  3297    67 ....
  546  2680  4434  1065 12473 .+.-
  547  3678   448  2063  3061 ....
  548  1446  2444  4059   829 ....
  549  3442  7047  1827  9860 .+.-
  550   212  1210  2825  3823 ....
  551  2208  3206   593  1591 ....
  552  4204   974  2589  3587 ....
  553  1972  5431   357 11475 .+.-
  554  2970  3968  1355  2353 ....
  555   738  1736  3351   121 ....
  556  2734  8044  1119  8863 .+.-
  557  3732   502  2117  3115 ....
  558  1500  2498  4113   883 ....
  559  3496  6429  1881 10478 .+.-
  560   266  1264  2879  3877 ....
  561  2262  3260   647  1645 ....
  562    30  4813  2643 12093 .+.-
  563  1028  2026  3641   411 ....
  564  3024  4022  1409  2407 ....
  565   792  1790  3405   175 ....
  566  2788  7426  1173  9480 .+.-
  567  3786   556  2171  3169 ....
  568  1554  2552  4167   937 ....
  569  3550  5811  1935 11096 .+.-
  570   320  1318  2933  3931 ....
  571  2316  3314   701  1699 ....
  572    84  8423  2697  8483 .+.-
  573  1082  2080  3695   465 ....
  574  3078  4076  1463  2461 ....
  575   846  6808  3459 10098 .+.-
  576  1844  2842   229  1227 ....
  577  3840   610  2225  3223 ....
  578  1608  5193  4221 11714 .+.-
  579  2606  3604   991  1989 ....
  580   374  1372  2987  3985 ....
  581  2370  3368   755  1753 ....
  582   138  7806  2751  9101 .+.-
  583  1136  2134  3749   519 ....
  584  3132  4130  1517  2515 ....
  585   900  6190  3513 10716 .+.-
  586  1898  2896   283  1281 ....
  587  3894   664  2279  3277 ....
  588  1662  4575    47 12332 .+.-
  589  2660  3658  1045  2043 ....
  590   428  1426  3041  4039 ....
  591  2424  7188   809  9719 .+.-
  592  3422   192  1807  2805 ....
  593  1190  2188  3803   573 ....
  594  3186  5572  1571 11334 .+.-
  595  4184   954  2569  3567 ....
  596  1952  2950   337  1335 ....
  597  3948   718  2333  3331 ....
  598  1716  8185   101  8722 .+.-
  599  2714  3712  1099  2097 ....
  600   482  1480  3095  4093 ....
  601  2478  6570   863 10337 .+.-
  602  3476   246  1861  2859 ....
  603  1244  2242  3857   627 ....
  604  3240  4954  1625 11952 .+.-
  605    10  1008  2623  3621 ....
  606  2006  3004   391  1389 ....
  607  4002  7567  2387  9340 .+.-
  608   772  1770  3385   155 ....
  609  2768  3766  1153  2151 ....
  610   536  5952  3149 10955 .+.-
  611  1534  2532  4147   917 ....
  612  3530   300  1915  2913 ....
  613  1298  2296  3911   681 ....
  614  3294  4336  1679 12570 .+.-
  615    64  1062  2677  3675 ....
  616  2060  3058   445  1443 ....
  617  4056  6949  2441  9957 .+.-
  618   826  1824  3439   209 ....
  619  2822  3820  1207  2205 ....
  620   590  5334  3203 11573 .+.-
  621  1588  2586  4201   971 ....
  622  3584   354  1969  2967 ....
  623  1352  7946  3965  8960 .+.-
  624  2350  3348   735  1733 ....
  625   118  1116  2731  3729 ....
  626  2114  6331   499 10575 .+.-
  627  3112  4110  1497  2495 ....
  628   880  1878  3493   263 ....
  629  2876  3874  1261  2259 ....
  630   644  4716  3257 12191 .+.-
  631  1642  2640    27  1025 ....
  632  3638   408  2023  3021 ....
  633  1406  7329  4019  9578 .+.-
  634  2404  3402   789  1787 ....
  635   172  1170  2785  3783 ....
  636  2168  5713   553 11193 .+.-
  637  3166  4164  1551  2549 ....
  638   934  1932  3547   317 ....
  639  2930  8326  1315  8581 .+.-
  640  3928   698  2313  3311 ....
  641  1696  2694    81  1079 ....
  642  3692   462  2077  3075 ....
  643  1460  6711  4073 10196 .+.-
  644  2458  3456   843  1841 ....
  645   226  1224  2839  3837 ....
  646  2222  5095   607 11811 .+.-
  647  3220  4218  1605  2603 ....
  648   988  1986  3601   371 ....
  649  2984  7708  1369  9199 .+.-
  650  3982   752  2367  3365 ....
  651  1750  2748   135  1133 ....
  652  3746  6093  2131 10814 .+.-
  653   516  1514  3129  4127 ....
  654  2512  3510   897  1895 ....
  655   280  4477  2893 12429 .+.-
  656  1278  2276  3891   661 ....
  657  3274    44  1659  2657 ....
  658  1042  2040  3655   425 ....
  659  3038  7090  1423  9817 .+.-
  660  4036   806  2421  3419 ....
  661  1804  2802   189  1187 ....
  662  3800  5475  2185 11432 .+.-
  663   570  1568  3183  4181 ....
  664  2566  3564   951  1949 ....
  665   334  8087  2947  8819 .+.-
  666  1332  2330  3945   715 ....
  667  3328    98  1713  2711 ....
  668  1096  6472  3709 10434 .+.-
  669  2094  3092   479  1477 ....
  670  4090   860  2475  3473 ....
  671  1858  4857   243 12050 .+.-
  672  2856  3854  1241  2239 ....
  673   624  1622  3237     7 ....
  674  2620  3618  1005  2003 ....
  675   388  7469  3001  9437 .+.-
  676  1386  2384  3999   769 ....
  677  3382   152  1767  2765 ....
  678  1150  5854  3763 11052 .+.-
  679  2148  3146   533  1531 ....
  680  4144   914  2529  3527 ....
  681  1912  4239   297 12668 .+.-
  682  2910  3908  1295  2293 ....
  683   678  1676  3291    61 ....
  684  2674  6852  1059 10055 .+.-
  685  3672   442  2057  3055 ....
  686  1440  2438  4053   823 ....
  687  3436  5236  1821 11670 .+.-
  688   206  1204  2819  3817 ....
  689  2202  3200   587  1585 ....
  690  4198   968  2583  3581 ....
  691  1966  7849   351  9058 .+.-
  692  2964  3962  1349  2347 ....
  693   732  1730  3345   115 ....
  694  2728  6234  1113 10673 .+.-
  695  3726   496  2111  3109 ....
  696  1494  2492  4107   877 ....
  697  3490  4618  1875 12288 .+.-
  698   260  1258  2873  3871 ....
  699  2256  3254   641  1639 ....
  700    24  7231  2637  9676 .+.-
  701  1022  2020  3635   405 ....
  702  3018  4016  1403  2401 ....
  703   786  1784  3399   169 ....
  704  2782  5616  1167 11291 .+.-
  705  3780   550  2165  3163 ....
  706  1548  2546  4161   931 ....
  707  3544  8228  1929  8678 .+.-
  708   314  1312  2927  3925 ....
  709  2310  3308   695  1693 ....
  710    78  6613  2691 10294 .+.-
  711  1076  2074  3689   459 ....
  712  3072  4070  1457  2455 ....
  713   840  4998  3453 11909 .+.-
  714  1838  2836   223  1221 ....
  715  3834   604  2219  3217 ....
  716  1602  7610  4215  9296 .+.-
  717  2600  3598   985  1983 ....
  718   368  1366  2981  3979 ....
  719  2364  3362   749  1747 ....
  720   132  5995  2745 10911 .+.-
  721  1130  2128  3743   513 ....
  722  3126  4124  1511  2509 ....
  723   894  4380  3507 12527 .+.-
  724  1892  2890   277  1275 ....
  725  3888   658  2273  3271 ....
  726  1656  6992    41  9914 .+.-
  727  2654  3652  1039  2037 ....
  728   422  1420  3035  4033 ....
  729  2418  5377   803 11529 .+.-
  730  3416   186  1801  2799 ....
  731  1184  2182  3797   567 ....
  732  3180  7990  1565  8917 .+.-
  733  4178   948  2563  3561 ....
  734  1946  2944   331  1329 ....
  735  3942   712  2327  3325 ....
  736  1710  6375    95 10532 .+.-
  737  2708  3706  1093  2091 ....
  738   476  1474  3089  4087 ....
  739  2472  4759   857 12147 .+.-
  740  3470   240  1855  2853 ....
  741  1238  2236  3851   621 ....
  742  3234  7372  1619  9535 .+.-
  743     4  1002  2617  3615 ....
  744  2000  2998   385  1383 ....
  745  3996  5757  2381 11150 .+.-
  746   766  1764  3379   149 ....
  747  2762  3760  1147  2145 ....
  748   530  8369  3143  8537 .+.-
  749  1528  2526  4141   911 ....
  750  3524   294  1909  2907 ....
  751  1292  2290  3905   675 ....
  752  3288  6754  1673 10153 .+.-
  753    58  1056  2671  3669 ....
  754  2054  3052   439  1437 ....
  755  4050  5139  2435 11768 .+.-
  756   820  1818  3433   203 ....
  757  2816  3814  1201  2199 ....
  758   584  7751  3197  9155 .+.-
  759  1582  2580  4195   965 ....
  760  3578   348  1963  2961 ....
  761  1346  6136  3959 10771 .+.-
  762  2344  3342   729  1727 ....
  763   112  1110  2725  3723 ....
  764  2108  3106   493  1491 ....
  765  4104  4521  2489 12386 .+.-
  766   874  1872  3487   257 ....
  767  2870  3868  1255  2253 ....
  768   638  7133  3251  9773 .+.-
  769  1636  2634    21  1019 ....
  770  3632   402  2017  3015 ....
  771  1400  5518  4013 11388 .+.-
  772  2398  3396   783  1781 ....
  773   166  1164  2779  3777 ....
  774  2162  8131   547  8776 .+.-
  775  3160  4158  1545  2543 ....
  776   928  1926  3541   311 ....
  777  2924  6515  1309 10391 .+.-
  778  3922   692  2307  3305 ....
  779  1690  2688    75  1073 ....
  780  3686   456  2071  3069 ....
  781  1454  4900  4067 12006 .+.-
  782  2452  3450   837  1835 ....
  783   220  1218  2833  3831 ....
  784  2216  7513   601  9394 .+.-
  785  3214  4212  1599  2597 ....
  786   982  1980  3595   365 ....
  787  2978  5898  1363 11009 .+.-
  788  3976   746  2361  3359 ....
  789  1744  2742   129  1127 ....
  790  3740  4282  2125 12624 .+.-
  791   510  1508  3123  4121 ....
  792  2506  3504   891  1889 ....
  793   274  6895  2887 10012 .+.-
  794  1272  2270  3885   655 ....
  795  3268    38  1653  2651 ....
  796  1036  2034  3649   419 ....
  797  3032  5280  1417 11627 .+.-
  798  4030   800  2415  3413 ....
  799  1798  2796   183  1181 ....
  800  3794  7892  2179  9014 .+.-
  801   564  1562  3177  4175 ....
  802  2560  3558   945  1943 ....
  803   328  6277  2941 10630 .+.-
  804  1326  2324  3939   709 ....
  805  3322    92  1707  2705 ....
  806  1090  4662  3703 12245 .+.-
  807  2088  3086   473  1471 ....
  808  4084   854  2469  3467 ....
  809  1852  7274   237  9632 .+.-
  810  2850  3848  1235  2233 ....
  811   618  1616  3231     1 ....
  812  2614  3612   999  1997 ....
  813   382  5659  2995 11248 .+.-
  814  1380  2378  3993   763 ....
  815  3376   146  1761  2759 ....
  816  1144  8272  3757  8635 .+.-
  817  2142  3140   527  1525 ....
  818  4138   908  2523  3521 ....
  819  1906  6656   291 10250 .+.-
  820  2904  3902  1289  2287 ....
  821   672  1670  3285    55 ....
  822  2668  5041  1053 11866 .+.-
  823  3666   436  2051  3049 ....
  824  1434  2432  4047   817 ....
  825  3430   200  1815  2813 ....
  826  1198  7654  3811  9253 .+.-
  827  2196  3194   581  1579 ....
  828  4192   962  2577  3575 ....
  829  1960  6038   345 10868 .+.-
  830  2958  3956  1343  2341 ....
  831   726  1724  3339   109 ....
  832  2722  4423  1107 12483 .+.-
  833  3720   490  2105  3103 ....
  834  1488  2486  4101   871 ....
  835  3484  7036  1869  9871 .+.-
  836   254  1252  2867  3865 ....
  837  2250  3248   635  1633 ....
  838    18  5421  2631 11486 .+.-
  839  1016  2014  3629   399 ....
  840  3012  4010  1397  2395 ....
  841   780  1778  3393   163 ....
  842  2776  8033  1161  8873 .+.-
  843  3774   544  2159  3157 ....
  844  1542  2540  4155   925 ....
  845  3538  6418  1923 10489 .+.-
  846   308  1306  2921  3919 ....
  847  2304  3302   689  1687 ....
  848    72  4803  2685 12104 .+.-
  849  1070  2068  3683   453 ....
  850  3066  4064  1451  2449 ....
  851   834  7415  3447  9491 .+.-
  852  1832  2830   217  1215 ....
  853  3828   598  2213  3211 ....
  854  1596  5800  4209 11107 .+.-
  855  2594  3592   979  1977 ....
  856   362  1360  2975  3973 ....
  857  2358  3356   743  1741 ....
  858   126  8413  2739  8494 .+.-
  859  1124  2122  3737   507 ....
  860  3120  4118  1505  2503 ....
  861   888  6797  3501 10109 .+.-
  862  1886  2884   271  1269 ....
  863  3882   652  2267  3265 ....
  864  1650  5182    35 11725 .+.-
  865  2648  3646  1033  2031 ....
  866   416  1414  3029  4027 ....
  867  2412  7795   797  9112 .+.-
  868  3410   180  1795  2793 ....
  869  1178  2176  3791   561 ....
  870  3174  6179  1559 10727 .+.-
  871  4172   942  2557  3555 ....
  872  1940  2938   325  1323 ....
  873  3936   706  2321  3319 ....
  874  1704  4564    89 12343 .+.-
  875  2702  3700  1087  2085 ....
  876   470  1468  3083  4081 ....
  877  2466  7177   851  9730 .+.-
  878  3464   234  1849  2847 ....
  879  1232  2230  3845   615 ....
  880  3228  5561  1613 11345 .+.-
  881  4226   996  2611  3609 ....
  882  1994  2992   379  1377 ....
  883  3990  8174  2375  8732 .+.-
  884   760  1758  3373   143 ....
  885  2756  3754  1141  2139 ....
  886   524  1522  3137  4135 ....
  887  2520  6559   905 10348 .+.-
  888  3518   288  1903  2901 ....
  889  1286  2284  3899   669 ....
  890  3282  4944  1667 11963 .+.-
  891    52  1050  2665  3663 ....
  892  2048  3046   433  1431 ....
  893  4044  7556  2429  9350 .+.-
  894   814  1812  3427   197 ....
  895  2810  3808  1195  2193 ....
  896   578  5941  3191 10966 .+.-
  897  1576  2574  4189   959 ....
  898  3572   342  1957  2955 ....
  899  1340  4326  3953 12581 .+.-
  900  2338  3336   723  1721 ....
  901   106  1104  2719  3717 ....
  902  2102  3100   487  1485 ....
  903  4098  6938  2483  9968 .+.-
  904   868  1866  3481   251 ....
  905  2864  3862  1249  2247 ....
  906   632  5323  3245 11584 .+.-
  907  1630  2628    15  1013 ....
  908  3626   396  2011  3009 ....
  909  1394  7936  4007  8971 .+.-
  910  2392  3390   777  1775 ....
  911   160  1158  2773  3771 ....
  912  2156  6320   541 10586 .+.-
  913  3154  4152  1539  2537 ....
  914   922  1920  3535   305 ....
  915  2918  4705  1303 12202 .+.-
  916  3916   686  2301  3299 ....
  917  1684  2682    69  1067 ....
  918  3680   450  2065  3063 ....
  919  1448  7318  4061  9589 .+.-
  920  2446  3444   831  1829 ....
  921   214  1212  2827  3825 ....
  922  2210  5702   595 11204 .+.-
  923  3208  4206  1593  2591 ....
  924   976  1974  3589   359 ....
  925  2972  8315  1357  8592 .+.-
  926  3970   740  2355  3353 ....
  927  1738  2736   123  1121 ....
  928  3734  6700  2119 10207 .+.-
  929   504  1502  3117  4115 ....
  930  2500  3498   885  1883 ....
  931   268  5084  2881 11822 .+.-
  932  1266  2264  3879   649 ....
  933  3262    32  1647  2645 ....
  934  1030  2028  3643   413 ....
  935  3026  7697  1411  9209 .+.-
  936  4024   794  2409  3407 ....
  937  1792  2790   177  1175 ....
  938  3788  6082  2173 10825 .+.-
  939   558  1556  3171  4169 ....
  940  2554  3552   939  1937 ....
  941   322  4467  2935 12440 .+.-
  942  1320  2318  3933   703 ....
  943  3316    86  1701  2699 ....
  944  1084  7079  3697  9827 .+.-
  945  2082  3080   467  1465 ....
  946  4078   848  2463  3461 ....
  947  1846  2844   231  1229 ....
  948  3842  5464  2227 11443 .+.-
  949   612  1610  3225  4223 ....
  950  2608  3606   993  1991 ....
  951   376  8077  2989  8830 .+.-
  952  1374  2372  3987   757 ....
  953  3370   140  1755  2753 ....
  954  1138  6461  3751 10445 .+.-
  955  2136  3134   521  1519 ....
  956  4132   902  2517  3515 ....
  957  1900  4846   285 12061 .+.-
  958  2898  3896  1283  2281 ....
  959   666  1664  3279    49 ....
  960  2662  7459  1047  9448 .+.-
  961  3660   430  2045  3043 ....
  962  1428  2426  4041   811 ....
  963  3424   194  1809  2807 ....
  964  1192  5843  3805 11063 .+.-
  965  2190  3188   575  1573 ....
  966  4186   956  2571  3569 ....
  967  1954  4228   339 12679 .+.-
  968  2952  3950  1337  2335 ....
  969   720  1718  3333   103 ....
  970  2716  6841  1101 10066 .+.-
  971  3714   484  2099  3097 ....
  972  1482  2480  4095   865 ....
  973  3478  5225  1863 11681 .+.-
  974   248  1246  2861  3859 ....
  975  2244  3242   629  1627 ....
  976    12  7838  2625  9069 .+.-
  977  1010  2008  3623   393 ....
  978  3006  4004  1391  2389 ....
  979   774  1772  3387   157 ....
  980  2770  6223  1155 10684 .+.-
  981  3768   538  2153  3151 ....
  982  1536  2534  4149   919 ....
  983  3532  4607  1917 12299 .+.-
  984   302  1300  2915  3913 ....
  985  2298  3296   683  1681 ....
  986    66  7220  2679  9686 .+.-
  987  1064  2062  3677   447 ....
  988  3060  4058  1445  2443 ....
  989   828  5605  3441 11302 .+.-
  990  1826  2824   211  1209 ....
  991  3822   592  2207  3205 ....
  992  1590  8217  4203  8689 .+.-
  993  2588  3586   973  1971 ....
  994   356  1354  2969  3967 ....
  995  2352  3350   737  1735 ....
  996   120  6602  2733 10304 .+.-
  997  1118  2116  3731   501 ....
  998  3114  4112  1499  2497 ....
  999   882  4987  3495 11920 .+.-
 1000  1880  2878   265  1263 ....
 1001  3876   646  2261  3259 ....
 1002  1644  7600    29  9307 .+.-
 1003  2642  3640  1027  2025 ....
 1004   410  1408  3023  4021 ....
 1005  2406  5984   791 10922 .+.-
 1006  3404   174  1789  2787 ....
 1007  1172  2170  3785   555 ....
 1008  3168  4166  1553  2551 ....
 1009   936  4369  3549 12538 .+.-
 1010  1934  2932   319  1317 ....
 1011  3930   700  2315  3313 ....
 1012  1698  6982    83  9925 .+.-
 1013  2696  3694  1081  2079 ....
 1014   464  1462  3077  4075 ....
 1015  2460  5366   845 11540 .+.-
 1016  3458   228  1843  2841 ....
 1017  1226  2224  3839   609 ....
 1018  3222  7979  1607  8928 .+.-
 1019  4220   990  2605  3603 ....
 1020  1988  2986   373  1371 ....
 1021  3984  6364  2369 10543 .+.-
 1022   754  1752  3367   137 ....
 1023  2750  3748  1135  2133 ....
 1024   518  1516  3131  4129 ....
 1025  2514  4748   899 12158 .+.-
 1026  3512   282  1897  2895 ....
 1027  1280  2278  3893   663 ....
 1028  3276  7361  1661  9546 .+.-
 1029    46  1044  2659  3657 ....
 1030  2042  3040   427  1425 ....
 1031  4038  5746  2423 11161 .+.-
 1032   808  1806  3421   191 ....
 1033  2804  3802  1189  2187 ....
 1034   572  8358  3185  8548 .+.-
 1035  1570  2568  4183   953 ....
 1036  3566   336  1951  2949 ....
 1037  1334  6743  3947 10163 .+.-
 1038  2332  3330   717  1715 ....
 1039   100  1098  2713  3711 ....
 1040  2096  3094   481  1479 ....
 1041  4092  5128  2477 11779 .+.-
 1042   862  1860  3475   245 ....
 1043  2858  3856  1243  2241 ....
 1044   626  7740  3239  9166 .+.-
 1045  1624  2622     9  1007 ....
 1046  3620   390  2005  3003 ....
 1047  1388  6125  4001 10781 .+.-
 1048  2386  3384   771  1769 ....
 1049   154  1152  2767  3765 ....
 1050  2150  4510   535 12397 .+.-
 1051  3148  4146  1533  2531 ....
 1052   916  1914  3529   299 ....
 1053  2912  7123  1297  9784 .+.-
 1054  3910   680  2295  3293 ....
 1055  1678  2676    63  1061 ....
 1056  3674   444  2059  3057 ....
 1057  1442  5507  4055 11399 .+.-
 1058  2440  3438   825  1823 ....
 1059   208  1206  2821  3819 ....
 1060  2204  8120   589  8787 .+.-
 1061  3202  4200  1587  2585 ....
 1062   970  1968  3583   353 ....
 1063  2966  6505  1351 10402 .+.-
 1064  3964   734  2349  3347 ....
 1065  1732  2730   117  1115 ....
 1066  3728  4889  2113 12017 .+.-
 1067   498  1496  3111  4109 ....
 1068  2494  3492   879  1877 ....
 1069   262  1260  2875  3873 ....
 1070  2258  7502   643  9405 .+.-
 1071  3256    26  1641  2639 ....
 1072  1024  2022  3637   407 ....
 1073  3020  5887  1405 11020 .+.-
 1074  4018   788  2403  3401 ....
 1075  1786  2784   171  1169 ....
 1076  3782  4271  2167 12635 .+.-
 1077   552  1550  3165  4163 ....
 1078  2548  3546   933  1931 ....
 1079   316  6884  2929 10023 .+.-
 1080  1314  2312  3927   697 ....
 1081  3310    80  1695  2693 ....
 1082  1078  5269  3691 11638 .+.-
 1083  2076  3074   461  1459 ....
 1084  4072   842  2457  3455 ....
 1085  1840  2838   225  1223 ....
 1086  3836  7881  2221  9025 .+.-
 1087   606  1604  3219  4217 ....
 1088  2602  3600   987  1985 ....
 1089   370  6266  2983 10640 .+.-
 1090  1368  2366  3981   751 ....
 1091  3364   134  1749  2747 ....
 1092  1132  4651  3745 12256 .+.-
 1093  2130  3128   515  1513 ....
 1094  4126   896  2511  3509 ....
 1095  1894  7263   279  9643 .+.-
 1096  2892  3890  1277  2275 ....
 1097   660  1658  3273    43 ....
 1098  2656  5648  1041 11258 .+.-
 1099  3654   424  2039  3037 ....
 1100  1422  2420  4035   805 ....
 1101  3418   188  1803  2801 ....
 1102  1186  8261  3799  8646 .+.-
 1103  2184  3182   569  1567 ....
 1104  4180   950  2565  3563 ....
 1105  1948  6646   333 10261 .+.-
 1106  2946  3944  1331  2329 ....
 1107   714  1712  3327    97 ....
 1108  2710  5030  1095 11876 .+.-
 1109  3708   478  2093  3091 ....
 1110  1476  2474  4089   859 ....
 1111  3472  7643  1857  9264 .+.-
 1112   242  1240  2855  3853 ....
 1113  2238  3236   623  1621 ....
 1114     6  6028  2619 10879 .+.-
 1115  1004  2002  3617   387 ....
 1116  3000  3998  1385  2383 ....
 1117   768  1766  3381   151 ....
 1118  2764  4412  1149 12494 .+.-
 1119  3762   532  2147  3145 ....
 1120  1530  2528  4143   913 ....
 1121  3526  7025  1911  9882 .+.-
 1122   296  1294  2909  3907 ....
 1123  2292  3290   677  1675 ....
 1124    60  5410  2673 11497 .+.-
 1125  1058  2056  3671   441 ....
 1126  3054  4052  1439  2437 ....
 1127   822  8022  3435  8884 .+.-
 1128  1820  2818   205  1203 ....
 1129  3816   586  2201  3199 ....
 1130  1584  2582  4197   967 ....
 1131  3580  6407  1965 10500 .+.-
 1132   350  1348  2963  3961 ....
 1133  2346  3344   731  1729 ....
 1134   114  4792  2727 12115 .+.-
 1135  1112  2110  3725   495 ....
 1136  3108  4106  1493  2491 ....
 1137   876  7404  3489  9502 .+.-
 1138  1874  2872   259  1257 ....
 1139  3870   640  2255  3253 ....
 1140  1638  5789    23 11117 .+.-
 1141  2636  3634  1021  2019 ....
 1142   404  1402  3017  4015 ....
 1143  2400  8402   785  8505 .+.-
 1144  3398   168  1783  2781 ....
 1145  1166  2164  3779   549 ....
 1146  3162  4160  1547  2545 ....
 1147   930  6786  3543 10120 .+.-
 1148  1928  2926   313  1311 ....
 1149  3924   694  2309  3307 ....
 1150  1692  5171    77 11735 .+.-
 1151  2690  3688  1075  2073 ....
 1152   458  1456  3071  4069 ....
 1153  2454  7784   839  9123 .+.-
 1154  3452   222  1837  2835 ....
 1155  1220  2218  3833   603 ....
 1156  3216  6169  1601 10738 .+.-
 1157  4214   984  2599  3597 ....
 1158  1982  2980   367  1365 ....
 1159  3978  4553  2363 12353 .+.-
 1160   748  1746  3361   131 ....
 1161  2744  3742  1129  2127 ....
 1162   512  1510  3125  4123 ....
 1163  2508  7166   893  9741 .+.-
 1164  3506   276  1891  2889 ....
 1165  1274  2272  3887   657 ....
 1166  3270  5551  1655 11356 .+.-
 1167    40  1038  2653  3651 ....
 1168  2036  3034   421  1419 ....
 1169  4032  8163  2417  8743 .+.-
 1170   802  1800  3415   185 ....
 1171  2798  3796  1183  2181 ....
 1172   566  6548  3179 10359 .+.-
 1173  1564  2562  4177   947 ....
 1174  3560   330  1945  2943 ....
 1175  1328  4933  3941 11974 .+.-
 1176  2326  3324   711  1709 ....
 1177    94  1092  2707  3705 ....
 1178  2090  3088   475  1473 ....
 1179  4086  7545  2471  9361 .+.-
 1180   856  1854  3469   239 ....
 1181  2852  3850  1237  2235 ....
 1182   620  5930  3233 10977 .+.-
 1183  1618  2616     3  1001 ....
 1184  3614   384  1999  2997 ....
 1185  1382  4315  3995 12592 .+.-
 1186  2380  3378   765  1763 ....
 1187   148  1146  2761  3759 ....
 1188  2144  6927   529  9979 .+.-
 1189  3142  4140  1527  2525 ....
 1190   910  1908  3523   293 ....
 1191  2906  3904  1291  2289 ....
 1192   674  5312  3287 11594 .+.-
 1193  1672  2670    57  1055 ....
 1194  3668   438  2053  3051 ....
 1195  1436  7925  4049  8982 .+.-
 1196  2434  3432   819  1817 ....
 1197   202  1200  2815  3813 ....
 1198  2198  6309   583 10597 .+.-
 1199  3196  4194  1581  2579 ....
 1200   964  1962  3577   347 ....
 1201  2960  4694  1345 12212 .+.-
 1202  3958   728  2343  3341 ....
 1203  1726  2724   111  1109 ....
 1204  3722  7307  2107  9600 .+.-
 1205   492  1490  3105  4103 ....
 1206  2488  3486   873  1871 ....
 1207   256  1254  2869  3867 ....
 1208  2252  5692   637 11215 .+.-
 1209  3250    20  1635  2633 ....
 1210  1018  2016  3631   401 ....
 1211  3014  8304  1399  8602 .+.-
 1212  4012   782  2397  3395 ....
 1213  1780  2778   165  1163 ....
 1214  3776  6689  2161 10218 .+.-
 1215   546  1544  3159  4157 ....
 1216  2542  3540   927  1925 ....
 1217   310  5074  2923 11833 .+.-
 1218  1308  2306  3921   691 ....
 1219  3304    74  1689  2687 ....
 1220  1072  7686  3685  9220 .+.-
 1221  2070  3068   455  1453 ....
 1222  4066   836  2451  3449 ....
 1223  1834  2832   219  1217 ....
 1224  3830  6071  2215 10836 .+.-
 1225   600  1598  3213  4211 ....
 1226  2596  3594   981  1979 ....
 1227   364  4456  2977 12451 .+.-
 1228  1362  2360  3975   745 ....
 1229  3358   128  1743  2741 ....
 1230  1126  7068  3739  9838 .+.-
 1231  2124  3122   509  1507 ....
 1232  4120   890  2505  3503 ....
 1233  1888  5453   273 11454 .+.-
 1234  2886  3884  1271  2269 ....
 1235   654  1652  3267    37 ....
 1236  2650  8066  1035  8841 .+.-
 1237  3648   418  2033  3031 ....
 1238  1416  2414  4029   799 ....
 1239  3412   182  1797  2795 ....
 1240  1180  6450  3793 10456 .+.-
 1241  2178  3176   563  1561 ....
 1242  4174   944  2559  3557 ....
 1243  1942  4835   327 12071 .+.-
 1244  2940  3938  1325  2323 ....
 1245   708  1706  3321    91 ....
 1246  2704  7448  1089  9459 .+.-
 1247  3702   472  2087  3085 ....
 1248  1470  2468  4083   853 ....
 1249  3466  5832  1851 11074 .+.-
 1250   236  1234  2849  3847 ....
 1251  2232  3230   617  1615 ....
Total data plus flush bits=4228, p-parity bits=390, q-parity=390, Errors=0, Repetition=0
