R20T1XH1
Channel Interleaving, Puncturing and Mapping to 16-QAM
User data=1344, with flush=1348, Channel Symbols=596, Channel Bits=2384, Parity=1036, p=q=518, Coding Rate=0.563758
D=1344, FECSy=596, DF=1348, N=2384, P=1036, p=518, distep=833, dd=0, pistep=321, pp=517, ppstep=2.602317, ppstart=1348.500000, qpstart=2697.801270, k=-78, mx=7.641026

Symbol   I1    I0    Q1    Q0  Pattern= . =data, + =p parity, - =q parity
-------------------------------------------------------------------------
    0     0   318   833  1151 ....
    1   636  2693   121  2697 .+.-
    2   954  2181   439  3210 .+.-
    3  1272  1668   757  3723 .+.-
    4   242  2503  1075  2887 .+.-
    5   560  1991    45  3400 .+.-
    6   878  1478   363  3913 .+.-
    7  1196  2313   681  3077 .+.-
    8   166   484   999  1317 ....
    9   802  1801   287  3590 .+.-
   10  1120  2636   605  2755 .+.-
   11    90  2123   923  3267 .+.-
   12   408  1611  1241  3780 .+.-
   13   726  2446   211  2945 .+.-
   14  1044  1934   529  3457 .+.-
   15    14  1421   847  3970 .+.-
   16   332   650  1165   135 ....
   17   968  2256   453  3134 .+.-
   18  1286  1744   771  3647 .+.-
   19   256  2579  1089  2812 .+.-
   20   574  2066    59  3324 .+.-
   21   892  1554   377  3837 .+.-
   22  1210  2389   695  3002 .+.-
   23   180   498  1013  1331 ....
   24   816  1876   301  3514 .+.-
   25  1134  1364   619  4027 .+.-
   26   104  2199   937  3192 .+.-
   27   422  1686  1255  3704 .+.-
   28   740  2522   225  2869 .+.-
   29  1058  2009   543  3382 .+.-
   30    28  1496   861  3894 .+.-
   31   346   664  1179   149 ....
   32   982  2332   467  3059 .+.-
   33  1300  1819   785  3572 .+.-
   34   270  2654  1103  2736 .+.-
   35   588  2142    73  3249 .+.-
   36   906  1629   391  3762 .+.-
   37  1224  2464   709  2926 .+.-
   38   194  1952  1027  3439 .+.-
   39   512   830  1345   315 ....
   40  1148  1439   633  3952 .+.-
   41   118  2274   951  3116 .+.-
   42   436  1762  1269  3629 .+.-
   43   754  2597   239  2794 .+.-
   44  1072  2084   557  3306 .+.-
   45    42  1572   875  3819 .+.-
   46   360   678  1193   163 ....
   47   996  2407   481  2984 .+.-
   48  1314  1894   799  3496 .+.-
   49   284  1382  1117  4009 .+.-
   50   602  2217    87  3174 .+.-
   51   920  1705   405  3686 .+.-
   52  1238  2540   723  2851 .+.-
   53   208  2027  1041  3363 .+.-
   54   526   844    11   329 ....
   55  1162  1515   647  3876 .+.-
   56   132  2350   965  3041 .+.-
   57   450  1837  1283  3553 .+.-
   58   768  2673   253  2718 .+.-
   59  1086  2160   571  3231 .+.-
   60    56  1647   889  3743 .+.-
   61   374  2483  1207  2908 .+.-
   62   692  1010   177   495 ....
   63  1328  1970   813  3421 .+.-
   64   298  1457  1131  3933 .+.-
   65   616  2293   101  3098 .+.-
   66   934  1780   419  3611 .+.-
   67  1252  2615   737  2775 .+.-
   68   222  2103  1055  3288 .+.-
   69   540   858    25   343 ....
   70  1176  1590   661  3801 .+.-
   71   146  2425   979  2965 .+.-
   72   464  1913  1297  3478 .+.-
   73   782  1400   267  3991 .+.-
   74  1100  2235   585  3155 .+.-
   75    70  1723   903  3668 .+.-
   76   388  2558  1221  2833 .+.-
   77   706  1024   191   509 ....
   78  1342  2045   827  3345 .+.-
   79   312  1533  1145  3858 .+.-
   80   630  2368   115  3023 .+.-
   81   948  1855   433  3535 .+.-
   82  1266  2691   751  2700 .+.-
   83   236  2178  1069  3213 .+.-
   84   554  1665    39  3725 .+.-
   85   872  1190   357   675 ....
   86   160  2501   993  2890 .+.-
   87   478  1988  1311  3403 .+.-
   88   796  1476   281  3915 .+.-
   89  1114  2311   599  3080 .+.-
   90    84  1798   917  3592 .+.-
   91   402  2634  1235  2757 .+.-
   92   720  1038   205   523 ....
   93     8  2121   841  3270 .+.-
   94   326  1608  1159  3782 .+.-
   95   644  2444   129  2947 .+.-
   96   962  1931   447  3460 .+.-
   97  1280  1418   765  3972 .+.-
   98   250  2254  1083  3137 .+.-
   99   568  1741    53  3650 .+.-
  100   886  1204   371   689 ....
  101   174  2576  1007  2814 .+.-
  102   492  2064  1325  3327 .+.-
  103   810  1551   295  3840 .+.-
  104  1128  2386   613  3004 .+.-
  105    98  1874   931  3517 .+.-
  106   416  1361  1249  4030 .+.-
  107   734  1052   219   537 ....
  108    22  2196   855  3194 .+.-
  109   340  1684  1173  3707 .+.-
  110   658  2519   143  2872 .+.-
  111   976  2006   461  3384 .+.-
  112  1294  1494   779  3897 .+.-
  113   264  2329  1097  3062 .+.-
  114   582  1816    67  3574 .+.-
  115   900  1218   385   703 ....
  116   188  2652  1021  2739 .+.-
  117   506  2139  1339  3252 .+.-
  118   824  1626   309  3764 .+.-
  119  1142  2462   627  2929 .+.-
  120   112  1949   945  3442 .+.-
  121   430  1436  1263  3954 .+.-
  122   748  2272   233  3119 .+.-
  123  1066    36   551   869 ....
  124   354  1759  1187  3632 .+.-
  125   672  2595   157  2796 .+.-
  126   990  2082   475  3309 .+.-
  127  1308  1569   793  3822 .+.-
  128   278  2405  1111  2986 .+.-
  129   596  1892    81  3499 .+.-
  130   914  1232   399   717 ....
  131   202  1379  1035  4011 .+.-
  132   520  2215     5  3176 .+.-
  133   838  1702   323  3689 .+.-
  134  1156  2537   641  2853 .+.-
  135   126  2025   959  3366 .+.-
  136   444  1512  1277  3879 .+.-
  137   762  2347   247  3043 .+.-
  138  1080    50   565   883 ....
  139   368  1835  1201  3556 .+.-
  140   686  2670   171  2721 .+.-
  141  1004  2157   489  3233 .+.-
  142  1322  1645   807  3746 .+.-
  143   292  2480  1125  2911 .+.-
  144   610  1967    95  3423 .+.-
  145   928  1455   413  3936 .+.-
  146  1246   216   731  1049 ....
  147   534  2290    19  3101 .+.-
  148   852  1777   337  3613 .+.-
  149  1170  2613   655  2778 .+.-
  150   140  2100   973  3291 .+.-
  151   458  1587  1291  3803 .+.-
  152   776  2423   261  2968 .+.-
  153  1094    64   579   897 ....
  154   382  1910  1215  3481 .+.-
  155   700  1397   185  3993 .+.-
  156  1018  2233   503  3158 .+.-
  157  1336  1720   821  3671 .+.-
  158   306  2555  1139  2835 .+.-
  159   624  2043   109  3348 .+.-
  160   942  1530   427  3861 .+.-
  161  1260   230   745  1063 ....
  162   548  2366    33  3025 .+.-
  163   866  1853   351  3538 .+.-
  164  1184  2688   669  2703 .+.-
  165   154  2176   987  3215 .+.-
  166   472  1663  1305  3728 .+.-
  167   790  2498   275  2892 .+.-
  168  1108  1986   593  3405 .+.-
  169    78   396   911  1229 ....
  170   714  1473   199  3918 .+.-
  171  1032  2308   517  3082 .+.-
  172     2  1796   835  3595 .+.-
  173   320  2631  1153  2760 .+.-
  174   638  2118   123  3272 .+.-
  175   956  1606   441  3785 .+.-
  176  1274   244   759  1077 ....
  177   562  2441    47  2950 .+.-
  178   880  1928   365  3462 .+.-
  179  1198  1416   683  3975 .+.-
  180   168  2251  1001  3140 .+.-
  181   486  1738  1319  3652 .+.-
  182   804  2574   289  2817 .+.-
  183  1122  2061   607  3330 .+.-
  184    92   410   925  1243 ....
  185   728  1548   213  3842 .+.-
  186  1046  2384   531  3007 .+.-
  187    16  1871   849  3520 .+.-
  188   334  1358  1167  4032 .+.-
  189   652  2194   137  3197 .+.-
  190   970  1681   455  3710 .+.-
  191  1288  2516   773  2874 .+.-
  192   258   576  1091    61 ....
  193   894  2004   379  3387 .+.-
  194  1212  1491   697  3900 .+.-
  195   182  2326  1015  3064 .+.-
  196   500  1814  1333  3577 .+.-
  197   818  2649   303  2742 .+.-
  198  1136  2137   621  3254 .+.-
  199   106   424   939  1257 ....
  200   742  1624   227  3767 .+.-
  201  1060  2459   545  2932 .+.-
  202    30  1947   863  3444 .+.-
  203   348  1434  1181  3957 .+.-
  204   666  2269   151  3121 .+.-
  205   984  1757   469  3634 .+.-
  206  1302  2592   787  2799 .+.-
  207   272   590  1105    75 ....
  208   908  2079   393  3311 .+.-
  209  1226  1567   711  3824 .+.-
  210   196  2402  1029  2989 .+.-
  211   514  1889  1347  3501 .+.-
  212   832  1377   317  4014 .+.-
  213  1150  2212   635  3179 .+.-
  214   120   438   953  1271 ....
  215   756  1699   241  3691 .+.-
  216  1074  2535   559  2856 .+.-
  217    44  2022   877  3369 .+.-
  218   362  1509  1195  3881 .+.-
  219   680  2345   165  3046 .+.-
  220   998  1832   483  3559 .+.-
  221  1316  2667   801  2723 .+.-
  222   286   604  1119    89 ....
  223   922  2155   407  3236 .+.-
  224  1240  1642   725  3749 .+.-
  225   210  2477  1043  2913 .+.-
  226   528  1965    13  3426 .+.-
  227   846  1452   331  3939 .+.-
  228  1164  2287   649  3103 .+.-
  229   134  1775   967  3616 .+.-
  230   452   770  1285   255 ....
  231  1088  2610   573  2781 .+.-
  232    58  2097   891  3293 .+.-
  233   376  1585  1209  3806 .+.-
  234   694  2420   179  2971 .+.-
  235  1012  1907   497  3483 .+.-
  236  1330  1395   815  3996 .+.-
  237   300   618  1133   103 ....
  238   936  2230   421  3161 .+.-
  239  1254  1718   739  3673 .+.-
  240   224  2553  1057  2838 .+.-
  241   542  2040    27  3350 .+.-
  242   860  1528   345  3863 .+.-
  243  1178  2363   663  3028 .+.-
  244   148  1850   981  3540 .+.-
  245   466   784  1299   269 ....
  246  1102  2686   587  2705 .+.-
  247    72  2173   905  3218 .+.-
  248   390  1660  1223  3730 .+.-
  249   708  2496   193  2895 .+.-
  250  1026  1983   511  3408 .+.-
  251  1344  1470   829  3920 .+.-
  252   314  2306  1147  3085 .+.-
  253   632   950   117   435 ....
  254  1268  1793   753  3598 .+.-
  255   238  2628  1071  2762 .+.-
  256   556  2116    41  3275 .+.-
  257   874  1603   359  3788 .+.-
  258  1192  2438   677  2952 .+.-
  259   162  1926   995  3465 .+.-
  260   480   798  1313   283 ....
  261  1116  1413   601  3978 .+.-
  262    86  2248   919  3142 .+.-
  263   404  1736  1237  3655 .+.-
  264   722  2571   207  2820 .+.-
  265  1040  2058   525  3332 .+.-
  266    10  1546   843  3845 .+.-
  267   328  2381  1161  3010 .+.-
  268   646   964   131   449 ....
  269  1282  1868   767  3522 .+.-
  270   252  1356  1085  4035 .+.-
  271   570  2191    55  3200 .+.-
  272   888  1678   373  3712 .+.-
  273  1206  2514   691  2877 .+.-
  274   176  2001  1009  3390 .+.-
  275   494  1489  1327  3902 .+.-
  276   812  1130   297   615 ....
  277   100  2324   933  3067 .+.-
  278   418  1811  1251  3579 .+.-
  279   736  2647   221  2744 .+.-
  280  1054  2134   539  3257 .+.-
  281    24  1621   857  3769 .+.-
  282   342  2457  1175  2934 .+.-
  283   660   978   145   463 ....
  284  1296  1944   781  3447 .+.-
  285   266  1431  1099  3959 .+.-
  286   584  2267    69  3124 .+.-
  287   902  1754   387  3637 .+.-
  288  1220  2589   705  2801 .+.-
  289   190  2077  1023  3314 .+.-
  290   508  1564  1341  3827 .+.-
  291   826  1144   311   629 ....
  292   114  2399   947  2991 .+.-
  293   432  1887  1265  3504 .+.-
  294   750  1374   235  4017 .+.-
  295  1068  2209   553  3181 .+.-
  296    38  1697   871  3694 .+.-
  297   356  2532  1189  2859 .+.-
  298   674   992   159   477 ....
  299  1310  2019   795  3371 .+.-
  300   280  1507  1113  3884 .+.-
  301   598  2342    83  3049 .+.-
  302   916  1829   401  3561 .+.-
  303  1234  2665   719  2726 .+.-
  304   204  2152  1037  3239 .+.-
  305   522  1639     7  3751 .+.-
  306   840  1158   325   643 ....
  307   128  2475   961  2916 .+.-
  308   446  1962  1279  3429 .+.-
  309   764  1449   249  3941 .+.-
  310  1082  2285   567  3106 .+.-
  311    52  1772   885  3619 .+.-
  312   370  2608  1203  2783 .+.-
  313   688  2095   173  3296 .+.-
  314  1006  1324   491   809 ....
  315   294  1582  1127  3808 .+.-
  316   612  2418    97  2973 .+.-
  317   930  1905   415  3486 .+.-
  318  1248  1392   733  3998 .+.-
  319   218  2228  1051  3163 .+.-
  320   536  1715    21  3676 .+.-
  321   854  1172   339   657 ....
  322   142  2550   975  2840 .+.-
  323   460  2038  1293  3353 .+.-
  324   778  1525   263  3866 .+.-
  325  1096  2360   581  3030 .+.-
  326    66  1848   899  3543 .+.-
  327   384  2683  1217  2708 .+.-
  328   702  2170   187  3220 .+.-
  329  1020  1338   505   823 ....
  330   308  1658  1141  3733 .+.-
  331   626  2493   111  2898 .+.-
  332   944  1980   429  3410 .+.-
  333  1262  1468   747  3923 .+.-
  334   232  2303  1065  3088 .+.-
  335   550  1790    35  3600 .+.-
  336   868  2626   353  2765 .+.-
  337  1186   156   671   989 ....
  338   474  2113  1307  3278 .+.-
  339   792  1600   277  3790 .+.-
  340  1110  2436   595  2955 .+.-
  341    80  1923   913  3468 .+.-
  342   398  1410  1231  3980 .+.-
  343   716  2246   201  3145 .+.-
  344  1034     4   519   837 ....
  345   322  1733  1155  3658 .+.-
  346   640  2568   125  2822 .+.-
  347   958  2056   443  3335 .+.-
  348  1276  1543   761  3848 .+.-
  349   246  2379  1079  3012 .+.-
  350   564  1866    49  3525 .+.-
  351   882  1353   367  4037 .+.-
  352  1200   170   685  1003 ....
  353   488  2189  1321  3202 .+.-
  354   806  1676   291  3715 .+.-
  355  1124  2511   609  2879 .+.-
  356    94  1999   927  3392 .+.-
  357   412  1486  1245  3905 .+.-
  358   730  2321   215  3069 .+.-
  359  1048  1809   533  3582 .+.-
  360    18   336   851  1169 ....
  361   654  2644   139  2747 .+.-
  362   972  2131   457  3259 .+.-
  363  1290  1619   775  3772 .+.-
  364   260  2454  1093  2937 .+.-
  365   578  1941    63  3449 .+.-
  366   896  1429   381  3962 .+.-
  367  1214   184   699  1017 ....
  368   502  2264  1335  3127 .+.-
  369   820  1751   305  3639 .+.-
  370  1138  2587   623  2804 .+.-
  371   108  2074   941  3317 .+.-
  372   426  1561  1259  3829 .+.-
  373   744  2397   229  2994 .+.-
  374  1062  1884   547  3507 .+.-
  375    32   350   865  1183 ....
  376   668  1371   153  4019 .+.-
  377   986  2207   471  3184 .+.-
  378  1304  1694   789  3697 .+.-
  379   274  2529  1107  2861 .+.-
  380   592  2017    77  3374 .+.-
  381   910  1504   395  3887 .+.-
  382  1228  2339   713  3051 .+.-
  383   198   516  1031     1 ....
  384   834  1827   319  3564 .+.-
  385  1152  2662   637  2729 .+.-
  386   122  2150   955  3241 .+.-
  387   440  1637  1273  3754 .+.-
  388   758  2472   243  2918 .+.-
  389  1076  1960   561  3431 .+.-
  390    46   364   879  1197 ....
  391   682  1447   167  3944 .+.-
  392  1000  2282   485  3108 .+.-
  393  1318  1770   803  3621 .+.-
  394   288  2605  1121  2786 .+.-
  395   606  2092    91  3298 .+.-
  396   924  1580   409  3811 .+.-
  397  1242  2415   727  2976 .+.-
  398   212   530  1045    15 ....
  399   848  1902   333  3488 .+.-
  400  1166  1390   651  4001 .+.-
  401   136  2225   969  3166 .+.-
  402   454  1712  1287  3678 .+.-
  403   772  2548   257  2843 .+.-
  404  1090  2035   575  3356 .+.-
  405    60   378   893  1211 ....
  406   696  1522   181  3868 .+.-
  407  1014  2358   499  3033 .+.-
  408  1332  1845   817  3546 .+.-
  409   302  2680  1135  2710 .+.-
  410   620  2168   105  3223 .+.-
  411   938  1655   423  3736 .+.-
  412  1256  2490   741  2900 .+.-
  413   226   544  1059    29 ....
  414   862  1978   347  3413 .+.-
  415  1180  1465   665  3926 .+.-
  416   150  2300   983  3090 .+.-
  417   468  1788  1301  3603 .+.-
  418   786  2623   271  2768 .+.-
  419  1104  2110   589  3280 .+.-
  420    74  1598   907  3793 .+.-
  421   392   710  1225   195 ....
  422  1028  2433   513  2958 .+.-
  423  1346  1921   831  3470 .+.-
  424   316  1408  1149  3983 .+.-
  425   634  2243   119  3148 .+.-
  426   952  1731   437  3660 .+.-
  427  1270  2566   755  2825 .+.-
  428   240   558  1073    43 ....
  429   876  2053   361  3337 .+.-
  430  1194  1541   679  3850 .+.-
  431   164  2376   997  3015 .+.-
  432   482  1863  1315  3527 .+.-
  433   800  1351   285  4040 .+.-
  434  1118  2186   603  3205 .+.-
  435    88  1673   921  3717 .+.-
  436   406   724  1239   209 ....
  437  1042  2509   527  2882 .+.-
  438    12  1996   845  3395 .+.-
  439   330  1483  1163  3907 .+.-
  440   648  2319   133  3072 .+.-
  441   966  1806   451  3585 .+.-
  442  1284  2641   769  2749 .+.-
  443   254  2129  1087  3262 .+.-
  444   572   890    57   375 ....
  445  1208  1616   693  3775 .+.-
  446   178  2451  1011  2939 .+.-
  447   496  1939  1329  3452 .+.-
  448   814  1426   299  3965 .+.-
  449  1132  2261   617  3129 .+.-
  450   102  1749   935  3642 .+.-
  451   420   738  1253   223 ....
  452  1056  2584   541  2807 .+.-
  453    26  2071   859  3319 .+.-
  454   344  1559  1177  3832 .+.-
  455   662  2394   147  2997 .+.-
  456   980  1881   465  3509 .+.-
  457  1298  1369   783  4022 .+.-
  458   268  2204  1101  3187 .+.-
  459   586   904    71   389 ....
  460  1222  1692   707  3699 .+.-
  461   192  2527  1025  2864 .+.-
  462   510  2014  1343  3377 .+.-
  463   828  1502   313  3889 .+.-
  464  1146  2337   631  3054 .+.-
  465   116  1824   949  3566 .+.-
  466   434  2660  1267  2731 .+.-
  467   752  1070   237   555 ....
  468    40  2147   873  3244 .+.-
  469   358  1634  1191  3756 .+.-
  470   676  2470   161  2921 .+.-
  471   994  1957   479  3434 .+.-
  472  1312  1444   797  3946 .+.-
  473   282  2280  1115  3111 .+.-
  474   600   918    85   403 ....
  475  1236  1767   721  3624 .+.-
  476   206  2602  1039  2788 .+.-
  477   524  2090     9  3301 .+.-
  478   842  1577   327  3814 .+.-
  479  1160  2412   645  2978 .+.-
  480   130  1900   963  3491 .+.-
  481   448  1387  1281  4004 .+.-
  482   766  1084   251   569 ....
  483    54  2222   887  3168 .+.-
  484   372  1710  1205  3681 .+.-
  485   690  2545   175  2846 .+.-
  486  1008  2032   493  3358 .+.-
  487  1326  1520   811  3871 .+.-
  488   296  2355  1129  3036 .+.-
  489   614  1842    99  3548 .+.-
  490   932  1250   417   735 ....
  491   220  2678  1053  2713 .+.-
  492   538  2165    23  3226 .+.-
  493   856  1652   341  3738 .+.-
  494  1174  2488   659  2903 .+.-
  495   144  1975   977  3416 .+.-
  496   462  1463  1295  3928 .+.-
  497   780  1098   265   583 ....
  498    68  2298   901  3093 .+.-
  499   386  1785  1219  3606 .+.-
  500   704  2621   189  2770 .+.-
  501  1022  2108   507  3283 .+.-
  502  1340  1595   825  3795 .+.-
  503   310  2431  1143  2960 .+.-
  504   628  1918   113  3473 .+.-
  505   946  1264   431   749 ....
  506   234  1405  1067  3985 .+.-
  507   552  2241    37  3150 .+.-
  508   870  1728   355  3663 .+.-
  509  1188  2563   673  2827 .+.-
  510   158  2051   991  3340 .+.-
  511   476  1538  1309  3853 .+.-
  512   794  1112   279   597 ....
  513    82  2373   915  3017 .+.-
  514   400  1861  1233  3530 .+.-
  515   718  1348   203  4043 .+.-
  516  1036  2183   521  3207 .+.-
  517     6  1671   839  3720 .+.-
  518   324  2506  1157  2885 .+.-
  519   642  1993   127  3397 .+.-
  520   960  1278   445   763 ....
  521   248  1481  1081  3910 .+.-
  522   566  2316    51  3075 .+.-
  523   884  1803   369  3587 .+.-
  524  1202  2639   687  2752 .+.-
  525   172  2126  1005  3265 .+.-
  526   490  1613  1323  3777 .+.-
  527   808  2449   293  2942 .+.-
  528  1126    96   611   929 ....
  529   414  1936  1247  3455 .+.-
  530   732  1423   217  3967 .+.-
  531  1050  2259   535  3132 .+.-
  532    20  1746   853  3645 .+.-
  533   338  2581  1171  2809 .+.-
  534   656  2069   141  3322 .+.-
  535   974  1292   459   777 ....
  536   262  1556  1095  3835 .+.-
  537   580  2392    65  2999 .+.-
  538   898  1879   383  3512 .+.-
  539  1216  1366   701  4024 .+.-
  540   186  2202  1019  3189 .+.-
  541   504  1689  1337  3702 .+.-
  542   822  2524   307  2866 .+.-
  543  1140   110   625   943 ....
  544   428  2012  1261  3379 .+.-
  545   746  1499   231  3892 .+.-
  546  1064  2334   549  3056 .+.-
  547    34  1822   867  3569 .+.-
  548   352  2657  1185  2734 .+.-
  549   670  2144   155  3246 .+.-
  550   988  1632   473  3759 .+.-
  551  1306   276   791  1109 ....
  552   594  2467    79  2924 .+.-
  553   912  1954   397  3436 .+.-
  554  1230  1442   715  3949 .+.-
  555   200  2277  1033  3114 .+.-
  556   518  1764     3  3626 .+.-
  557   836  2600   321  2791 .+.-
  558  1154   124   639   957 ....
  559   442  2087  1275  3304 .+.-
  560   760  1574   245  3816 .+.-
  561  1078  2410   563  2981 .+.-
  562    48  1897   881  3494 .+.-
  563   366  1384  1199  4006 .+.-
  564   684  2220   169  3171 .+.-
  565  1002  1707   487  3684 .+.-
  566  1320   290   805  1123 ....
  567   608  2542    93  2848 .+.-
  568   926  2030   411  3361 .+.-
  569  1244  1517   729  3874 .+.-
  570   214  2352  1047  3038 .+.-
  571   532  1840    17  3551 .+.-
  572   850  2675   335  2716 .+.-
  573  1168  2163   653  3228 .+.-
  574   138   456   971  1289 ....
  575   774  1650   259  3741 .+.-
  576  1092  2485   577  2905 .+.-
  577    62  1973   895  3418 .+.-
  578   380  1460  1213  3931 .+.-
  579   698  2295   183  3095 .+.-
  580  1016  1783   501  3608 .+.-
  581  1334   304   819  1137 ....
  582   622  2618   107  2773 .+.-
  583   940  2105   425  3285 .+.-
  584  1258  1593   743  3798 .+.-
  585   228  2428  1061  2963 .+.-
  586   546  1915    31  3475 .+.-
  587   864  1403   349  3988 .+.-
  588  1182  2238   667  3153 .+.-
  589   152   470   985  1303 ....
  590   788  1725   273  3665 .+.-
  591  1106  2561   591  2830 .+.-
  592    76  2048   909  3343 .+.-
  593   394  1535  1227  3855 .+.-
  594   712  2371   197  3020 .+.-
  595  1030  1858   515  3533 .+.-
Total data plus flush bits=1348, p-parity bits=518, q-parity=518, Errors=0, Repetition=0
