R20T1XL1
Channel Interleaving, Puncturing and Mapping to 16-QAM
User data=1056, with flush=1060, Channel Symbols=596, Channel Bits=2384, Parity=1324, p=q=662, Coding Rate=0.442953
D=1056, FECSy=596, DF=1060, N=2384, P=1324, p=662, distep=657, dd=0, pistep=409, pp=661, ppstep=1.601208, ppstart=1060.500000, qpstart=2121.300537, k=66, mx=9.030303

Symbol   I1    I0    Q1    Q0  Pattern= . =data, + =p parity, - =q parity
-------------------------------------------------------------------------
    0  2118  1713  2121  2526 ++--
    1     0  1308   657  2931 .+.-
    2   254  1963   911  2276 .+.-
    3   508  1558   105  2681 .+.-
    4   762  1153   359  3086 .+.-
    5  1016  1808   613  2431 .+.-
    6   210  1403   867  2837 .+.-
    7   464  2058    61  2182 .+.-
    8   718  1652   315  2587 .+.-
    9   972  1247   569  2992 .+.-
   10  1902  1497  2337  2742 ++--
   11   166  1092   823  3147 .+.-
   12   420  1747    17  2492 .+.-
   13   674  1342   271  2897 .+.-
   14   928  1997   525  2242 .+.-
   15   122  1592   779  2648 .+.-
   16   376  1186  1033  3053 .+.-
   17   630  1841   227  2398 .+.-
   18   884  1436   481  2803 .+.-
   19  2091  1686  2148  2553 ++--
   20    78  1281   735  2958 .+.-
   21   332  1936   989  2303 .+.-
   22   586  1531   183  2708 .+.-
   23   840  1126   437  3114 .+.-
   24    34  1781   691  2459 .+.-
   25   288  1375   945  2864 .+.-
   26   542  2030   139  2209 .+.-
   27   796  1625   393  2614 .+.-
   28  1220  1875  3019  2364 ++--
   29  1050  1470   647  2769 .+.-
   30   244  1065   901  3174 .+.-
   31   498  1720    95  2520 .+.-
   32   752  1315   349  2925 .+.-
   33  1006  1969   603  2270 .+.-
   34   200  1564   857  2675 .+.-
   35   454  1159    51  3080 .+.-
   36   708  1814   305  2425 .+.-
   37  1409  2064  2830  2175 ++--
   38   962  1659   559  2580 .+.-
   39   156  1254   813  2985 .+.-
   40   410  1909     7  2331 .+.-
   41   664  1504   261  2736 .+.-
   42   918  1098   515  3141 .+.-
   43   112  1753   769  2486 .+.-
   44   366  1348  1023  2891 .+.-
   45   620  2003   217  2236 .+.-
   46  1598  1193  2641  3046 ++--
   47   874  1848   471  2391 .+.-
   48    68  1443   725  2797 .+.-
   49   322  2098   979  2142 .+.-
   50   576  1692   173  2547 .+.-
   51   830  1287   427  2952 .+.-
   52    24  1942   681  2297 .+.-
   53   278  1537   935  2702 .+.-
   54   532  1132   129  3107 .+.-
   55  1787  1382  2452  2857 ++--
   56   786  2037   383  2202 .+.-
   57  1040  1632   637  2608 .+.-
   58   234  1227   891  3013 .+.-
   59   488  1881    85  2358 .+.-
   60   742  1476   339  2763 .+.-
   61   996  1071   593  3168 .+.-
   62   190  1726   847  2513 .+.-
   63   444  1321    41  2918 .+.-
   64  1976  1571  2263  2668 ++--
   65   698  1166   295  3074 .+.-
   66   952  1821   549  2419 .+.-
   67   146  1415   803  2824 .+.-
   68   400  2070  1057  2169 .+.-
   69   654  1665   251  2574 .+.-
   70   908  1260   505  2979 .+.-
   71   102  1915   759  2324 .+.-
   72   356  1510  1013  2729 .+.-
   73  1105  1760  3134  2479 ++--
   74   610  1355   207  2885 .+.-
   75   864  2010   461  2230 .+.-
   76    58  1604   715  2635 .+.-
   77   312  1199   969  3040 .+.-
   78   566  1854   163  2385 .+.-
   79   820  1449   417  2790 .+.-
   80    14  2104   671  2135 .+.-
   81   268  1699   925  2540 .+.-
   82  1294  1949  2945  2291 ++--
   83   522  1544   119  2696 .+.-
   84   776  1138   373  3101 .+.-
   85  1030  1793   627  2446 .+.-
   86   224  1388   881  2851 .+.-
   87   478  2043    75  2196 .+.-
   88   732  1638   329  2601 .+.-
   89   986  1233   583  3006 .+.-
   90   180  1888   837  2351 .+.-
   91  1483  1078  2756  3162 ++--
   92   434  1733    31  2507 .+.-
   93   688  1327   285  2912 .+.-
   94   942  1982   539  2257 .+.-
   95   136  1577   793  2662 .+.-
   96   390  1172  1047  3067 .+.-
   97   644  1827   241  2412 .+.-
   98   898  1422   495  2817 .+.-
   99    92  2077   749  2162 .+.-
  100  1672  1267  2568  2973 ++--
  101   346  1921  1003  2318 .+.-
  102   600  1516   197  2723 .+.-
  103   854  1111   451  3128 .+.-
  104    48  1766   705  2473 .+.-
  105   302  1361   959  2878 .+.-
  106   556  2016   153  2223 .+.-
  107   810  1611   407  2628 .+.-
  108     4  1206   661  3033 .+.-
  109  1861  1455  2379  2784 ++--
  110   258  2110   915  2129 .+.-
  111   512  1705   109  2534 .+.-
  112   766  1300   363  2939 .+.-
  113  1020  1955   617  2284 .+.-
  114   214  1550   871  2689 .+.-
  115   468  1145    65  3094 .+.-
  116   722  1800   319  2439 .+.-
  117   976  1395   573  2845 .+.-
  118  2050  1644  2190  2595 ++--
  119   170  1239   827  3000 .+.-
  120   424  1894    21  2345 .+.-
  121   678  1489   275  2750 .+.-
  122   932  1084   529  3155 .+.-
  123   126  1739   783  2500 .+.-
  124   380  1334  1037  2905 .+.-
  125   634  1989   231  2250 .+.-
  126   888  1584   485  2656 .+.-
  127  1178  1833  3061  2406 ++--
  128    82  1428   739  2811 .+.-
  129   336  2083   993  2156 .+.-
  130   590  1678   187  2561 .+.-
  131   844  1273   441  2966 .+.-
  132    38  1928   695  2311 .+.-
  133   292  1523   949  2716 .+.-
  134   546  1118   143  3122 .+.-
  135   800  1773   397  2467 .+.-
  136  1367  2022  2872  2217 ++--
  137  1054  1617   651  2622 .+.-
  138   248  1212   905  3027 .+.-
  139   502  1867    99  2372 .+.-
  140   756  1462   353  2777 .+.-
  141  1010  2117   607  2122 .+.-
  142   204  1712   861  2528 .+.-
  143   458  1307    55  2933 .+.-
  144   712  1961   309  2278 .+.-
  145  1556  1151  2683  3088 ++--
  146   966  1806   563  2433 .+.-
  147   160  1401   817  2838 .+.-
  148   414  2056    11  2183 .+.-
  149   668  1651   265  2588 .+.-
  150   922  1246   519  2993 .+.-
  151   116  1901   773  2339 .+.-
  152   370  1496  1027  2744 .+.-
  153   624  1090   221  3149 .+.-
  154  1745  1340  2494  2899 ++--
  155   878  1995   475  2244 .+.-
  156    72  1590   729  2649 .+.-
  157   326  1185   983  3054 .+.-
  158   580  1840   177  2399 .+.-
  159   834  1435   431  2805 .+.-
  160    28  2090   685  2150 .+.-
  161   282  1684   939  2555 .+.-
  162   536  1279   133  2960 .+.-
  163  1934  1529  2305  2710 ++--
  164   790  1124   387  3115 .+.-
  165  1044  1779   641  2460 .+.-
  166   238  1374   895  2865 .+.-
  167   492  2029    89  2210 .+.-
  168   746  1624   343  2616 .+.-
  169  1000  1219   597  3021 .+.-
  170   194  1873   851  2366 .+.-
  171   448  1468    45  2771 .+.-
  172  1063  1718  3176  2521 ++--
  173   702  1313   299  2926 .+.-
  174   956  1968   553  2271 .+.-
  175   150  1563   807  2676 .+.-
  176   404  1158     1  3082 .+.-
  177   658  1813   255  2427 .+.-
  178   912  1407   509  2832 .+.-
  179   106  2062   763  2177 .+.-
  180   360  1657  1017  2582 .+.-
  181  1252  1907  2987  2332 ++--
  182   614  1502   211  2737 .+.-
  183   868  1097   465  3142 .+.-
  184    62  1752   719  2487 .+.-
  185   316  1347   973  2893 .+.-
  186   570  2002   167  2238 .+.-
  187   824  1596   421  2643 .+.-
  188    18  1191   675  3048 .+.-
  189   272  1846   929  2393 .+.-
  190  1441  2096  2798  2143 ++--
  191   526  1691   123  2548 .+.-
  192   780  1286   377  2953 .+.-
  193  1034  1941   631  2299 .+.-
  194   228  1536   885  2704 .+.-
  195   482  1130    79  3109 .+.-
  196   736  1785   333  2454 .+.-
  197   990  1380   587  2859 .+.-
  198   184  2035   841  2204 .+.-
  199  1630  1225  2609  3014 ++--
  200   438  1880    35  2359 .+.-
  201   692  1475   289  2764 .+.-
  202   946  1070   543  3170 .+.-
  203   140  1725   797  2515 .+.-
  204   394  1319  1051  2920 .+.-
  205   648  1974   245  2265 .+.-
  206   902  1569   499  2670 .+.-
  207    96  1164   753  3075 .+.-
  208  1819  1414  2420  2825 ++--
  209   350  2069  1007  2170 .+.-
  210   604  1664   201  2576 .+.-
  211   858  1259   455  2981 .+.-
  212    52  1913   709  2326 .+.-
  213   306  1508   963  2731 .+.-
  214   560  1103   157  3136 .+.-
  215   814  1758   411  2481 .+.-
  216     8  1353   665  2886 .+.-
  217  2008  1603  2231  2636 ++--
  218   262  1198   919  3041 .+.-
  219   516  1853   113  2387 .+.-
  220   770  1447   367  2792 .+.-
  221  1024  2102   621  2137 .+.-
  222   218  1697   875  2542 .+.-
  223   472  1292    69  2947 .+.-
  224   726  1947   323  2292 .+.-
  225   980  1542   577  2697 .+.-
  226  1137  1792  3102  2447 ++--
  227   174  1387   831  2853 .+.-
  228   428  2042    25  2198 .+.-
  229   682  1636   279  2603 .+.-
  230   936  1231   533  3008 .+.-
  231   130  1886   787  2353 .+.-
  232   384  1481  1041  2758 .+.-
  233   638  1076   235  3163 .+.-
  234   892  1731   489  2508 .+.-
  235  1326  1981  2913  2259 ++--
  236    86  1576   743  2664 .+.-
  237   340  1170   997  3069 .+.-
  238   594  1825   191  2414 .+.-
  239   848  1420   445  2819 .+.-
  240    42  2075   699  2164 .+.-
  241   296  1670   953  2569 .+.-
  242   550  1265   147  2974 .+.-
  243   804  1920   401  2319 .+.-
  244  1515  1110  2724  3130 ++--
  245  1058  1765   655  2475 .+.-
  246   252  1359   909  2880 .+.-
  247   506  2014   103  2225 .+.-
  248   760  1609   357  2630 .+.-
  249  1014  1204   611  3035 .+.-
  250   208  1859   865  2380 .+.-
  251   462  1454    59  2785 .+.-
  252   716  2109   313  2130 .+.-
  253  1704  1299  2536  2941 ++--
  254   970  1953   567  2286 .+.-
  255   164  1548   821  2691 .+.-
  256   418  1143    15  3096 .+.-
  257   672  1798   269  2441 .+.-
  258   926  1393   523  2846 .+.-
  259   120  2048   777  2191 .+.-
  260   374  1643  1031  2596 .+.-
  261   628  1238   225  3001 .+.-
  262  1893  1488  2347  2752 ++--
  263   882  1082   479  3157 .+.-
  264    76  1737   733  2502 .+.-
  265   330  1332   987  2907 .+.-
  266   584  1987   181  2252 .+.-
  267   838  1582   435  2657 .+.-
  268    32  1177   689  3062 .+.-
  269   286  1832   943  2407 .+.-
  270   540  1427   137  2813 .+.-
  271  2082  1676  2158  2563 ++--
  272   794  1271   391  2968 .+.-
  273  1048  1926   645  2313 .+.-
  274   242  1521   899  2718 .+.-
  275   496  1116    93  3123 .+.-
  276   750  1771   347  2468 .+.-
  277  1004  1366   601  2873 .+.-
  278   198  2021   855  2218 .+.-
  279   452  1616    49  2624 .+.-
  280  1211  1865  3029  2374 ++--
  281   706  1460   303  2779 .+.-
  282   960  2115   557  2124 .+.-
  283   154  1710   811  2529 .+.-
  284   408  1305     5  2934 .+.-
  285   662  1960   259  2279 .+.-
  286   916  1555   513  2684 .+.-
  287   110  1150   767  3090 .+.-
  288   364  1805  1021  2435 .+.-
  289  1399  2054  2840  2185 ++--
  290   618  1649   215  2590 .+.-
  291   872  1244   469  2995 .+.-
  292    66  1899   723  2340 .+.-
  293   320  1494   977  2745 .+.-
  294   574  1089   171  3150 .+.-
  295   828  1744   425  2495 .+.-
  296    22  1339   679  2901 .+.-
  297   276  1994   933  2246 .+.-
  298  1588  1183  2651  3056 ++--
  299   530  1838   127  2401 .+.-
  300   784  1433   381  2806 .+.-
  301  1038  2088   635  2151 .+.-
  302   232  1683   889  2556 .+.-
  303   486  1278    83  2961 .+.-
  304   740  1933   337  2307 .+.-
  305   994  1528   591  2712 .+.-
  306   188  1122   845  3117 .+.-
  307   442  1777    39  2462 .+.-
  308  1372  2027  2867  2212 ++--
  309   696  1622   293  2617 .+.-
  310   950  1217   547  3022 .+.-
  311   144  1872   801  2367 .+.-
  312   398  1467  1055  2772 .+.-
  313   652  1062   249  3178 .+.-
  314   906  1716   503  2523 .+.-
  315   100  1311   757  2928 .+.-
  316   354  1966  1011  2273 .+.-
  317  1561  1156  2678  3083 ++--
  318   608  1811   205  2428 .+.-
  319   862  1406   459  2833 .+.-
  320    56  2061   713  2178 .+.-
  321   310  1656   967  2584 .+.-
  322   564  1251   161  2989 .+.-
  323   818  1905   415  2334 .+.-
  324    12  1500   669  2739 .+.-
  325   266  1095   923  3144 .+.-
  326  1750  1345  2489  2894 ++--
  327   520  2000   117  2239 .+.-
  328   774  1595   371  2644 .+.-
  329  1028  1190   625  3050 .+.-
  330   222  1845   879  2395 .+.-
  331   476  1439    73  2800 .+.-
  332   730  2094   327  2145 .+.-
  333   984  1689   581  2550 .+.-
  334   178  1284   835  2955 .+.-
  335  1939  1534  2300  2705 ++--
  336   432  1129    29  3110 .+.-
  337   686  1784   283  2455 .+.-
  338   940  1379   537  2861 .+.-
  339   134  2034   791  2206 .+.-
  340   388  1628  1045  2611 .+.-
  341   642  1223   239  3016 .+.-
  342   896  1878   493  2361 .+.-
  343    90  1473   747  2766 .+.-
  344  1068  1723  3171  2516 ++--
  345   344  1318  1001  2921 .+.-
  346   598  1973   195  2267 .+.-
  347   852  1568   449  2672 .+.-
  348    46  1162   703  3077 .+.-
  349   300  1817   957  2422 .+.-
  350   554  1412   151  2827 .+.-
  351   808  2067   405  2172 .+.-
  352     2  1662   659  2577 .+.-
  353  1257  1912  2982  2327 ++--
  354   256  1507   913  2732 .+.-
  355   510  1102   107  3138 .+.-
  356   764  1757   361  2483 .+.-
  357  1018  1351   615  2888 .+.-
  358   212  2006   869  2233 .+.-
  359   466  1601    63  2638 .+.-
  360   720  1196   317  3043 .+.-
  361   974  1851   571  2388 .+.-
  362  1446  2101  2793  2138 ++--
  363   168  1696   825  2544 .+.-
  364   422  1291    19  2949 .+.-
  365   676  1945   273  2294 .+.-
  366   930  1540   527  2699 .+.-
  367   124  1135   781  3104 .+.-
  368   378  1790  1035  2449 .+.-
  369   632  1385   229  2854 .+.-
  370   886  2040   483  2199 .+.-
  371  1635  1230  2604  3009 ++--
  372    80  1885   737  2355 .+.-
  373   334  1480   991  2760 .+.-
  374   588  1074   185  3165 .+.-
  375   842  1729   439  2510 .+.-
  376    36  1324   693  2915 .+.-
  377   290  1979   947  2260 .+.-
  378   544  1574   141  2665 .+.-
  379   798  1169   395  3070 .+.-
  380  1824  1419  2415  2821 ++--
  381  1052  2074   649  2166 .+.-
  382   246  1668   903  2571 .+.-
  383   500  1263    97  2976 .+.-
  384   754  1918   351  2321 .+.-
  385  1008  1513   605  2726 .+.-
  386   202  1108   859  3131 .+.-
  387   456  1763    53  2476 .+.-
  388   710  1358   307  2881 .+.-
  389  2013  1608  2226  2632 ++--
  390   964  1203   561  3037 .+.-
  391   158  1857   815  2382 .+.-
  392   412  1452     9  2787 .+.-
  393   666  2107   263  2132 .+.-
  394   920  1702   517  2537 .+.-
  395   114  1297   771  2942 .+.-
  396   368  1952  1025  2287 .+.-
  397   622  1547   219  2692 .+.-
  398  1142  1797  3098  2443 ++--
  399   876  1391   473  2848 .+.-
  400    70  2046   727  2193 .+.-
  401   324  1641   981  2598 .+.-
  402   578  1236   175  3003 .+.-
  403   832  1891   429  2348 .+.-
  404    26  1486   683  2753 .+.-
  405   280  1081   937  3158 .+.-
  406   534  1736   131  2503 .+.-
  407  1331  1985  2909  2254 ++--
  408   788  1580   385  2659 .+.-
  409  1042  1175   639  3064 .+.-
  410   236  1830   893  2409 .+.-
  411   490  1425    87  2814 .+.-
  412   744  2080   341  2159 .+.-
  413   998  1675   595  2564 .+.-
  414   192  1270   849  2969 .+.-
  415   446  1925    43  2315 .+.-
  416  1520  1114  2720  3125 ++--
  417   700  1769   297  2470 .+.-
  418   954  1364   551  2875 .+.-
  419   148  2019   805  2220 .+.-
  420   402  1614  1059  2625 .+.-
  421   656  1209   253  3030 .+.-
  422   910  1864   507  2375 .+.-
  423   104  1459   761  2780 .+.-
  424   358  2114  1015  2126 .+.-
  425  1708  1303  2531  2936 ++--
  426   612  1958   209  2281 .+.-
  427   866  1553   463  2686 .+.-
  428    60  1148   717  3091 .+.-
  429   314  1803   971  2436 .+.-
  430   568  1398   165  2841 .+.-
  431   822  2053   419  2186 .+.-
  432    16  1648   673  2592 .+.-
  433   270  1243   927  2997 .+.-
  434  1897  1492  2342  2747 ++--
  435   524  1087   121  3152 .+.-
  436   778  1742   375  2497 .+.-
  437  1032  1337   629  2902 .+.-
  438   226  1992   883  2247 .+.-
  439   480  1587    77  2652 .+.-
  440   734  1182   331  3058 .+.-
  441   988  1837   585  2403 .+.-
  442   182  1431   839  2808 .+.-
  443  2086  1681  2153  2558 ++--
  444   436  1276    33  2963 .+.-
  445   690  1931   287  2308 .+.-
  446   944  1526   541  2713 .+.-
  447   138  1121   795  3118 .+.-
  448   392  1776  1049  2463 .+.-
  449   646  1371   243  2869 .+.-
  450   900  2026   497  2214 .+.-
  451    94  1620   751  2619 .+.-
  452  1215  1870  3024  2369 ++--
  453   348  1465  1005  2774 .+.-
  454   602  1060   199  3179 .+.-
  455   856  1715   453  2524 .+.-
  456    50  1310   707  2929 .+.-
  457   304  1965   961  2275 .+.-
  458   558  1560   155  2680 .+.-
  459   812  1154   409  3085 .+.-
  460     6  1809   663  2430 .+.-
  461  1404  2059  2835  2180 ++--
  462   260  1654   917  2585 .+.-
  463   514  1249   111  2990 .+.-
  464   768  1904   365  2335 .+.-
  465  1022  1499   619  2740 .+.-
  466   216  1094   873  3146 .+.-
  467   470  1749    67  2491 .+.-
  468   724  1343   321  2896 .+.-
  469   978  1998   575  2241 .+.-
  470  1593  1188  2646  3051 ++--
  471   172  1843   829  2396 .+.-
  472   426  1438    23  2801 .+.-
  473   680  2093   277  2146 .+.-
  474   934  1688   531  2552 .+.-
  475   128  1283   785  2957 .+.-
  476   382  1937  1039  2302 .+.-
  477   636  1532   233  2707 .+.-
  478   890  1127   487  3112 .+.-
  479  1782  1377  2457  2862 ++--
  480    84  2032   741  2207 .+.-
  481   338  1627   995  2612 .+.-
  482   592  1222   189  3017 .+.-
  483   846  1877   443  2363 .+.-
  484    40  1472   697  2768 .+.-
  485   294  1066   951  3173 .+.-
  486   548  1721   145  2518 .+.-
  487   802  1316   399  2923 .+.-
  488  1971  1566  2268  2673 ++--
  489  1056  1161   653  3078 .+.-
  490   250  1816   907  2423 .+.-
  491   504  1411   101  2829 .+.-
  492   758  2066   355  2174 .+.-
  493  1012  1660   609  2579 .+.-
  494   206  1255   863  2984 .+.-
  495   460  1910    57  2329 .+.-
  496   714  1505   311  2734 .+.-
  497  1100  1755  3139  2484 ++--
  498   968  1350   565  2889 .+.-
  499   162  2005   819  2234 .+.-
  500   416  1600    13  2640 .+.-
  501   670  1195   267  3045 .+.-
  502   924  1849   521  2390 .+.-
  503   118  1444   775  2795 .+.-
  504   372  2099  1029  2140 .+.-
  505   626  1694   223  2545 .+.-
  506  1289  1944  2950  2295 ++--
  507   880  1539   477  2700 .+.-
  508    74  1134   731  3106 .+.-
  509   328  1789   985  2451 .+.-
  510   582  1383   179  2856 .+.-
  511   836  2038   433  2201 .+.-
  512    30  1633   687  2606 .+.-
  513   284  1228   941  3011 .+.-
  514   538  1883   135  2356 .+.-
  515  1478  1073  2761  3166 ++--
  516   792  1728   389  2511 .+.-
  517  1046  1323   643  2917 .+.-
  518   240  1977   897  2262 .+.-
  519   494  1572    91  2667 .+.-
  520   748  1167   345  3072 .+.-
  521  1002  1822   599  2417 .+.-
  522   196  1417   853  2822 .+.-
  523   450  2072    47  2167 .+.-
  524  1667  1262  2572  2977 ++--
  525   704  1917   301  2323 .+.-
  526   958  1512   555  2728 .+.-
  527   152  1106   809  3133 .+.-
  528   406  1761     3  2478 .+.-
  529   660  1356   257  2883 .+.-
  530   914  2011   511  2228 .+.-
  531   108  1606   765  2633 .+.-
  532   362  1201  1019  3038 .+.-
  533  1856  1451  2383  2789 ++--
  534   616  2106   213  2134 .+.-
  535   870  1700   467  2539 .+.-
  536    64  1295   721  2944 .+.-
  537   318  1950   975  2289 .+.-
  538   572  1545   169  2694 .+.-
  539   826  1140   423  3099 .+.-
  540    20  1795   677  2444 .+.-
  541   274  1390   931  2849 .+.-
  542  2045  1640  2194  2600 ++--
  543   528  1235   125  3005 .+.-
  544   782  1889   379  2350 .+.-
  545  1036  1484   633  2755 .+.-
  546   230  1079   887  3160 .+.-
  547   484  1734    81  2505 .+.-
  548   738  1329   335  2910 .+.-
  549   992  1984   589  2255 .+.-
  550   186  1579   843  2660 .+.-
  551  1174  1829  3066  2411 ++--
  552   440  1423    37  2816 .+.-
  553   694  2078   291  2161 .+.-
  554   948  1673   545  2566 .+.-
  555   142  1268   799  2971 .+.-
  556   396  1923  1053  2316 .+.-
  557   650  1518   247  2721 .+.-
  558   904  1113   501  3126 .+.-
  559    98  1768   755  2471 .+.-
  560  1363  2018  2877  2222 ++--
  561   352  1612  1009  2627 .+.-
  562   606  1207   203  3032 .+.-
  563   860  1862   457  2377 .+.-
  564    54  1457   711  2782 .+.-
  565   308  2112   965  2127 .+.-
  566   562  1707   159  2532 .+.-
  567   816  1302   413  2937 .+.-
  568    10  1957   667  2283 .+.-
  569  1552  1146  2688  3093 ++--
  570   264  1801   921  2438 .+.-
  571   518  1396   115  2843 .+.-
  572   772  2051   369  2188 .+.-
  573  1026  1646   623  2593 .+.-
  574   220  1241   877  2998 .+.-
  575   474  1896    71  2343 .+.-
  576   728  1491   325  2748 .+.-
  577   982  1086   579  3154 .+.-
  578  1741  1335  2499  2904 ++--
  579   176  1990   833  2249 .+.-
  580   430  1585    27  2654 .+.-
  581   684  1180   281  3059 .+.-
  582   938  1835   535  2404 .+.-
  583   132  1430   789  2809 .+.-
  584   386  2085  1043  2154 .+.-
  585   640  1680   237  2560 .+.-
  586   894  1275   491  2965 .+.-
  587  1929  1524  2310  2715 ++--
  588    88  1119   745  3120 .+.-
  589   342  1774   999  2465 .+.-
  590   596  1369   193  2870 .+.-
  591   850  2024   447  2215 .+.-
  592    44  1619   701  2620 .+.-
  593   298  1214   955  3025 .+.-
  594   552  1869   149  2371 .+.-
  595   806  1464   403  2776 .+.-
Total data plus flush bits=1060, p-parity bits=662, q-parity=662, Errors=0, Repetition=0
