R20T1QL2
Channel Interleaving, Puncturing and Mapping to QPSK
Data coding rate = 0.773137 with QPSK, UW coding rate = 0.466404 with BPSK
User data with 32 bit UW =944, with flush=948, p-parity=137+27, q-parity=136,  Channel Symbols=656, Channel Bits=1248
D=944, FECSy=656, DF=948 N=1248, P=137, Puw=27, Q=136, DPQ=1184, dpqstep=731, S=6.941400, ppstart=948.500000, qpstart=1899.970703

Symbol   I0    Q0  Pattern= . =data, + =p parity, - =q parity
-------------------------------------------------------------
    0     0     0 R.
    1     1     1 R.
    2     2     2 R.
    3     3     3 R.
    4     4     4 R.
    5     5     5 R.
    6     6     6 R.
    7     7     7 R.
    8     8     8 R.
    9     9     9 R.
   10    10    10 R.
   11    11    11 R.
   12    12    12 R.
   13    13    13 R.
   14    14    14 R.
   15    15    15 R.
   16    16    16 R.
   17    17    17 R.
   18    18    18 R.
   19    19    19 R.
   20    20    20 R.
   21    21    21 R.
   22    22    22 R.
   23    23    23 R.
   24    24    24 R.
   25    25    25 R.
   26    26    26 R.
   27    27    27 R.
   28    28    28 R.
   29    29    29 R.
   30    30    30 R.
   31    31    31 R.
   32   948   948 R+
   33   949   949 R+
   34   950   950 R+
   35   951   951 R+
   36   952   952 R+
   37   953   953 R+
   38   954   954 R+
   39   955   955 R+
   40    32   147 ..
   41   262   377 ..
   42   492   607 ..
   43   722   837 ..
   44  1010  1809 ++
   45  2607   113 -.
   46   228   343 ..
   47   458   573 ..
   48   688   803 ..
   49   918  1573 .+
   50  2371    79 -.
   51   194   309 ..
   52   424   539 ..
   53   654   769 ..
   54   884  1337 .+
   55  2135    45 -.
   56   160   275 ..
   57   390   505 ..
   58   620   735 ..
   59   850  1101 .+
   60  1899  2698 --
   61   126   241 ..
   62   356   471 ..
   63   586   701 ..
   64   816   931 ..
   65  1663  2462 +-
   66    92   207 ..
   67   322   437 ..
   68   552   667 ..
   69   782   897 ..
   70  1427  2226 +-
   71    58   173 ..
   72   288   403 ..
   73   518   633 ..
   74   748   863 ..
   75  1191  1990 +-
   76  2788   139 -.
   77   254   369 ..
   78   484   599 ..
   79   714   829 ..
   80   944  1753 .+
   81  2552   105 -.
   82   220   335 ..
   83   450   565 ..
   84   680   795 ..
   85   910  1517 .+
   86  2316    71 -.
   87   186   301 ..
   88   416   531 ..
   89   646   761 ..
   90   876  1281 .+
   91  2080    37 -.
   92   152   267 ..
   93   382   497 ..
   94   612   727 ..
   95   842  1045 .+
   96  1843  2642 +-
   97   118   233 ..
   98   348   463 ..
   99   578   693 ..
  100   808   923 ..
  101  1607  2406 +-
  102    84   199 ..
  103   314   429 ..
  104   544   659 ..
  105   774   889 ..
  106  1371  2170 +-
  107    50   165 ..
  108   280   395 ..
  109   510   625 ..
  110   740   855 ..
  111  1135  1934 +-
  112  2732   131 -.
  113   246   361 ..
  114   476   591 ..
  115   706   821 ..
  116   936  1698 .+
  117  2496    97 -.
  118   212   327 ..
  119   442   557 ..
  120   672   787 ..
  121   902  1462 .+
  122  2260    63 -.
  123   178   293 ..
  124   408   523 ..
  125   638   753 ..
  126   868  1226 .+
  127  2024  2823 --
  128   144   259 ..
  129   374   489 ..
  130   604   719 ..
  131   834   990 .+
  132  1788  2587 +-
  133   110   225 ..
  134   340   455 ..
  135   570   685 ..
  136   800   915 ..
  137  1552  2351 +-
  138    76   191 ..
  139   306   421 ..
  140   536   651 ..
  141   766   881 ..
  142  1316  2115 +-
  143    42   157 ..
  144   272   387 ..
  145   502   617 ..
  146   732   847 ..
  147  1080  1878 ++
  148  2677   123 -.
  149   238   353 ..
  150   468   583 ..
  151   698   813 ..
  152   928  1642 .+
  153  2441    89 -.
  154   204   319 ..
  155   434   549 ..
  156   664   779 ..
  157   894  1406 .+
  158  2205    55 -.
  159   170   285 ..
  160   400   515 ..
  161   630   745 ..
  162   860  1170 .+
  163  1969  2767 --
  164   136   251 ..
  165   366   481 ..
  166   596   711 ..
  167   826   941 ..
  168  1732  2531 +-
  169   102   217 ..
  170   332   447 ..
  171   562   677 ..
  172   792   907 ..
  173  1496  2295 +-
  174    68   183 ..
  175   298   413 ..
  176   528   643 ..
  177   758   873 ..
  178  1260  2059 +-
  179    34   149 ..
  180   264   379 ..
  181   494   609 ..
  182   724   839 ..
  183  1024  1823 ++
  184  2621   115 -.
  185   230   345 ..
  186   460   575 ..
  187   690   805 ..
  188   920  1587 .+
  189  2385    81 -.
  190   196   311 ..
  191   426   541 ..
  192   656   771 ..
  193   886  1351 .+
  194  2149    47 -.
  195   162   277 ..
  196   392   507 ..
  197   622   737 ..
  198   852  1115 .+
  199  1913  2712 --
  200   128   243 ..
  201   358   473 ..
  202   588   703 ..
  203   818   933 ..
  204  1677  2476 +-
  205    94   209 ..
  206   324   439 ..
  207   554   669 ..
  208   784   899 ..
  209  1441  2240 +-
  210    60   175 ..
  211   290   405 ..
  212   520   635 ..
  213   750   865 ..
  214  1205  2004 +-
  215  2802   141 -.
  216   256   371 ..
  217   486   601 ..
  218   716   831 ..
  219   946  1767 .+
  220  2566   107 -.
  221   222   337 ..
  222   452   567 ..
  223   682   797 ..
  224   912  1531 .+
  225  2330    73 -.
  226   188   303 ..
  227   418   533 ..
  228   648   763 ..
  229   878  1295 .+
  230  2094    39 -.
  231   154   269 ..
  232   384   499 ..
  233   614   729 ..
  234   844  1059 .+
  235  1857  2656 +-
  236   120   235 ..
  237   350   465 ..
  238   580   695 ..
  239   810   925 ..
  240  1621  2420 +-
  241    86   201 ..
  242   316   431 ..
  243   546   661 ..
  244   776   891 ..
  245  1385  2184 +-
  246    52   167 ..
  247   282   397 ..
  248   512   627 ..
  249   742   857 ..
  250  1149  1948 +-
  251  2746   133 -.
  252   248   363 ..
  253   478   593 ..
  254   708   823 ..
  255   938  1712 .+
  256  2510    99 -.
  257   214   329 ..
  258   444   559 ..
  259   674   789 ..
  260   904  1476 .+
  261  2274    65 -.
  262   180   295 ..
  263   410   525 ..
  264   640   755 ..
  265   870  1240 .+
  266  2038  2837 --
  267   146   261 ..
  268   376   491 ..
  269   606   721 ..
  270   836  1004 .+
  271  1802  2601 +-
  272   112   227 ..
  273   342   457 ..
  274   572   687 ..
  275   802   917 ..
  276  1566  2365 +-
  277    78   193 ..
  278   308   423 ..
  279   538   653 ..
  280   768   883 ..
  281  1330  2129 +-
  282    44   159 ..
  283   274   389 ..
  284   504   619 ..
  285   734   849 ..
  286  1094  1892 ++
  287  2691   125 -.
  288   240   355 ..
  289   470   585 ..
  290   700   815 ..
  291   930  1656 .+
  292  2455    91 -.
  293   206   321 ..
  294   436   551 ..
  295   666   781 ..
  296   896  1420 .+
  297  2219    57 -.
  298   172   287 ..
  299   402   517 ..
  300   632   747 ..
  301   862  1184 .+
  302  1983  2781 --
  303   138   253 ..
  304   368   483 ..
  305   598   713 ..
  306   828   943 ..
  307  1746  2545 +-
  308   104   219 ..
  309   334   449 ..
  310   564   679 ..
  311   794   909 ..
  312  1510  2309 +-
  313    70   185 ..
  314   300   415 ..
  315   530   645 ..
  316   760   875 ..
  317  1274  2073 +-
  318    36   151 ..
  319   266   381 ..
  320   496   611 ..
  321   726   841 ..
  322  1038  1836 ++
  323  2635   117 -.
  324   232   347 ..
  325   462   577 ..
  326   692   807 ..
  327   922  1600 .+
  328  2399    83 -.
  329   198   313 ..
  330   428   543 ..
  331   658   773 ..
  332   888  1364 .+
  333  2163    49 -.
  334   164   279 ..
  335   394   509 ..
  336   624   739 ..
  337   854  1128 .+
  338  1927  2725 --
  339   130   245 ..
  340   360   475 ..
  341   590   705 ..
  342   820   935 ..
  343  1691  2489 +-
  344    96   211 ..
  345   326   441 ..
  346   556   671 ..
  347   786   901 ..
  348  1455  2253 +-
  349    62   177 ..
  350   292   407 ..
  351   522   637 ..
  352   752   867 ..
  353  1219  2017 +-
  354  2816   143 -.
  355   258   373 ..
  356   488   603 ..
  357   718   833 ..
  358   983  1781 ++
  359  2580   109 -.
  360   224   339 ..
  361   454   569 ..
  362   684   799 ..
  363   914  1545 .+
  364  2344    75 -.
  365   190   305 ..
  366   420   535 ..
  367   650   765 ..
  368   880  1309 .+
  369  2108    41 -.
  370   156   271 ..
  371   386   501 ..
  372   616   731 ..
  373   846  1073 .+
  374  1871  2670 +-
  375   122   237 ..
  376   352   467 ..
  377   582   697 ..
  378   812   927 ..
  379  1635  2434 +-
  380    88   203 ..
  381   318   433 ..
  382   548   663 ..
  383   778   893 ..
  384  1399  2198 +-
  385    54   169 ..
  386   284   399 ..
  387   514   629 ..
  388   744   859 ..
  389  1163  1962 +-
  390  2760   135 -.
  391   250   365 ..
  392   480   595 ..
  393   710   825 ..
  394   940  1725 .+
  395  2524   101 -.
  396   216   331 ..
  397   446   561 ..
  398   676   791 ..
  399   906  1489 .+
  400  2288    67 -.
  401   182   297 ..
  402   412   527 ..
  403   642   757 ..
  404   872  1253 .+
  405  2052    33 -.
  406   148   263 ..
  407   378   493 ..
  408   608   723 ..
  409   838  1017 .+
  410  1816  2614 +-
  411   114   229 ..
  412   344   459 ..
  413   574   689 ..
  414   804   919 ..
  415  1580  2378 +-
  416    80   195 ..
  417   310   425 ..
  418   540   655 ..
  419   770   885 ..
  420  1344  2142 +-
  421    46   161 ..
  422   276   391 ..
  423   506   621 ..
  424   736   851 ..
  425  1108  1906 +-
  426  2705   127 -.
  427   242   357 ..
  428   472   587 ..
  429   702   817 ..
  430   932  1670 .+
  431  2469    93 -.
  432   208   323 ..
  433   438   553 ..
  434   668   783 ..
  435   898  1434 .+
  436  2233    59 -.
  437   174   289 ..
  438   404   519 ..
  439   634   749 ..
  440   864  1198 .+
  441  1997  2795 --
  442   140   255 ..
  443   370   485 ..
  444   600   715 ..
  445   830   945 ..
  446  1760  2559 +-
  447   106   221 ..
  448   336   451 ..
  449   566   681 ..
  450   796   911 ..
  451  1524  2323 +-
  452    72   187 ..
  453   302   417 ..
  454   532   647 ..
  455   762   877 ..
  456  1288  2087 +-
  457    38   153 ..
  458   268   383 ..
  459   498   613 ..
  460   728   843 ..
  461  1052  1850 ++
  462  2649   119 -.
  463   234   349 ..
  464   464   579 ..
  465   694   809 ..
  466   924  1614 .+
  467  2413    85 -.
  468   200   315 ..
  469   430   545 ..
  470   660   775 ..
  471   890  1378 .+
  472  2177    51 -.
  473   166   281 ..
  474   396   511 ..
  475   626   741 ..
  476   856  1142 .+
  477  1941  2739 --
  478   132   247 ..
  479   362   477 ..
  480   592   707 ..
  481   822   937 ..
  482  1705  2503 +-
  483    98   213 ..
  484   328   443 ..
  485   558   673 ..
  486   788   903 ..
  487  1469  2267 +-
  488    64   179 ..
  489   294   409 ..
  490   524   639 ..
  491   754   869 ..
  492  1233  2031 +-
  493  2830   145 -.
  494   260   375 ..
  495   490   605 ..
  496   720   835 ..
  497   997  1795 ++
  498  2594   111 -.
  499   226   341 ..
  500   456   571 ..
  501   686   801 ..
  502   916  1559 .+
  503  2358    77 -.
  504   192   307 ..
  505   422   537 ..
  506   652   767 ..
  507   882  1323 .+
  508  2122    43 -.
  509   158   273 ..
  510   388   503 ..
  511   618   733 ..
  512   848  1087 .+
  513  1885  2684 +-
  514   124   239 ..
  515   354   469 ..
  516   584   699 ..
  517   814   929 ..
  518  1649  2448 +-
  519    90   205 ..
  520   320   435 ..
  521   550   665 ..
  522   780   895 ..
  523  1413  2212 +-
  524    56   171 ..
  525   286   401 ..
  526   516   631 ..
  527   746   861 ..
  528  1177  1976 +-
  529  2774   137 -.
  530   252   367 ..
  531   482   597 ..
  532   712   827 ..
  533   942  1739 .+
  534  2538   103 -.
  535   218   333 ..
  536   448   563 ..
  537   678   793 ..
  538   908  1503 .+
  539  2302    69 -.
  540   184   299 ..
  541   414   529 ..
  542   644   759 ..
  543   874  1267 .+
  544  2066    35 -.
  545   150   265 ..
  546   380   495 ..
  547   610   725 ..
  548   840  1031 .+
  549  1830  2628 +-
  550   116   231 ..
  551   346   461 ..
  552   576   691 ..
  553   806   921 ..
  554  1594  2392 +-
  555    82   197 ..
  556   312   427 ..
  557   542   657 ..
  558   772   887 ..
  559  1358  2156 +-
  560    48   163 ..
  561   278   393 ..
  562   508   623 ..
  563   738   853 ..
  564  1122  1920 +-
  565  2719   129 -.
  566   244   359 ..
  567   474   589 ..
  568   704   819 ..
  569   934  1684 .+
  570  2483    95 -.
  571   210   325 ..
  572   440   555 ..
  573   670   785 ..
  574   900  1448 .+
  575  2247    61 -.
  576   176   291 ..
  577   406   521 ..
  578   636   751 ..
  579   866  1212 .+
  580  2011  2809 --
  581   142   257 ..
  582   372   487 ..
  583   602   717 ..
  584   832   947 ..
  585  1774  2573 +-
  586   108   223 ..
  587   338   453 ..
  588   568   683 ..
  589   798   913 ..
  590  1538  2337 +-
  591    74   189 ..
  592   304   419 ..
  593   534   649 ..
  594   764   879 ..
  595  1302  2101 +-
  596    40   155 ..
  597   270   385 ..
  598   500   615 ..
  599   730   845 ..
  600  1066  1864 ++
  601  2663   121 -.
  602   236   351 ..
  603   466   581 ..
  604   696   811 ..
  605   926  1628 .+
  606  2427    87 -.
  607   202   317 ..
  608   432   547 ..
  609   662   777 ..
  610   892  1392 .+
  611  2191    53 -.
  612   168   283 ..
  613   398   513 ..
  614   628   743 ..
  615   858  1156 .+
  616  1955  2753 --
  617   134   249 ..
  618   364   479 ..
  619   594   709 ..
  620   824   939 ..
  621  1718  2517 +-
  622   100   215 ..
  623   330   445 ..
  624   560   675 ..
  625   790   905 ..
  626  1482  2281 +-
  627    66   181 ..
  628   296   411 ..
  629   526   641 ..
  630   756   871 ..
  631  1246  2045 +-
  632   956   956 R+
  633   957   957 R+
  634   958   958 R+
  635   959   959 R+
  636   960   960 R+
  637   961   961 R+
  638   962   962 R+
  639   963   963 R+
  640   964   964 R+
  641   965   965 R+
  642   966   966 R+
  643   967   967 R+
  644   968   968 R+
  645   969   969 R+
  646   970   970 R+
  647   971   971 R+
  648   972   972 R+
  649   973   973 R+
  650   974   974 R+
  651   975   975 R+
  652   976   976 R+
  653   977   977 R+
  654   978   978 R+
  655   979   979 R+
Total data plus flush bits=948, p-parity bits=164, q-parity=136, Errors=0, Repetition=64
