R20T1QL8
Channel Interleaving, Puncturing and Mapping to QPSK
Data coding rate = 0.333333 with QPSK, UW coding rate = 0.334928 with BPSK
User data with 32 bit UW =416, with flush=420, p-parity=414+0, q-parity=414,  Channel Symbols=656, Channel Bits=1248
D=416, FECSy=656, DF=420 N=1248, P=414, Puw=0, Q=414, DPQ=1184, dpqstep=731, S=1.014493, ppstart=420.500000, qpstart=841.007263

Symbol   I0    Q0  Pattern= . =data, + =p parity, - =q parity
-------------------------------------------------------------
    0     0     0 R.
    1     1     1 R.
    2     2     2 R.
    3     3     3 R.
    4     4     4 R.
    5     5     5 R.
    6     6     6 R.
    7     7     7 R.
    8     8     8 R.
    9     9     9 R.
   10    10    10 R.
   11    11    11 R.
   12    12    12 R.
   13    13    13 R.
   14    14    14 R.
   15    15    15 R.
   16    16    16 R.
   17    17    17 R.
   18    18    18 R.
   19    19    19 R.
   20    20    20 R.
   21    21    21 R.
   22    22    22 R.
   23    23    23 R.
   24    24    24 R.
   25    25    25 R.
   26    26    26 R.
   27    27    27 R.
   28    28    28 R.
   29    29    29 R.
   30    30    30 R.
   31    31    31 R.
   32   420   420 R+
   33   421   421 R+
   34   422   422 R+
   35   423   423 R+
   36   424   424 R+
   37   425   425 R+
   38   426   426 R+
   39   427   427 R+
   40    32   147 ..
   41   262   377 ..
   42   526   642 ++
   43   759   876 +-
   44   993  1109 --
   45  1226   113 -.
   46   228   343 ..
   47   491   608 ++
   48   724   842 +-
   49   958  1075 --
   50  1192    79 -.
   51   194   309 ..
   52   457   573 ++
   53   690   807 ++
   54   924  1040 --
   55  1157    45 -.
   56   160   275 ..
   57   390   539 .+
   58   655   772 ++
   59   889  1006 --
   60  1123  1239 --
   61   126   241 ..
   62   356   504 .+
   63   621   738 ++
   64   855   971 --
   65  1088  1205 --
   66    92   207 ..
   67   322   470 .+
   68   586   703 ++
   69   820   937 +-
   70  1054  1170 --
   71    58   173 ..
   72   288   403 ..
   73   552   669 ++
   74   785   902 +-
   75  1019  1136 --
   76  1252   139 -.
   77   254   369 ..
   78   517   634 ++
   79   751   868 +-
   80   985  1101 --
   81  1218   105 -.
   82   220   335 ..
   83   483   600 ++
   84   716   833 ++
   85   950  1067 --
   86  1183    71 -.
   87   186   301 ..
   88   416   565 .+
   89   682   798 ++
   90   916  1032 --
   91  1149    37 -.
   92   152   267 ..
   93   382   531 .+
   94   647   764 ++
   95   881   998 --
   96  1114  1231 --
   97   118   233 ..
   98   348   496 .+
   99   613   729 ++
  100   847   963 --
  101  1080  1197 --
  102    84   199 ..
  103   314   462 .+
  104   578   695 ++
  105   812   929 +-
  106  1045  1162 --
  107    50   165 ..
  108   280   395 ..
  109   544   660 ++
  110   777   894 +-
  111  1011  1128 --
  112  1244   131 -.
  113   246   361 ..
  114   509   626 ++
  115   743   860 +-
  116   976  1093 --
  117  1210    97 -.
  118   212   327 ..
  119   475   591 ++
  120   708   825 ++
  121   942  1059 --
  122  1175    63 -.
  123   178   293 ..
  124   408   557 .+
  125   674   790 ++
  126   907  1024 --
  127  1141  1257 --
  128   144   259 ..
  129   374   522 .+
  130   639   756 ++
  131   873   990 --
  132  1106  1223 --
  133   110   225 ..
  134   340   488 .+
  135   605   721 ++
  136   838   955 +-
  137  1072  1188 --
  138    76   191 ..
  139   306   453 .+
  140   570   687 ++
  141   803   921 +-
  142  1037  1154 --
  143    42   157 ..
  144   272   387 ..
  145   536   652 ++
  146   769   886 +-
  147  1003  1119 --
  148  1236   123 -.
  149   238   353 ..
  150   501   618 ++
  151   734   852 +-
  152   968  1085 --
  153  1202    89 -.
  154   204   319 ..
  155   467   583 ++
  156   700   817 ++
  157   934  1051 --
  158  1167    55 -.
  159   170   285 ..
  160   400   549 .+
  161   666   782 ++
  162   899  1016 --
  163  1133  1249 --
  164   136   251 ..
  165   366   514 .+
  166   631   748 ++
  167   865   982 --
  168  1098  1215 --
  169   102   217 ..
  170   332   480 .+
  171   597   713 ++
  172   830   947 +-
  173  1064  1180 --
  174    68   183 ..
  175   298   413 ..
  176   562   679 ++
  177   795   913 +-
  178  1029  1146 --
  179    34   149 ..
  180   264   379 ..
  181   528   644 ++
  182   761   878 +-
  183   995  1111 --
  184  1228   115 -.
  185   230   345 ..
  186   493   610 ++
  187   726   844 +-
  188   960  1077 --
  189  1194    81 -.
  190   196   311 ..
  191   459   575 ++
  192   692   809 ++
  193   926  1042 --
  194  1159    47 -.
  195   162   277 ..
  196   392   541 .+
  197   657   774 ++
  198   891  1008 --
  199  1125  1241 --
  200   128   243 ..
  201   358   506 .+
  202   623   740 ++
  203   857   973 --
  204  1090  1207 --
  205    94   209 ..
  206   324   472 .+
  207   588   705 ++
  208   822   939 +-
  209  1056  1172 --
  210    60   175 ..
  211   290   405 ..
  212   554   671 ++
  213   787   904 +-
  214  1021  1138 --
  215  1254   141 -.
  216   256   371 ..
  217   519   636 ++
  218   753   870 +-
  219   987  1103 --
  220  1220   107 -.
  221   222   337 ..
  222   485   602 ++
  223   718   835 ++
  224   952  1069 --
  225  1185    73 -.
  226   188   303 ..
  227   418   567 .+
  228   684   800 ++
  229   918  1034 --
  230  1151    39 -.
  231   154   269 ..
  232   384   533 .+
  233   649   766 ++
  234   883  1000 --
  235  1116  1233 --
  236   120   235 ..
  237   350   498 .+
  238   615   731 ++
  239   849   965 --
  240  1082  1199 --
  241    86   201 ..
  242   316   464 .+
  243   580   697 ++
  244   814   931 +-
  245  1047  1164 --
  246    52   167 ..
  247   282   397 ..
  248   546   662 ++
  249   779   896 +-
  250  1013  1130 --
  251  1246   133 -.
  252   248   363 ..
  253   511   628 ++
  254   745   862 +-
  255   978  1095 --
  256  1212    99 -.
  257   214   329 ..
  258   477   593 ++
  259   710   827 ++
  260   944  1061 --
  261  1177    65 -.
  262   180   295 ..
  263   410   559 .+
  264   676   792 ++
  265   909  1026 --
  266  1143  1259 --
  267   146   261 ..
  268   376   524 .+
  269   641   758 ++
  270   875   992 --
  271  1108  1225 --
  272   112   227 ..
  273   342   490 .+
  274   607   723 ++
  275   841   957 --
  276  1074  1191 --
  277    78   193 ..
  278   308   456 .+
  279   572   689 ++
  280   806   923 +-
  281  1039  1156 --
  282    44   159 ..
  283   274   389 ..
  284   538   654 ++
  285   771   888 +-
  286  1005  1122 --
  287  1238   125 -.
  288   240   355 ..
  289   503   620 ++
  290   737   854 +-
  291   970  1087 --
  292  1204    91 -.
  293   206   321 ..
  294   469   585 ++
  295   702   819 ++
  296   936  1053 --
  297  1169    57 -.
  298   172   287 ..
  299   402   551 .+
  300   668   784 ++
  301   901  1018 --
  302  1135  1251 --
  303   138   253 ..
  304   368   516 .+
  305   633   750 ++
  306   867   984 --
  307  1100  1217 --
  308   104   219 ..
  309   334   482 .+
  310   599   715 ++
  311   832   949 +-
  312  1066  1182 --
  313    70   185 ..
  314   300   415 ..
  315   564   681 ++
  316   797   915 +-
  317  1031  1148 --
  318    36   151 ..
  319   266   381 ..
  320   530   646 ++
  321   763   880 +-
  322   997  1113 --
  323  1230   117 -.
  324   232   347 ..
  325   495   612 ++
  326   728   846 +-
  327   962  1079 --
  328  1196    83 -.
  329   198   313 ..
  330   461   577 ++
  331   694   811 ++
  332   928  1044 --
  333  1161    49 -.
  334   164   279 ..
  335   394   543 .+
  336   659   776 ++
  337   893  1010 --
  338  1127  1243 --
  339   130   245 ..
  340   360   508 .+
  341   625   742 ++
  342   859   975 --
  343  1092  1209 --
  344    96   211 ..
  345   326   474 .+
  346   590   707 ++
  347   824   941 +-
  348  1058  1174 --
  349    62   177 ..
  350   292   407 ..
  351   556   673 ++
  352   789   906 +-
  353  1023  1140 --
  354  1256   143 -.
  355   258   373 ..
  356   521   638 ++
  357   755   872 +-
  358   989  1105 --
  359  1222   109 -.
  360   224   339 ..
  361   487   604 ++
  362   720   837 ++
  363   954  1071 --
  364  1187    75 -.
  365   190   305 ..
  366   452   569 ++
  367   686   802 ++
  368   920  1036 --
  369  1153    41 -.
  370   156   271 ..
  371   386   535 .+
  372   651   768 ++
  373   885  1002 --
  374  1118  1235 --
  375   122   237 ..
  376   352   500 .+
  377   617   733 ++
  378   851   967 --
  379  1084  1201 --
  380    88   203 ..
  381   318   466 .+
  382   582   699 ++
  383   816   933 +-
  384  1049  1166 --
  385    54   169 ..
  386   284   399 ..
  387   548   664 ++
  388   781   898 +-
  389  1015  1132 --
  390  1248   135 -.
  391   250   365 ..
  392   513   630 ++
  393   747   864 +-
  394   981  1097 --
  395  1214   101 -.
  396   216   331 ..
  397   479   596 ++
  398   712   829 ++
  399   946  1063 --
  400  1179    67 -.
  401   182   297 ..
  402   412   561 .+
  403   678   794 ++
  404   912  1028 --
  405  1145    33 -.
  406   148   263 ..
  407   378   527 .+
  408   643   760 ++
  409   877   994 --
  410  1110  1227 --
  411   114   229 ..
  412   344   492 .+
  413   609   725 ++
  414   843   959 --
  415  1076  1193 --
  416    80   195 ..
  417   310   458 .+
  418   574   691 ++
  419   808   925 +-
  420  1041  1158 --
  421    46   161 ..
  422   276   391 ..
  423   540   656 ++
  424   773   890 +-
  425  1007  1124 --
  426  1240   127 -.
  427   242   357 ..
  428   505   622 ++
  429   739   856 +-
  430   972  1089 --
  431  1206    93 -.
  432   208   323 ..
  433   471   587 ++
  434   704   821 ++
  435   938  1055 --
  436  1171    59 -.
  437   174   289 ..
  438   404   553 .+
  439   670   786 ++
  440   903  1020 --
  441  1137  1253 --
  442   140   255 ..
  443   370   518 .+
  444   635   752 ++
  445   869   986 --
  446  1102  1219 --
  447   106   221 ..
  448   336   484 .+
  449   601   717 ++
  450   834   951 +-
  451  1068  1184 --
  452    72   187 ..
  453   302   417 ..
  454   566   683 ++
  455   799   917 +-
  456  1033  1150 --
  457    38   153 ..
  458   268   383 ..
  459   532   648 ++
  460   765   882 +-
  461   999  1115 --
  462  1232   119 -.
  463   234   349 ..
  464   497   614 ++
  465   730   848 +-
  466   964  1081 --
  467  1198    85 -.
  468   200   315 ..
  469   463   579 ++
  470   696   813 ++
  471   930  1046 --
  472  1163    51 -.
  473   166   281 ..
  474   396   545 .+
  475   661   778 ++
  476   895  1012 --
  477  1129  1245 --
  478   132   247 ..
  479   362   510 .+
  480   627   744 ++
  481   861   977 --
  482  1094  1211 --
  483    98   213 ..
  484   328   476 .+
  485   592   709 ++
  486   826   943 +-
  487  1060  1176 --
  488    64   179 ..
  489   294   409 ..
  490   558   675 ++
  491   791   908 +-
  492  1025  1142 --
  493  1258   145 -.
  494   260   375 ..
  495   523   640 ++
  496   757   874 +-
  497   991  1107 --
  498  1224   111 -.
  499   226   341 ..
  500   489   606 ++
  501   722   839 ++
  502   956  1073 --
  503  1189    77 -.
  504   192   307 ..
  505   454   571 ++
  506   688   804 ++
  507   922  1038 --
  508  1155    43 -.
  509   158   273 ..
  510   388   537 .+
  511   653   770 ++
  512   887  1004 --
  513  1121  1237 --
  514   124   239 ..
  515   354   502 .+
  516   619   736 ++
  517   853   969 --
  518  1086  1203 --
  519    90   205 ..
  520   320   468 .+
  521   584   701 ++
  522   818   935 +-
  523  1052  1168 --
  524    56   171 ..
  525   286   401 ..
  526   550   667 ++
  527   783   900 +-
  528  1017  1134 --
  529  1250   137 -.
  530   252   367 ..
  531   515   632 ++
  532   749   866 +-
  533   983  1099 --
  534  1216   103 -.
  535   218   333 ..
  536   481   598 ++
  537   714   831 ++
  538   948  1065 --
  539  1181    69 -.
  540   184   299 ..
  541   414   563 .+
  542   680   796 ++
  543   914  1030 --
  544  1147    35 -.
  545   150   265 ..
  546   380   529 .+
  547   645   762 ++
  548   879   996 --
  549  1112  1229 --
  550   116   231 ..
  551   346   494 .+
  552   611   727 ++
  553   845   961 --
  554  1078  1195 --
  555    82   197 ..
  556   312   460 .+
  557   576   693 ++
  558   810   927 +-
  559  1043  1160 --
  560    48   163 ..
  561   278   393 ..
  562   542   658 ++
  563   775   892 +-
  564  1009  1126 --
  565  1242   129 -.
  566   244   359 ..
  567   507   624 ++
  568   741   858 +-
  569   974  1091 --
  570  1208    95 -.
  571   210   325 ..
  572   473   589 ++
  573   706   823 ++
  574   940  1057 --
  575  1173    61 -.
  576   176   291 ..
  577   406   555 .+
  578   672   788 ++
  579   905  1022 --
  580  1139  1255 --
  581   142   257 ..
  582   372   520 .+
  583   637   754 ++
  584   871   988 --
  585  1104  1221 --
  586   108   223 ..
  587   338   486 .+
  588   603   719 ++
  589   836   953 +-
  590  1070  1186 --
  591    74   189 ..
  592   304   419 ..
  593   568   685 ++
  594   801   919 +-
  595  1035  1152 --
  596    40   155 ..
  597   270   385 ..
  598   534   650 ++
  599   767   884 +-
  600  1001  1117 --
  601  1234   121 -.
  602   236   351 ..
  603   499   616 ++
  604   732   850 +-
  605   966  1083 --
  606  1200    87 -.
  607   202   317 ..
  608   465   581 ++
  609   698   815 ++
  610   932  1048 --
  611  1165    53 -.
  612   168   283 ..
  613   398   547 .+
  614   663   780 ++
  615   897  1014 --
  616  1131  1247 --
  617   134   249 ..
  618   364   512 .+
  619   629   746 ++
  620   863   979 --
  621  1096  1213 --
  622   100   215 ..
  623   330   478 .+
  624   594   711 ++
  625   828   945 +-
  626  1062  1178 --
  627    66   181 ..
  628   296   411 ..
  629   560   677 ++
  630   793   911 +-
  631  1027  1144 --
  632   428   428 R+
  633   429   429 R+
  634   430   430 R+
  635   431   431 R+
  636   432   432 R+
  637   433   433 R+
  638   434   434 R+
  639   435   435 R+
  640   436   436 R+
  641   437   437 R+
  642   438   438 R+
  643   439   439 R+
  644   440   440 R+
  645   441   441 R+
  646   442   442 R+
  647   443   443 R+
  648   444   444 R+
  649   445   445 R+
  650   446   446 R+
  651   447   447 R+
  652   448   448 R+
  653   449   449 R+
  654   450   450 R+
  655   451   451 R+
Total data plus flush bits=420, p-parity bits=414, q-parity=414, Errors=0, Repetition=64
