R20T2QRE
Channel Interleaving, Puncturing and Mapping to QPSK
Data coding rate = 0.872382 with QPSK, UW coding rate = 0.482597 with BPSK
User data with 32 bit UW =2208, with flush=2212, p-parity=160+29, q-parity=159,  Channel Symbols=1312, Channel Bits=2560
D=2208, FECSy=1312, DF=2212 N=2560, P=160, Puw=29, Q=159, DPQ=2496, dpqstep=1543, S=13.865204, ppstart=2212.500000, qpstart=4431.432617

Symbol   I0    Q0  Pattern= . =data, + =p parity, - =q parity
-------------------------------------------------------------
    0     0     0 R.
    1     1     1 R.
    2     2     2 R.
    3     3     3 R.
    4     4     4 R.
    5     5     5 R.
    6     6     6 R.
    7     7     7 R.
    8     8     8 R.
    9     9     9 R.
   10    10    10 R.
   11    11    11 R.
   12    12    12 R.
   13    13    13 R.
   14    14    14 R.
   15    15    15 R.
   16    16    16 R.
   17    17    17 R.
   18    18    18 R.
   19    19    19 R.
   20    20    20 R.
   21    21    21 R.
   22    22    22 R.
   23    23    23 R.
   24    24    24 R.
   25    25    25 R.
   26    26    26 R.
   27    27    27 R.
   28    28    28 R.
   29    29    29 R.
   30    30    30 R.
   31    31    31 R.
   32  2212  2212 R+
   33  2213  2213 R+
   34  2214  2214 R+
   35  2215  2215 R+
   36  2216  2216 R+
   37  2217  2217 R+
   38  2218  2218 R+
   39  2219  2219 R+
   40    32    87 ..
   41   142   197 ..
   42   252   307 ..
   43   362   417 ..
   44   472   527 ..
   45   582   637 ..
   46   692   747 ..
   47   802   857 ..
   48   912   967 ..
   49  1022  1077 ..
   50  1132  1187 ..
   51  1242  1297 ..
   52  1352  1407 ..
   53  1462  1517 ..
   54  1572  1627 ..
   55  1682  1737 ..
   56  1792  1847 ..
   57  1902  1957 ..
   58  2012  2067 ..
   59  2122  2177 ..
   60  2531  3293 ++
   61  4056  4819 +-
   62  5582  6344 --
   63    66   121 ..
   64   176   231 ..
   65   286   341 ..
   66   396   451 ..
   67   506   561 ..
   68   616   671 ..
   69   726   781 ..
   70   836   891 ..
   71   946  1001 ..
   72  1056  1111 ..
   73  1166  1221 ..
   74  1276  1331 ..
   75  1386  1441 ..
   76  1496  1551 ..
   77  1606  1661 ..
   78  1716  1771 ..
   79  1826  1881 ..
   80  1936  1991 ..
   81  2046  2101 ..
   82  2156  2211 ..
   83  3002  3765 ++
   84  4528  5291 --
   85  6053    45 -.
   86   100   155 ..
   87   210   265 ..
   88   320   375 ..
   89   430   485 ..
   90   540   595 ..
   91   650   705 ..
   92   760   815 ..
   93   870   925 ..
   94   980  1035 ..
   95  1090  1145 ..
   96  1200  1255 ..
   97  1310  1365 ..
   98  1420  1475 ..
   99  1530  1585 ..
  100  1640  1695 ..
  101  1750  1805 ..
  102  1860  1915 ..
  103  1970  2025 ..
  104  2080  2135 ..
  105  2190  2711 .+
  106  3474  4236 ++
  107  4999  5762 --
  108  6525    79 -.
  109   134   189 ..
  110   244   299 ..
  111   354   409 ..
  112   464   519 ..
  113   574   629 ..
  114   684   739 ..
  115   794   849 ..
  116   904   959 ..
  117  1014  1069 ..
  118  1124  1179 ..
  119  1234  1289 ..
  120  1344  1399 ..
  121  1454  1509 ..
  122  1564  1619 ..
  123  1674  1729 ..
  124  1784  1839 ..
  125  1894  1949 ..
  126  2004  2059 ..
  127  2114  2169 ..
  128  2420  3183 ++
  129  3945  4708 +-
  130  5471  6233 --
  131    58   113 ..
  132   168   223 ..
  133   278   333 ..
  134   388   443 ..
  135   498   553 ..
  136   608   663 ..
  137   718   773 ..
  138   828   883 ..
  139   938   993 ..
  140  1048  1103 ..
  141  1158  1213 ..
  142  1268  1323 ..
  143  1378  1433 ..
  144  1488  1543 ..
  145  1598  1653 ..
  146  1708  1763 ..
  147  1818  1873 ..
  148  1928  1983 ..
  149  2038  2093 ..
  150  2148  2203 ..
  151  2891  3654 ++
  152  4417  5180 +-
  153  5942    37 -.
  154    92   147 ..
  155   202   257 ..
  156   312   367 ..
  157   422   477 ..
  158   532   587 ..
  159   642   697 ..
  160   752   807 ..
  161   862   917 ..
  162   972  1027 ..
  163  1082  1137 ..
  164  1192  1247 ..
  165  1302  1357 ..
  166  1412  1467 ..
  167  1522  1577 ..
  168  1632  1687 ..
  169  1742  1797 ..
  170  1852  1907 ..
  171  1962  2017 ..
  172  2072  2127 ..
  173  2182  2600 .+
  174  3363  4125 ++
  175  4888  5651 --
  176  6414    71 -.
  177   126   181 ..
  178   236   291 ..
  179   346   401 ..
  180   456   511 ..
  181   566   621 ..
  182   676   731 ..
  183   786   841 ..
  184   896   951 ..
  185  1006  1061 ..
  186  1116  1171 ..
  187  1226  1281 ..
  188  1336  1391 ..
  189  1446  1501 ..
  190  1556  1611 ..
  191  1666  1721 ..
  192  1776  1831 ..
  193  1886  1941 ..
  194  1996  2051 ..
  195  2106  2161 ..
  196  2309  3072 ++
  197  3834  4597 +-
  198  5360  6122 --
  199    50   105 ..
  200   160   215 ..
  201   270   325 ..
  202   380   435 ..
  203   490   545 ..
  204   600   655 ..
  205   710   765 ..
  206   820   875 ..
  207   930   985 ..
  208  1040  1095 ..
  209  1150  1205 ..
  210  1260  1315 ..
  211  1370  1425 ..
  212  1480  1535 ..
  213  1590  1645 ..
  214  1700  1755 ..
  215  1810  1865 ..
  216  1920  1975 ..
  217  2030  2085 ..
  218  2140  2195 ..
  219  2780  3543 ++
  220  4306  5069 +-
  221  5831  6594 --
  222    84   139 ..
  223   194   249 ..
  224   304   359 ..
  225   414   469 ..
  226   524   579 ..
  227   634   689 ..
  228   744   799 ..
  229   854   909 ..
  230   964  1019 ..
  231  1074  1129 ..
  232  1184  1239 ..
  233  1294  1349 ..
  234  1404  1459 ..
  235  1514  1569 ..
  236  1624  1679 ..
  237  1734  1789 ..
  238  1844  1899 ..
  239  1954  2009 ..
  240  2064  2119 ..
  241  2174  2489 .+
  242  3252  4014 ++
  243  4778  5540 --
  244  6303    63 -.
  245   118   173 ..
  246   228   283 ..
  247   338   393 ..
  248   448   503 ..
  249   558   613 ..
  250   668   723 ..
  251   778   833 ..
  252   888   943 ..
  253   998  1053 ..
  254  1108  1163 ..
  255  1218  1273 ..
  256  1328  1383 ..
  257  1438  1493 ..
  258  1548  1603 ..
  259  1658  1713 ..
  260  1768  1823 ..
  261  1878  1933 ..
  262  1988  2043 ..
  263  2098  2153 ..
  264  2208  2961 .+
  265  3723  4486 +-
  266  5249  6012 --
  267    42    97 ..
  268   152   207 ..
  269   262   317 ..
  270   372   427 ..
  271   482   537 ..
  272   592   647 ..
  273   702   757 ..
  274   812   867 ..
  275   922   977 ..
  276  1032  1087 ..
  277  1142  1197 ..
  278  1252  1307 ..
  279  1362  1417 ..
  280  1472  1527 ..
  281  1582  1637 ..
  282  1692  1747 ..
  283  1802  1857 ..
  284  1912  1967 ..
  285  2022  2077 ..
  286  2132  2187 ..
  287  2670  3432 ++
  288  4195  4958 +-
  289  5720  6483 --
  290    76   131 ..
  291   186   241 ..
  292   296   351 ..
  293   406   461 ..
  294   516   571 ..
  295   626   681 ..
  296   736   791 ..
  297   846   901 ..
  298   956  1011 ..
  299  1066  1121 ..
  300  1176  1231 ..
  301  1286  1341 ..
  302  1396  1451 ..
  303  1506  1561 ..
  304  1616  1671 ..
  305  1726  1781 ..
  306  1836  1891 ..
  307  1946  2001 ..
  308  2056  2111 ..
  309  2166  2378 .+
  310  3141  3904 ++
  311  4667  5429 --
  312  6192    55 -.
  313   110   165 ..
  314   220   275 ..
  315   330   385 ..
  316   440   495 ..
  317   550   605 ..
  318   660   715 ..
  319   770   825 ..
  320   880   935 ..
  321   990  1045 ..
  322  1100  1155 ..
  323  1210  1265 ..
  324  1320  1375 ..
  325  1430  1485 ..
  326  1540  1595 ..
  327  1650  1705 ..
  328  1760  1815 ..
  329  1870  1925 ..
  330  1980  2035 ..
  331  2090  2145 ..
  332  2200  2850 .+
  333  3612  4375 ++
  334  5138  5901 --
  335    34    89 ..
  336   144   199 ..
  337   254   309 ..
  338   364   419 ..
  339   474   529 ..
  340   584   639 ..
  341   694   749 ..
  342   804   859 ..
  343   914   969 ..
  344  1024  1079 ..
  345  1134  1189 ..
  346  1244  1299 ..
  347  1354  1409 ..
  348  1464  1519 ..
  349  1574  1629 ..
  350  1684  1739 ..
  351  1794  1849 ..
  352  1904  1959 ..
  353  2014  2069 ..
  354  2124  2179 ..
  355  2559  3321 ++
  356  4084  4847 +-
  357  5609  6372 --
  358    68   123 ..
  359   178   233 ..
  360   288   343 ..
  361   398   453 ..
  362   508   563 ..
  363   618   673 ..
  364   728   783 ..
  365   838   893 ..
  366   948  1003 ..
  367  1058  1113 ..
  368  1168  1223 ..
  369  1278  1333 ..
  370  1388  1443 ..
  371  1498  1553 ..
  372  1608  1663 ..
  373  1718  1773 ..
  374  1828  1883 ..
  375  1938  1993 ..
  376  2048  2103 ..
  377  2158  2267 .+
  378  3030  3793 ++
  379  4556  5318 --
  380  6081    47 -.
  381   102   157 ..
  382   212   267 ..
  383   322   377 ..
  384   432   487 ..
  385   542   597 ..
  386   652   707 ..
  387   762   817 ..
  388   872   927 ..
  389   982  1037 ..
  390  1092  1147 ..
  391  1202  1257 ..
  392  1312  1367 ..
  393  1422  1477 ..
  394  1532  1587 ..
  395  1642  1697 ..
  396  1752  1807 ..
  397  1862  1917 ..
  398  1972  2027 ..
  399  2082  2137 ..
  400  2192  2739 .+
  401  3501  4264 ++
  402  5027  5790 --
  403  6552    81 -.
  404   136   191 ..
  405   246   301 ..
  406   356   411 ..
  407   466   521 ..
  408   576   631 ..
  409   686   741 ..
  410   796   851 ..
  411   906   961 ..
  412  1016  1071 ..
  413  1126  1181 ..
  414  1236  1291 ..
  415  1346  1401 ..
  416  1456  1511 ..
  417  1566  1621 ..
  418  1676  1731 ..
  419  1786  1841 ..
  420  1896  1951 ..
  421  2006  2061 ..
  422  2116  2171 ..
  423  2448  3210 ++
  424  3973  4736 +-
  425  5499  6261 --
  426    60   115 ..
  427   170   225 ..
  428   280   335 ..
  429   390   445 ..
  430   500   555 ..
  431   610   665 ..
  432   720   775 ..
  433   830   885 ..
  434   940   995 ..
  435  1050  1105 ..
  436  1160  1215 ..
  437  1270  1325 ..
  438  1380  1435 ..
  439  1490  1545 ..
  440  1600  1655 ..
  441  1710  1765 ..
  442  1820  1875 ..
  443  1930  1985 ..
  444  2040  2095 ..
  445  2150  2205 ..
  446  2919  3682 ++
  447  4445  5207 --
  448  5970    39 -.
  449    94   149 ..
  450   204   259 ..
  451   314   369 ..
  452   424   479 ..
  453   534   589 ..
  454   644   699 ..
  455   754   809 ..
  456   864   919 ..
  457   974  1029 ..
  458  1084  1139 ..
  459  1194  1249 ..
  460  1304  1359 ..
  461  1414  1469 ..
  462  1524  1579 ..
  463  1634  1689 ..
  464  1744  1799 ..
  465  1854  1909 ..
  466  1964  2019 ..
  467  2074  2129 ..
  468  2184  2628 .+
  469  3391  4153 ++
  470  4916  5679 --
  471  6441    73 -.
  472   128   183 ..
  473   238   293 ..
  474   348   403 ..
  475   458   513 ..
  476   568   623 ..
  477   678   733 ..
  478   788   843 ..
  479   898   953 ..
  480  1008  1063 ..
  481  1118  1173 ..
  482  1228  1283 ..
  483  1338  1393 ..
  484  1448  1503 ..
  485  1558  1613 ..
  486  1668  1723 ..
  487  1778  1833 ..
  488  1888  1943 ..
  489  1998  2053 ..
  490  2108  2163 ..
  491  2337  3099 ++
  492  3862  4625 +-
  493  5388  6150 --
  494    52   107 ..
  495   162   217 ..
  496   272   327 ..
  497   382   437 ..
  498   492   547 ..
  499   602   657 ..
  500   712   767 ..
  501   822   877 ..
  502   932   987 ..
  503  1042  1097 ..
  504  1152  1207 ..
  505  1262  1317 ..
  506  1372  1427 ..
  507  1482  1537 ..
  508  1592  1647 ..
  509  1702  1757 ..
  510  1812  1867 ..
  511  1922  1977 ..
  512  2032  2087 ..
  513  2142  2197 ..
  514  2808  3571 ++
  515  4333  5096 +-
  516  5859  6622 --
  517    86   141 ..
  518   196   251 ..
  519   306   361 ..
  520   416   471 ..
  521   526   581 ..
  522   636   691 ..
  523   746   801 ..
  524   856   911 ..
  525   966  1021 ..
  526  1076  1131 ..
  527  1186  1241 ..
  528  1296  1351 ..
  529  1406  1461 ..
  530  1516  1571 ..
  531  1626  1681 ..
  532  1736  1791 ..
  533  1846  1901 ..
  534  1956  2011 ..
  535  2066  2121 ..
  536  2176  2517 .+
  537  3280  4042 ++
  538  4805  5568 --
  539  6330    65 -.
  540   120   175 ..
  541   230   285 ..
  542   340   395 ..
  543   450   505 ..
  544   560   615 ..
  545   670   725 ..
  546   780   835 ..
  547   890   945 ..
  548  1000  1055 ..
  549  1110  1165 ..
  550  1220  1275 ..
  551  1330  1385 ..
  552  1440  1495 ..
  553  1550  1605 ..
  554  1660  1715 ..
  555  1770  1825 ..
  556  1880  1935 ..
  557  1990  2045 ..
  558  2100  2155 ..
  559  2210  2988 .+
  560  3751  4514 +-
  561  5277  6039 --
  562    44    99 ..
  563   154   209 ..
  564   264   319 ..
  565   374   429 ..
  566   484   539 ..
  567   594   649 ..
  568   704   759 ..
  569   814   869 ..
  570   924   979 ..
  571  1034  1089 ..
  572  1144  1199 ..
  573  1254  1309 ..
  574  1364  1419 ..
  575  1474  1529 ..
  576  1584  1639 ..
  577  1694  1749 ..
  578  1804  1859 ..
  579  1914  1969 ..
  580  2024  2079 ..
  581  2134  2189 ..
  582  2697  3460 ++
  583  4222  4986 +-
  584  5748  6511 --
  585    78   133 ..
  586   188   243 ..
  587   298   353 ..
  588   408   463 ..
  589   518   573 ..
  590   628   683 ..
  591   738   793 ..
  592   848   903 ..
  593   958  1013 ..
  594  1068  1123 ..
  595  1178  1233 ..
  596  1288  1343 ..
  597  1398  1453 ..
  598  1508  1563 ..
  599  1618  1673 ..
  600  1728  1783 ..
  601  1838  1893 ..
  602  1948  2003 ..
  603  2058  2113 ..
  604  2168  2406 .+
  605  3169  3931 ++
  606  4694  5457 --
  607  6220    57 -.
  608   112   167 ..
  609   222   277 ..
  610   332   387 ..
  611   442   497 ..
  612   552   607 ..
  613   662   717 ..
  614   772   827 ..
  615   882   937 ..
  616   992  1047 ..
  617  1102  1157 ..
  618  1212  1267 ..
  619  1322  1377 ..
  620  1432  1487 ..
  621  1542  1597 ..
  622  1652  1707 ..
  623  1762  1817 ..
  624  1872  1927 ..
  625  1982  2037 ..
  626  2092  2147 ..
  627  2202  2878 .+
  628  3640  4403 ++
  629  5166  5928 --
  630    36    91 ..
  631   146   201 ..
  632   256   311 ..
  633   366   421 ..
  634   476   531 ..
  635   586   641 ..
  636   696   751 ..
  637   806   861 ..
  638   916   971 ..
  639  1026  1081 ..
  640  1136  1191 ..
  641  1246  1301 ..
  642  1356  1411 ..
  643  1466  1521 ..
  644  1576  1631 ..
  645  1686  1741 ..
  646  1796  1851 ..
  647  1906  1961 ..
  648  2016  2071 ..
  649  2126  2181 ..
  650  2586  3349 ++
  651  4112  4875 +-
  652  5637  6400 --
  653    70   125 ..
  654   180   235 ..
  655   290   345 ..
  656   400   455 ..
  657   510   565 ..
  658   620   675 ..
  659   730   785 ..
  660   840   895 ..
  661   950  1005 ..
  662  1060  1115 ..
  663  1170  1225 ..
  664  1280  1335 ..
  665  1390  1445 ..
  666  1500  1555 ..
  667  1610  1665 ..
  668  1720  1775 ..
  669  1830  1885 ..
  670  1940  1995 ..
  671  2050  2105 ..
  672  2160  2295 .+
  673  3058  3820 ++
  674  4583  5346 --
  675  6109    49 -.
  676   104   159 ..
  677   214   269 ..
  678   324   379 ..
  679   434   489 ..
  680   544   599 ..
  681   654   709 ..
  682   764   819 ..
  683   874   929 ..
  684   984  1039 ..
  685  1094  1149 ..
  686  1204  1259 ..
  687  1314  1369 ..
  688  1424  1479 ..
  689  1534  1589 ..
  690  1644  1699 ..
  691  1754  1809 ..
  692  1864  1919 ..
  693  1974  2029 ..
  694  2084  2139 ..
  695  2194  2767 .+
  696  3529  4292 ++
  697  5055  5817 --
  698  6580    83 -.
  699   138   193 ..
  700   248   303 ..
  701   358   413 ..
  702   468   523 ..
  703   578   633 ..
  704   688   743 ..
  705   798   853 ..
  706   908   963 ..
  707  1018  1073 ..
  708  1128  1183 ..
  709  1238  1293 ..
  710  1348  1403 ..
  711  1458  1513 ..
  712  1568  1623 ..
  713  1678  1733 ..
  714  1788  1843 ..
  715  1898  1953 ..
  716  2008  2063 ..
  717  2118  2173 ..
  718  2475  3238 ++
  719  4001  4764 +-
  720  5526  6289 --
  721    62   117 ..
  722   172   227 ..
  723   282   337 ..
  724   392   447 ..
  725   502   557 ..
  726   612   667 ..
  727   722   777 ..
  728   832   887 ..
  729   942   997 ..
  730  1052  1107 ..
  731  1162  1217 ..
  732  1272  1327 ..
  733  1382  1437 ..
  734  1492  1547 ..
  735  1602  1657 ..
  736  1712  1767 ..
  737  1822  1877 ..
  738  1932  1987 ..
  739  2042  2097 ..
  740  2152  2207 ..
  741  2947  3709 ++
  742  4473  5235 --
  743  5998    41 -.
  744    96   151 ..
  745   206   261 ..
  746   316   371 ..
  747   426   481 ..
  748   536   591 ..
  749   646   701 ..
  750   756   811 ..
  751   866   921 ..
  752   976  1031 ..
  753  1086  1141 ..
  754  1196  1251 ..
  755  1306  1361 ..
  756  1416  1471 ..
  757  1526  1581 ..
  758  1636  1691 ..
  759  1746  1801 ..
  760  1856  1911 ..
  761  1966  2021 ..
  762  2076  2131 ..
  763  2186  2656 .+
  764  3418  4181 ++
  765  4944  5707 --
  766  6469    75 -.
  767   130   185 ..
  768   240   295 ..
  769   350   405 ..
  770   460   515 ..
  771   570   625 ..
  772   680   735 ..
  773   790   845 ..
  774   900   955 ..
  775  1010  1065 ..
  776  1120  1175 ..
  777  1230  1285 ..
  778  1340  1395 ..
  779  1450  1505 ..
  780  1560  1615 ..
  781  1670  1725 ..
  782  1780  1835 ..
  783  1890  1945 ..
  784  2000  2055 ..
  785  2110  2165 ..
  786  2365  3127 ++
  787  3890  4653 +-
  788  5415  6178 --
  789    54   109 ..
  790   164   219 ..
  791   274   329 ..
  792   384   439 ..
  793   494   549 ..
  794   604   659 ..
  795   714   769 ..
  796   824   879 ..
  797   934   989 ..
  798  1044  1099 ..
  799  1154  1209 ..
  800  1264  1319 ..
  801  1374  1429 ..
  802  1484  1539 ..
  803  1594  1649 ..
  804  1704  1759 ..
  805  1814  1869 ..
  806  1924  1979 ..
  807  2034  2089 ..
  808  2144  2199 ..
  809  2836  3599 ++
  810  4361  5124 +-
  811  5887    33 -.
  812    88   143 ..
  813   198   253 ..
  814   308   363 ..
  815   418   473 ..
  816   528   583 ..
  817   638   693 ..
  818   748   803 ..
  819   858   913 ..
  820   968  1023 ..
  821  1078  1133 ..
  822  1188  1243 ..
  823  1298  1353 ..
  824  1408  1463 ..
  825  1518  1573 ..
  826  1628  1683 ..
  827  1738  1793 ..
  828  1848  1903 ..
  829  1958  2013 ..
  830  2068  2123 ..
  831  2178  2545 .+
  832  3307  4070 ++
  833  4833  5596 --
  834  6358    67 -.
  835   122   177 ..
  836   232   287 ..
  837   342   397 ..
  838   452   507 ..
  839   562   617 ..
  840   672   727 ..
  841   782   837 ..
  842   892   947 ..
  843  1002  1057 ..
  844  1112  1167 ..
  845  1222  1277 ..
  846  1332  1387 ..
  847  1442  1497 ..
  848  1552  1607 ..
  849  1662  1717 ..
  850  1772  1827 ..
  851  1882  1937 ..
  852  1992  2047 ..
  853  2102  2157 ..
  854  2254  3016 ++
  855  3779  4542 +-
  856  5304  6067 --
  857    46   101 ..
  858   156   211 ..
  859   266   321 ..
  860   376   431 ..
  861   486   541 ..
  862   596   651 ..
  863   706   761 ..
  864   816   871 ..
  865   926   981 ..
  866  1036  1091 ..
  867  1146  1201 ..
  868  1256  1311 ..
  869  1366  1421 ..
  870  1476  1531 ..
  871  1586  1641 ..
  872  1696  1751 ..
  873  1806  1861 ..
  874  1916  1971 ..
  875  2026  2081 ..
  876  2136  2191 ..
  877  2725  3488 ++
  878  4250  5013 +-
  879  5776  6538 --
  880    80   135 ..
  881   190   245 ..
  882   300   355 ..
  883   410   465 ..
  884   520   575 ..
  885   630   685 ..
  886   740   795 ..
  887   850   905 ..
  888   960  1015 ..
  889  1070  1125 ..
  890  1180  1235 ..
  891  1290  1345 ..
  892  1400  1455 ..
  893  1510  1565 ..
  894  1620  1675 ..
  895  1730  1785 ..
  896  1840  1895 ..
  897  1950  2005 ..
  898  2060  2115 ..
  899  2170  2434 .+
  900  3196  3959 ++
  901  4722  5485 --
  902  6247    59 -.
  903   114   169 ..
  904   224   279 ..
  905   334   389 ..
  906   444   499 ..
  907   554   609 ..
  908   664   719 ..
  909   774   829 ..
  910   884   939 ..
  911   994  1049 ..
  912  1104  1159 ..
  913  1214  1269 ..
  914  1324  1379 ..
  915  1434  1489 ..
  916  1544  1599 ..
  917  1654  1709 ..
  918  1764  1819 ..
  919  1874  1929 ..
  920  1984  2039 ..
  921  2094  2149 ..
  922  2204  2905 .+
  923  3668  4431 +-
  924  5194  5956 --
  925    38    93 ..
  926   148   203 ..
  927   258   313 ..
  928   368   423 ..
  929   478   533 ..
  930   588   643 ..
  931   698   753 ..
  932   808   863 ..
  933   918   973 ..
  934  1028  1083 ..
  935  1138  1193 ..
  936  1248  1303 ..
  937  1358  1413 ..
  938  1468  1523 ..
  939  1578  1633 ..
  940  1688  1743 ..
  941  1798  1853 ..
  942  1908  1963 ..
  943  2018  2073 ..
  944  2128  2183 ..
  945  2614  3377 ++
  946  4139  4902 +-
  947  5665  6428 --
  948    72   127 ..
  949   182   237 ..
  950   292   347 ..
  951   402   457 ..
  952   512   567 ..
  953   622   677 ..
  954   732   787 ..
  955   842   897 ..
  956   952  1007 ..
  957  1062  1117 ..
  958  1172  1227 ..
  959  1282  1337 ..
  960  1392  1447 ..
  961  1502  1557 ..
  962  1612  1667 ..
  963  1722  1777 ..
  964  1832  1887 ..
  965  1942  1997 ..
  966  2052  2107 ..
  967  2162  2323 .+
  968  3086  3848 ++
  969  4611  5374 --
  970  6136    51 -.
  971   106   161 ..
  972   216   271 ..
  973   326   381 ..
  974   436   491 ..
  975   546   601 ..
  976   656   711 ..
  977   766   821 ..
  978   876   931 ..
  979   986  1041 ..
  980  1096  1151 ..
  981  1206  1261 ..
  982  1316  1371 ..
  983  1426  1481 ..
  984  1536  1591 ..
  985  1646  1701 ..
  986  1756  1811 ..
  987  1866  1921 ..
  988  1976  2031 ..
  989  2086  2141 ..
  990  2196  2794 .+
  991  3557  4320 ++
  992  5083  5845 --
  993  6608    85 -.
  994   140   195 ..
  995   250   305 ..
  996   360   415 ..
  997   470   525 ..
  998   580   635 ..
  999   690   745 ..
 1000   800   855 ..
 1001   910   965 ..
 1002  1020  1075 ..
 1003  1130  1185 ..
 1004  1240  1295 ..
 1005  1350  1405 ..
 1006  1460  1515 ..
 1007  1570  1625 ..
 1008  1680  1735 ..
 1009  1790  1845 ..
 1010  1900  1955 ..
 1011  2010  2065 ..
 1012  2120  2175 ..
 1013  2503  3266 ++
 1014  4028  4791 +-
 1015  5554  6317 --
 1016    64   119 ..
 1017   174   229 ..
 1018   284   339 ..
 1019   394   449 ..
 1020   504   559 ..
 1021   614   669 ..
 1022   724   779 ..
 1023   834   889 ..
 1024   944   999 ..
 1025  1054  1109 ..
 1026  1164  1219 ..
 1027  1274  1329 ..
 1028  1384  1439 ..
 1029  1494  1549 ..
 1030  1604  1659 ..
 1031  1714  1769 ..
 1032  1824  1879 ..
 1033  1934  1989 ..
 1034  2044  2099 ..
 1035  2154  2209 ..
 1036  2975  3737 ++
 1037  4500  5263 --
 1038  6025    43 -.
 1039    98   153 ..
 1040   208   263 ..
 1041   318   373 ..
 1042   428   483 ..
 1043   538   593 ..
 1044   648   703 ..
 1045   758   813 ..
 1046   868   923 ..
 1047   978  1033 ..
 1048  1088  1143 ..
 1049  1198  1253 ..
 1050  1308  1363 ..
 1051  1418  1473 ..
 1052  1528  1583 ..
 1053  1638  1693 ..
 1054  1748  1803 ..
 1055  1858  1913 ..
 1056  1968  2023 ..
 1057  2078  2133 ..
 1058  2188  2683 .+
 1059  3446  4209 ++
 1060  4972  5734 --
 1061  6497    77 -.
 1062   132   187 ..
 1063   242   297 ..
 1064   352   407 ..
 1065   462   517 ..
 1066   572   627 ..
 1067   682   737 ..
 1068   792   847 ..
 1069   902   957 ..
 1070  1012  1067 ..
 1071  1122  1177 ..
 1072  1232  1287 ..
 1073  1342  1397 ..
 1074  1452  1507 ..
 1075  1562  1617 ..
 1076  1672  1727 ..
 1077  1782  1837 ..
 1078  1892  1947 ..
 1079  2002  2057 ..
 1080  2112  2167 ..
 1081  2392  3155 ++
 1082  3917  4681 +-
 1083  5443  6206 --
 1084    56   111 ..
 1085   166   221 ..
 1086   276   331 ..
 1087   386   441 ..
 1088   496   551 ..
 1089   606   661 ..
 1090   716   771 ..
 1091   826   881 ..
 1092   936   991 ..
 1093  1046  1101 ..
 1094  1156  1211 ..
 1095  1266  1321 ..
 1096  1376  1431 ..
 1097  1486  1541 ..
 1098  1596  1651 ..
 1099  1706  1761 ..
 1100  1816  1871 ..
 1101  1926  1981 ..
 1102  2036  2091 ..
 1103  2146  2201 ..
 1104  2864  3626 ++
 1105  4389  5152 +-
 1106  5915    35 -.
 1107    90   145 ..
 1108   200   255 ..
 1109   310   365 ..
 1110   420   475 ..
 1111   530   585 ..
 1112   640   695 ..
 1113   750   805 ..
 1114   860   915 ..
 1115   970  1025 ..
 1116  1080  1135 ..
 1117  1190  1245 ..
 1118  1300  1355 ..
 1119  1410  1465 ..
 1120  1520  1575 ..
 1121  1630  1685 ..
 1122  1740  1795 ..
 1123  1850  1905 ..
 1124  1960  2015 ..
 1125  2070  2125 ..
 1126  2180  2572 .+
 1127  3335  4098 ++
 1128  4861  5623 --
 1129  6386    69 -.
 1130   124   179 ..
 1131   234   289 ..
 1132   344   399 ..
 1133   454   509 ..
 1134   564   619 ..
 1135   674   729 ..
 1136   784   839 ..
 1137   894   949 ..
 1138  1004  1059 ..
 1139  1114  1169 ..
 1140  1224  1279 ..
 1141  1334  1389 ..
 1142  1444  1499 ..
 1143  1554  1609 ..
 1144  1664  1719 ..
 1145  1774  1829 ..
 1146  1884  1939 ..
 1147  1994  2049 ..
 1148  2104  2159 ..
 1149  2281  3044 ++
 1150  3806  4570 +-
 1151  5332  6095 --
 1152    48   103 ..
 1153   158   213 ..
 1154   268   323 ..
 1155   378   433 ..
 1156   488   543 ..
 1157   598   653 ..
 1158   708   763 ..
 1159   818   873 ..
 1160   928   983 ..
 1161  1038  1093 ..
 1162  1148  1203 ..
 1163  1258  1313 ..
 1164  1368  1423 ..
 1165  1478  1533 ..
 1166  1588  1643 ..
 1167  1698  1753 ..
 1168  1808  1863 ..
 1169  1918  1973 ..
 1170  2028  2083 ..
 1171  2138  2193 ..
 1172  2753  3515 ++
 1173  4278  5041 +-
 1174  5804  6566 --
 1175    82   137 ..
 1176   192   247 ..
 1177   302   357 ..
 1178   412   467 ..
 1179   522   577 ..
 1180   632   687 ..
 1181   742   797 ..
 1182   852   907 ..
 1183   962  1017 ..
 1184  1072  1127 ..
 1185  1182  1237 ..
 1186  1292  1347 ..
 1187  1402  1457 ..
 1188  1512  1567 ..
 1189  1622  1677 ..
 1190  1732  1787 ..
 1191  1842  1897 ..
 1192  1952  2007 ..
 1193  2062  2117 ..
 1194  2172  2462 .+
 1195  3224  3987 ++
 1196  4750  5512 --
 1197  6275    61 -.
 1198   116   171 ..
 1199   226   281 ..
 1200   336   391 ..
 1201   446   501 ..
 1202   556   611 ..
 1203   666   721 ..
 1204   776   831 ..
 1205   886   941 ..
 1206   996  1051 ..
 1207  1106  1161 ..
 1208  1216  1271 ..
 1209  1326  1381 ..
 1210  1436  1491 ..
 1211  1546  1601 ..
 1212  1656  1711 ..
 1213  1766  1821 ..
 1214  1876  1931 ..
 1215  1986  2041 ..
 1216  2096  2151 ..
 1217  2206  2933 .+
 1218  3696  4459 +-
 1219  5221  5984 --
 1220    40    95 ..
 1221   150   205 ..
 1222   260   315 ..
 1223   370   425 ..
 1224   480   535 ..
 1225   590   645 ..
 1226   700   755 ..
 1227   810   865 ..
 1228   920   975 ..
 1229  1030  1085 ..
 1230  1140  1195 ..
 1231  1250  1305 ..
 1232  1360  1415 ..
 1233  1470  1525 ..
 1234  1580  1635 ..
 1235  1690  1745 ..
 1236  1800  1855 ..
 1237  1910  1965 ..
 1238  2020  2075 ..
 1239  2130  2185 ..
 1240  2642  3404 ++
 1241  4167  4930 +-
 1242  5693  6455 --
 1243    74   129 ..
 1244   184   239 ..
 1245   294   349 ..
 1246   404   459 ..
 1247   514   569 ..
 1248   624   679 ..
 1249   734   789 ..
 1250   844   899 ..
 1251   954  1009 ..
 1252  1064  1119 ..
 1253  1174  1229 ..
 1254  1284  1339 ..
 1255  1394  1449 ..
 1256  1504  1559 ..
 1257  1614  1669 ..
 1258  1724  1779 ..
 1259  1834  1889 ..
 1260  1944  1999 ..
 1261  2054  2109 ..
 1262  2164  2351 .+
 1263  3113  3876 ++
 1264  4639  5401 --
 1265  6164    53 -.
 1266   108   163 ..
 1267   218   273 ..
 1268   328   383 ..
 1269   438   493 ..
 1270   548   603 ..
 1271   658   713 ..
 1272   768   823 ..
 1273   878   933 ..
 1274   988  1043 ..
 1275  1098  1153 ..
 1276  1208  1263 ..
 1277  1318  1373 ..
 1278  1428  1483 ..
 1279  1538  1593 ..
 1280  1648  1703 ..
 1281  1758  1813 ..
 1282  1868  1923 ..
 1283  1978  2033 ..
 1284  2088  2143 ..
 1285  2198  2822 .+
 1286  3585  4347 ++
 1287  5110  5873 --
 1288  2220  2220 R+
 1289  2221  2221 R+
 1290  2222  2222 R+
 1291  2223  2223 R+
 1292  2224  2224 R+
 1293  2225  2225 R+
 1294  2226  2226 R+
 1295  2227  2227 R+
 1296  2228  2228 R+
 1297  2229  2229 R+
 1298  2230  2230 R+
 1299  2231  2231 R+
 1300  2232  2232 R+
 1301  2233  2233 R+
 1302  2234  2234 R+
 1303  2235  2235 R+
 1304  2236  2236 R+
 1305  2237  2237 R+
 1306  2238  2238 R+
 1307  2239  2239 R+
 1308  2240  2240 R+
 1309  2241  2241 R+
 1310  2242  2242 R+
 1311  2243  2243 R+
Total data plus flush bits=2212, p-parity bits=189, q-parity=159, Errors=0, Repetition=64
