R20T1XH6
Channel Interleaving, Puncturing and Mapping to 16-QAM
User data=2032, with flush=2036, Channel Symbols=596, Channel Bits=2384, Parity=348, p=q=174, Coding Rate=0.852349
D=2032, FECSy=596, DF=2036, N=2384, P=348, p=174, distep=1259, dd=0, pistep=107, pp=173, ppstep=11.701149, ppstart=2036.500000, qpstart=4078.350586, k=-422, mx=1.412322

Symbol   I1    I0    Q1    Q0  Pattern= . =data, + =p parity, - =q parity
-------------------------------------------------------------------------
    0     0   482  1259  1741 ....
    1   964  4060   187  4078 .+.-
    2  1446  1928   669  1151 ....
    3   374   856  1633    79 ....
    4  1338  3276   561  4862 .+.-
    5  1820   266  1043  1525 ....
    6   748  1230  2007   453 ....
    7  1712  2492   935  5646 .+.-
    8   158   640  1417  1899 ....
    9  1122  1604   345   827 ....
   10    50   532  1309  1791 ....
   11  1014  3744   237  4394 .+.-
   12  1496  1978   719  1201 ....
   13   424   906  1683   129 ....
   14  1388  2960   611  5178 .+.-
   15  1870   316  1093  1575 ....
   16   798  1280    21   503 ....
   17  1762   208   985  1467 ....
   18   690  2176  1949  5962 .+.-
   19  1172  1654   395   877 ....
   20   100   582  1359  1841 ....
   21  1064  3428   287  4710 .+.-
   22  1546  2028   769  1251 ....
   23   474   956  1733   179 ....
   24  1438  2644   661  5494 .+.-
   25  1920   366  1143  1625 ....
   26   848  1330    71   553 ....
   27  1812   258  1035  1517 ....
   28   740  3896  1999  4242 .+.-
   29  1222  1704   445   927 ....
   30   150   632  1409  1891 ....
   31  1114  3113   337  5026 .+.-
   32  1596    42   819  1301 ....
   33   524  1006  1783   229 ....
   34  1488  1970   711  1193 ....
   35   416  2329  1675  5810 .+.-
   36   898  1380   121   603 ....
   37  1862   308  1085  1567 ....
   38   790  3581    13  4558 .+.-
   39  1272  1754   495   977 ....
   40   200   682  1459  1941 ....
   41  1164  1646   387   869 ....
   42    92  2797  1351  5342 .+.-
   43   574  1056  1833   279 ....
   44  1538  2020   761  1243 ....
   45   466  4049  1725  4090 .+.-
   46   948  1430   171   653 ....
   47  1912   358  1135  1617 ....
   48   840  3265    63  4874 .+.-
   49  1322  1804   545  1027 ....
   50   250   732  1509  1991 ....
   51  1214  1696   437   919 ....
   52   142  2481  1401  5658 .+.-
   53   624  1106  1883   329 ....
   54  1588    34   811  1293 ....
   55   516  3733  1775  4405 .+.-
   56   998  1480   221   703 ....
   57  1962   408  1185  1667 ....
   58   890  1372   113   595 ....
   59  1854  2949  1077  5189 .+.-
   60   300   782  1559     5 ....
   61  1264  1746   487   969 ....
   62   192  2165  1451  5973 .+.-
   63   674  1156  1933   379 ....
   64  1638    84   861  1343 ....
   65   566  1048  1825   271 ....
   66  1530  3417   753  4721 .+.-
   67  2012   458  1235  1717 ....
   68   940  1422   163   645 ....
   69  1904  2633  1127  5505 .+.-
   70   350   832  1609    55 ....
   71  1314  1796   537  1019 ....
   72   242  3885  1501  4253 .+.-
   73   724  1206  1983   429 ....
   74  1688   134   911  1393 ....
   75   616  1098  1875   321 ....
   76  1580  3101   803  5037 .+.-
   77    26   508  1285  1767 ....
   78   990  1472   213   695 ....
   79  1954  2317  1177  5821 .+.-
   80   400   882  1659   105 ....
   81  1364  1846   587  1069 ....
   82   292   774  1551  2033 ....
   83  1256  3569   479  4569 .+.-
   84  1738   184   961  1443 ....
   85   666  1148  1925   371 ....
   86  1630  2785   853  5353 .+.-
   87    76   558  1335  1817 ....
   88  1040  1522   263   745 ....
   89  2004   450  1227  1709 ....
   90   932  4037   155  4101 .+.-
   91  1414  1896   637  1119 ....
   92   342   824  1601    47 ....
   93  1306  3253   529  4885 .+.-
   94  1788   234  1011  1493 ....
   95   716  1198  1975   421 ....
   96  1680  2469   903  5669 .+.-
   97   126   608  1385  1867 ....
   98  1090  1572   313   795 ....
   99    18   500  1277  1759 ....
  100   982  3721   205  4417 .+.-
  101  1464  1946   687  1169 ....
  102   392   874  1651    97 ....
  103  1356  2937   579  5201 .+.-
  104  1838   284  1061  1543 ....
  105   766  1248  2025   471 ....
  106  1730   176   953  1435 ....
  107   658  2153  1917  5985 .+.-
  108  1140  1622   363   845 ....
  109    68   550  1327  1809 ....
  110  1032  3405   255  4733 .+.-
  111  1514  1996   737  1219 ....
  112   442   924  1701   147 ....
  113  1406  1888   629  1111 ....
  114   334  2621  1593  5517 .+.-
  115   816  1298    39   521 ....
  116  1780   226  1003  1485 ....
  117   708  3873  1967  4265 .+.-
  118  1190  1672   413   895 ....
  119   118   600  1377  1859 ....
  120  1082  3089   305  5049 .+.-
  121  1564    10   787  1269 ....
  122   492   974  1751   197 ....
  123  1456  1938   679  1161 ....
  124   384  2305  1643  5833 .+.-
  125   866  1348    89   571 ....
  126  1830   276  1053  1535 ....
  127   758  3557  2017  4581 .+.-
  128  1240  1722   463   945 ....
  129   168   650  1427  1909 ....
  130  1132  1614   355   837 ....
  131    60  2773  1319  5365 .+.-
  132   542  1024  1801   247 ....
  133  1506  1988   729  1211 ....
  134   434  4025  1693  4113 .+.-
  135   916  1398   139   621 ....
  136  1880   326  1103  1585 ....
  137   808  1290    31   513 ....
  138  1772  3241   995  4897 .+.-
  139   218   700  1477  1959 ....
  140  1182  1664   405   887 ....
  141   110  2457  1369  5681 .+.-
  142   592  1074  1851   297 ....
  143  1556     2   779  1261 ....
  144   484  3709  1743  4429 .+.-
  145   966  1448   189   671 ....
  146  1930   376  1153  1635 ....
  147   858  1340    81   563 ....
  148  1822  2925  1045  5213 .+.-
  149   268   750  1527  2009 ....
  150  1232  1714   455   937 ....
  151   160  2141  1419  5997 .+.-
  152   642  1124  1901   347 ....
  153  1606    52   829  1311 ....
  154   534  1016  1793   239 ....
  155  1498  3393   721  4745 .+.-
  156  1980   426  1203  1685 ....
  157   908  1390   131   613 ....
  158  1872  2609  1095  5529 .+.-
  159   318   800  1577    23 ....
  160  1282  1764   505   987 ....
  161   210  3861  1469  4277 .+.-
  162   692  1174  1951   397 ....
  163  1656   102   879  1361 ....
  164   584  1066  1843   289 ....
  165  1548  3077   771  5061 .+.-
  166  2030   476  1253  1735 ....
  167   958  1440   181   663 ....
  168  1922  2293  1145  5845 .+.-
  169   368   850  1627    73 ....
  170  1332  1814   555  1037 ....
  171   260   742  1519  2001 ....
  172  1224  3545   447  4593 .+.-
  173  1706   152   929  1411 ....
  174   634  1116  1893   339 ....
  175  1598  2761   821  5377 .+.-
  176    44   526  1303  1785 ....
  177  1008  1490   231   713 ....
  178  1972   418  1195  1677 ....
  179   900  4013   123  4125 .+.-
  180  1382  1864   605  1087 ....
  181   310   792  1569    15 ....
  182  1274  3230   497  4909 .+.-
  183  1756   202   979  1461 ....
  184   684  1166  1943   389 ....
  185  1648  2446   871  5693 .+.-
  186    94   576  1353  1835 ....
  187  1058  1540   281   763 ....
  188  2022   468  1245  1727 ....
  189   950  3698   173  4441 .+.-
  190  1432  1914   655  1137 ....
  191   360   842  1619    65 ....
  192  1324  2914   547  5225 .+.-
  193  1806   252  1029  1511 ....
  194   734  1216  1993   439 ....
  195  1698   144   921  1403 ....
  196   626  2130  1885  6009 .+.-
  197  1108  1590   331   813 ....
  198    36   518  1295  1777 ....
  199  1000  3382   223  4757 .+.-
  200  1482  1964   705  1187 ....
  201   410   892  1669   115 ....
  202  1374  1856   597  1079 ....
  203   302  2598  1561  5540 .+.-
  204   784  1266     7   489 ....
  205  1748   194   971  1453 ....
  206   676  3850  1935  4288 .+.-
  207  1158  1640   381   863 ....
  208    86   568  1345  1827 ....
  209  1050  3066   273  5072 .+.-
  210  1532  2014   755  1237 ....
  211   460   942  1719   165 ....
  212  1424  1906   647  1129 ....
  213   352  2282  1611  5856 .+.-
  214   834  1316    57   539 ....
  215  1798   244  1021  1503 ....
  216   726  3534  1985  4604 .+.-
  217  1208  1690   431   913 ....
  218   136   618  1395  1877 ....
  219  1100  1582   323   805 ....
  220    28  2750  1287  5388 .+.-
  221   510   992  1769   215 ....
  222  1474  1956   697  1179 ....
  223   402  4002  1661  4136 .+.-
  224   884  1366   107   589 ....
  225  1848   294  1071  1553 ....
  226   776  1258  2035   481 ....
  227  1740  3218   963  4920 .+.-
  228   186   668  1445  1927 ....
  229  1150  1632   373   855 ....
  230    78  2434  1337  5704 .+.-
  231   560  1042  1819   265 ....
  232  1524  2006   747  1229 ....
  233   452  3686  1711  4452 .+.-
  234   934  1416   157   639 ....
  235  1898   344  1121  1603 ....
  236   826  1308    49   531 ....
  237  1790  2902  1013  5236 .+.-
  238   236   718  1495  1977 ....
  239  1200  1682   423   905 ....
  240   128  2118  1387  6020 .+.-
  241   610  1092  1869   315 ....
  242  1574    20   797  1279 ....
  243   502   984  1761   207 ....
  244  1466  3370   689  4768 .+.-
  245  1948   394  1171  1653 ....
  246   876  1358    99   581 ....
  247  1840  2586  1063  5552 .+.-
  248   286   768  1545  2027 ....
  249  1250  1732   473   955 ....
  250   178   660  1437  1919 ....
  251  1142  3838   365  4300 .+.-
  252  1624    70   847  1329 ....
  253   552  1034  1811   257 ....
  254  1516  3054   739  5084 .+.-
  255  1998   444  1221  1703 ....
  256   926  1408   149   631 ....
  257  1890  2270  1113  5868 .+.-
  258   336   818  1595    41 ....
  259  1300  1782   523  1005 ....
  260   228   710  1487  1969 ....
  261  1192  3522   415  4616 .+.-
  262  1674   120   897  1379 ....
  263   602  1084  1861   307 ....
  264  1566  2738   789  5400 .+.-
  265    12   494  1271  1753 ....
  266   976  1458   199   681 ....
  267  1940   386  1163  1645 ....
  268   868  3990    91  4148 .+.-
  269  1350  1832   573  1055 ....
  270   278   760  1537  2019 ....
  271  1242  3206   465  4932 .+.-
  272  1724   170   947  1429 ....
  273   652  1134  1911   357 ....
  274  1616    62   839  1321 ....
  275   544  2422  1803  5716 .+.-
  276  1026  1508   249   731 ....
  277  1990   436  1213  1695 ....
  278   918  3674   141  4464 .+.-
  279  1400  1882   623  1105 ....
  280   328   810  1587    33 ....
  281  1292  2890   515  5248 .+.-
  282  1774   220   997  1479 ....
  283   702  1184  1961   407 ....
  284  1666   112   889  1371 ....
  285   594  2106  1853  6032 .+.-
  286  1076  1558   299   781 ....
  287     4   486  1263  1745 ....
  288   968  3358   191  4780 .+.-
  289  1450  1932   673  1155 ....
  290   378   860  1637    83 ....
  291  1342  1824   565  1047 ....
  292   270  2574  1529  5564 .+.-
  293   752  1234  2011   457 ....
  294  1716   162   939  1421 ....
  295   644  3826  1903  4312 .+.-
  296  1126  1608   349   831 ....
  297    54   536  1313  1795 ....
  298  1018  3042   241  5096 .+.-
  299  1500  1982   723  1205 ....
  300   428   910  1687   133 ....
  301  1392  1874   615  1097 ....
  302   320  2258  1579  5880 .+.-
  303   802  1284    25   507 ....
  304  1766   212   989  1471 ....
  305   694  3510  1953  4628 .+.-
  306  1176  1658   399   881 ....
  307   104   586  1363  1845 ....
  308  1068  1550   291   773 ....
  309  2032  2726  1255  5412 .+.-
  310   478   960  1737   183 ....
  311  1442  1924   665  1147 ....
  312   370  3978  1629  4160 .+.-
  313   852  1334    75   557 ....
  314  1816   262  1039  1521 ....
  315   744  1226  2003   449 ....
  316  1708  3194   931  4944 .+.-
  317   154   636  1413  1895 ....
  318  1118  1600   341   823 ....
  319    46  2410  1305  5728 .+.-
  320   528  1010  1787   233 ....
  321  1492  1974   715  1197 ....
  322   420  3662  1679  4476 .+.-
  323   902  1384   125   607 ....
  324  1866   312  1089  1571 ....
  325   794  1276    17   499 ....
  326  1758  2878   981  5260 .+.-
  327   204   686  1463  1945 ....
  328  1168  1650   391   873 ....
  329    96  2095  1355  6044 .+.-
  330   578  1060  1837   283 ....
  331  1542  2024   765  1247 ....
  332   470   952  1729   175 ....
  333  1434  3347   657  4792 .+.-
  334  1916   362  1139  1621 ....
  335   844  1326    67   549 ....
  336  1808  2563  1031  5576 .+.-
  337   254   736  1513  1995 ....
  338  1218  1700   441   923 ....
  339   146   628  1405  1887 ....
  340  1110  3815   333  4324 .+.-
  341  1592    38   815  1297 ....
  342   520  1002  1779   225 ....
  343  1484  3031   707  5108 .+.-
  344  1966   412  1189  1671 ....
  345   894  1376   117   599 ....
  346  1858  2247  1081  5892 .+.-
  347   304   786  1563     9 ....
  348  1268  1750   491   973 ....
  349   196   678  1455  1937 ....
  350  1160  3499   383  4640 .+.-
  351  1642    88   865  1347 ....
  352   570  1052  1829   275 ....
  353  1534  2715   757  5423 .+.-
  354  2016   462  1239  1721 ....
  355   944  1426   167   649 ....
  356  1908   354  1131  1613 ....
  357   836  3967    59  4171 .+.-
  358  1318  1800   541  1023 ....
  359   246   728  1505  1987 ....
  360  1210  3183   433  4955 .+.-
  361  1692   138   915  1397 ....
  362   620  1102  1879   325 ....
  363  1584    30   807  1289 ....
  364   512  2399  1771  5739 .+.-
  365   994  1476   217   699 ....
  366  1958   404  1181  1663 ....
  367   886  3651   109  4487 .+.-
  368  1368  1850   591  1073 ....
  369   296   778  1555     1 ....
  370  1260  2867   483  5271 .+.-
  371  1742   188   965  1447 ....
  372   670  1152  1929   375 ....
  373  1634    80   857  1339 ....
  374   562  2083  1821  6055 .+.-
  375  1044  1526   267   749 ....
  376  2008   454  1231  1713 ....
  377   936  3335   159  4803 .+.-
  378  1418  1900   641  1123 ....
  379   346   828  1605    51 ....
  380  1310  1792   533  1015 ....
  381   238  2551  1497  5587 .+.-
  382   720  1202  1979   425 ....
  383  1684   130   907  1389 ....
  384   612  3803  1871  4335 .+.-
  385  1094  1576   317   799 ....
  386    22   504  1281  1763 ....
  387   986  1468   209   691 ....
  388  1950  3019  1173  5119 .+.-
  389   396   878  1655   101 ....
  390  1360  1842   583  1065 ....
  391   288  2235  1547  5903 .+.-
  392   770  1252  2029   475 ....
  393  1734   180   957  1439 ....
  394   662  3487  1921  4651 .+.-
  395  1144  1626   367   849 ....
  396    72   554  1331  1813 ....
  397  1036  1518   259   741 ....
  398  2000  2703  1223  5435 .+.-
  399   446   928  1705   151 ....
  400  1410  1892   633  1115 ....
  401   338  3955  1597  4183 .+.-
  402   820  1302    43   525 ....
  403  1784   230  1007  1489 ....
  404   712  1194  1971   417 ....
  405  1676  3171   899  4967 .+.-
  406   122   604  1381  1863 ....
  407  1086  1568   309   791 ....
  408    14  2387  1273  5751 .+.-
  409   496   978  1755   201 ....
  410  1460  1942   683  1165 ....
  411   388   870  1647    93 ....
  412  1352  3639   575  4499 .+.-
  413  1834   280  1057  1539 ....
  414   762  1244  2021   467 ....
  415  1726  2855   949  5283 .+.-
  416   172   654  1431  1913 ....
  417  1136  1618   359   841 ....
  418    64  2071  1323  6067 .+.-
  419   546  1028  1805   251 ....
  420  1510  1992   733  1215 ....
  421   438   920  1697   143 ....
  422  1402  3323   625  4815 .+.-
  423  1884   330  1107  1589 ....
  424   812  1294    35   517 ....
  425  1776  2539   999  5599 .+.-
  426   222   704  1481  1963 ....
  427  1186  1668   409   891 ....
  428   114   596  1373  1855 ....
  429  1078  3791   301  4347 .+.-
  430  1560     6   783  1265 ....
  431   488   970  1747   193 ....
  432  1452  3007   675  5131 .+.-
  433  1934   380  1157  1639 ....
  434   862  1344    85   567 ....
  435  1826   272  1049  1531 ....
  436   754  2223  2013  5915 .+.-
  437  1236  1718   459   941 ....
  438   164   646  1423  1905 ....
  439  1128  3475   351  4663 .+.-
  440  1610    56   833  1315 ....
  441   538  1020  1797   243 ....
  442  1502  2691   725  5447 .+.-
  443  1984   430  1207  1689 ....
  444   912  1394   135   617 ....
  445  1876   322  1099  1581 ....
  446   804  3943    27  4195 .+.-
  447  1286  1768   509   991 ....
  448   214   696  1473  1955 ....
  449  1178  3159   401  4979 .+.-
  450  1660   106   883  1365 ....
  451   588  1070  1847   293 ....
  452  1552  2034   775  1257 ....
  453   480  2375  1739  5763 .+.-
  454   962  1444   185   667 ....
  455  1926   372  1149  1631 ....
  456   854  3627    77  4511 .+.-
  457  1336  1818   559  1041 ....
  458   264   746  1523  2005 ....
  459  1228  2843   451  5295 .+.-
  460  1710   156   933  1415 ....
  461   638  1120  1897   343 ....
  462  1602    48   825  1307 ....
  463   530  2059  1789  6079 .+.-
  464  1012  1494   235   717 ....
  465  1976   422  1199  1681 ....
  466   904  3311   127  4827 .+.-
  467  1386  1868   609  1091 ....
  468   314   796  1573    19 ....
  469  1278  1760   501   983 ....
  470   206  2527  1465  5611 .+.-
  471   688  1170  1947   393 ....
  472  1652    98   875  1357 ....
  473   580  3779  1839  4359 .+.-
  474  1062  1544   285   767 ....
  475  2026   472  1249  1731 ....
  476   954  1436   177   659 ....
  477  1918  2995  1141  5143 .+.-
  478   364   846  1623    69 ....
  479  1328  1810   551  1033 ....
  480   256  2212  1515  5927 .+.-
  481   738  1220  1997   443 ....
  482  1702   148   925  1407 ....
  483   630  3464  1889  4675 .+.-
  484  1112  1594   335   817 ....
  485    40   522  1299  1781 ....
  486  1004  1486   227   709 ....
  487  1968  2680  1191  5459 .+.-
  488   414   896  1673   119 ....
  489  1378  1860   601  1083 ....
  490   306  3932  1565  4207 .+.-
  491   788  1270    11   493 ....
  492  1752   198   975  1457 ....
  493   680  1162  1939   385 ....
  494  1644  3148   867  4991 .+.-
  495    90   572  1349  1831 ....
  496  1054  1536   277   759 ....
  497  2018  2364  1241  5775 .+.-
  498   464   946  1723   169 ....
  499  1428  1910   651  1133 ....
  500   356   838  1615    61 ....
  501  1320  3616   543  4522 .+.-
  502  1802   248  1025  1507 ....
  503   730  1212  1989   435 ....
  504  1694  2832   917  5306 .+.-
  505   140   622  1399  1881 ....
  506  1104  1586   327   809 ....
  507    32  2048  1291  6090 .+.-
  508   514   996  1773   219 ....
  509  1478  1960   701  1183 ....
  510   406   888  1665   111 ....
  511  1370  3300   593  4838 .+.-
  512  1852   298  1075  1557 ....
  513   780  1262     3   485 ....
  514  1744  2516   967  5622 .+.-
  515   190   672  1449  1931 ....
  516  1154  1636   377   859 ....
  517    82   564  1341  1823 ....
  518  1046  3768   269  4370 .+.-
  519  1528  2010   751  1233 ....
  520   456   938  1715   161 ....
  521  1420  2984   643  5154 .+.-
  522  1902   348  1125  1607 ....
  523   830  1312    53   535 ....
  524  1794   240  1017  1499 ....
  525   722  2200  1981  5938 .+.-
  526  1204  1686   427   909 ....
  527   132   614  1391  1873 ....
  528  1096  3452   319  4686 .+.-
  529  1578    24   801  1283 ....
  530   506   988  1765   211 ....
  531  1470  2668   693  5470 .+.-
  532  1952   398  1175  1657 ....
  533   880  1362   103   585 ....
  534  1844   290  1067  1549 ....
  535   772  3920  2031  4218 .+.-
  536  1254  1736   477   959 ....
  537   182   664  1441  1923 ....
  538  1146  3136   369  5002 .+.-
  539  1628    74   851  1333 ....
  540   556  1038  1815   261 ....
  541  1520  2002   743  1225 ....
  542   448  2352  1707  5786 .+.-
  543   930  1412   153   635 ....
  544  1894   340  1117  1599 ....
  545   822  3604    45  4534 .+.-
  546  1304  1786   527  1009 ....
  547   232   714  1491  1973 ....
  548  1196  1678   419   901 ....
  549   124  2820  1383  5318 .+.-
  550   606  1088  1865   311 ....
  551  1570    16   793  1275 ....
  552   498  2036  1757  6102 .+.-
  553   980  1462   203   685 ....
  554  1944   390  1167  1649 ....
  555   872  3288    95  4850 .+.-
  556  1354  1836   577  1059 ....
  557   282   764  1541  2023 ....
  558  1246  1728   469   951 ....
  559   174  2504  1433  5634 .+.-
  560   656  1138  1915   361 ....
  561  1620    66   843  1325 ....
  562   548  3756  1807  4382 .+.-
  563  1030  1512   253   735 ....
  564  1994   440  1217  1699 ....
  565   922  1404   145   627 ....
  566  1886  2972  1109  5166 .+.-
  567   332   814  1591    37 ....
  568  1296  1778   519  1001 ....
  569   224  2188  1483  5950 .+.-
  570   706  1188  1965   411 ....
  571  1670   116   893  1375 ....
  572   598  1080  1857   303 ....
  573  1562  3440   785  4698 .+.-
  574     8   490  1267  1749 ....
  575   972  1454   195   677 ....
  576  1936  2656  1159  5482 .+.-
  577   382   864  1641    87 ....
  578  1346  1828   569  1051 ....
  579   274  3908  1533  4230 .+.-
  580   756  1238  2015   461 ....
  581  1720   166   943  1425 ....
  582   648  1130  1907   353 ....
  583  1612  3124   835  5014 .+.-
  584    58   540  1317  1799 ....
  585  1022  1504   245   727 ....
  586  1986  2340  1209  5798 .+.-
  587   432   914  1691   137 ....
  588  1396  1878   619  1101 ....
  589   324   806  1583    29 ....
  590  1288  3592   511  4546 .+.-
  591  1770   216   993  1475 ....
  592   698  1180  1957   403 ....
  593  1662  2808   885  5330 .+.-
  594   108   590  1367  1849 ....
  595  1072  1554   295   777 ....
Total data plus flush bits=2036, p-parity bits=174, q-parity=174, Errors=0, Repetition=0
