R20T05QL2
Channel Interleaving, Puncturing and Mapping to QPSK
Data coding rate = 0.764602 with QPSK, UW coding rate = 0.465526 with BPSK
User data with 32 bit UW =432, with flush=436, p-parity=65+27, q-parity=64,  Channel Symbols=328, Channel Bits=592
D=432, FECSy=328, DF=436 N=592, P=65, Puw=27, Q=64, DPQ=528, dpqstep=325, S=6.751944, ppstart=436.500000, qpstart=875.875977

Symbol   I0    Q0  Pattern= . =data, + =p parity, - =q parity
-------------------------------------------------------------
    0     0     0 R.
    1     1     1 R.
    2     2     2 R.
    3     3     3 R.
    4     4     4 R.
    5     5     5 R.
    6     6     6 R.
    7     7     7 R.
    8     8     8 R.
    9     9     9 R.
   10    10    10 R.
   11    11    11 R.
   12    12    12 R.
   13    13    13 R.
   14    14    14 R.
   15    15    15 R.
   16    16    16 R.
   17    17    17 R.
   18    18    18 R.
   19    19    19 R.
   20    20    20 R.
   21    21    21 R.
   22    22    22 R.
   23    23    23 R.
   24    24    24 R.
   25    25    25 R.
   26    26    26 R.
   27    27    27 R.
   28    28    28 R.
   29    29    29 R.
   30    30    30 R.
   31    31    31 R.
   32   436   436 R+
   33   437   437 R+
   34   438   438 R+
   35   439   439 R+
   36   440   440 R+
   37   441   441 R+
   38   442   442 R+
   39   443   443 R+
   40    32    45 ..
   41    58    71 ..
   42    84    97 ..
   43   110   123 ..
   44   136   149 ..
   45   162   175 ..
   46   188   201 ..
   47   214   227 ..
   48   240   253 ..
   49   266   279 ..
   50   292   305 ..
   51   318   331 ..
   52   344   357 ..
   53   370   383 ..
   54   396   409 ..
   55   422   435 ..
   56   551   639 ++
   57   726   814 ++
   58   902   990 --
   59  1078  1166 --
   60  1253    37 -.
   61    50    63 ..
   62    76    89 ..
   63   102   115 ..
   64   128   141 ..
   65   154   167 ..
   66   180   193 ..
   67   206   219 ..
   68   232   245 ..
   69   258   271 ..
   70   284   297 ..
   71   310   323 ..
   72   336   349 ..
   73   362   375 ..
   74   388   401 ..
   75   414   427 ..
   76   497   585 ++
   77   672   760 ++
   78   848   936 +-
   79  1024  1112 --
   80  1199  1287 --
   81    42    55 ..
   82    68    81 ..
   83    94   107 ..
   84   120   133 ..
   85   146   159 ..
   86   172   185 ..
   87   198   211 ..
   88   224   237 ..
   89   250   263 ..
   90   276   289 ..
   91   302   315 ..
   92   328   341 ..
   93   354   367 ..
   94   380   393 ..
   95   406   419 ..
   96   432   531 .+
   97   618   706 ++
   98   794   882 +-
   99   970  1058 --
  100  1145  1233 --
  101    34    47 ..
  102    60    73 ..
  103    86    99 ..
  104   112   125 ..
  105   138   151 ..
  106   164   177 ..
  107   190   203 ..
  108   216   229 ..
  109   242   255 ..
  110   268   281 ..
  111   294   307 ..
  112   320   333 ..
  113   346   359 ..
  114   372   385 ..
  115   398   411 ..
  116   424   477 .+
  117   564   652 ++
  118   740   828 ++
  119   916  1004 --
  120  1091  1179 --
  121  1267    39 -.
  122    52    65 ..
  123    78    91 ..
  124   104   117 ..
  125   130   143 ..
  126   156   169 ..
  127   182   195 ..
  128   208   221 ..
  129   234   247 ..
  130   260   273 ..
  131   286   299 ..
  132   312   325 ..
  133   338   351 ..
  134   364   377 ..
  135   390   403 ..
  136   416   429 ..
  137   510   598 ++
  138   686   774 ++
  139   861   950 +-
  140  1037  1125 --
  141  1213  1301 --
  142    44    57 ..
  143    70    83 ..
  144    96   109 ..
  145   122   135 ..
  146   148   161 ..
  147   174   187 ..
  148   200   213 ..
  149   226   239 ..
  150   252   265 ..
  151   278   291 ..
  152   304   317 ..
  153   330   343 ..
  154   356   369 ..
  155   382   395 ..
  156   408   421 ..
  157   434   544 .+
  158   632   720 ++
  159   807   896 +-
  160   983  1071 --
  161  1159  1247 --
  162    36    49 ..
  163    62    75 ..
  164    88   101 ..
  165   114   127 ..
  166   140   153 ..
  167   166   179 ..
  168   192   205 ..
  169   218   231 ..
  170   244   257 ..
  171   270   283 ..
  172   296   309 ..
  173   322   335 ..
  174   348   361 ..
  175   374   387 ..
  176   400   413 ..
  177   426   490 .+
  178   578   666 ++
  179   753   841 ++
  180   929  1017 --
  181  1105  1193 --
  182  1280    41 -.
  183    54    67 ..
  184    80    93 ..
  185   106   119 ..
  186   132   145 ..
  187   158   171 ..
  188   184   197 ..
  189   210   223 ..
  190   236   249 ..
  191   262   275 ..
  192   288   301 ..
  193   314   327 ..
  194   340   353 ..
  195   366   379 ..
  196   392   405 ..
  197   418   431 ..
  198   524   612 ++
  199   699   787 ++
  200   875   963 --
  201  1051  1139 --
  202  1226    33 -.
  203    46    59 ..
  204    72    85 ..
  205    98   111 ..
  206   124   137 ..
  207   150   163 ..
  208   176   189 ..
  209   202   215 ..
  210   228   241 ..
  211   254   267 ..
  212   280   293 ..
  213   306   319 ..
  214   332   345 ..
  215   358   371 ..
  216   384   397 ..
  217   410   423 ..
  218   470   558 ++
  219   645   733 ++
  220   821   909 +-
  221   997  1085 --
  222  1172  1260 --
  223    38    51 ..
  224    64    77 ..
  225    90   103 ..
  226   116   129 ..
  227   142   155 ..
  228   168   181 ..
  229   194   207 ..
  230   220   233 ..
  231   246   259 ..
  232   272   285 ..
  233   298   311 ..
  234   324   337 ..
  235   350   363 ..
  236   376   389 ..
  237   402   415 ..
  238   428   504 .+
  239   591   679 ++
  240   767   855 ++
  241   943  1031 --
  242  1118  1206 --
  243  1294    43 -.
  244    56    69 ..
  245    82    95 ..
  246   108   121 ..
  247   134   147 ..
  248   160   173 ..
  249   186   199 ..
  250   212   225 ..
  251   238   251 ..
  252   264   277 ..
  253   290   303 ..
  254   316   329 ..
  255   342   355 ..
  256   368   381 ..
  257   394   407 ..
  258   420   433 ..
  259   537   625 ++
  260   713   801 ++
  261   889   977 --
  262  1064  1152 --
  263  1240    35 -.
  264    48    61 ..
  265    74    87 ..
  266   100   113 ..
  267   126   139 ..
  268   152   165 ..
  269   178   191 ..
  270   204   217 ..
  271   230   243 ..
  272   256   269 ..
  273   282   295 ..
  274   308   321 ..
  275   334   347 ..
  276   360   373 ..
  277   386   399 ..
  278   412   425 ..
  279   483   571 ++
  280   659   747 ++
  281   834   923 +-
  282  1010  1098 --
  283  1186  1274 --
  284    40    53 ..
  285    66    79 ..
  286    92   105 ..
  287   118   131 ..
  288   144   157 ..
  289   170   183 ..
  290   196   209 ..
  291   222   235 ..
  292   248   261 ..
  293   274   287 ..
  294   300   313 ..
  295   326   339 ..
  296   352   365 ..
  297   378   391 ..
  298   404   417 ..
  299   430   517 .+
  300   605   693 ++
  301   780   868 ++
  302   956  1044 --
  303  1132  1220 --
  304   444   444 R+
  305   445   445 R+
  306   446   446 R+
  307   447   447 R+
  308   448   448 R+
  309   449   449 R+
  310   450   450 R+
  311   451   451 R+
  312   452   452 R+
  313   453   453 R+
  314   454   454 R+
  315   455   455 R+
  316   456   456 R+
  317   457   457 R+
  318   458   458 R+
  319   459   459 R+
  320   460   460 R+
  321   461   461 R+
  322   462   462 R+
  323   463   463 R+
  324   464   464 R+
  325   465   465 R+
  326   466   466 R+
  327   467   467 R+
Total data plus flush bits=436, p-parity bits=92, q-parity=64, Errors=0, Repetition=64
