R20T45QL1
Channel Interleaving, Puncturing and Mapping to QPSK
Data coding rate = 0.830007 with QPSK, UW coding rate = 0.475756 with BPSK
User data with 32 bit UW =4824, with flush=4828, p-parity=492+28, q-parity=492,  Channel Symbols=2952, Channel Bits=5840
D=4824, FECSy=2952, DF=4828 N=5840, P=492, Puw=28, Q=492, DPQ=5776, dpqstep=3569, S=9.812002, ppstart=4828.500000, qpstart=9661.406250

Symbol   I0    Q0  Pattern= . =data, + =p parity, - =q parity
-------------------------------------------------------------
    0     0     0 R.
    1     1     1 R.
    2     2     2 R.
    3     3     3 R.
    4     4     4 R.
    5     5     5 R.
    6     6     6 R.
    7     7     7 R.
    8     8     8 R.
    9     9     9 R.
   10    10    10 R.
   11    11    11 R.
   12    12    12 R.
   13    13    13 R.
   14    14    14 R.
   15    15    15 R.
   16    16    16 R.
   17    17    17 R.
   18    18    18 R.
   19    19    19 R.
   20    20    20 R.
   21    21    21 R.
   22    22    22 R.
   23    23    23 R.
   24    24    24 R.
   25    25    25 R.
   26    26    26 R.
   27    27    27 R.
   28    28    28 R.
   29    29    29 R.
   30    30    30 R.
   31    31    31 R.
   32  4828  4828 R+
   33  4829  4829 R+
   34  4830  4830 R+
   35  4831  4831 R+
   36  4832  4832 R+
   37  4833  4833 R+
   38  4834  4834 R+
   39  4835  4835 R+
   40    32  4769 ..
   41  3730  2691 ..
   42  1652   613 ..
   43  9995  4311 -.
   44  3272  2233 ..
   45  1194   155 ..
   46  5495  3853 +.
   47  2814  1775 ..
   48   736 11201 .-
   49  4434  3395 ..
   50  2356  1317 ..
   51   278  6702 .+
   52  3976  2937 ..
   53  1898   859 ..
   54 12408  4557 -.
   55  3518  2479 ..
   56  1440   401 ..
   57  7909  4099 +.
   58  3060  2021 ..
   59   982 13615 .-
   60  4680  3641 ..
   61  2602  1563 ..
   62   524  9116 .+
   63  4222  3183 ..
   64  2144  1105 ..
   65    66  4803 ..
   66  3764  2725 ..
   67  1686   647 ..
   68 10328  4345 -.
   69  3306  2267 ..
   70  1228   189 ..
   71  5829  3887 +.
   72  2848  1809 ..
   73   770 11535 .-
   74  4468  3429 ..
   75  2390  1351 ..
   76   312  7036 .+
   77  4010  2971 ..
   78  1932   893 ..
   79 12742  4591 -.
   80  3552  2513 ..
   81  1474   435 ..
   82  8243  4133 +.
   83  3094  2055 ..
   84  1016 13949 .-
   85  4714  3675 ..
   86  2636  1597 ..
   87   558  9449 .+
   88  4256  3217 ..
   89  2178  1139 ..
   90   100  4956 .+
   91  3798  2759 ..
   92  1720   681 ..
   93 10662  4379 -.
   94  3340  2301 ..
   95  1262   223 ..
   96  6162  3921 +.
   97  2882  1843 ..
   98   804 11869 .-
   99  4502  3463 ..
  100  2424  1385 ..
  101   346  7369 .+
  102  4044  3005 ..
  103  1966   927 ..
  104 13075  4625 -.
  105  3586  2547 ..
  106  1508   469 ..
  107  8576  4167 +.
  108  3128  2089 ..
  109  1050 14282 .-
  110  4748  3709 ..
  111  2670  1631 ..
  112   592  9788 .-
  113  4290  3251 ..
  114  2212  1173 ..
  115   134  5289 .+
  116  3832  2793 ..
  117  1754   715 ..
  118 10995  4413 -.
  119  3374  2335 ..
  120  1296   257 ..
  121  6496  3955 +.
  122  2916  1877 ..
  123   838 12202 .-
  124  4536  3497 ..
  125  2458  1419 ..
  126   380  7703 .+
  127  4078  3039 ..
  128  2000   961 ..
  129 13409  4659 -.
  130  3620  2581 ..
  131  1542   503 ..
  132  8910  4201 +.
  133  3162  2123 ..
  134  1084    45 ..
  135  4782  3743 ..
  136  2704  1665 ..
  137   626 10122 .-
  138  4324  3285 ..
  139  2246  1207 ..
  140   168  5623 .+
  141  3866  2827 ..
  142  1788   749 ..
  143 11329  4447 -.
  144  3408  2369 ..
  145  1330   291 ..
  146  6830  3989 +.
  147  2950  1911 ..
  148   872 12536 .-
  149  4570  3531 ..
  150  2492  1453 ..
  151   414  8037 .+
  152  4112  3073 ..
  153  2034   995 ..
  154 13743  4693 -.
  155  3654  2615 ..
  156  1576   537 ..
  157  9243  4235 +.
  158  3196  2157 ..
  159  1118    79 ..
  160  4816  3777 ..
  161  2738  1699 ..
  162   660 10456 .-
  163  4358  3319 ..
  164  2280  1241 ..
  165   202  5956 .+
  166  3900  2861 ..
  167  1822   783 ..
  168 11663  4481 -.
  169  3442  2403 ..
  170  1364   325 ..
  171  7163  4023 +.
  172  2984  1945 ..
  173   906 12869 .-
  174  4604  3565 ..
  175  2526  1487 ..
  176   448  8370 .+
  177  4146  3107 ..
  178  2068  1029 ..
  179 14076  4727 -.
  180  3688  2649 ..
  181  1610   571 ..
  182  9577  4269 +.
  183  3230  2191 ..
  184  1152   113 ..
  185  5083  3811 +.
  186  2772  1733 ..
  187   694 10789 .-
  188  4392  3353 ..
  189  2314  1275 ..
  190   236  6290 .+
  191  3934  2895 ..
  192  1856   817 ..
  193 11996  4515 -.
  194  3476  2437 ..
  195  1398   359 ..
  196  7497  4057 +.
  197  3018  1979 ..
  198   940 13203 .-
  199  4638  3599 ..
  200  2560  1521 ..
  201   482  8704 .+
  202  4180  3141 ..
  203  2102  1063 ..
  204 14410  4761 -.
  205  3722  2683 ..
  206  1644   605 ..
  207  9916  4303 -.
  208  3264  2225 ..
  209  1186   147 ..
  210  5417  3845 +.
  211  2806  1767 ..
  212   728 11123 .-
  213  4426  3387 ..
  214  2348  1309 ..
  215   270  6624 .+
  216  3968  2929 ..
  217  1890   851 ..
  218 12330  4549 -.
  219  3510  2471 ..
  220  1432   393 ..
  221  7830  4091 +.
  222  3052  2013 ..
  223   974 13537 .-
  224  4672  3633 ..
  225  2594  1555 ..
  226   516  9037 .+
  227  4214  3175 ..
  228  2136  1097 ..
  229    58  4795 ..
  230  3756  2717 ..
  231  1678   639 ..
  232 10250  4337 -.
  233  3298  2259 ..
  234  1220   181 ..
  235  5750  3879 +.
  236  2840  1801 ..
  237   762 11457 .-
  238  4460  3421 ..
  239  2382  1343 ..
  240   304  6957 .+
  241  4002  2963 ..
  242  1924   885 ..
  243 12663  4583 -.
  244  3544  2505 ..
  245  1466   427 ..
  246  8164  4125 +.
  247  3086  2047 ..
  248  1008 13870 .-
  249  4706  3667 ..
  250  2628  1589 ..
  251   550  9371 .+
  252  4248  3209 ..
  253  2170  1131 ..
  254    92  4877 .+
  255  3790  2751 ..
  256  1712   673 ..
  257 10583  4371 -.
  258  3332  2293 ..
  259  1254   215 ..
  260  6084  3913 +.
  261  2874  1835 ..
  262   796 11790 .-
  263  4494  3455 ..
  264  2416  1377 ..
  265   338  7291 .+
  266  4036  2997 ..
  267  1958   919 ..
  268 12997  4617 -.
  269  3578  2539 ..
  270  1500   461 ..
  271  8498  4159 +.
  272  3120  2081 ..
  273  1042 14204 .-
  274  4740  3701 ..
  275  2662  1623 ..
  276   584  9710 .-
  277  4282  3243 ..
  278  2204  1165 ..
  279   126  5211 .+
  280  3824  2785 ..
  281  1746   707 ..
  282 10917  4405 -.
  283  3366  2327 ..
  284  1288   249 ..
  285  6418  3947 +.
  286  2908  1869 ..
  287   830 12124 .-
  288  4528  3489 ..
  289  2450  1411 ..
  290   372  7624 .+
  291  4070  3031 ..
  292  1992   953 ..
  293 13331  4651 -.
  294  3612  2573 ..
  295  1534   495 ..
  296  8831  4193 +.
  297  3154  2115 ..
  298  1076    37 ..
  299  4774  3735 ..
  300  2696  1657 ..
  301   618 10044 .-
  302  4316  3277 ..
  303  2238  1199 ..
  304   160  5544 .+
  305  3858  2819 ..
  306  1780   741 ..
  307 11250  4439 -.
  308  3400  2361 ..
  309  1322   283 ..
  310  6751  3981 +.
  311  2942  1903 ..
  312   864 12457 .-
  313  4562  3523 ..
  314  2484  1445 ..
  315   406  7958 .+
  316  4104  3065 ..
  317  2026   987 ..
  318 13664  4685 -.
  319  3646  2607 ..
  320  1568   529 ..
  321  9165  4227 +.
  322  3188  2149 ..
  323  1110    71 ..
  324  4808  3769 ..
  325  2730  1691 ..
  326   652 10377 .-
  327  4350  3311 ..
  328  2272  1233 ..
  329   194  5878 .+
  330  3892  2853 ..
  331  1814   775 ..
  332 11584  4473 -.
  333  3434  2395 ..
  334  1356   317 ..
  335  7085  4015 +.
  336  2976  1937 ..
  337   898 12791 .-
  338  4596  3557 ..
  339  2518  1479 ..
  340   440  8292 .+
  341  4138  3099 ..
  342  2060  1021 ..
  343 13998  4719 -.
  344  3680  2641 ..
  345  1602   563 ..
  346  9499  4261 +.
  347  3222  2183 ..
  348  1144   105 ..
  349  5005  3803 +.
  350  2764  1725 ..
  351   686 10711 .-
  352  4384  3345 ..
  353  2306  1267 ..
  354   228  6211 .+
  355  3926  2887 ..
  356  1848   809 ..
  357 11918  4507 -.
  358  3468  2429 ..
  359  1390   351 ..
  360  7418  4049 +.
  361  3010  1971 ..
  362   932 13125 .-
  363  4630  3591 ..
  364  2552  1513 ..
  365   474  8625 .+
  366  4172  3133 ..
  367  2094  1055 ..
  368 14331  4753 -.
  369  3714  2675 ..
  370  1636   597 ..
  371  9838  4295 -.
  372  3256  2217 ..
  373  1178   139 ..
  374  5338  3837 +.
  375  2798  1759 ..
  376   720 11044 .-
  377  4418  3379 ..
  378  2340  1301 ..
  379   262  6545 .+
  380  3960  2921 ..
  381  1882   843 ..
  382 12251  4541 -.
  383  3502  2463 ..
  384  1424   385 ..
  385  7752  4083 +.
  386  3044  2005 ..
  387   966 13458 .-
  388  4664  3625 ..
  389  2586  1547 ..
  390   508  8959 .+
  391  4206  3167 ..
  392  2128  1089 ..
  393    50  4787 ..
  394  3748  2709 ..
  395  1670   631 ..
  396 10171  4329 -.
  397  3290  2251 ..
  398  1212   173 ..
  399  5672  3871 +.
  400  2832  1793 ..
  401   754 11378 .-
  402  4452  3413 ..
  403  2374  1335 ..
  404   296  6879 .+
  405  3994  2955 ..
  406  1916   877 ..
  407 12585  4575 -.
  408  3536  2497 ..
  409  1458   419 ..
  410  8086  4117 +.
  411  3078  2039 ..
  412  1000 13792 .-
  413  4698  3659 ..
  414  2620  1581 ..
  415   542  9292 .+
  416  4240  3201 ..
  417  2162  1123 ..
  418    84  4821 ..
  419  3782  2743 ..
  420  1704   665 ..
  421 10505  4363 -.
  422  3324  2285 ..
  423  1246   207 ..
  424  6005  3905 +.
  425  2866  1827 ..
  426   788 11712 .-
  427  4486  3447 ..
  428  2408  1369 ..
  429   330  7212 .+
  430  4028  2989 ..
  431  1950   911 ..
  432 12918  4609 -.
  433  3570  2531 ..
  434  1492   453 ..
  435  8419  4151 +.
  436  3112  2073 ..
  437  1034 14125 .-
  438  4732  3693 ..
  439  2654  1615 ..
  440   576  9626 .+
  441  4274  3235 ..
  442  2196  1157 ..
  443   118  5132 .+
  444  3816  2777 ..
  445  1738   699 ..
  446 10838  4397 -.
  447  3358  2319 ..
  448  1280   241 ..
  449  6339  3939 +.
  450  2900  1861 ..
  451   822 12045 .-
  452  4520  3481 ..
  453  2442  1403 ..
  454   364  7546 .+
  455  4062  3023 ..
  456  1984   945 ..
  457 13252  4643 -.
  458  3604  2565 ..
  459  1526   487 ..
  460  8753  4185 +.
  461  3146  2107 ..
  462  1068 14459 .-
  463  4766  3727 ..
  464  2688  1649 ..
  465   610  9965 .-
  466  4308  3269 ..
  467  2230  1191 ..
  468   152  5466 .+
  469  3850  2811 ..
  470  1772   733 ..
  471 11172  4431 -.
  472  3392  2353 ..
  473  1314   275 ..
  474  6673  3973 +.
  475  2934  1895 ..
  476   856 12379 .-
  477  4554  3515 ..
  478  2476  1437 ..
  479   398  7880 .+
  480  4096  3057 ..
  481  2018   979 ..
  482 13586  4677 -.
  483  3638  2599 ..
  484  1560   521 ..
  485  9086  4219 +.
  486  3180  2141 ..
  487  1102    63 ..
  488  4800  3761 ..
  489  2722  1683 ..
  490   644 10299 .-
  491  4342  3303 ..
  492  2264  1225 ..
  493   186  5799 .+
  494  3884  2845 ..
  495  1806   767 ..
  496 11506  4465 -.
  497  3426  2387 ..
  498  1348   309 ..
  499  7006  4007 +.
  500  2968  1929 ..
  501   890 12712 .-
  502  4588  3549 ..
  503  2510  1471 ..
  504   432  8213 .+
  505  4130  3091 ..
  506  2052  1013 ..
  507 13919  4711 -.
  508  3672  2633 ..
  509  1594   555 ..
  510  9420  4253 +.
  511  3214  2175 ..
  512  1136    97 ..
  513  4926  3795 +.
  514  2756  1717 ..
  515   678 10632 .-
  516  4376  3337 ..
  517  2298  1259 ..
  518   220  6133 .+
  519  3918  2879 ..
  520  1840   801 ..
  521 11839  4499 -.
  522  3460  2421 ..
  523  1382   343 ..
  524  7340  4041 +.
  525  3002  1963 ..
  526   924 13046 .-
  527  4622  3583 ..
  528  2544  1505 ..
  529   466  8547 .+
  530  4164  3125 ..
  531  2086  1047 ..
  532 14253  4745 -.
  533  3706  2667 ..
  534  1628   589 ..
  535  9759  4287 -.
  536  3248  2209 ..
  537  1170   131 ..
  538  5260  3829 +.
  539  2790  1751 ..
  540   712 10966 .-
  541  4410  3371 ..
  542  2332  1293 ..
  543   254  6467 .+
  544  3952  2913 ..
  545  1874   835 ..
  546 12173  4533 -.
  547  3494  2455 ..
  548  1416   377 ..
  549  7673  4075 +.
  550  3036  1997 ..
  551   958 13380 .-
  552  4656  3617 ..
  553  2578  1539 ..
  554   500  8880 .+
  555  4198  3159 ..
  556  2120  1081 ..
  557    42  4779 ..
  558  3740  2701 ..
  559  1662   623 ..
  560 10093  4321 -.
  561  3282  2243 ..
  562  1204   165 ..
  563  5593  3863 +.
  564  2824  1785 ..
  565   746 11300 .-
  566  4444  3405 ..
  567  2366  1327 ..
  568   288  6800 .+
  569  3986  2947 ..
  570  1908   869 ..
  571 12506  4567 -.
  572  3528  2489 ..
  573  1450   411 ..
  574  8007  4109 +.
  575  3070  2031 ..
  576   992 13713 .-
  577  4690  3651 ..
  578  2612  1573 ..
  579   534  9214 .+
  580  4232  3193 ..
  581  2154  1115 ..
  582    76  4813 ..
  583  3774  2735 ..
  584  1696   657 ..
  585 10426  4355 -.
  586  3316  2277 ..
  587  1238   199 ..
  588  5927  3897 +.
  589  2858  1819 ..
  590   780 11633 .-
  591  4478  3439 ..
  592  2400  1361 ..
  593   322  7134 .+
  594  4020  2981 ..
  595  1942   903 ..
  596 12840  4601 -.
  597  3562  2523 ..
  598  1484   445 ..
  599  8341  4143 +.
  600  3104  2065 ..
  601  1026 14047 .-
  602  4724  3685 ..
  603  2646  1607 ..
  604   568  9548 .+
  605  4266  3227 ..
  606  2188  1149 ..
  607   110  5054 .+
  608  3808  2769 ..
  609  1730   691 ..
  610 10760  4389 -.
  611  3350  2311 ..
  612  1272   233 ..
  613  6261  3931 +.
  614  2892  1853 ..
  615   814 11967 .-
  616  4512  3473 ..
  617  2434  1395 ..
  618   356  7467 .+
  619  4054  3015 ..
  620  1976   937 ..
  621 13174  4635 -.
  622  3596  2557 ..
  623  1518   479 ..
  624  8674  4177 +.
  625  3138  2099 ..
  626  1060 14380 .-
  627  4758  3719 ..
  628  2680  1641 ..
  629   602  9887 .-
  630  4300  3261 ..
  631  2222  1183 ..
  632   144  5387 .+
  633  3842  2803 ..
  634  1764   725 ..
  635 11093  4423 -.
  636  3384  2345 ..
  637  1306   267 ..
  638  6594  3965 +.
  639  2926  1887 ..
  640   848 12300 .-
  641  4546  3507 ..
  642  2468  1429 ..
  643   390  7801 .+
  644  4088  3049 ..
  645  2010   971 ..
  646 13507  4669 -.
  647  3630  2591 ..
  648  1552   513 ..
  649  9008  4211 +.
  650  3172  2133 ..
  651  1094    55 ..
  652  4792  3753 ..
  653  2714  1675 ..
  654   636 10220 .-
  655  4334  3295 ..
  656  2256  1217 ..
  657   178  5721 .+
  658  3876  2837 ..
  659  1798   759 ..
  660 11427  4457 -.
  661  3418  2379 ..
  662  1340   301 ..
  663  6928  3999 +.
  664  2960  1921 ..
  665   882 12634 .-
  666  4580  3541 ..
  667  2502  1463 ..
  668   424  8135 .+
  669  4122  3083 ..
  670  2044  1005 ..
  671 13841  4703 -.
  672  3664  2625 ..
  673  1586   547 ..
  674  9342  4245 +.
  675  3206  2167 ..
  676  1128    89 ..
  677  4826  3787 ..
  678  2748  1709 ..
  679   670 10554 .-
  680  4368  3329 ..
  681  2290  1251 ..
  682   212  6055 .+
  683  3910  2871 ..
  684  1832   793 ..
  685 11761  4491 -.
  686  3452  2413 ..
  687  1374   335 ..
  688  7261  4033 +.
  689  2994  1955 ..
  690   916 12968 .-
  691  4614  3575 ..
  692  2536  1497 ..
  693   458  8468 .+
  694  4156  3117 ..
  695  2078  1039 ..
  696 14174  4737 -.
  697  3698  2659 ..
  698  1620   581 ..
  699  9681  4279 -.
  700  3240  2201 ..
  701  1162   123 ..
  702  5181  3821 +.
  703  2782  1743 ..
  704   704 10887 .-
  705  4402  3363 ..
  706  2324  1285 ..
  707   246  6388 .+
  708  3944  2905 ..
  709  1866   827 ..
  710 12094  4525 -.
  711  3486  2447 ..
  712  1408   369 ..
  713  7595  4067 +.
  714  3028  1989 ..
  715   950 13301 .-
  716  4648  3609 ..
  717  2570  1531 ..
  718   492  8802 .+
  719  4190  3151 ..
  720  2112  1073 ..
  721    34  4771 ..
  722  3732  2693 ..
  723  1654   615 ..
  724 10014  4313 -.
  725  3274  2235 ..
  726  1196   157 ..
  727  5515  3855 +.
  728  2816  1777 ..
  729   738 11221 .-
  730  4436  3397 ..
  731  2358  1319 ..
  732   280  6722 .+
  733  3978  2939 ..
  734  1900   861 ..
  735 12428  4559 -.
  736  3520  2481 ..
  737  1442   403 ..
  738  7929  4101 +.
  739  3062  2023 ..
  740   984 13635 .-
  741  4682  3643 ..
  742  2604  1565 ..
  743   526  9135 .+
  744  4224  3185 ..
  745  2146  1107 ..
  746    68  4805 ..
  747  3766  2727 ..
  748  1688   649 ..
  749 10348  4347 -.
  750  3308  2269 ..
  751  1230   191 ..
  752  5848  3889 +.
  753  2850  1811 ..
  754   772 11555 .-
  755  4470  3431 ..
  756  2392  1353 ..
  757   314  7055 .+
  758  4012  2973 ..
  759  1934   895 ..
  760 12761  4593 -.
  761  3554  2515 ..
  762  1476   437 ..
  763  8262  4135 +.
  764  3096  2057 ..
  765  1018 13968 .-
  766  4716  3677 ..
  767  2638  1599 ..
  768   560  9469 .+
  769  4258  3219 ..
  770  2180  1141 ..
  771   102  4975 .+
  772  3800  2761 ..
  773  1722   683 ..
  774 10681  4381 -.
  775  3342  2303 ..
  776  1264   225 ..
  777  6182  3923 +.
  778  2884  1845 ..
  779   806 11888 .-
  780  4504  3465 ..
  781  2426  1387 ..
  782   348  7389 .+
  783  4046  3007 ..
  784  1968   929 ..
  785 13095  4627 -.
  786  3588  2549 ..
  787  1510   471 ..
  788  8596  4169 +.
  789  3130  2091 ..
  790  1052 14302 .-
  791  4750  3711 ..
  792  2672  1633 ..
  793   594  9808 .-
  794  4292  3253 ..
  795  2214  1175 ..
  796   136  5309 .+
  797  3834  2795 ..
  798  1756   717 ..
  799 11015  4415 -.
  800  3376  2337 ..
  801  1298   259 ..
  802  6516  3957 +.
  803  2918  1879 ..
  804   840 12222 .-
  805  4538  3499 ..
  806  2460  1421 ..
  807   382  7723 .+
  808  4080  3041 ..
  809  2002   963 ..
  810 13429  4661 -.
  811  3622  2583 ..
  812  1544   505 ..
  813  8929  4203 +.
  814  3164  2125 ..
  815  1086    47 ..
  816  4784  3745 ..
  817  2706  1667 ..
  818   628 10142 .-
  819  4326  3287 ..
  820  2248  1209 ..
  821   170  5642 .+
  822  3868  2829 ..
  823  1790   751 ..
  824 11349  4449 -.
  825  3410  2371 ..
  826  1332   293 ..
  827  6849  3991 +.
  828  2952  1913 ..
  829   874 12555 .-
  830  4572  3533 ..
  831  2494  1455 ..
  832   416  8056 .+
  833  4114  3075 ..
  834  2036   997 ..
  835 13762  4695 -.
  836  3656  2617 ..
  837  1578   539 ..
  838  9263  4237 +.
  839  3198  2159 ..
  840  1120    81 ..
  841  4818  3779 ..
  842  2740  1701 ..
  843   662 10475 .-
  844  4360  3321 ..
  845  2282  1243 ..
  846   204  5976 .+
  847  3902  2863 ..
  848  1824   785 ..
  849 11682  4483 -.
  850  3444  2405 ..
  851  1366   327 ..
  852  7183  4025 +.
  853  2986  1947 ..
  854   908 12889 .-
  855  4606  3567 ..
  856  2528  1489 ..
  857   450  8390 .+
  858  4148  3109 ..
  859  2070  1031 ..
  860 14096  4729 -.
  861  3690  2651 ..
  862  1612   573 ..
  863  9597  4271 +.
  864  3232  2193 ..
  865  1154   115 ..
  866  5103  3813 +.
  867  2774  1735 ..
  868   696 10809 .-
  869  4394  3355 ..
  870  2316  1277 ..
  871   238  6310 .+
  872  3936  2897 ..
  873  1858   819 ..
  874 12016  4517 -.
  875  3478  2439 ..
  876  1400   361 ..
  877  7516  4059 +.
  878  3020  1981 ..
  879   942 13223 .-
  880  4640  3601 ..
  881  2562  1523 ..
  882   484  8723 .+
  883  4182  3143 ..
  884  2104  1065 ..
  885 14430  4763 -.
  886  3724  2685 ..
  887  1646   607 ..
  888  9936  4305 -.
  889  3266  2227 ..
  890  1188   149 ..
  891  5436  3847 +.
  892  2808  1769 ..
  893   730 11143 .-
  894  4428  3389 ..
  895  2350  1311 ..
  896   272  6643 .+
  897  3970  2931 ..
  898  1892   853 ..
  899 12349  4551 -.
  900  3512  2473 ..
  901  1434   395 ..
  902  7850  4093 +.
  903  3054  2015 ..
  904   976 13556 .-
  905  4674  3635 ..
  906  2596  1557 ..
  907   518  9057 .+
  908  4216  3177 ..
  909  2138  1099 ..
  910    60  4797 ..
  911  3758  2719 ..
  912  1680   641 ..
  913 10269  4339 -.
  914  3300  2261 ..
  915  1222   183 ..
  916  5770  3881 +.
  917  2842  1803 ..
  918   764 11476 .-
  919  4462  3423 ..
  920  2384  1345 ..
  921   306  6977 .+
  922  4004  2965 ..
  923  1926   887 ..
  924 12683  4585 -.
  925  3546  2507 ..
  926  1468   429 ..
  927  8184  4127 +.
  928  3088  2049 ..
  929  1010 13890 .-
  930  4708  3669 ..
  931  2630  1591 ..
  932   552  9391 .+
  933  4250  3211 ..
  934  2172  1133 ..
  935    94  4897 .+
  936  3792  2753 ..
  937  1714   675 ..
  938 10603  4373 -.
  939  3334  2295 ..
  940  1256   217 ..
  941  6104  3915 +.
  942  2876  1837 ..
  943   798 11810 .-
  944  4496  3457 ..
  945  2418  1379 ..
  946   340  7310 .+
  947  4038  2999 ..
  948  1960   921 ..
  949 13017  4619 -.
  950  3580  2541 ..
  951  1502   463 ..
  952  8517  4161 +.
  953  3122  2083 ..
  954  1044 14223 .-
  955  4742  3703 ..
  956  2664  1625 ..
  957   586  9730 .-
  958  4284  3245 ..
  959  2206  1167 ..
  960   128  5230 .+
  961  3826  2787 ..
  962  1748   709 ..
  963 10936  4407 -.
  964  3368  2329 ..
  965  1290   251 ..
  966  6437  3949 +.
  967  2910  1871 ..
  968   832 12143 .-
  969  4530  3491 ..
  970  2452  1413 ..
  971   374  7644 .+
  972  4072  3033 ..
  973  1994   955 ..
  974 13350  4653 -.
  975  3614  2575 ..
  976  1536   497 ..
  977  8851  4195 +.
  978  3156  2117 ..
  979  1078    39 ..
  980  4776  3737 ..
  981  2698  1659 ..
  982   620 10063 .-
  983  4318  3279 ..
  984  2240  1201 ..
  985   162  5564 .+
  986  3860  2821 ..
  987  1782   743 ..
  988 11270  4441 -.
  989  3402  2363 ..
  990  1324   285 ..
  991  6771  3983 +.
  992  2944  1905 ..
  993   866 12477 .-
  994  4564  3525 ..
  995  2486  1447 ..
  996   408  7978 .+
  997  4106  3067 ..
  998  2028   989 ..
  999 13684  4687 -.
 1000  3648  2609 ..
 1001  1570   531 ..
 1002  9185  4229 +.
 1003  3190  2151 ..
 1004  1112    73 ..
 1005  4810  3771 ..
 1006  2732  1693 ..
 1007   654 10397 .-
 1008  4352  3313 ..
 1009  2274  1235 ..
 1010   196  5898 .+
 1011  3894  2855 ..
 1012  1816   777 ..
 1013 11604  4475 -.
 1014  3436  2397 ..
 1015  1358   319 ..
 1016  7104  4017 +.
 1017  2978  1939 ..
 1018   900 12811 .-
 1019  4598  3559 ..
 1020  2520  1481 ..
 1021   442  8311 .+
 1022  4140  3101 ..
 1023  2062  1023 ..
 1024 14017  4721 -.
 1025  3682  2643 ..
 1026  1604   565 ..
 1027  9518  4263 +.
 1028  3224  2185 ..
 1029  1146   107 ..
 1030  5024  3805 +.
 1031  2766  1727 ..
 1032   688 10730 .-
 1033  4386  3347 ..
 1034  2308  1269 ..
 1035   230  6231 .+
 1036  3928  2889 ..
 1037  1850   811 ..
 1038 11937  4509 -.
 1039  3470  2431 ..
 1040  1392   353 ..
 1041  7438  4051 +.
 1042  3012  1973 ..
 1043   934 13144 .-
 1044  4632  3593 ..
 1045  2554  1515 ..
 1046   476  8645 .+
 1047  4174  3135 ..
 1048  2096  1057 ..
 1049 14351  4755 -.
 1050  3716  2677 ..
 1051  1638   599 ..
 1052  9857  4297 -.
 1053  3258  2219 ..
 1054  1180   141 ..
 1055  5358  3839 +.
 1056  2800  1761 ..
 1057   722 11064 .-
 1058  4420  3381 ..
 1059  2342  1303 ..
 1060   264  6565 .+
 1061  3962  2923 ..
 1062  1884   845 ..
 1063 12271  4543 -.
 1064  3504  2465 ..
 1065  1426   387 ..
 1066  7772  4085 +.
 1067  3046  2007 ..
 1068   968 13478 .-
 1069  4666  3627 ..
 1070  2588  1549 ..
 1071   510  8978 .+
 1072  4208  3169 ..
 1073  2130  1091 ..
 1074    52  4789 ..
 1075  3750  2711 ..
 1076  1672   633 ..
 1077 10191  4331 -.
 1078  3292  2253 ..
 1079  1214   175 ..
 1080  5691  3873 +.
 1081  2834  1795 ..
 1082   756 11398 .-
 1083  4454  3415 ..
 1084  2376  1337 ..
 1085   298  6898 .+
 1086  3996  2957 ..
 1087  1918   879 ..
 1088 12605  4577 -.
 1089  3538  2499 ..
 1090  1460   421 ..
 1091  8105  4119 +.
 1092  3080  2041 ..
 1093  1002 13811 .-
 1094  4700  3661 ..
 1095  2622  1583 ..
 1096   544  9312 .+
 1097  4242  3203 ..
 1098  2164  1125 ..
 1099    86  4823 ..
 1100  3784  2745 ..
 1101  1706   667 ..
 1102 10524  4365 -.
 1103  3326  2287 ..
 1104  1248   209 ..
 1105  6025  3907 +.
 1106  2868  1829 ..
 1107   790 11731 .-
 1108  4488  3449 ..
 1109  2410  1371 ..
 1110   332  7232 .+
 1111  4030  2991 ..
 1112  1952   913 ..
 1113 12938  4611 -.
 1114  3572  2533 ..
 1115  1494   455 ..
 1116  8439  4153 +.
 1117  3114  2075 ..
 1118  1036 14145 .-
 1119  4734  3695 ..
 1120  2656  1617 ..
 1121   578  9646 .+
 1122  4276  3237 ..
 1123  2198  1159 ..
 1124   120  5152 .+
 1125  3818  2779 ..
 1126  1740   701 ..
 1127 10858  4399 -.
 1128  3360  2321 ..
 1129  1282   243 ..
 1130  6359  3941 +.
 1131  2902  1863 ..
 1132   824 12065 .-
 1133  4522  3483 ..
 1134  2444  1405 ..
 1135   366  7566 .+
 1136  4064  3025 ..
 1137  1986   947 ..
 1138 13272  4645 -.
 1139  3606  2567 ..
 1140  1528   489 ..
 1141  8772  4187 +.
 1142  3148  2109 ..
 1143  1070 14479 .-
 1144  4768  3729 ..
 1145  2690  1651 ..
 1146   612  9985 .-
 1147  4310  3271 ..
 1148  2232  1193 ..
 1149   154  5485 .+
 1150  3852  2813 ..
 1151  1774   735 ..
 1152 11192  4433 -.
 1153  3394  2355 ..
 1154  1316   277 ..
 1155  6692  3975 +.
 1156  2936  1897 ..
 1157   858 12398 .-
 1158  4556  3517 ..
 1159  2478  1439 ..
 1160   400  7899 .+
 1161  4098  3059 ..
 1162  2020   981 ..
 1163 13605  4679 -.
 1164  3640  2601 ..
 1165  1562   523 ..
 1166  9106  4221 +.
 1167  3182  2143 ..
 1168  1104    65 ..
 1169  4802  3763 ..
 1170  2724  1685 ..
 1171   646 10318 .-
 1172  4344  3305 ..
 1173  2266  1227 ..
 1174   188  5819 .+
 1175  3886  2847 ..
 1176  1808   769 ..
 1177 11525  4467 -.
 1178  3428  2389 ..
 1179  1350   311 ..
 1180  7026  4009 +.
 1181  2970  1931 ..
 1182   892 12732 .-
 1183  4590  3551 ..
 1184  2512  1473 ..
 1185   434  8233 .+
 1186  4132  3093 ..
 1187  2054  1015 ..
 1188 13939  4713 -.
 1189  3674  2635 ..
 1190  1596   557 ..
 1191  9440  4255 +.
 1192  3216  2177 ..
 1193  1138    99 ..
 1194  4946  3797 +.
 1195  2758  1719 ..
 1196   680 10652 .-
 1197  4378  3339 ..
 1198  2300  1261 ..
 1199   222  6153 .+
 1200  3920  2881 ..
 1201  1842   803 ..
 1202 11859  4501 -.
 1203  3462  2423 ..
 1204  1384   345 ..
 1205  7359  4043 +.
 1206  3004  1965 ..
 1207   926 13066 .-
 1208  4624  3585 ..
 1209  2546  1507 ..
 1210   468  8566 .+
 1211  4166  3127 ..
 1212  2088  1049 ..
 1213 14273  4747 -.
 1214  3708  2669 ..
 1215  1630   591 ..
 1216  9779  4289 -.
 1217  3250  2211 ..
 1218  1172   133 ..
 1219  5279  3831 +.
 1220  2792  1753 ..
 1221   714 10986 .-
 1222  4412  3373 ..
 1223  2334  1295 ..
 1224   256  6486 .+
 1225  3954  2915 ..
 1226  1876   837 ..
 1227 12192  4535 -.
 1228  3496  2457 ..
 1229  1418   379 ..
 1230  7693  4077 +.
 1231  3038  1999 ..
 1232   960 13399 .-
 1233  4658  3619 ..
 1234  2580  1541 ..
 1235   502  8900 .+
 1236  4200  3161 ..
 1237  2122  1083 ..
 1238    44  4781 ..
 1239  3742  2703 ..
 1240  1664   625 ..
 1241 10112  4323 -.
 1242  3284  2245 ..
 1243  1206   167 ..
 1244  5613  3865 +.
 1245  2826  1787 ..
 1246   748 11319 .-
 1247  4446  3407 ..
 1248  2368  1329 ..
 1249   290  6820 .+
 1250  3988  2949 ..
 1251  1910   871 ..
 1252 12526  4569 -.
 1253  3530  2491 ..
 1254  1452   413 ..
 1255  8027  4111 +.
 1256  3072  2033 ..
 1257   994 13733 .-
 1258  4692  3653 ..
 1259  2614  1575 ..
 1260   536  9234 .+
 1261  4234  3195 ..
 1262  2156  1117 ..
 1263    78  4815 ..
 1264  3776  2737 ..
 1265  1698   659 ..
 1266 10446  4357 -.
 1267  3318  2279 ..
 1268  1240   201 ..
 1269  5947  3899 +.
 1270  2860  1821 ..
 1271   782 11653 .-
 1272  4480  3441 ..
 1273  2402  1363 ..
 1274   324  7153 .+
 1275  4022  2983 ..
 1276  1944   905 ..
 1277 12860  4603 -.
 1278  3564  2525 ..
 1279  1486   447 ..
 1280  8360  4145 +.
 1281  3106  2067 ..
 1282  1028 14066 .-
 1283  4726  3687 ..
 1284  2648  1609 ..
 1285   570  9567 .+
 1286  4268  3229 ..
 1287  2190  1151 ..
 1288   112  5073 .+
 1289  3810  2771 ..
 1290  1732   693 ..
 1291 10779  4391 -.
 1292  3352  2313 ..
 1293  1274   235 ..
 1294  6280  3933 +.
 1295  2894  1855 ..
 1296   816 11986 .-
 1297  4514  3475 ..
 1298  2436  1397 ..
 1299   358  7487 .+
 1300  4056  3017 ..
 1301  1978   939 ..
 1302 13193  4637 -.
 1303  3598  2559 ..
 1304  1520   481 ..
 1305  8694  4179 +.
 1306  3140  2101 ..
 1307  1062 14400 .-
 1308  4760  3721 ..
 1309  2682  1643 ..
 1310   604  9906 .-
 1311  4302  3263 ..
 1312  2224  1185 ..
 1313   146  5407 .+
 1314  3844  2805 ..
 1315  1766   727 ..
 1316 11113  4425 -.
 1317  3386  2347 ..
 1318  1308   269 ..
 1319  6614  3967 +.
 1320  2928  1889 ..
 1321   850 12320 .-
 1322  4548  3509 ..
 1323  2470  1431 ..
 1324   392  7821 .+
 1325  4090  3051 ..
 1326  2012   973 ..
 1327 13527  4671 -.
 1328  3632  2593 ..
 1329  1554   515 ..
 1330  9028  4213 +.
 1331  3174  2135 ..
 1332  1096    57 ..
 1333  4794  3755 ..
 1334  2716  1677 ..
 1335   638 10240 .-
 1336  4336  3297 ..
 1337  2258  1219 ..
 1338   180  5741 .+
 1339  3878  2839 ..
 1340  1800   761 ..
 1341 11447  4459 -.
 1342  3420  2381 ..
 1343  1342   303 ..
 1344  6947  4001 +.
 1345  2962  1923 ..
 1346   884 12654 .-
 1347  4582  3543 ..
 1348  2504  1465 ..
 1349   426  8154 .+
 1350  4124  3085 ..
 1351  2046  1007 ..
 1352 13860  4705 -.
 1353  3666  2627 ..
 1354  1588   549 ..
 1355  9361  4247 +.
 1356  3208  2169 ..
 1357  1130    91 ..
 1358  4867  3789 +.
 1359  2750  1711 ..
 1360   672 10573 .-
 1361  4370  3331 ..
 1362  2292  1253 ..
 1363   214  6074 .+
 1364  3912  2873 ..
 1365  1834   795 ..
 1366 11780  4493 -.
 1367  3454  2415 ..
 1368  1376   337 ..
 1369  7281  4035 +.
 1370  2996  1957 ..
 1371   918 12987 .-
 1372  4616  3577 ..
 1373  2538  1499 ..
 1374   460  8488 .+
 1375  4158  3119 ..
 1376  2080  1041 ..
 1377 14194  4739 -.
 1378  3700  2661 ..
 1379  1622   583 ..
 1380  9700  4281 -.
 1381  3242  2203 ..
 1382  1164   125 ..
 1383  5201  3823 +.
 1384  2784  1745 ..
 1385   706 10907 .-
 1386  4404  3365 ..
 1387  2326  1287 ..
 1388   248  6408 .+
 1389  3946  2907 ..
 1390  1868   829 ..
 1391 12114  4527 -.
 1392  3488  2449 ..
 1393  1410   371 ..
 1394  7615  4069 +.
 1395  3030  1991 ..
 1396   952 13321 .-
 1397  4650  3611 ..
 1398  2572  1533 ..
 1399   494  8821 .+
 1400  4192  3153 ..
 1401  2114  1075 ..
 1402    36  4773 ..
 1403  3734  2695 ..
 1404  1656   617 ..
 1405 10034  4315 -.
 1406  3276  2237 ..
 1407  1198   159 ..
 1408  5534  3857 +.
 1409  2818  1779 ..
 1410   740 11241 .-
 1411  4438  3399 ..
 1412  2360  1321 ..
 1413   282  6741 .+
 1414  3980  2941 ..
 1415  1902   863 ..
 1416 12448  4561 -.
 1417  3522  2483 ..
 1418  1444   405 ..
 1419  7948  4103 +.
 1420  3064  2025 ..
 1421   986 13654 .-
 1422  4684  3645 ..
 1423  2606  1567 ..
 1424   528  9155 .+
 1425  4226  3187 ..
 1426  2148  1109 ..
 1427    70  4807 ..
 1428  3768  2729 ..
 1429  1690   651 ..
 1430 10367  4349 -.
 1431  3310  2271 ..
 1432  1232   193 ..
 1433  5868  3891 +.
 1434  2852  1813 ..
 1435   774 11574 .-
 1436  4472  3433 ..
 1437  2394  1355 ..
 1438   316  7075 .+
 1439  4014  2975 ..
 1440  1936   897 ..
 1441 12781  4595 -.
 1442  3556  2517 ..
 1443  1478   439 ..
 1444  8282  4137 +.
 1445  3098  2059 ..
 1446  1020 13988 .-
 1447  4718  3679 ..
 1448  2640  1601 ..
 1449   562  9489 .+
 1450  4260  3221 ..
 1451  2182  1143 ..
 1452   104  4995 .+
 1453  3802  2763 ..
 1454  1724   685 ..
 1455 10701  4383 -.
 1456  3344  2305 ..
 1457  1266   227 ..
 1458  6202  3925 +.
 1459  2886  1847 ..
 1460   808 11908 .-
 1461  4506  3467 ..
 1462  2428  1389 ..
 1463   350  7409 .+
 1464  4048  3009 ..
 1465  1970   931 ..
 1466 13115  4629 -.
 1467  3590  2551 ..
 1468  1512   473 ..
 1469  8615  4171 +.
 1470  3132  2093 ..
 1471  1054 14322 .-
 1472  4752  3713 ..
 1473  2674  1635 ..
 1474   596  9828 .-
 1475  4294  3255 ..
 1476  2216  1177 ..
 1477   138  5328 .+
 1478  3836  2797 ..
 1479  1758   719 ..
 1480 11035  4417 -.
 1481  3378  2339 ..
 1482  1300   261 ..
 1483  6535  3959 +.
 1484  2920  1881 ..
 1485   842 12241 .-
 1486  4540  3501 ..
 1487  2462  1423 ..
 1488   384  7742 .+
 1489  4082  3043 ..
 1490  2004   965 ..
 1491 13448  4663 -.
 1492  3624  2585 ..
 1493  1546   507 ..
 1494  8949  4205 +.
 1495  3166  2127 ..
 1496  1088    49 ..
 1497  4786  3747 ..
 1498  2708  1669 ..
 1499   630 10161 .-
 1500  4328  3289 ..
 1501  2250  1211 ..
 1502   172  5662 .+
 1503  3870  2831 ..
 1504  1792   753 ..
 1505 11368  4451 -.
 1506  3412  2373 ..
 1507  1334   295 ..
 1508  6869  3993 +.
 1509  2954  1915 ..
 1510   876 12575 .-
 1511  4574  3535 ..
 1512  2496  1457 ..
 1513   418  8076 .+
 1514  4116  3077 ..
 1515  2038   999 ..
 1516 13782  4697 -.
 1517  3658  2619 ..
 1518  1580   541 ..
 1519  9283  4239 +.
 1520  3200  2161 ..
 1521  1122    83 ..
 1522  4820  3781 ..
 1523  2742  1703 ..
 1524   664 10495 .-
 1525  4362  3323 ..
 1526  2284  1245 ..
 1527   206  5996 .+
 1528  3904  2865 ..
 1529  1826   787 ..
 1530 11702  4485 -.
 1531  3446  2407 ..
 1532  1368   329 ..
 1533  7203  4027 +.
 1534  2988  1949 ..
 1535   910 12909 .-
 1536  4608  3569 ..
 1537  2530  1491 ..
 1538   452  8409 .+
 1539  4150  3111 ..
 1540  2072  1033 ..
 1541 14116  4731 -.
 1542  3692  2653 ..
 1543  1614   575 ..
 1544  9616  4273 +.
 1545  3234  2195 ..
 1546  1156   117 ..
 1547  5122  3815 +.
 1548  2776  1737 ..
 1549   698 10829 .-
 1550  4396  3357 ..
 1551  2318  1279 ..
 1552   240  6329 .+
 1553  3938  2899 ..
 1554  1860   821 ..
 1555 12035  4519 -.
 1556  3480  2441 ..
 1557  1402   363 ..
 1558  7536  4061 +.
 1559  3022  1983 ..
 1560   944 13242 .-
 1561  4642  3603 ..
 1562  2564  1525 ..
 1563   486  8743 .+
 1564  4184  3145 ..
 1565  2106  1067 ..
 1566 14449  4765 -.
 1567  3726  2687 ..
 1568  1648   609 ..
 1569  9955  4307 -.
 1570  3268  2229 ..
 1571  1190   151 ..
 1572  5456  3849 +.
 1573  2810  1771 ..
 1574   732 11162 .-
 1575  4430  3391 ..
 1576  2352  1313 ..
 1577   274  6663 .+
 1578  3972  2933 ..
 1579  1894   855 ..
 1580 12369  4553 -.
 1581  3514  2475 ..
 1582  1436   397 ..
 1583  7870  4095 +.
 1584  3056  2017 ..
 1585   978 13576 .-
 1586  4676  3637 ..
 1587  2598  1559 ..
 1588   520  9077 .+
 1589  4218  3179 ..
 1590  2140  1101 ..
 1591    62  4799 ..
 1592  3760  2721 ..
 1593  1682   643 ..
 1594 10289  4341 -.
 1595  3302  2263 ..
 1596  1224   185 ..
 1597  5790  3883 +.
 1598  2844  1805 ..
 1599   766 11496 .-
 1600  4464  3425 ..
 1601  2386  1347 ..
 1602   308  6996 .+
 1603  4006  2967 ..
 1604  1928   889 ..
 1605 12703  4587 -.
 1606  3548  2509 ..
 1607  1470   431 ..
 1608  8203  4129 +.
 1609  3090  2051 ..
 1610  1012 13910 .-
 1611  4710  3671 ..
 1612  2632  1593 ..
 1613   554  9410 .+
 1614  4252  3213 ..
 1615  2174  1135 ..
 1616    96  4916 .+
 1617  3794  2755 ..
 1618  1716   677 ..
 1619 10622  4375 -.
 1620  3336  2297 ..
 1621  1258   219 ..
 1622  6123  3917 +.
 1623  2878  1839 ..
 1624   800 11829 .-
 1625  4498  3459 ..
 1626  2420  1381 ..
 1627   342  7330 .+
 1628  4040  3001 ..
 1629  1962   923 ..
 1630 13036  4621 -.
 1631  3582  2543 ..
 1632  1504   465 ..
 1633  8537  4163 +.
 1634  3124  2085 ..
 1635  1046 14243 .-
 1636  4744  3705 ..
 1637  2666  1627 ..
 1638   588  9749 .-
 1639  4286  3247 ..
 1640  2208  1169 ..
 1641   130  5250 .+
 1642  3828  2789 ..
 1643  1750   711 ..
 1644 10956  4409 -.
 1645  3370  2331 ..
 1646  1292   253 ..
 1647  6457  3951 +.
 1648  2912  1873 ..
 1649   834 12163 .-
 1650  4532  3493 ..
 1651  2454  1415 ..
 1652   376  7664 .+
 1653  4074  3035 ..
 1654  1996   957 ..
 1655 13370  4655 -.
 1656  3616  2577 ..
 1657  1538   499 ..
 1658  8871  4197 +.
 1659  3158  2119 ..
 1660  1080    41 ..
 1661  4778  3739 ..
 1662  2700  1661 ..
 1663   622 10083 .-
 1664  4320  3281 ..
 1665  2242  1203 ..
 1666   164  5584 .+
 1667  3862  2823 ..
 1668  1784   745 ..
 1669 11290  4443 -.
 1670  3404  2365 ..
 1671  1326   287 ..
 1672  6790  3985 +.
 1673  2946  1907 ..
 1674   868 12497 .-
 1675  4566  3527 ..
 1676  2488  1449 ..
 1677   410  7997 .+
 1678  4108  3069 ..
 1679  2030   991 ..
 1680 13703  4689 -.
 1681  3650  2611 ..
 1682  1572   533 ..
 1683  9204  4231 +.
 1684  3192  2153 ..
 1685  1114    75 ..
 1686  4812  3773 ..
 1687  2734  1695 ..
 1688   656 10416 .-
 1689  4354  3315 ..
 1690  2276  1237 ..
 1691   198  5917 .+
 1692  3896  2857 ..
 1693  1818   779 ..
 1694 11623  4477 -.
 1695  3438  2399 ..
 1696  1360   321 ..
 1697  7124  4019 +.
 1698  2980  1941 ..
 1699   902 12830 .-
 1700  4600  3561 ..
 1701  2522  1483 ..
 1702   444  8331 .+
 1703  4142  3103 ..
 1704  2064  1025 ..
 1705 14037  4723 -.
 1706  3684  2645 ..
 1707  1606   567 ..
 1708  9538  4265 +.
 1709  3226  2187 ..
 1710  1148   109 ..
 1711  5044  3807 +.
 1712  2768  1729 ..
 1713   690 10750 .-
 1714  4388  3349 ..
 1715  2310  1271 ..
 1716   232  6251 .+
 1717  3930  2891 ..
 1718  1852   813 ..
 1719 11957  4511 -.
 1720  3472  2433 ..
 1721  1394   355 ..
 1722  7458  4053 +.
 1723  3014  1975 ..
 1724   936 13164 .-
 1725  4634  3595 ..
 1726  2556  1517 ..
 1727   478  8664 .+
 1728  4176  3137 ..
 1729  2098  1059 ..
 1730 14371  4757 -.
 1731  3718  2679 ..
 1732  1640   601 ..
 1733  9877  4299 -.
 1734  3260  2221 ..
 1735  1182   143 ..
 1736  5377  3841 +.
 1737  2802  1763 ..
 1738   724 11084 .-
 1739  4422  3383 ..
 1740  2344  1305 ..
 1741   266  6584 .+
 1742  3964  2925 ..
 1743  1886   847 ..
 1744 12291  4545 -.
 1745  3506  2467 ..
 1746  1428   389 ..
 1747  7791  4087 +.
 1748  3048  2009 ..
 1749   970 13497 .-
 1750  4668  3629 ..
 1751  2590  1551 ..
 1752   512  8998 .+
 1753  4210  3171 ..
 1754  2132  1093 ..
 1755    54  4791 ..
 1756  3752  2713 ..
 1757  1674   635 ..
 1758 10210  4333 -.
 1759  3294  2255 ..
 1760  1216   177 ..
 1761  5711  3875 +.
 1762  2836  1797 ..
 1763   758 11417 .-
 1764  4456  3417 ..
 1765  2378  1339 ..
 1766   300  6918 .+
 1767  3998  2959 ..
 1768  1920   881 ..
 1769 12624  4579 -.
 1770  3540  2501 ..
 1771  1462   423 ..
 1772  8125  4121 +.
 1773  3082  2043 ..
 1774  1004 13831 .-
 1775  4702  3663 ..
 1776  2624  1585 ..
 1777   546  9332 .+
 1778  4244  3205 ..
 1779  2166  1127 ..
 1780    88  4825 ..
 1781  3786  2747 ..
 1782  1708   669 ..
 1783 10544  4367 -.
 1784  3328  2289 ..
 1785  1250   211 ..
 1786  6045  3909 +.
 1787  2870  1831 ..
 1788   792 11751 .-
 1789  4490  3451 ..
 1790  2412  1373 ..
 1791   334  7252 .+
 1792  4032  2993 ..
 1793  1954   915 ..
 1794 12958  4613 -.
 1795  3574  2535 ..
 1796  1496   457 ..
 1797  8458  4155 +.
 1798  3116  2077 ..
 1799  1038 14165 .-
 1800  4736  3697 ..
 1801  2658  1619 ..
 1802   580  9671 .-
 1803  4278  3239 ..
 1804  2200  1161 ..
 1805   122  5171 .+
 1806  3820  2781 ..
 1807  1742   703 ..
 1808 10878  4401 -.
 1809  3362  2323 ..
 1810  1284   245 ..
 1811  6378  3943 +.
 1812  2904  1865 ..
 1813   826 12084 .-
 1814  4524  3485 ..
 1815  2446  1407 ..
 1816   368  7585 .+
 1817  4066  3027 ..
 1818  1988   949 ..
 1819 13291  4647 -.
 1820  3608  2569 ..
 1821  1530   491 ..
 1822  8792  4189 +.
 1823  3150  2111 ..
 1824  1072    33 ..
 1825  4770  3731 ..
 1826  2692  1653 ..
 1827   614 10004 .-
 1828  4312  3273 ..
 1829  2234  1195 ..
 1830   156  5505 .+
 1831  3854  2815 ..
 1832  1776   737 ..
 1833 11211  4435 -.
 1834  3396  2357 ..
 1835  1318   279 ..
 1836  6712  3977 +.
 1837  2938  1899 ..
 1838   860 12418 .-
 1839  4558  3519 ..
 1840  2480  1441 ..
 1841   402  7919 .+
 1842  4100  3061 ..
 1843  2022   983 ..
 1844 13625  4681 -.
 1845  3642  2603 ..
 1846  1564   525 ..
 1847  9126  4223 +.
 1848  3184  2145 ..
 1849  1106    67 ..
 1850  4804  3765 ..
 1851  2726  1687 ..
 1852   648 10338 .-
 1853  4346  3307 ..
 1854  2268  1229 ..
 1855   190  5839 .+
 1856  3888  2849 ..
 1857  1810   771 ..
 1858 11545  4469 -.
 1859  3430  2391 ..
 1860  1352   313 ..
 1861  7046  4011 +.
 1862  2972  1933 ..
 1863   894 12752 .-
 1864  4592  3553 ..
 1865  2514  1475 ..
 1866   436  8252 .+
 1867  4134  3095 ..
 1868  2056  1017 ..
 1869 13959  4715 -.
 1870  3676  2637 ..
 1871  1598   559 ..
 1872  9459  4257 +.
 1873  3218  2179 ..
 1874  1140   101 ..
 1875  4965  3799 +.
 1876  2760  1721 ..
 1877   682 10672 .-
 1878  4380  3341 ..
 1879  2302  1263 ..
 1880   224  6172 .+
 1881  3922  2883 ..
 1882  1844   805 ..
 1883 11878  4503 -.
 1884  3464  2425 ..
 1885  1386   347 ..
 1886  7379  4045 +.
 1887  3006  1967 ..
 1888   928 13085 .-
 1889  4626  3587 ..
 1890  2548  1509 ..
 1891   470  8586 .+
 1892  4168  3129 ..
 1893  2090  1051 ..
 1894 14292  4749 -.
 1895  3710  2671 ..
 1896  1632   593 ..
 1897  9798  4291 -.
 1898  3252  2213 ..
 1899  1174   135 ..
 1900  5299  3833 +.
 1901  2794  1755 ..
 1902   716 11005 .-
 1903  4414  3375 ..
 1904  2336  1297 ..
 1905   258  6506 .+
 1906  3956  2917 ..
 1907  1878   839 ..
 1908 12212  4537 -.
 1909  3498  2459 ..
 1910  1420   381 ..
 1911  7713  4079 +.
 1912  3040  2001 ..
 1913   962 13419 .-
 1914  4660  3621 ..
 1915  2582  1543 ..
 1916   504  8920 .+
 1917  4202  3163 ..
 1918  2124  1085 ..
 1919    46  4783 ..
 1920  3744  2705 ..
 1921  1666   627 ..
 1922 10132  4325 -.
 1923  3286  2247 ..
 1924  1208   169 ..
 1925  5633  3867 +.
 1926  2828  1789 ..
 1927   750 11339 .-
 1928  4448  3409 ..
 1929  2370  1331 ..
 1930   292  6839 .+
 1931  3990  2951 ..
 1932  1912   873 ..
 1933 12546  4571 -.
 1934  3532  2493 ..
 1935  1454   415 ..
 1936  8046  4113 +.
 1937  3074  2035 ..
 1938   996 13753 .-
 1939  4694  3655 ..
 1940  2616  1577 ..
 1941   538  9253 .+
 1942  4236  3197 ..
 1943  2158  1119 ..
 1944    80  4817 ..
 1945  3778  2739 ..
 1946  1700   661 ..
 1947 10465  4359 -.
 1948  3320  2281 ..
 1949  1242   203 ..
 1950  5966  3901 +.
 1951  2862  1823 ..
 1952   784 11672 .-
 1953  4482  3443 ..
 1954  2404  1365 ..
 1955   326  7173 .+
 1956  4024  2985 ..
 1957  1946   907 ..
 1958 12879  4605 -.
 1959  3566  2527 ..
 1960  1488   449 ..
 1961  8380  4147 +.
 1962  3108  2069 ..
 1963  1030 14086 .-
 1964  4728  3689 ..
 1965  2650  1611 ..
 1966   572  9587 .+
 1967  4270  3231 ..
 1968  2192  1153 ..
 1969   114  5093 .+
 1970  3812  2773 ..
 1971  1734   695 ..
 1972 10799  4393 -.
 1973  3354  2315 ..
 1974  1276   237 ..
 1975  6300  3935 +.
 1976  2896  1857 ..
 1977   818 12006 .-
 1978  4516  3477 ..
 1979  2438  1399 ..
 1980   360  7507 .+
 1981  4058  3019 ..
 1982  1980   941 ..
 1983 13213  4639 -.
 1984  3600  2561 ..
 1985  1522   483 ..
 1986  8714  4181 +.
 1987  3142  2103 ..
 1988  1064 14420 .-
 1989  4762  3723 ..
 1990  2684  1645 ..
 1991   606  9926 .-
 1992  4304  3265 ..
 1993  2226  1187 ..
 1994   148  5427 .+
 1995  3846  2807 ..
 1996  1768   729 ..
 1997 11133  4427 -.
 1998  3388  2349 ..
 1999  1310   271 ..
 2000  6633  3969 +.
 2001  2930  1891 ..
 2002   852 12340 .-
 2003  4550  3511 ..
 2004  2472  1433 ..
 2005   394  7840 .+
 2006  4092  3053 ..
 2007  2014   975 ..
 2008 13546  4673 -.
 2009  3634  2595 ..
 2010  1556   517 ..
 2011  9047  4215 +.
 2012  3176  2137 ..
 2013  1098    59 ..
 2014  4796  3757 ..
 2015  2718  1679 ..
 2016   640 10259 .-
 2017  4338  3299 ..
 2018  2260  1221 ..
 2019   182  5760 .+
 2020  3880  2841 ..
 2021  1802   763 ..
 2022 11466  4461 -.
 2023  3422  2383 ..
 2024  1344   305 ..
 2025  6967  4003 +.
 2026  2964  1925 ..
 2027   886 12673 .-
 2028  4584  3545 ..
 2029  2506  1467 ..
 2030   428  8174 .+
 2031  4126  3087 ..
 2032  2048  1009 ..
 2033 13880  4707 -.
 2034  3668  2629 ..
 2035  1590   551 ..
 2036  9381  4249 +.
 2037  3210  2171 ..
 2038  1132    93 ..
 2039  4887  3791 +.
 2040  2752  1713 ..
 2041   674 10593 .-
 2042  4372  3333 ..
 2043  2294  1255 ..
 2044   216  6094 .+
 2045  3914  2875 ..
 2046  1836   797 ..
 2047 11800  4495 -.
 2048  3456  2417 ..
 2049  1378   339 ..
 2050  7301  4037 +.
 2051  2998  1959 ..
 2052   920 13007 .-
 2053  4618  3579 ..
 2054  2540  1501 ..
 2055   462  8508 .+
 2056  4160  3121 ..
 2057  2082  1043 ..
 2058 14214  4741 -.
 2059  3702  2663 ..
 2060  1624   585 ..
 2061  9720  4283 -.
 2062  3244  2205 ..
 2063  1166   127 ..
 2064  5220  3825 +.
 2065  2786  1747 ..
 2066   708 10927 .-
 2067  4406  3367 ..
 2068  2328  1289 ..
 2069   250  6427 .+
 2070  3948  2909 ..
 2071  1870   831 ..
 2072 12134  4529 -.
 2073  3490  2451 ..
 2074  1412   373 ..
 2075  7634  4071 +.
 2076  3032  1993 ..
 2077   954 13340 .-
 2078  4652  3613 ..
 2079  2574  1535 ..
 2080   496  8841 .+
 2081  4194  3155 ..
 2082  2116  1077 ..
 2083    38  4775 ..
 2084  3736  2697 ..
 2085  1658   619 ..
 2086 10053  4317 -.
 2087  3278  2239 ..
 2088  1200   161 ..
 2089  5554  3859 +.
 2090  2820  1781 ..
 2091   742 11260 .-
 2092  4440  3401 ..
 2093  2362  1323 ..
 2094   284  6761 .+
 2095  3982  2943 ..
 2096  1904   865 ..
 2097 12467  4563 -.
 2098  3524  2485 ..
 2099  1446   407 ..
 2100  7968  4105 +.
 2101  3066  2027 ..
 2102   988 13674 .-
 2103  4686  3647 ..
 2104  2608  1569 ..
 2105   530  9175 .+
 2106  4228  3189 ..
 2107  2150  1111 ..
 2108    72  4809 ..
 2109  3770  2731 ..
 2110  1692   653 ..
 2111 10387  4351 -.
 2112  3312  2273 ..
 2113  1234   195 ..
 2114  5888  3893 +.
 2115  2854  1815 ..
 2116   776 11594 .-
 2117  4474  3435 ..
 2118  2396  1357 ..
 2119   318  7095 .+
 2120  4016  2977 ..
 2121  1938   899 ..
 2122 12801  4597 -.
 2123  3558  2519 ..
 2124  1480   441 ..
 2125  8301  4139 +.
 2126  3100  2061 ..
 2127  1022 14008 .-
 2128  4720  3681 ..
 2129  2642  1603 ..
 2130   564  9508 .+
 2131  4262  3223 ..
 2132  2184  1145 ..
 2133   106  5014 .+
 2134  3804  2765 ..
 2135  1726   687 ..
 2136 10721  4385 -.
 2137  3346  2307 ..
 2138  1268   229 ..
 2139  6221  3927 +.
 2140  2888  1849 ..
 2141   810 11927 .-
 2142  4508  3469 ..
 2143  2430  1391 ..
 2144   352  7428 .+
 2145  4050  3011 ..
 2146  1972   933 ..
 2147 13134  4631 -.
 2148  3592  2553 ..
 2149  1514   475 ..
 2150  8635  4173 +.
 2151  3134  2095 ..
 2152  1056 14341 .-
 2153  4754  3715 ..
 2154  2676  1637 ..
 2155   598  9847 .-
 2156  4296  3257 ..
 2157  2218  1179 ..
 2158   140  5348 .+
 2159  3838  2799 ..
 2160  1760   721 ..
 2161 11054  4419 -.
 2162  3380  2341 ..
 2163  1302   263 ..
 2164  6555  3961 +.
 2165  2922  1883 ..
 2166   844 12261 .-
 2167  4542  3503 ..
 2168  2464  1425 ..
 2169   386  7762 .+
 2170  4084  3045 ..
 2171  2006   967 ..
 2172 13468  4665 -.
 2173  3626  2587 ..
 2174  1548   509 ..
 2175  8969  4207 +.
 2176  3168  2129 ..
 2177  1090    51 ..
 2178  4788  3749 ..
 2179  2710  1671 ..
 2180   632 10181 .-
 2181  4330  3291 ..
 2182  2252  1213 ..
 2183   174  5682 .+
 2184  3872  2833 ..
 2185  1794   755 ..
 2186 11388  4453 -.
 2187  3414  2375 ..
 2188  1336   297 ..
 2189  6889  3995 +.
 2190  2956  1917 ..
 2191   878 12595 .-
 2192  4576  3537 ..
 2193  2498  1459 ..
 2194   420  8095 .+
 2195  4118  3079 ..
 2196  2040  1001 ..
 2197 13802  4699 -.
 2198  3660  2621 ..
 2199  1582   543 ..
 2200  9302  4241 +.
 2201  3202  2163 ..
 2202  1124    85 ..
 2203  4822  3783 ..
 2204  2744  1705 ..
 2205   666 10515 .-
 2206  4364  3325 ..
 2207  2286  1247 ..
 2208   208  6015 .+
 2209  3906  2867 ..
 2210  1828   789 ..
 2211 11721  4487 -.
 2212  3448  2409 ..
 2213  1370   331 ..
 2214  7222  4029 +.
 2215  2990  1951 ..
 2216   912 12928 .-
 2217  4610  3571 ..
 2218  2532  1493 ..
 2219   454  8429 .+
 2220  4152  3113 ..
 2221  2074  1035 ..
 2222 14135  4733 -.
 2223  3694  2655 ..
 2224  1616   577 ..
 2225  9636  4275 +.
 2226  3236  2197 ..
 2227  1158   119 ..
 2228  5142  3817 +.
 2229  2778  1739 ..
 2230   700 10848 .-
 2231  4398  3359 ..
 2232  2320  1281 ..
 2233   242  6349 .+
 2234  3940  2901 ..
 2235  1862   823 ..
 2236 12055  4521 -.
 2237  3482  2443 ..
 2238  1404   365 ..
 2239  7556  4063 +.
 2240  3024  1985 ..
 2241   946 13262 .-
 2242  4644  3605 ..
 2243  2566  1527 ..
 2244   488  8763 .+
 2245  4186  3147 ..
 2246  2108  1069 ..
 2247 14469  4767 -.
 2248  3728  2689 ..
 2249  1650   611 ..
 2250  9975  4309 -.
 2251  3270  2231 ..
 2252  1192   153 ..
 2253  5476  3851 +.
 2254  2812  1773 ..
 2255   734 11182 .-
 2256  4432  3393 ..
 2257  2354  1315 ..
 2258   276  6682 .+
 2259  3974  2935 ..
 2260  1896   857 ..
 2261 12389  4555 -.
 2262  3516  2477 ..
 2263  1438   399 ..
 2264  7889  4097 +.
 2265  3058  2019 ..
 2266   980 13596 .-
 2267  4678  3639 ..
 2268  2600  1561 ..
 2269   522  9096 .+
 2270  4220  3181 ..
 2271  2142  1103 ..
 2272    64  4801 ..
 2273  3762  2723 ..
 2274  1684   645 ..
 2275 10308  4343 -.
 2276  3304  2265 ..
 2277  1226   187 ..
 2278  5809  3885 +.
 2279  2846  1807 ..
 2280   768 11515 .-
 2281  4466  3427 ..
 2282  2388  1349 ..
 2283   310  7016 .+
 2284  4008  2969 ..
 2285  1930   891 ..
 2286 12722  4589 -.
 2287  3550  2511 ..
 2288  1472   433 ..
 2289  8223  4131 +.
 2290  3092  2053 ..
 2291  1014 13929 .-
 2292  4712  3673 ..
 2293  2634  1595 ..
 2294   556  9430 .+
 2295  4254  3215 ..
 2296  2176  1137 ..
 2297    98  4936 .+
 2298  3796  2757 ..
 2299  1718   679 ..
 2300 10642  4377 -.
 2301  3338  2299 ..
 2302  1260   221 ..
 2303  6143  3919 +.
 2304  2880  1841 ..
 2305   802 11849 .-
 2306  4500  3461 ..
 2307  2422  1383 ..
 2308   344  7350 .+
 2309  4042  3003 ..
 2310  1964   925 ..
 2311 13056  4623 -.
 2312  3584  2545 ..
 2313  1506   467 ..
 2314  8557  4165 +.
 2315  3126  2087 ..
 2316  1048 14263 .-
 2317  4746  3707 ..
 2318  2668  1629 ..
 2319   590  9769 .-
 2320  4288  3249 ..
 2321  2210  1171 ..
 2322   132  5270 .+
 2323  3830  2791 ..
 2324  1752   713 ..
 2325 10976  4411 -.
 2326  3372  2333 ..
 2327  1294   255 ..
 2328  6476  3953 +.
 2329  2914  1875 ..
 2330   836 12183 .-
 2331  4534  3495 ..
 2332  2456  1417 ..
 2333   378  7683 .+
 2334  4076  3037 ..
 2335  1998   959 ..
 2336 13389  4657 -.
 2337  3618  2579 ..
 2338  1540   501 ..
 2339  8890  4199 +.
 2340  3160  2121 ..
 2341  1082    43 ..
 2342  4780  3741 ..
 2343  2702  1663 ..
 2344   624 10102 .-
 2345  4322  3283 ..
 2346  2244  1205 ..
 2347   166  5603 .+
 2348  3864  2825 ..
 2349  1786   747 ..
 2350 11309  4445 -.
 2351  3406  2367 ..
 2352  1328   289 ..
 2353  6810  3987 +.
 2354  2948  1909 ..
 2355   870 12516 .-
 2356  4568  3529 ..
 2357  2490  1451 ..
 2358   412  8017 .+
 2359  4110  3071 ..
 2360  2032   993 ..
 2361 13723  4691 -.
 2362  3652  2613 ..
 2363  1574   535 ..
 2364  9224  4233 +.
 2365  3194  2155 ..
 2366  1116    77 ..
 2367  4814  3775 ..
 2368  2736  1697 ..
 2369   658 10436 .-
 2370  4356  3317 ..
 2371  2278  1239 ..
 2372   200  5937 .+
 2373  3898  2859 ..
 2374  1820   781 ..
 2375 11643  4479 -.
 2376  3440  2401 ..
 2377  1362   323 ..
 2378  7144  4021 +.
 2379  2982  1943 ..
 2380   904 12850 .-
 2381  4602  3563 ..
 2382  2524  1485 ..
 2383   446  8351 .+
 2384  4144  3105 ..
 2385  2066  1027 ..
 2386 14057  4725 -.
 2387  3686  2647 ..
 2388  1608   569 ..
 2389  9557  4267 +.
 2390  3228  2189 ..
 2391  1150   111 ..
 2392  5063  3809 +.
 2393  2770  1731 ..
 2394   692 10770 .-
 2395  4390  3351 ..
 2396  2312  1273 ..
 2397   234  6270 .+
 2398  3932  2893 ..
 2399  1854   815 ..
 2400 11977  4513 -.
 2401  3474  2435 ..
 2402  1396   357 ..
 2403  7477  4055 +.
 2404  3016  1977 ..
 2405   938 13183 .-
 2406  4636  3597 ..
 2407  2558  1519 ..
 2408   480  8684 .+
 2409  4178  3139 ..
 2410  2100  1061 ..
 2411 14390  4759 -.
 2412  3720  2681 ..
 2413  1642   603 ..
 2414  9896  4301 -.
 2415  3262  2223 ..
 2416  1184   145 ..
 2417  5397  3843 +.
 2418  2804  1765 ..
 2419   726 11103 .-
 2420  4424  3385 ..
 2421  2346  1307 ..
 2422   268  6604 .+
 2423  3966  2927 ..
 2424  1888   849 ..
 2425 12310  4547 -.
 2426  3508  2469 ..
 2427  1430   391 ..
 2428  7811  4089 +.
 2429  3050  2011 ..
 2430   972 13517 .-
 2431  4670  3631 ..
 2432  2592  1553 ..
 2433   514  9018 .+
 2434  4212  3173 ..
 2435  2134  1095 ..
 2436    56  4793 ..
 2437  3754  2715 ..
 2438  1676   637 ..
 2439 10230  4335 -.
 2440  3296  2257 ..
 2441  1218   179 ..
 2442  5731  3877 +.
 2443  2838  1799 ..
 2444   760 11437 .-
 2445  4458  3419 ..
 2446  2380  1341 ..
 2447   302  6938 .+
 2448  4000  2961 ..
 2449  1922   883 ..
 2450 12644  4581 -.
 2451  3542  2503 ..
 2452  1464   425 ..
 2453  8144  4123 +.
 2454  3084  2045 ..
 2455  1006 13851 .-
 2456  4704  3665 ..
 2457  2626  1587 ..
 2458   548  9351 .+
 2459  4246  3207 ..
 2460  2168  1129 ..
 2461    90  4827 ..
 2462  3788  2749 ..
 2463  1710   671 ..
 2464 10564  4369 -.
 2465  3330  2291 ..
 2466  1252   213 ..
 2467  6064  3911 +.
 2468  2872  1833 ..
 2469   794 11770 .-
 2470  4492  3453 ..
 2471  2414  1375 ..
 2472   336  7271 .+
 2473  4034  2995 ..
 2474  1956   917 ..
 2475 12977  4615 -.
 2476  3576  2537 ..
 2477  1498   459 ..
 2478  8478  4157 +.
 2479  3118  2079 ..
 2480  1040 14184 .-
 2481  4738  3699 ..
 2482  2660  1621 ..
 2483   582  9690 .-
 2484  4280  3241 ..
 2485  2202  1163 ..
 2486   124  5191 .+
 2487  3822  2783 ..
 2488  1744   705 ..
 2489 10897  4403 -.
 2490  3364  2325 ..
 2491  1286   247 ..
 2492  6398  3945 +.
 2493  2906  1867 ..
 2494   828 12104 .-
 2495  4526  3487 ..
 2496  2448  1409 ..
 2497   370  7605 .+
 2498  4068  3029 ..
 2499  1990   951 ..
 2500 13311  4649 -.
 2501  3610  2571 ..
 2502  1532   493 ..
 2503  8812  4191 +.
 2504  3152  2113 ..
 2505  1074    35 ..
 2506  4772  3733 ..
 2507  2694  1655 ..
 2508   616 10024 .-
 2509  4314  3275 ..
 2510  2236  1197 ..
 2511   158  5525 .+
 2512  3856  2817 ..
 2513  1778   739 ..
 2514 11231  4437 -.
 2515  3398  2359 ..
 2516  1320   281 ..
 2517  6732  3979 +.
 2518  2940  1901 ..
 2519   862 12438 .-
 2520  4560  3521 ..
 2521  2482  1443 ..
 2522   404  7938 .+
 2523  4102  3063 ..
 2524  2024   985 ..
 2525 13645  4683 -.
 2526  3644  2605 ..
 2527  1566   527 ..
 2528  9145  4225 +.
 2529  3186  2147 ..
 2530  1108    69 ..
 2531  4806  3767 ..
 2532  2728  1689 ..
 2533   650 10358 .-
 2534  4348  3309 ..
 2535  2270  1231 ..
 2536   192  5858 .+
 2537  3890  2851 ..
 2538  1812   773 ..
 2539 11564  4471 -.
 2540  3432  2393 ..
 2541  1354   315 ..
 2542  7065  4013 +.
 2543  2974  1935 ..
 2544   896 12771 .-
 2545  4594  3555 ..
 2546  2516  1477 ..
 2547   438  8272 .+
 2548  4136  3097 ..
 2549  2058  1019 ..
 2550 13978  4717 -.
 2551  3678  2639 ..
 2552  1600   561 ..
 2553  9479  4259 +.
 2554  3220  2181 ..
 2555  1142   103 ..
 2556  4985  3801 +.
 2557  2762  1723 ..
 2558   684 10691 .-
 2559  4382  3343 ..
 2560  2304  1265 ..
 2561   226  6192 .+
 2562  3924  2885 ..
 2563  1846   807 ..
 2564 11898  4505 -.
 2565  3466  2427 ..
 2566  1388   349 ..
 2567  7399  4047 +.
 2568  3008  1969 ..
 2569   930 13105 .-
 2570  4628  3589 ..
 2571  2550  1511 ..
 2572   472  8606 .+
 2573  4170  3131 ..
 2574  2092  1053 ..
 2575 14312  4751 -.
 2576  3712  2673 ..
 2577  1634   595 ..
 2578  9818  4293 -.
 2579  3254  2215 ..
 2580  1176   137 ..
 2581  5319  3835 +.
 2582  2796  1757 ..
 2583   718 11025 .-
 2584  4416  3377 ..
 2585  2338  1299 ..
 2586   260  6525 .+
 2587  3958  2919 ..
 2588  1880   841 ..
 2589 12232  4539 -.
 2590  3500  2461 ..
 2591  1422   383 ..
 2592  7732  4081 +.
 2593  3042  2003 ..
 2594   964 13439 .-
 2595  4662  3623 ..
 2596  2584  1545 ..
 2597   506  8939 .+
 2598  4204  3165 ..
 2599  2126  1087 ..
 2600    48  4785 ..
 2601  3746  2707 ..
 2602  1668   629 ..
 2603 10152  4327 -.
 2604  3288  2249 ..
 2605  1210   171 ..
 2606  5652  3869 +.
 2607  2830  1791 ..
 2608   752 11358 .-
 2609  4450  3411 ..
 2610  2372  1333 ..
 2611   294  6859 .+
 2612  3992  2953 ..
 2613  1914   875 ..
 2614 12565  4573 -.
 2615  3534  2495 ..
 2616  1456   417 ..
 2617  8066  4115 +.
 2618  3076  2037 ..
 2619   998 13772 .-
 2620  4696  3657 ..
 2621  2618  1579 ..
 2622   540  9273 .+
 2623  4238  3199 ..
 2624  2160  1121 ..
 2625    82  4819 ..
 2626  3780  2741 ..
 2627  1702   663 ..
 2628 10485  4361 -.
 2629  3322  2283 ..
 2630  1244   205 ..
 2631  5986  3903 +.
 2632  2864  1825 ..
 2633   786 11692 .-
 2634  4484  3445 ..
 2635  2406  1367 ..
 2636   328  7193 .+
 2637  4026  2987 ..
 2638  1948   909 ..
 2639 12899  4607 -.
 2640  3568  2529 ..
 2641  1490   451 ..
 2642  8400  4149 +.
 2643  3110  2071 ..
 2644  1032 14106 .-
 2645  4730  3691 ..
 2646  2652  1613 ..
 2647   574  9606 .+
 2648  4272  3233 ..
 2649  2194  1155 ..
 2650   116  5113 .+
 2651  3814  2775 ..
 2652  1736   697 ..
 2653 10819  4395 -.
 2654  3356  2317 ..
 2655  1278   239 ..
 2656  6319  3937 +.
 2657  2898  1859 ..
 2658   820 12026 .-
 2659  4518  3479 ..
 2660  2440  1401 ..
 2661   362  7526 .+
 2662  4060  3021 ..
 2663  1982   943 ..
 2664 13232  4641 -.
 2665  3602  2563 ..
 2666  1524   485 ..
 2667  8733  4183 +.
 2668  3144  2105 ..
 2669  1066 14439 .-
 2670  4764  3725 ..
 2671  2686  1647 ..
 2672   608  9945 .-
 2673  4306  3267 ..
 2674  2228  1189 ..
 2675   150  5446 .+
 2676  3848  2809 ..
 2677  1770   731 ..
 2678 11152  4429 -.
 2679  3390  2351 ..
 2680  1312   273 ..
 2681  6653  3971 +.
 2682  2932  1893 ..
 2683   854 12359 .-
 2684  4552  3513 ..
 2685  2474  1435 ..
 2686   396  7860 .+
 2687  4094  3055 ..
 2688  2016   977 ..
 2689 13566  4675 -.
 2690  3636  2597 ..
 2691  1558   519 ..
 2692  9067  4217 +.
 2693  3178  2139 ..
 2694  1100    61 ..
 2695  4798  3759 ..
 2696  2720  1681 ..
 2697   642 10279 .-
 2698  4340  3301 ..
 2699  2262  1223 ..
 2700   184  5780 .+
 2701  3882  2843 ..
 2702  1804   765 ..
 2703 11486  4463 -.
 2704  3424  2385 ..
 2705  1346   307 ..
 2706  6987  4005 +.
 2707  2966  1927 ..
 2708   888 12693 .-
 2709  4586  3547 ..
 2710  2508  1469 ..
 2711   430  8194 .+
 2712  4128  3089 ..
 2713  2050  1011 ..
 2714 13900  4709 -.
 2715  3670  2631 ..
 2716  1592   553 ..
 2717  9400  4251 +.
 2718  3212  2173 ..
 2719  1134    95 ..
 2720  4906  3793 +.
 2721  2754  1715 ..
 2722   676 10613 .-
 2723  4374  3335 ..
 2724  2296  1257 ..
 2725   218  6113 .+
 2726  3916  2877 ..
 2727  1838   799 ..
 2728 11820  4497 -.
 2729  3458  2419 ..
 2730  1380   341 ..
 2731  7320  4039 +.
 2732  3000  1961 ..
 2733   922 13026 .-
 2734  4620  3581 ..
 2735  2542  1503 ..
 2736   464  8527 .+
 2737  4162  3123 ..
 2738  2084  1045 ..
 2739 14233  4743 -.
 2740  3704  2665 ..
 2741  1626   587 ..
 2742  9739  4285 -.
 2743  3246  2207 ..
 2744  1168   129 ..
 2745  5240  3827 +.
 2746  2788  1749 ..
 2747   710 10946 .-
 2748  4408  3369 ..
 2749  2330  1291 ..
 2750   252  6447 .+
 2751  3950  2911 ..
 2752  1872   833 ..
 2753 12153  4531 -.
 2754  3492  2453 ..
 2755  1414   375 ..
 2756  7654  4073 +.
 2757  3034  1995 ..
 2758   956 13360 .-
 2759  4654  3615 ..
 2760  2576  1537 ..
 2761   498  8861 .+
 2762  4196  3157 ..
 2763  2118  1079 ..
 2764    40  4777 ..
 2765  3738  2699 ..
 2766  1660   621 ..
 2767 10073  4319 -.
 2768  3280  2241 ..
 2769  1202   163 ..
 2770  5574  3861 +.
 2771  2822  1783 ..
 2772   744 11280 .-
 2773  4442  3403 ..
 2774  2364  1325 ..
 2775   286  6781 .+
 2776  3984  2945 ..
 2777  1906   867 ..
 2778 12487  4565 -.
 2779  3526  2487 ..
 2780  1448   409 ..
 2781  7987  4107 +.
 2782  3068  2029 ..
 2783   990 13694 .-
 2784  4688  3649 ..
 2785  2610  1571 ..
 2786   532  9194 .+
 2787  4230  3191 ..
 2788  2152  1113 ..
 2789    74  4811 ..
 2790  3772  2733 ..
 2791  1694   655 ..
 2792 10407  4353 -.
 2793  3314  2275 ..
 2794  1236   197 ..
 2795  5907  3895 +.
 2796  2856  1817 ..
 2797   778 11613 .-
 2798  4476  3437 ..
 2799  2398  1359 ..
 2800   320  7114 .+
 2801  4018  2979 ..
 2802  1940   901 ..
 2803 12820  4599 -.
 2804  3560  2521 ..
 2805  1482   443 ..
 2806  8321  4141 +.
 2807  3102  2063 ..
 2808  1024 14027 .-
 2809  4722  3683 ..
 2810  2644  1605 ..
 2811   566  9528 .+
 2812  4264  3225 ..
 2813  2186  1147 ..
 2814   108  5034 .+
 2815  3806  2767 ..
 2816  1728   689 ..
 2817 10740  4387 -.
 2818  3348  2309 ..
 2819  1270   231 ..
 2820  6241  3929 +.
 2821  2890  1851 ..
 2822   812 11947 .-
 2823  4510  3471 ..
 2824  2432  1393 ..
 2825   354  7448 .+
 2826  4052  3013 ..
 2827  1974   935 ..
 2828 13154  4633 -.
 2829  3594  2555 ..
 2830  1516   477 ..
 2831  8655  4175 +.
 2832  3136  2097 ..
 2833  1058 14361 .-
 2834  4756  3717 ..
 2835  2678  1639 ..
 2836   600  9867 .-
 2837  4298  3259 ..
 2838  2220  1181 ..
 2839   142  5368 .+
 2840  3840  2801 ..
 2841  1762   723 ..
 2842 11074  4421 -.
 2843  3382  2343 ..
 2844  1304   265 ..
 2845  6575  3963 +.
 2846  2924  1885 ..
 2847   846 12281 .-
 2848  4544  3505 ..
 2849  2466  1427 ..
 2850   388  7781 .+
 2851  4086  3047 ..
 2852  2008   969 ..
 2853 13488  4667 -.
 2854  3628  2589 ..
 2855  1550   511 ..
 2856  8988  4209 +.
 2857  3170  2131 ..
 2858  1092    53 ..
 2859  4790  3751 ..
 2860  2712  1673 ..
 2861   634 10201 .-
 2862  4332  3293 ..
 2863  2254  1215 ..
 2864   176  5701 .+
 2865  3874  2835 ..
 2866  1796   757 ..
 2867 11407  4455 -.
 2868  3416  2377 ..
 2869  1338   299 ..
 2870  6908  3997 +.
 2871  2958  1919 ..
 2872   880 12614 .-
 2873  4578  3539 ..
 2874  2500  1461 ..
 2875   422  8115 .+
 2876  4120  3081 ..
 2877  2042  1003 ..
 2878 13821  4701 -.
 2879  3662  2623 ..
 2880  1584   545 ..
 2881  9322  4243 +.
 2882  3204  2165 ..
 2883  1126    87 ..
 2884  4824  3785 ..
 2885  2746  1707 ..
 2886   668 10534 .-
 2887  4366  3327 ..
 2888  2288  1249 ..
 2889   210  6035 .+
 2890  3908  2869 ..
 2891  1830   791 ..
 2892 11741  4489 -.
 2893  3450  2411 ..
 2894  1372   333 ..
 2895  7242  4031 +.
 2896  2992  1953 ..
 2897   914 12948 .-
 2898  4612  3573 ..
 2899  2534  1495 ..
 2900   456  8449 .+
 2901  4154  3115 ..
 2902  2076  1037 ..
 2903 14155  4735 -.
 2904  3696  2657 ..
 2905  1618   579 ..
 2906  9661  4277 -.
 2907  3238  2199 ..
 2908  1160   121 ..
 2909  5162  3819 +.
 2910  2780  1741 ..
 2911   702 10868 .-
 2912  4400  3361 ..
 2913  2322  1283 ..
 2914   244  6368 .+
 2915  3942  2903 ..
 2916  1864   825 ..
 2917 12075  4523 -.
 2918  3484  2445 ..
 2919  1406   367 ..
 2920  7575  4065 +.
 2921  3026  1987 ..
 2922   948 13282 .-
 2923  4646  3607 ..
 2924  2568  1529 ..
 2925   490  8782 .+
 2926  4188  3149 ..
 2927  2110  1071 ..
 2928  4836  4836 R+
 2929  4837  4837 R+
 2930  4838  4838 R+
 2931  4839  4839 R+
 2932  4840  4840 R+
 2933  4841  4841 R+
 2934  4842  4842 R+
 2935  4843  4843 R+
 2936  4844  4844 R+
 2937  4845  4845 R+
 2938  4846  4846 R+
 2939  4847  4847 R+
 2940  4848  4848 R+
 2941  4849  4849 R+
 2942  4850  4850 R+
 2943  4851  4851 R+
 2944  4852  4852 R+
 2945  4853  4853 R+
 2946  4854  4854 R+
 2947  4855  4855 R+
 2948  4856  4856 R+
 2949  4857  4857 R+
 2950  4858  4858 R+
 2951  4859  4859 R+
Total data plus flush bits=4828, p-parity bits=520, q-parity=492, Errors=0, Repetition=64
