R20T45XL2
Channel Interleaving, Puncturing and Mapping to 16-QAM
User data=2256, with flush=2260, Channel Symbols=1446, Channel Bits=5784, Parity=3524, p=q=1762, Coding Rate=0.390042
D=2256, FECSy=1446, DF=2260, N=5784, P=3524, p=1762, distep=1397, dd=0, pistep=1089, pp=1761, ppstep=1.282633, ppstart=2260.500000, qpstart=4521.141113, k=316, mx=4.575949

Symbol   I1    I0    Q1    Q0  Pattern= . =data, + =p parity, - =q parity
-------------------------------------------------------------------------
    0  4519  3656  4521  5384 ++--
    1     0  2792  1397  6247 .+.-
    2   534  4189  1931  4850 .+.-
    3  1068  3326   205  5713 .+.-
    4  1602  2463   739  6577 .+.-
    5  3859  2996  5180  6043 ++--
    6  2136  4393  1273  4646 .+.-
    7   410  3530  1807  5510 .+.-
    8   944  2667    81  6373 .+.-
    9  1478  4063   615  4976 .+.-
   10  3200  2337  5839  6702 ++--
   11  2012  3734  1149  5306 .+.-
   12   286  2871  1683  6169 .+.-
   13   820  4267  2217  4772 .+.-
   14  3404  2541  5635  6498 ++--
   15  1354  3938   491  5102 .+.-
   16  1888  3074  1025  5965 .+.-
   17   162  4471  1559  4568 .+.-
   18   696  3608  2093  5431 .+.-
   19  2745  4142  6295  4898 ++--
   20  1230  3278   367  5761 .+.-
   21  1764  2415   901  6624 .+.-
   22    38  3812  1435  5227 .+.-
   23  2949  4346  6091  4694 ++--
   24   572  3482  1969  5557 .+.-
   25  1106  2619   243  6420 .+.-
   26  1640  4016   777  5023 .+.-
   27  2174  3153  1311  5887 .+.-
   28  2290  3686  6750  5353 ++--
   29   448  2823  1845  6216 .+.-
   30   982  4220   119  4819 .+.-
   31  1516  3357   653  5683 .+.-
   32  2050  2493  1187  6546 .+.-
   33  3890  3027  5149  6012 ++--
   34   324  4424  1721  4616 .+.-
   35   858  3561  2255  5479 .+.-
   36  1392  2697   529  6342 .+.-
   37  4094  3231  4945  5808 ++--
   38  1926  2368  1063  6672 .+.-
   39   200  3765  1597  5275 .+.-
   40   734  2901  2131  6138 .+.-
   41  1268  4298   405  4741 .+.-
   42  3435  2572  5604  6468 ++--
   43  1802  3968   939  5071 .+.-
   44    76  3105  1473  5934 .+.-
   45   610  4502  2007  4537 .+.-
   46  3639  2776  5401  6264 ++--
   47  1144  4172   281  4867 .+.-
   48  1678  3309   815  5730 .+.-
   49  2212  2446  1349  6593 .+.-
   50   486  3843  1883  5197 .+.-
   51  2980  4376  6060  4663 ++--
   52  1020  3513   157  5526 .+.-
   53  1554  2650   691  6389 .+.-
   54  2088  4047  1225  4993 .+.-
   55  3183  2320  5856  6719 ++--
   56   362  3717  1759  5322 .+.-
   57   896  2854    33  6185 .+.-
   58  1430  4251   567  4789 .+.-
   59  1964  3387  1101  5652 .+.-
   60  2524  3921  6515  5118 ++--
   61   238  3058  1635  5982 .+.-
   62   772  4455  2169  4585 .+.-
   63  1306  3591   443  5448 .+.-
   64  1840  2728   977  6311 .+.-
   65  4125  3262  4914  5778 ++--
   66   114  2399  1511  6641 .+.-
   67   648  3795  2045  5244 .+.-
   68  1182  2932   319  6107 .+.-
   69  4329  3466  4710  5574 ++--
   70  1716  2602   853  6437 .+.-
   71  2250  3999  1387  5040 .+.-
   72   524  3136  1921  5903 .+.-
   73  1058  2273   195  6767 .+.-
   74  3670  2806  5370  6233 ++--
   75  1592  4203   729  4836 .+.-
   76  2126  3340  1263  5699 .+.-
   77   400  2477  1797  6563 .+.-
   78  3874  3010  5166  6029 ++--
   79   934  4407    71  4632 .+.-
   80  1468  3544   605  5495 .+.-
   81  2002  2681  1139  6359 .+.-
   82   276  4077  1673  4962 .+.-
   83  3214  2351  5825  6688 ++--
   84   810  3748  2207  5292 .+.-
   85  1344  2885   481  6155 .+.-
   86  1878  4281  1015  4758 .+.-
   87  3418  2555  5621  6484 ++--
   88   152  3952  1549  5088 .+.-
   89   686  3089  2083  5951 .+.-
   90  1220  4485   357  4554 .+.-
   91  1754  3622   891  5417 .+.-
   92  2759  4156  6280  4884 ++--
   93    28  3293  1425  5747 .+.-
   94   562  2429  1959  6610 .+.-
   95  1096  3826   233  5213 .+.-
   96  1630  2963   767  6076 .+.-
   97  4360  3496  4680  5543 ++--
   98  2164  2633  1301  6406 .+.-
   99   438  4030  1835  5009 .+.-
  100   972  3167   109  5873 .+.-
  101  2304  3700  6736  5339 ++--
  102  1506  2837   643  6202 .+.-
  103  2040  4234  1177  4805 .+.-
  104   314  3371  1711  5669 .+.-
  105   848  2508  2245  6532 .+.-
  106  3904  3041  5135  5998 ++--
  107  1382  4438   519  4601 .+.-
  108  1916  3575  1053  5465 .+.-
  109   190  2711  1587  6328 .+.-
  110  4108  3245  4931  5794 ++--
  111   724  2382  2121  6658 .+.-
  112  1258  3779   395  5261 .+.-
  113  1792  2915   929  6124 .+.-
  114    66  4312  1463  4727 .+.-
  115  3449  2586  5590  6454 ++--
  116   600  3983  1997  5057 .+.-
  117  1134  3119   271  5920 .+.-
  118  1668  4516   805  4523 .+.-
  119  3653  2790  5386  6250 ++--
  120  2202  4187  1339  4853 .+.-
  121   476  3323  1873  5716 .+.-
  122  1010  2460   147  6579 .+.-
  123  1544  3857   681  5182 .+.-
  124  2994  4390  6046  4649 ++--
  125  2078  3527  1215  5512 .+.-
  126   352  2664  1749  6375 .+.-
  127   886  4061    23  4979 .+.-
  128  1420  3198   557  5842 .+.-
  129  2334  3731  6705  5308 ++--
  130  1954  2868  1091  6171 .+.-
  131   228  4265  1625  4775 .+.-
  132   762  3402  2159  5638 .+.-
  133  2538  3935  6501  5104 ++--
  134  1296  3072   433  5967 .+.-
  135  1830  4469   967  4571 .+.-
  136   104  3605  1501  5434 .+.-
  137   638  2742  2035  6297 .+.-
  138  4139  3276  4900  5764 ++--
  139  1172  2413   309  6627 .+.-
  140  1706  3809   843  5230 .+.-
  141  2240  2946  1377  6093 .+.-
  142  4343  3480  4696  5560 ++--
  143   514  2617  1911  6423 .+.-
  144  1048  4013   185  5026 .+.-
  145  1582  3150   719  5889 .+.-
  146  2116  2287  1253  6752 .+.-
  147  3684  2821  5356  6219 ++--
  148   390  4217  1787  4822 .+.-
  149   924  3354    61  5685 .+.-
  150  1458  2491   595  6548 .+.-
  151  1992  3888  1129  5152 .+.-
  152  3024  4421  6015  4618 ++--
  153   266  3558  1663  5481 .+.-
  154   800  2695  2197  6345 .+.-
  155  1334  4092   471  4948 .+.-
  156  3228  2365  5811  6674 ++--
  157  1868  3762  1005  5277 .+.-
  158   142  2899  1539  6141 .+.-
  159   676  4296  2073  4744 .+.-
  160  1210  3432   347  5607 .+.-
  161  2569  3966  6470  5073 ++--
  162  1744  3103   881  5937 .+.-
  163    18  4499  1415  4540 .+.-
  164   552  3636  1949  5403 .+.-
  165  2773  4170  6266  4870 ++--
  166  1086  3307   223  5733 .+.-
  167  1620  2443   757  6596 .+.-
  168  2154  3840  1291  5199 .+.-
  169   428  2977  1825  6062 .+.-
  170  4374  3511  4666  5529 ++--
  171   962  2647    99  6392 .+.-
  172  1496  4044   633  4995 .+.-
  173  2030  3181  1167  5858 .+.-
  174  2318  3715  6722  5325 ++--
  175   304  2851  1701  6188 .+.-
  176   838  4248  2235  4791 .+.-
  177  1372  3385   509  5654 .+.-
  178  1906  2522  1043  6518 .+.-
  179  3918  3055  5121  5984 ++--
  180   180  4452  1577  4587 .+.-
  181   714  3589  2111  5451 .+.-
  182  1248  2726   385  6314 .+.-
  183  1782  4122   919  4917 .+.-
  184  3259  2396  5780  6643 ++--
  185    56  3793  1453  5247 .+.-
  186   590  2930  1987  6110 .+.-
  187  1124  4326   261  4713 .+.-
  188  3463  2600  5576  6439 ++--
  189  1658  3997   795  5043 .+.-
  190  2192  3133  1329  5906 .+.-
  191   466  2270  1863  6769 .+.-
  192  1000  3667   137  5372 .+.-
  193  2804  4201  6236  4839 ++--
  194  1534  3337   671  5702 .+.-
  195  2068  2474  1205  6565 .+.-
  196   342  3871  1739  5168 .+.-
  197  3008  4405  6032  4635 ++--
  198   876  3541    13  5498 .+.-
  199  1410  2678   547  6361 .+.-
  200  1944  4075  1081  4964 .+.-
  201   218  3212  1615  5828 .+.-
  202  2349  3745  6691  5294 ++--
  203   752  2882  2149  6157 .+.-
  204  1286  4279   423  4760 .+.-
  205  1820  3416   957  5624 .+.-
  206  2552  3949  6487  5090 ++--
  207    94  3086  1491  5953 .+.-
  208   628  4483  2025  4557 .+.-
  209  1162  3620   299  5420 .+.-
  210  1696  2756   833  6283 .+.-
  211  4153  3290  4886  5749 ++--
  212  2230  2427  1367  6613 .+.-
  213   504  3824  1901  5216 .+.-
  214  1038  2960   175  6079 .+.-
  215  1572  4357   709  4682 .+.-
  216  3494  2631  5545  6409 ++--
  217  2106  4027  1243  5012 .+.-
  218   380  3164  1777  5875 .+.-
  219   914  2301    51  6738 .+.-
  220  3698  2835  5342  6205 ++--
  221  1448  4231   585  4808 .+.-
  222  1982  3368  1119  5671 .+.-
  223   256  2505  1653  6534 .+.-
  224   790  3902  2187  5138 .+.-
  225  3039  4435  6001  4604 ++--
  226  1324  3572   461  5467 .+.-
  227  1858  2709   995  6330 .+.-
  228   132  4106  1529  4934 .+.-
  229  3242  2379  5797  6660 ++--
  230   666  3776  2063  5263 .+.-
  231  1200  2913   337  6126 .+.-
  232  1734  4310   871  4730 .+.-
  233     8  3446  1405  5593 .+.-
  234  2583  3980  6456  5059 ++--
  235   542  3117  1939  5923 .+.-
  236  1076  4514   213  4526 .+.-
  237  1610  3650   747  5389 .+.-
  238  2787  4184  6252  4855 ++--
  239  2144  3321  1281  5719 .+.-
  240   418  2458  1815  6582 .+.-
  241   952  3854    89  5185 .+.-
  242  1486  2991   623  6048 .+.-
  243  4388  3525  4651  5515 ++--
  244  2020  2661  1157  6378 .+.-
  245   294  4058  1691  4981 .+.-
  246   828  3195  2225  5844 .+.-
  247  1362  2332   499  6708 .+.-
  248  3729  2865  5311  6174 ++--
  249  1896  4262  1033  4777 .+.-
  250   170  3399  1567  5640 .+.-
  251   704  2536  2101  6504 .+.-
  252  3933  3069  5107  5970 ++--
  253  1238  4466   375  4573 .+.-
  254  1772  3603   909  5436 .+.-
  255    46  2740  1443  6300 .+.-
  256   580  4136  1977  4903 .+.-
  257  3273  2410  5766  6629 ++--
  258  1114  3807   251  5233 .+.-
  259  1648  2944   785  6096 .+.-
  260  2182  4340  1319  4699 .+.-
  261  3477  2614  5562  6425 ++--
  262   456  4011  1853  5029 .+.-
  263   990  3148   127  5892 .+.-
  264  1524  2284   661  6755 .+.-
  265  2058  3681  1195  5358 .+.-
  266  2818  4215  6221  4825 ++--
  267   332  3352  1729  5688 .+.-
  268   866  2488     3  6551 .+.-
  269  1400  3885   537  5154 .+.-
  270  3022  4419  6017  4621 ++--
  271  1934  3555  1071  5484 .+.-
  272   208  2692  1605  6347 .+.-
  273   742  4089  2139  4950 .+.-
  274  1276  3226   413  5814 .+.-
  275  2363  3759  6677  5280 ++--
  276  1810  2896   947  6143 .+.-
  277    84  4293  1481  4746 .+.-
  278   618  3430  2015  5610 .+.-
  279  1152  2567   289  6473 .+.-
  280  3963  3100  5076  5939 ++--
  281  1686  4497   823  4542 .+.-
  282  2220  3634  1357  5406 .+.-
  283   494  2770  1891  6269 .+.-
  284  4167  3304  4872  5735 ++--
  285  1028  2441   165  6599 .+.-
  286  1562  3838   699  5202 .+.-
  287  2096  2974  1233  6065 .+.-
  288   370  4371  1767  4668 .+.-
  289  3508  2645  5531  6395 ++--
  290   904  4042    41  4998 .+.-
  291  1438  3178   575  5861 .+.-
  292  1972  2315  1109  6724 .+.-
  293  3712  2849  5327  6191 ++--
  294   246  4246  1643  4794 .+.-
  295   780  3382  2177  5657 .+.-
  296  1314  2519   451  6520 .+.-
  297  1848  3916   985  5123 .+.-
  298  3053  4449  5987  4590 ++--
  299   122  3586  1519  5453 .+.-
  300   656  2723  2053  6316 .+.-
  301  1190  4120   327  4920 .+.-
  302  1724  3257   861  5783 .+.-
  303  2393  3790  6646  5249 ++--
  304  2258  2927  1395  6112 .+.-
  305   532  4324  1929  4716 .+.-
  306  1066  3461   203  5579 .+.-
  307  2597  3994  6442  5045 ++--
  308  1600  3131   737  5908 .+.-
  309  2134  2268  1271  6772 .+.-
  310   408  3664  1805  5375 .+.-
  311   942  2801    79  6238 .+.-
  312  4198  3335  4841  5705 ++--
  313  1476  2472   613  6568 .+.-
  314  2010  3868  1147  5171 .+.-
  315   284  3005  1681  6034 .+.-
  316  4402  3539  4637  5501 ++--
  317   818  2676  2215  6364 .+.-
  318  1352  4072   489  4967 .+.-
  319  1886  3209  1023  5830 .+.-
  320   160  2346  1557  6693 .+.-
  321  3743  2880  5297  6160 ++--
  322   694  4276  2091  4763 .+.-
  323  1228  3413   365  5626 .+.-
  324  1762  2550   899  6489 .+.-
  325  3947  3083  5093  5956 ++--
  326    36  4480  1433  4559 .+.-
  327   570  3617  1967  5422 .+.-
  328  1104  2754   241  6286 .+.-
  329  1638  4151   775  4889 .+.-
  330  3287  2424  5752  6615 ++--
  331  2172  3821  1309  5218 .+.-
  332   446  2958  1843  6082 .+.-
  333   980  4355   117  4685 .+.-
  334  1514  3491   651  5548 .+.-
  335  2628  4025  6411  5014 ++--
  336  2048  3162  1185  5878 .+.-
  337   322  2298  1719  6741 .+.-
  338   856  3695  2253  5344 .+.-
  339  2832  4229  6207  4811 ++--
  340  1390  3366   527  5674 .+.-
  341  1924  2502  1061  6537 .+.-
  342   198  3899  1595  5140 .+.-
  343   732  3036  2129  6003 .+.-
  344  4433  3570  4607  5470 ++--
  345  1266  2706   403  6333 .+.-
  346  1800  4103   937  4936 .+.-
  347    74  3240  1471  5799 .+.-
  348  2377  3774  6663  5266 ++--
  349   608  2910  2005  6129 .+.-
  350  1142  4307   279  4732 .+.-
  351  1676  3444   813  5595 .+.-
  352  2210  2581  1347  6459 .+.-
  353  3977  3114  5062  5925 ++--
  354   484  4511  1881  4528 .+.-
  355  1018  3648   155  5392 .+.-
  356  1552  2785   689  6255 .+.-
  357  4181  3318  4858  5721 ++--
  358  2086  2455  1223  6584 .+.-
  359   360  3852  1757  5188 .+.-
  360   894  2989    31  6051 .+.-
  361  1428  4385   565  4654 .+.-
  362  3522  2659  5517  6380 ++--
  363  1962  4056  1099  4984 .+.-
  364   236  3192  1633  5847 .+.-
  365   770  2329  2167  6710 .+.-
  366  1304  3726   441  5313 .+.-
  367  2863  4260  6177  4780 ++--
  368  1838  3396   975  5643 .+.-
  369   112  2533  1509  6506 .+.-
  370   646  3930  2043  5109 .+.-
  371  3067  4464  5973  4576 ++--
  372  1180  3600   317  5439 .+.-
  373  1714  2737   851  6302 .+.-
  374  2248  4134  1385  4905 .+.-
  375   522  3271  1919  5769 .+.-
  376  2408  3804  6632  5235 ++--
  377  1056  2941   193  6098 .+.-
  378  1590  4338   727  4701 .+.-
  379  2124  3475  1261  5565 .+.-
  380  2611  4008  6428  5031 ++--
  381   398  3145  1795  5894 .+.-
  382   932  2282    69  6758 .+.-
  383  1466  3679   603  5361 .+.-
  384  2000  2815  1137  6224 .+.-
  385  4212  3349  4827  5690 ++--
  386   274  2486  1671  6554 .+.-
  387   808  3883  2205  5157 .+.-
  388  1342  3019   479  6020 .+.-
  389  4416  3553  4623  5486 ++--
  390  1876  2690  1013  6350 .+.-
  391   150  4086  1547  4953 .+.-
  392   684  3223  2081  5816 .+.-
  393  1218  2360   355  6679 .+.-
  394  3757  2894  5283  6146 ++--
  395  1752  4290   889  4749 .+.-
  396    26  3427  1423  5612 .+.-
  397   560  2564  1957  6475 .+.-
  398  1094  3961   231  5079 .+.-
  399  3098  4494  5942  4545 ++--
  400  1628  3631   765  5408 .+.-
  401  2162  2768  1299  6271 .+.-
  402   436  4165  1833  4875 .+.-
  403  3301  2438  5738  6601 ++--
  404   970  3835   107  5204 .+.-
  405  1504  2972   641  6067 .+.-
  406  2038  4369  1175  4671 .+.-
  407   312  3505  1709  5534 .+.-
  408  2642  4039  6397  5000 ++--
  409   846  3176  2243  5864 .+.-
  410  1380  2313   517  6727 .+.-
  411  1914  3709  1051  5330 .+.-
  412  2846  4243  6193  4796 ++--
  413   188  3380  1585  5660 .+.-
  414   722  2517  2119  6523 .+.-
  415  1256  3913   393  5126 .+.-
  416  1790  3050   927  5989 .+.-
  417  4447  3584  4592  5456 ++--
  418    64  2720  1461  6319 .+.-
  419   598  4117  1995  4922 .+.-
  420  1132  3254   269  5785 .+.-
  421  2391  3788  6649  5252 ++--
  422  1666  2924   803  6115 .+.-
  423  2200  4321  1337  4718 .+.-
  424   474  3458  1871  5581 .+.-
  425  1008  2595   145  6445 .+.-
  426  3992  3128  5048  5911 ++--
  427  1542  2265   679  6774 .+.-
  428  2076  3662  1213  5377 .+.-
  429   350  2799  1747  6241 .+.-
  430   884  4195    21  4844 .+.-
  431  3332  2469  5707  6570 ++--
  432  1418  3866   555  5174 .+.-
  433  1952  3003  1089  6037 .+.-
  434   226  4399  1623  4640 .+.-
  435  3536  2673  5503  6366 ++--
  436   760  4070  2157  4970 .+.-
  437  1294  3207   431  5833 .+.-
  438  1828  2343   965  6696 .+.-
  439   102  3740  1499  5299 .+.-
  440  2877  4274  6162  4766 ++--
  441   636  3411  2033  5629 .+.-
  442  1170  2547   307  6492 .+.-
  443  1704  3944   841  5095 .+.-
  444  3081  4478  5958  4562 ++--
  445  2238  3614  1375  5425 .+.-
  446   512  2751  1909  6288 .+.-
  447  1046  4148   183  4891 .+.-
  448  1580  3285   717  5755 .+.-
  449  2422  3818  6618  5221 ++--
  450  2114  2955  1251  6084 .+.-
  451   388  4352  1785  4687 .+.-
  452   922  3489    59  5551 .+.-
  453  1456  2626   593  6414 .+.-
  454  4022  3159  5017  5880 ++--
  455  1990  2296  1127  6743 .+.-
  456   264  3693  1661  5347 .+.-
  457   798  2829  2195  6210 .+.-
  458  4226  3363  4813  5676 ++--
  459  1332  2500   469  6540 .+.-
  460  1866  3897  1003  5143 .+.-
  461   140  3033  1537  6006 .+.-
  462   674  4430  2071  4609 .+.-
  463  3567  2704  5472  6336 ++--
  464  1208  4101   345  4939 .+.-
  465  1742  3237   879  5802 .+.-
  466    16  2374  1413  6665 .+.-
  467  3771  2908  5268  6132 ++--
  468   550  4305  1947  4735 .+.-
  469  1084  3441   221  5598 .+.-
  470  1618  2578   755  6461 .+.-
  471  2152  3975  1289  5064 .+.-
  472  3112  4508  5928  4531 ++--
  473   426  3645  1823  5394 .+.-
  474   960  2782    97  6257 .+.-
  475  1494  4179   631  4861 .+.-
  476  3316  2452  5724  6587 ++--
  477  2028  3849  1165  5190 .+.-
  478   302  2986  1699  6053 .+.-
  479   836  4383  2233  4657 .+.-
  480  1370  3520   507  5520 .+.-
  481  2656  4053  6383  4986 ++--
  482  1904  3190  1041  5849 .+.-
  483   178  2327  1575  6713 .+.-
  484   712  3723  2109  5316 .+.-
  485  1246  2860   383  6179 .+.-
  486  4257  3394  4782  5646 ++--
  487  1780  2531   917  6509 .+.-
  488    54  3927  1451  5112 .+.-
  489   588  3064  1985  5975 .+.-
  490  4461  3598  4578  5442 ++--
  491  1122  2735   259  6305 .+.-
  492  1656  4131   793  4908 .+.-
  493  2190  3268  1327  5771 .+.-
  494   464  2405  1861  6634 .+.-
  495  3802  2939  5238  6101 ++--
  496   998  4335   135  4704 .+.-
  497  1532  3472   669  5567 .+.-
  498  2066  2609  1203  6430 .+.-
  499  4006  3142  5034  5897 ++--
  500   340  2279  1737  6760 .+.-
  501   874  3676    11  5363 .+.-
  502  1408  2813   545  6227 .+.-
  503  1942  4210  1079  4830 .+.-
  504  3346  2483  5693  6556 ++--
  505   216  3880  1613  5159 .+.-
  506   750  3017  2147  6023 .+.-
  507  1284  4414   421  4626 .+.-
  508  3550  2687  5489  6352 ++--
  509  1818  4084   955  4955 .+.-
  510    92  3221  1489  5819 .+.-
  511   626  2357  2023  6682 .+.-
  512  1160  3754   297  5285 .+.-
  513  2891  4288  6148  4752 ++--
  514  1694  3425   831  5615 .+.-
  515  2228  2561  1365  6478 .+.-
  516   502  3958  1899  5081 .+.-
  517  1036  3095   173  5944 .+.-
  518  4492  3629  4548  5411 ++--
  519  1570  2765   707  6274 .+.-
  520  2104  4162  1241  4877 .+.-
  521   378  3299  1775  5740 .+.-
  522  2436  3833  6604  5207 ++--
  523   912  2969    49  6070 .+.-
  524  1446  4366   583  4673 .+.-
  525  1980  3503  1117  5536 .+.-
  526   254  2640  1651  6400 .+.-
  527  4036  3173  5003  5866 ++--
  528   788  2310  2185  6729 .+.-
  529  1322  3707   459  5333 .+.-
  530  1856  2844   993  6196 .+.-
  531  4240  3377  4799  5662 ++--
  532   130  2514  1527  6525 .+.-
  533   664  3911  2061  5129 .+.-
  534  1198  3048   335  5992 .+.-
  535  1732  4444   869  4595 .+.-
  536  3581  2718  5458  6321 ++--
  537     6  4115  1403  4925 .+.-
  538   540  3251  1937  5788 .+.-
  539  1074  2388   211  6651 .+.-
  540  3785  2922  5254  6118 ++--
  541  1608  4319   745  4721 .+.-
  542  2142  3455  1279  5584 .+.-
  543   416  2592  1813  6447 .+.-
  544   950  3989    87  5050 .+.-
  545  3126  2263  5914  6777 ++--
  546  1484  3659   621  5380 .+.-
  547  2018  2796  1155  6243 .+.-
  548   292  4193  1689  4846 .+.-
  549   826  3330  2223  5710 .+.-
  550  2467  3863  6573  5176 ++--
  551  1360  3000   497  6039 .+.-
  552  1894  4397  1031  4642 .+.-
  553   168  3534  1565  5506 .+.-
  554  2670  4067  6369  4972 ++--
  555   702  3204  2099  5835 .+.-
  556  1236  2341   373  6699 .+.-
  557  1770  3738   907  5302 .+.-
  558    44  2874  1441  6165 .+.-
  559  4271  3408  4768  5631 ++--
  560   578  2545  1975  6495 .+.-
  561  1112  3942   249  5098 .+.-
  562  1646  3078   783  5961 .+.-
  563  4475  3612  4564  5427 ++--
  564  2180  2749  1317  6291 .+.-
  565   454  4145  1851  4894 .+.-
  566   988  3282   125  5757 .+.-
  567  1522  2419   659  6620 .+.-
  568  3816  2953  5224  6087 ++--
  569  2056  4349  1193  4690 .+.-
  570   330  3486  1727  5553 .+.-
  571   864  2623     1  6416 .+.-
  572  4020  3157  5020  5883 ++--
  573  1398  2293   535  6746 .+.-
  574  1932  3690  1069  5349 .+.-
  575   206  2827  1603  6212 .+.-
  576   740  4224  2137  4816 .+.-
  577  3360  2497  5679  6542 ++--
  578  1274  3894   411  5145 .+.-
  579  1808  3031   945  6008 .+.-
  580    82  4428  1479  4612 .+.-
  581   616  3564  2013  5475 .+.-
  582  2701  4098  6338  4941 ++--
  583  1150  3235   287  5805 .+.-
  584  1684  2372   821  6668 .+.-
  585  2218  3768  1355  5271 .+.-
  586  2905  4302  6134  4737 ++--
  587   492  3439  1889  5601 .+.-
  588  1026  2576   163  6464 .+.-
  589  1560  3972   697  5067 .+.-
  590  2094  3109  1231  5930 .+.-
  591  4506  3643  4533  5397 ++--
  592   368  2779  1765  6260 .+.-
  593   902  4176    39  4863 .+.-
  594  1436  3313   573  5726 .+.-
  595  2450  3847  6590  5193 ++--
  596  1970  2983  1107  6056 .+.-
  597   244  4380  1641  4659 .+.-
  598   778  3517  2175  5522 .+.-
  599  1312  2654   449  6386 .+.-
  600  4051  3187  4989  5852 ++--
  601  1846  2324   983  6715 .+.-
  602   120  3721  1517  5318 .+.-
  603   654  2858  2051  6182 .+.-
  604  1188  4254   325  4785 .+.-
  605  3391  2528  5648  6511 ++--
  606  1722  3925   859  5115 .+.-
  607  2256  3062  1393  5978 .+.-
  608   530  4458  1927  4581 .+.-
  609  3595  2732  5444  6307 ++--
  610  1064  4129   201  4911 .+.-
  611  1598  3266   735  5774 .+.-
  612  2132  2402  1269  6637 .+.-
  613   406  3799  1803  5240 .+.-
  614  2936  4333  6103  4707 ++--
  615   940  3470    77  5570 .+.-
  616  1474  2606   611  6433 .+.-
  617  2008  4003  1145  5036 .+.-
  618  3140  2277  5899  6763 ++--
  619   282  3673  1679  5366 .+.-
  620   816  2810  2213  6229 .+.-
  621  1350  4207   487  4832 .+.-
  622  1884  3344  1021  5696 .+.-
  623  2481  3877  6559  5162 ++--
  624   158  3014  1555  6025 .+.-
  625   692  4411  2089  4628 .+.-
  626  1226  3548   363  5492 .+.-
  627  2685  4081  6355  4958 ++--
  628  1760  3218   897  5821 .+.-
  629    34  2355  1431  6684 .+.-
  630   568  3752  1965  5288 .+.-
  631  1102  2888   239  6151 .+.-
  632  4285  3422  4754  5617 ++--
  633  1636  2559   773  6481 .+.-
  634  2170  3956  1307  5084 .+.-
  635   444  3092  1841  5947 .+.-
  636   978  4489   115  4550 .+.-
  637  3626  2763  5413  6277 ++--
  638  1512  4160   649  4880 .+.-
  639  2046  3296  1183  5743 .+.-
  640   320  2433  1717  6606 .+.-
  641  3830  2967  5209  6073 ++--
  642   854  4364  2251  4676 .+.-
  643  1388  3500   525  5539 .+.-
  644  1922  2637  1059  6402 .+.-
  645   196  4034  1593  5005 .+.-
  646  3171  2307  5869  6732 ++--
  647   730  3704  2127  5335 .+.-
  648  1264  2841   401  6198 .+.-
  649  1798  4238   935  4802 .+.-
  650  3375  2511  5665  6528 ++--
  651    72  3908  1469  5131 .+.-
  652   606  3045  2003  5994 .+.-
  653  1140  4442   277  4598 .+.-
  654  1674  3579   811  5461 .+.-
  655  2715  4112  6324  4927 ++--
  656  2208  3249  1345  5790 .+.-
  657   482  2386  1879  6654 .+.-
  658  1016  3782   153  5257 .+.-
  659  2919  4316  6120  4723 ++--
  660  1550  3453   687  5587 .+.-
  661  2084  2590  1221  6450 .+.-
  662   358  3986  1755  5053 .+.-
  663   892  3123    29  5916 .+.-
  664  2260  3657  6779  5383 ++--
  665  1426  2794   563  6246 .+.-
  666  1960  4190  1097  4849 .+.-
  667   234  3327  1631  5712 .+.-
  668   768  2464  2165  6575 .+.-
  669  3861  2998  5179  6042 ++--
  670  1302  4394   439  4645 .+.-
  671  1836  3531   973  5508 .+.-
  672   110  2668  1507  6371 .+.-
  673  4065  3201  4975  5838 ++--
  674   644  2338  2041  6701 .+.-
  675  1178  3735   315  5304 .+.-
  676  1712  2872   849  6168 .+.-
  677  2246  4269  1383  4771 .+.-
  678  3405  2542  5634  6497 ++--
  679   520  3939  1917  5100 .+.-
  680  1054  3076   191  5964 .+.-
  681  1588  4473   725  4567 .+.-
  682  3609  2746  5430  6293 ++--
  683  2122  4143  1259  4896 .+.-
  684   396  3280  1793  5760 .+.-
  685   930  2416    67  6623 .+.-
  686  1464  3813   601  5226 .+.-
  687  2950  4347  6089  4693 ++--
  688  1998  3484  1135  5556 .+.-
  689   272  2620  1669  6419 .+.-
  690   806  4017  2203  5022 .+.-
  691  3154  2291  5885  6749 ++--
  692  1340  3688   477  5352 .+.-
  693  1874  2824  1011  6215 .+.-
  694   148  4221  1545  4818 .+.-
  695   682  3358  2079  5681 .+.-
  696  2495  3892  6545  5148 ++--
  697  1216  3028   353  6011 .+.-
  698  1750  4425   887  4614 .+.-
  699    24  3562  1421  5477 .+.-
  700   558  2699  1955  6341 .+.-
  701  4095  3232  4944  5807 ++--
  702  1092  2369   229  6670 .+.-
  703  1626  3766   763  5274 .+.-
  704  2160  2903  1297  6137 .+.-
  705  4299  3436  4740  5603 ++--
  706   434  2573  1831  6466 .+.-
  707   968  3970   105  5070 .+.-
  708  1502  3107   639  5933 .+.-
  709  2036  4503  1173  4536 .+.-
  710  3640  2777  5399  6262 ++--
  711   310  4174  1707  4866 .+.-
  712   844  3310  2241  5729 .+.-
  713  1378  2447   515  6592 .+.-
  714  3844  2981  5195  6059 ++--
  715  1912  4378  1049  4662 .+.-
  716   186  3514  1583  5525 .+.-
  717   720  2651  2117  6388 .+.-
  718  1254  4048   391  4991 .+.-
  719  3185  2322  5855  6718 ++--
  720  1788  3718   925  5321 .+.-
  721    62  2855  1459  6184 .+.-
  722   596  4252  1993  4787 .+.-
  723  3389  2526  5651  6514 ++--
  724  1130  3922   267  5117 .+.-
  725  1664  3059   801  5980 .+.-
  726  2198  4456  1335  4583 .+.-
  727   472  3593  1869  5447 .+.-
  728  2729  4126  6310  4913 ++--
  729  1006  3263   143  5776 .+.-
  730  1540  2400   677  6640 .+.-
  731  2074  3797  1211  5243 .+.-
  732   348  2933  1745  6106 .+.-
  733  4330  3467  4709  5572 ++--
  734   882  2604    19  6436 .+.-
  735  1416  4001   553  5039 .+.-
  736  1950  3137  1087  5902 .+.-
  737  2274  3671  6765  5368 ++--
  738   224  2808  1621  6232 .+.-
  739   758  4204  2155  4835 .+.-
  740  1292  3341   429  5698 .+.-
  741  1826  2478   963  6561 .+.-
  742  3875  3012  5165  6028 ++--
  743   100  4408  1497  4631 .+.-
  744   634  3545  2031  5494 .+.-
  745  1168  2682   305  6357 .+.-
  746  4079  3216  4961  5824 ++--
  747  1702  2352   839  6687 .+.-
  748  2236  3749  1373  5290 .+.-
  749   510  2886  1907  6153 .+.-
  750  1044  4283   181  4757 .+.-
  751  3420  2556  5620  6483 ++--
  752  1578  3953   715  5086 .+.-
  753  2112  3090  1249  5949 .+.-
  754   386  4487  1783  4553 .+.-
  755   920  3623    57  5416 .+.-
  756  2760  4157  6279  4882 ++--
  757  1454  3294   591  5746 .+.-
  758  1988  2431  1125  6609 .+.-
  759   262  3827  1659  5212 .+.-
  760  2964  4361  6075  4678 ++--
  761   796  3498  2193  5542 .+.-
  762  1330  2635   467  6405 .+.-
  763  1864  4031  1001  5008 .+.-
  764   138  3168  1535  5871 .+.-
  765  2305  3702  6734  5338 ++--
  766   672  2838  2069  6201 .+.-
  767  1206  4235   343  4804 .+.-
  768  1740  3372   877  5667 .+.-
  769  2509  3906  6531  5134 ++--
  770    14  3042  1411  5997 .+.-
  771   548  4439  1945  4600 .+.-
  772  1082  3576   219  5463 .+.-
  773  1616  2713   753  6327 .+.-
  774  4110  3246  4930  5793 ++--
  775  2150  2383  1287  6656 .+.-
  776   424  3780  1821  5259 .+.-
  777   958  2917    95  6123 .+.-
  778  4313  3450  4726  5589 ++--
  779  1492  2587   629  6452 .+.-
  780  2026  3984  1163  5055 .+.-
  781   300  3121  1697  5919 .+.-
  782   834  4517  2231  4522 .+.-
  783  3654  2791  5385  6248 ++--
  784  1368  4188   505  4852 .+.-
  785  1902  3325  1039  5715 .+.-
  786   176  2461  1573  6578 .+.-
  787   710  3858  2107  5181 .+.-
  788  2995  4392  6044  4648 ++--
  789  1244  3529   381  5511 .+.-
  790  1778  2665   915  6374 .+.-
  791    52  4062  1449  4977 .+.-
  792  3199  2336  5840  6704 ++--
  793   586  3732  1983  5307 .+.-
  794  1120  2869   257  6170 .+.-
  795  1654  4266   791  4773 .+.-
  796  2188  3403  1325  5637 .+.-
  797  2540  3936  6500  5103 ++--
  798   462  3073  1859  5966 .+.-
  799   996  4470   133  4569 .+.-
  800  1530  3607   667  5433 .+.-
  801  2744  4140  6296  4899 ++--
  802  2064  3277  1201  5762 .+.-
  803   338  2414  1735  6625 .+.-
  804   872  3811     9  5229 .+.-
  805  1406  2947   543  6092 .+.-
  806  4344  3481  4695  5558 ++--
  807  1940  2618  1077  6422 .+.-
  808   214  4015  1611  5025 .+.-
  809   748  3151  2145  5888 .+.-
  810  2288  3685  6751  5354 ++--
  811  1282  2822   419  6218 .+.-
  812  1816  4219   953  4821 .+.-
  813    90  3355  1487  5684 .+.-
  814   624  2492  2021  6547 .+.-
  815  3889  3026  5150  6014 ++--
  816  1158  4423   295  4617 .+.-
  817  1692  3559   829  5480 .+.-
  818  2226  2696  1363  6343 .+.-
  819   500  4093  1897  4946 .+.-
  820  3230  2366  5810  6673 ++--
  821  1034  3763   171  5276 .+.-
  822  1568  2900   705  6139 .+.-
  823  2102  4297  1239  4743 .+.-
  824  3434  2570  5606  6469 ++--
  825   376  3967  1773  5072 .+.-
  826   910  3104    47  5935 .+.-
  827  1444  4501   581  4539 .+.-
  828  1978  3638  1115  5402 .+.-
  829  2774  4171  6265  4868 ++--
  830   252  3308  1649  5731 .+.-
  831   786  2445  2183  6595 .+.-
  832  1320  3841   457  5198 .+.-
  833  2978  4375  6061  4664 ++--
  834  1854  3512   991  5528 .+.-
  835   128  2649  1525  6391 .+.-
  836   662  4045  2059  4994 .+.-
  837  1196  3182   333  5857 .+.-
  838  2319  3716  6720  5324 ++--
  839  1730  2853   867  6187 .+.-
  840     4  4249  1401  4790 .+.-
  841   538  3386  1935  5653 .+.-
  842  2523  3920  6516  5120 ++--
  843  1072  3057   209  5983 .+.-
  844  1606  4453   743  4586 .+.-
  845  2140  3590  1277  5449 .+.-
  846   414  2727  1811  6312 .+.-
  847  4124  3260  4916  5779 ++--
  848   948  2397    85  6642 .+.-
  849  1482  3794   619  5245 .+.-
  850  2016  2931  1153  6109 .+.-
  851   290  4328  1687  4712 .+.-
  852  3464  2601  5575  6438 ++--
  853   824  3998  2221  5041 .+.-
  854  1358  3135   495  5905 .+.-
  855  1892  2272  1029  6768 .+.-
  856  3668  2805  5371  6234 ++--
  857   166  4202  1563  4837 .+.-
  858   700  3339  2097  5701 .+.-
  859  1234  2475   371  6564 .+.-
  860  1768  3872   905  5167 .+.-
  861  3009  4406  6030  4634 ++--
  862    42  3543  1439  5497 .+.-
  863   576  2679  1973  6360 .+.-
  864  1110  4076   247  4963 .+.-
  865  3213  2350  5826  6690 ++--
  866  1644  3747   781  5293 .+.-
  867  2178  2883  1315  6156 .+.-
  868   452  4280  1849  4759 .+.-
  869   986  3417   123  5622 .+.-
  870  2554  3951  6486  5089 ++--
  871  1520  3087   657  5952 .+.-
  872  2054  4484  1191  4555 .+.-
  873   328  3621  1725  5418 .+.-
  874   862  2758  2259  6282 .+.-
  875  4154  3291  4885  5748 ++--
  876  1396  2428   533  6611 .+.-
  877  1930  3825  1067  5215 .+.-
  878   204  2962  1601  6078 .+.-
  879  4358  3495  4681  5544 ++--
  880   738  2632  2135  6407 .+.-
  881  1272  4029   409  5011 .+.-
  882  1806  3166   943  5874 .+.-
  883    80  2302  1477  6737 .+.-
  884  3699  2836  5340  6203 ++--
  885   614  4233  2011  4807 .+.-
  886  1148  3369   285  5670 .+.-
  887  1682  2506   819  6533 .+.-
  888  3903  3040  5136  6000 ++--
  889  2216  4437  1353  4603 .+.-
  890   490  3573  1887  5466 .+.-
  891  1024  2710   161  6329 .+.-
  892  1558  4107   695  4932 .+.-
  893  3244  2381  5796  6659 ++--
  894  2092  3777  1229  5262 .+.-
  895   366  2914  1763  6125 .+.-
  896   900  4311    37  4728 .+.-
  897  3448  2585  5592  6455 ++--
  898  1434  3981   571  5058 .+.-
  899  1968  3118  1105  5921 .+.-
  900   242  4515  1639  4524 .+.-
  901   776  3652  2173  5388 .+.-
  902  2788  4185  6251  4854 ++--
  903  1310  3322   447  5717 .+.-
  904  1844  2459   981  6581 .+.-
  905   118  3856  1515  5184 .+.-
  906   652  2992  2049  6047 .+.-
  907  4389  3526  4650  5513 ++--
  908  1186  2663   323  6377 .+.-
  909  1720  4060   857  4980 .+.-
  910  2254  3196  1391  5843 .+.-
  911  2333  3730  6706  5309 ++--
  912   528  2867  1925  6173 .+.-
  913  1062  4263   199  4776 .+.-
  914  1596  3400   733  5639 .+.-
  915  2130  2537  1267  6502 .+.-
  916  3934  3071  5106  5969 ++--
  917   404  4467  1801  4572 .+.-
  918   938  3604    75  5435 .+.-
  919  1472  2741   609  6298 .+.-
  920  4138  3275  4902  5765 ++--
  921  2006  2411  1143  6628 .+.-
  922   280  3808  1677  5231 .+.-
  923   814  2945  2211  6094 .+.-
  924  1348  4342   485  4698 .+.-
  925  3479  2615  5561  6424 ++--
  926  1882  4012  1019  5027 .+.-
  927   156  3149  1553  5890 .+.-
  928   690  2286  2087  6754 .+.-
  929  3682  2819  5357  6220 ++--
  930  1224  4216   361  4823 .+.-
  931  1758  3353   895  5687 .+.-
  932    32  2490  1429  6550 .+.-
  933   566  3886  1963  5153 .+.-
  934  3023  4420  6016  4619 ++--
  935  1100  3557   237  5483 .+.-
  936  1634  2694   771  6346 .+.-
  937  2168  4090  1305  4949 .+.-
  938   442  3227  1839  5812 .+.-
  939  2364  3761  6675  5279 ++--
  940   976  2897   113  6142 .+.-
  941  1510  4294   647  4745 .+.-
  942  2044  3431  1181  5608 .+.-
  943  2568  3965  6472  5075 ++--
  944   318  3101  1715  5938 .+.-
  945   852  4498  2249  4541 .+.-
  946  1386  3635   523  5404 .+.-
  947  1920  2772  1057  6268 .+.-
  948  4169  3305  4871  5734 ++--
  949   194  2442  1591  6597 .+.-
  950   728  3839  2125  5200 .+.-
  951  1262  2976   399  6064 .+.-
  952  4372  3509  4667  5530 ++--
  953  1796  2646   933  6393 .+.-
  954    70  4043  1467  4996 .+.-
  955   604  3180  2001  5860 .+.-
  956  1138  2316   275  6723 .+.-
  957  3713  2850  5326  6189 ++--
  958  1672  4247   809  4793 .+.-
  959  2206  3384  1343  5656 .+.-
  960   480  2520  1877  6519 .+.-
  961  3917  3054  5122  5985 ++--
  962  1014  4451   151  4589 .+.-
  963  1548  3588   685  5452 .+.-
  964  2082  2724  1219  6315 .+.-
  965   356  4121  1753  4918 .+.-
  966  3258  2395  5781  6645 ++--
  967   890  3791    27  5248 .+.-
  968  1424  2928   561  6111 .+.-
  969  1958  4325  1095  4714 .+.-
  970   232  3462  1629  5578 .+.-
  971  2599  3995  6441  5044 ++--
  972   766  3132  2163  5907 .+.-
  973  1300  2269   437  6770 .+.-
  974  1834  3666   971  5374 .+.-
  975  2803  4199  6237  4840 ++--
  976   108  3336  1505  5703 .+.-
  977   642  2473  2039  6566 .+.-
  978  1176  3870   313  5170 .+.-
  979  1710  3006   847  6033 .+.-
  980  4403  3540  4636  5499 ++--
  981  2244  2677  1381  6363 .+.-
  982   518  4074  1915  4966 .+.-
  983  1052  3210   189  5829 .+.-
  984  2347  3744  6692  5295 ++--
  985  1586  2881   723  6159 .+.-
  986  2120  4278  1257  4762 .+.-
  987   394  3414  1791  5625 .+.-
  988   928  2551    65  6488 .+.-
  989  3948  3085  5091  5955 ++--
  990  1462  4482   599  4558 .+.-
  991  1996  3618  1133  5421 .+.-
  992   270  2755  1667  6284 .+.-
  993  4152  3289  4887  5751 ++--
  994   804  2425  2201  6614 .+.-
  995  1338  3822   475  5217 .+.-
  996  1872  2959  1009  6080 .+.-
  997   146  4356  1543  4684 .+.-
  998  3493  2629  5547  6410 ++--
  999   680  4026  2077  5013 .+.-
 1000  1214  3163   351  5876 .+.-
 1001  1748  2300   885  6740 .+.-
 1002    22  3697  1419  5343 .+.-
 1003  2833  4230  6206  4809 ++--
 1004   556  3367  1953  5672 .+.-
 1005  1090  2504   227  6536 .+.-
 1006  1624  3900   761  5139 .+.-
 1007  3037  4434  6002  4605 ++--
 1008  2158  3571  1295  5469 .+.-
 1009   432  2708  1829  6332 .+.-
 1010   966  4104   103  4935 .+.-
 1011  1500  3241   637  5798 .+.-
 1012  2378  3775  6661  5265 ++--
 1013  2034  2912  1171  6128 .+.-
 1014   308  4308  1705  4731 .+.-
 1015   842  3445  2239  5594 .+.-
 1016  2582  3979  6457  5061 ++--
 1017  1376  3116   513  5924 .+.-
 1018  1910  4512  1047  4527 .+.-
 1019   184  3649  1581  5390 .+.-
 1020   718  2786  2115  6253 .+.-
 1021  4183  3319  4857  5720 ++--
 1022  1252  2456   389  6583 .+.-
 1023  1786  3853   923  5186 .+.-
 1024    60  2990  1457  6050 .+.-
 1025   594  4387  1991  4653 .+.-
 1026  3523  2660  5516  6379 ++--
 1027  1128  4057   265  4982 .+.-
 1028  1662  3194   799  5846 .+.-
 1029  2196  2331  1333  6709 .+.-
 1030  3727  2864  5312  6175 ++--
 1031   470  4261  1867  4778 .+.-
 1032  1004  3398   141  5642 .+.-
 1033  1538  2534   675  6505 .+.-
 1034  2072  3931  1209  5108 .+.-
 1035  3068  4465  5971  4575 ++--
 1036   346  3602  1743  5438 .+.-
 1037   880  2738    17  6301 .+.-
 1038  1414  4135   551  4904 .+.-
 1039  3272  2409  5767  6631 ++--
 1040  1948  3806  1085  5234 .+.-
 1041   222  2942  1619  6097 .+.-
 1042   756  4339  2153  4700 .+.-
 1043  1290  3476   427  5563 .+.-
 1044  2613  4010  6427  5030 ++--
 1045  1824  3146   961  5893 .+.-
 1046    98  2283  1495  6756 .+.-
 1047   632  3680  2029  5359 .+.-
 1048  2817  4213  6223  4826 ++--
 1049  1166  3350   303  5689 .+.-
 1050  1700  2487   837  6552 .+.-
 1051  2234  3884  1371  5156 .+.-
 1052   508  3021  1905  6019 .+.-
 1053  4417  3554  4622  5485 ++--
 1054  1042  2691   179  6348 .+.-
 1055  1576  4088   713  4952 .+.-
 1056  2110  3225  1247  5815 .+.-
 1057   384  2361  1781  6678 .+.-
 1058  3758  2895  5281  6144 ++--
 1059   918  4292    55  4748 .+.-
 1060  1452  3428   589  5611 .+.-
 1061  1986  2565  1123  6474 .+.-
 1062  3962  3099  5077  5941 ++--
 1063   260  4496  1657  4544 .+.-
 1064   794  3632  2191  5407 .+.-
 1065  1328  2769   465  6270 .+.-
 1066  1862  4166   999  4873 .+.-
 1067  3303  2440  5737  6600 ++--
 1068   136  3836  1533  5203 .+.-
 1069   670  2973  2067  6066 .+.-
 1070  1204  4370   341  4669 .+.-
 1071  3507  2644  5533  6396 ++--
 1072  1738  4040   875  4999 .+.-
 1073    12  3177  1409  5862 .+.-
 1074   546  2314  1943  6725 .+.-
 1075  1080  3711   217  5329 .+.-
 1076  2847  4244  6192  4795 ++--
 1077  1614  3381   751  5658 .+.-
 1078  2148  2518  1285  6522 .+.-
 1079   422  3915  1819  5125 .+.-
 1080  3051  4448  5988  4591 ++--
 1081   956  3585    93  5454 .+.-
 1082  1490  2722   627  6318 .+.-
 1083  2024  4119  1161  4921 .+.-
 1084   298  3255  1695  5784 .+.-
 1085  2392  3789  6647  5250 ++--
 1086   832  2926  2229  6114 .+.-
 1087  1366  4322   503  4717 .+.-
 1088  1900  3459  1037  5580 .+.-
 1089   174  2596  1571  6443 .+.-
 1090  3993  3130  5047  5910 ++--
 1091   708  2266  2105  6773 .+.-
 1092  1242  3663   379  5376 .+.-
 1093  1776  2800   913  6239 .+.-
 1094  4197  3334  4843  5706 ++--
 1095    50  2470  1447  6569 .+.-
 1096   584  3867  1981  5172 .+.-
 1097  1118  3004   255  6035 .+.-
 1098  1652  4401   789  4639 .+.-
 1099  3538  2674  5502  6365 ++--
 1100  2186  4071  1323  4968 .+.-
 1101   460  3208  1857  5831 .+.-
 1102   994  2345   131  6695 .+.-
 1103  3741  2878  5298  6161 ++--
 1104  1528  4275   665  4764 .+.-
 1105  2062  3412  1199  5628 .+.-
 1106   336  2549  1733  6491 .+.-
 1107   870  3945     7  5094 .+.-
 1108  3082  4479  5957  4560 ++--
 1109  1404  3616   541  5424 .+.-
 1110  1938  2753  1075  6287 .+.-
 1111   212  4149  1609  4890 .+.-
 1112  3286  2423  5753  6616 ++--
 1113   746  3820  2143  5220 .+.-
 1114  1280  2956   417  6083 .+.-
 1115  1814  4353   951  4686 .+.-
 1116    88  3490  1485  5549 .+.-
 1117  2627  4024  6413  5016 ++--
 1118   622  3160  2019  5879 .+.-
 1119  1156  2297   293  6742 .+.-
 1120  1690  3694   827  5345 .+.-
 1121  2224  2831  1361  6209 .+.-
 1122  4228  3364  4812  5675 ++--
 1123   498  2501  1895  6538 .+.-
 1124  1032  3898   169  5141 .+.-
 1125  1566  3035   703  6005 .+.-
 1126  4431  3568  4608  5471 ++--
 1127  2100  2705  1237  6334 .+.-
 1128   374  4102  1771  4937 .+.-
 1129   908  3239    45  5801 .+.-
 1130  1442  2375   579  6664 .+.-
 1131  3772  2909  5267  6130 ++--
 1132  1976  4306  1113  4734 .+.-
 1133   250  3443  1647  5597 .+.-
 1134   784  2579  2181  6460 .+.-
 1135  3976  3113  5063  5926 ++--
 1136  1318  4510   455  4530 .+.-
 1137  1852  3647   989  5393 .+.-
 1138   126  2783  1523  6256 .+.-
 1139   660  4180  2057  4859 .+.-
 1140  3317  2454  5722  6586 ++--
 1141  1194  3850   331  5189 .+.-
 1142  1728  2987   865  6052 .+.-
 1143     2  4384  1399  4655 .+.-
 1144  3521  2658  5519  6382 ++--
 1145   536  4054  1933  4985 .+.-
 1146  1070  3191   207  5848 .+.-
 1147  1604  2328   741  6711 .+.-
 1148  2138  3725  1275  5315 .+.-
 1149  2862  4258  6178  4781 ++--
 1150   412  3395  1809  5644 .+.-
 1151   946  2532    83  6507 .+.-
 1152  1480  3929   617  5111 .+.-
 1153  2014  3065  1151  5974 .+.-
 1154  4462  3599  4577  5440 ++--
 1155   288  2736  1685  6304 .+.-
 1156   822  4133  2219  4907 .+.-
 1157  1356  3269   493  5770 .+.-
 1158  2406  3803  6633  5236 ++--
 1159  1890  2940  1027  6100 .+.-
 1160   164  4337  1561  4703 .+.-
 1161   698  3473  2095  5566 .+.-
 1162  1232  2610   369  6429 .+.-
 1163  4007  3144  5032  5896 ++--
 1164  1766  2281   903  6759 .+.-
 1165    40  3677  1437  5362 .+.-
 1166   574  2814  1971  6225 .+.-
 1167  4211  3348  4828  5692 ++--
 1168  1108  2484   245  6555 .+.-
 1169  1642  3881   779  5158 .+.-
 1170  2176  3018  1313  6021 .+.-
 1171   450  4415  1847  4625 .+.-
 1172  3552  2688  5488  6351 ++--
 1173   984  4085   121  4954 .+.-
 1174  1518  3222   655  5817 .+.-
 1175  2052  2359  1189  6681 .+.-
 1176   326  3756  1723  5284 .+.-
 1177  2892  4289  6147  4750 ++--
 1178   860  3426  2257  5613 .+.-
 1179  1394  2563   531  6477 .+.-
 1180  1928  3959  1065  5080 .+.-
 1181  3096  4493  5943  4546 ++--
 1182   202  3630  1599  5410 .+.-
 1183   736  2767  2133  6273 .+.-
 1184  1270  4163   407  4876 .+.-
 1185  1804  3300   941  5739 .+.-
 1186  2437  3834  6602  5206 ++--
 1187    78  2971  1475  6069 .+.-
 1188   612  4367  2009  4672 .+.-
 1189  1146  3504   283  5535 .+.-
 1190  2641  4038  6398  5002 ++--
 1191  1680  3175   817  5865 .+.-
 1192  2214  2311  1351  6728 .+.-
 1193   488  3708  1885  5331 .+.-
 1194  1022  2845   159  6194 .+.-
 1195  4242  3378  4798  5661 ++--
 1196  1556  2515   693  6524 .+.-
 1197  2090  3912  1227  5127 .+.-
 1198   364  3049  1761  5991 .+.-
 1199  4446  3582  4594  5457 ++--
 1200   898  2719    35  6320 .+.-
 1201  1432  4116   569  4923 .+.-
 1202  1966  3253  1103  5787 .+.-
 1203   240  2390  1637  6650 .+.-
 1204  3786  2923  5253  6116 ++--
 1205   774  4320  2171  4719 .+.-
 1206  1308  3457   445  5583 .+.-
 1207  1842  2593   979  6446 .+.-
 1208   116  3990  1513  5049 .+.-
 1209  3127  2264  5912  6776 ++--
 1210   650  3661  2047  5379 .+.-
 1211  1184  2797   321  6242 .+.-
 1212  1718  4194   855  4845 .+.-
 1213  3331  2468  5708  6572 ++--
 1214  2252  3865  1389  5175 .+.-
 1215   526  3001  1923  6038 .+.-
 1216  1060  4398   197  4641 .+.-
 1217  1594  3535   731  5504 .+.-
 1218  2672  4069  6368  4971 ++--
 1219  2128  3205  1265  5834 .+.-
 1220   402  2342  1799  6697 .+.-
 1221   936  3739    73  5300 .+.-
 1222  2876  4272  6164  4767 ++--
 1223  1470  3409   607  5630 .+.-
 1224  2004  2546  1141  6493 .+.-
 1225   278  3943  1675  5097 .+.-
 1226   812  3080  2209  5960 .+.-
 1227  4476  3613  4563  5426 ++--
 1228  1346  2750   483  6289 .+.-
 1229  1880  4147  1017  4893 .+.-
 1230   154  3284  1551  5756 .+.-
 1231  2420  3817  6619  5222 ++--
 1232   688  2954  2085  6085 .+.-
 1233  1222  4351   359  4689 .+.-
 1234  1756  3487   893  5552 .+.-
 1235    30  2624  1427  6415 .+.-
 1236  4021  3158  5018  5882 ++--
 1237   564  2295  1961  6745 .+.-
 1238  1098  3691   235  5348 .+.-
 1239  1632  2828   769  6211 .+.-
 1240  2166  4225  1303  4814 .+.-
 1241  3362  2499  5678  6541 ++--
 1242   440  3895  1837  5144 .+.-
 1243   974  3032   111  6007 .+.-
 1244  1508  4429   645  4610 .+.-
 1245  3566  2703  5474  6337 ++--
 1246  2042  4099  1179  4940 .+.-
 1247   316  3236  1713  5803 .+.-
 1248   850  2373  2247  6666 .+.-
 1249  1384  3770   521  5270 .+.-
 1250  2906  4303  6133  4736 ++--
 1251  1918  3440  1055  5599 .+.-
 1252   192  2577  1589  6463 .+.-
 1253   726  3974  2123  5066 .+.-
 1254  3110  4507  5929  4532 ++--
 1255  1260  3644   397  5395 .+.-
 1256  1794  2781   931  6259 .+.-
 1257    68  4178  1465  4862 .+.-
 1258   602  3314  1999  5725 .+.-
 1259  2451  3848  6588  5191 ++--
 1260  1136  2985   273  6055 .+.-
 1261  1670  4381   807  4658 .+.-
 1262  2204  3518  1341  5521 .+.-
 1263  2655  4052  6384  4988 ++--
 1264   478  3189  1875  5851 .+.-
 1265  1012  2325   149  6714 .+.-
 1266  1546  3722   683  5317 .+.-
 1267  2080  2859  1217  6180 .+.-
 1268  4256  3393  4784  5647 ++--
 1269   354  2529  1751  6510 .+.-
 1270   888  3926    25  5113 .+.-
 1271  1422  3063   559  5976 .+.-
 1272  1956  4460  1093  4580 .+.-
 1273  3597  2733  5443  6306 ++--
 1274   230  4130  1627  4909 .+.-
 1275   764  3267  2161  5772 .+.-
 1276  1298  2404   435  6636 .+.-
 1277  3800  2937  5239  6102 ++--
 1278  1832  4334   969  4705 .+.-
 1279   106  3471  1503  5569 .+.-
 1280   640  2608  2037  6432 .+.-
 1281  1174  4004   311  5035 .+.-
 1282  3141  2278  5898  6761 ++--
 1283  1708  3675   845  5365 .+.-
 1284  2242  2812  1379  6228 .+.-
 1285   516  4208  1913  4831 .+.-
 1286  3345  2482  5694  6557 ++--
 1287  1050  3879   187  5161 .+.-
 1288  1584  3015   721  6024 .+.-
 1289  2118  4412  1255  4627 .+.-
 1290   392  3549  1789  5490 .+.-
 1291  2686  4083  6354  4957 ++--
 1292   926  3219    63  5820 .+.-
 1293  1460  2356   597  6683 .+.-
 1294  1994  3753  1131  5286 .+.-
 1295  2890  4287  6150  4753 ++--
 1296   268  3423  1665  5616 .+.-
 1297   802  2560  2199  6479 .+.-
 1298  1336  3957   473  5082 .+.-
 1299  1870  3094  1007  5946 .+.-
 1300  4490  3627  4549  5412 ++--
 1301   144  2764  1541  6275 .+.-
 1302   678  4161  2075  4878 .+.-
 1303  1212  3298   349  5742 .+.-
 1304  1746  2434   883  6605 .+.-
 1305  3831  2968  5208  6071 ++--
 1306    20  4365  1417  4675 .+.-
 1307   554  3502  1951  5538 .+.-
 1308  1088  2638   225  6401 .+.-
 1309  4035  3172  5004  5867 ++--
 1310  1622  2309   759  6731 .+.-
 1311  2156  3706  1293  5334 .+.-
 1312   430  2842  1827  6197 .+.-
 1313   964  4239   101  4800 .+.-
 1314  3376  2513  5663  6527 ++--
 1315  1498  3909   635  5130 .+.-
 1316  2032  3046  1169  5993 .+.-
 1317   306  4443  1703  4596 .+.-
 1318  3580  2717  5460  6323 ++--
 1319   840  4113  2237  4926 .+.-
 1320  1374  3250   511  5789 .+.-
 1321  1908  2387  1045  6652 .+.-
 1322   182  3784  1579  5256 .+.-
 1323  2921  4317  6119  4722 ++--
 1324   716  3454  2113  5585 .+.-
 1325  1250  2591   387  6448 .+.-
 1326  1784  3988   921  5052 .+.-
 1327    58  3124  1455  5915 .+.-
 1328  2261  3658  6778  5381 ++--
 1329   592  2795  1989  6245 .+.-
 1330  1126  4192   263  4848 .+.-
 1331  1660  3328   797  5711 .+.-
 1332  2465  3862  6574  5177 ++--
 1333  2194  2999  1331  6041 .+.-
 1334   468  4396  1865  4644 .+.-
 1335  1002  3532   139  5507 .+.-
 1336  1536  2669   673  6370 .+.-
 1337  4066  3203  4973  5837 ++--
 1338  2070  2340  1207  6700 .+.-
 1339   344  3736  1741  5303 .+.-
 1340   878  2873    15  6166 .+.-
 1341  4270  3407  4769  5633 ++--
 1342  1412  2543   549  6496 .+.-
 1343  1946  3940  1083  5099 .+.-
 1344   220  3077  1617  5962 .+.-
 1345   754  4474  2151  4566 .+.-
 1346  3611  2747  5429  6292 ++--
 1347  1288  4144   425  4895 .+.-
 1348  1822  3281   959  5758 .+.-
 1349    96  2418  1493  6622 .+.-
 1350  3815  2951  5225  6088 ++--
 1351   630  4348  2027  4691 .+.-
 1352  1164  3485   301  5554 .+.-
 1353  1698  2622   835  6418 .+.-
 1354  2232  4018  1369  5021 .+.-
 1355  3155  2292  5884  6747 ++--
 1356   506  3689  1903  5351 .+.-
 1357  1040  2826   177  6214 .+.-
 1358  1574  4222   711  4817 .+.-
 1359  2108  3359  1245  5680 .+.-
 1360  2496  3893  6543  5147 ++--
 1361   382  3030  1779  6010 .+.-
 1362   916  4426    53  4613 .+.-
 1363  1450  3563   587  5476 .+.-
 1364  2700  4097  6339  4943 ++--
 1365  1984  3234  1121  5806 .+.-
 1366   258  2370  1655  6669 .+.-
 1367   792  3767  2189  5272 .+.-
 1368  1326  2904   463  6135 .+.-
 1369  4301  3437  4739  5602 ++--
 1370  1860  2574   997  6465 .+.-
 1371   134  3971  1531  5068 .+.-
 1372   668  3108  2065  5932 .+.-
 1373  4505  3641  4535  5398 ++--
 1374  1202  2778   339  6261 .+.-
 1375  1736  4175   873  4864 .+.-
 1376    10  3312  1407  5728 .+.-
 1377   544  2449  1941  6591 .+.-
 1378  3845  2982  5194  6057 ++--
 1379  1078  4379   215  4660 .+.-
 1380  1612  3516   749  5524 .+.-
 1381  2146  2652  1283  6387 .+.-
 1382  4049  3186  4990  5853 ++--
 1383   420  2323  1817  6717 .+.-
 1384   954  3720    91  5320 .+.-
 1385  1488  2856   625  6183 .+.-
 1386  2022  4253  1159  4786 .+.-
 1387  3390  2527  5649  6513 ++--
 1388   296  3924  1693  5116 .+.-
 1389   830  3060  2227  5979 .+.-
 1390  1364  4457   501  4582 .+.-
 1391  1898  3594  1035  5445 .+.-
 1392  2731  4128  6309  4912 ++--
 1393   172  3264  1569  5775 .+.-
 1394   706  2401  2103  6638 .+.-
 1395  1240  3798   377  5241 .+.-
 1396  2935  4331  6105  4708 ++--
 1397  1774  3468   911  5571 .+.-
 1398    48  2605  1445  6434 .+.-
 1399   582  4002  1979  5038 .+.-
 1400  1116  3139   253  5901 .+.-
 1401  2275  3672  6764  5367 ++--
 1402  1650  2809   787  6230 .+.-
 1403  2184  4206  1321  4834 .+.-
 1404   458  3343  1855  5697 .+.-
 1405  2479  3876  6560  5163 ++--
 1406   992  3013   129  6026 .+.-
 1407  1526  4410   663  4630 .+.-
 1408  2060  3546  1197  5493 .+.-
 1409   334  2683  1731  6356 .+.-
 1410  4080  3217  4959  5823 ++--
 1411   868  2354     5  6686 .+.-
 1412  1402  3750   539  5289 .+.-
 1413  1936  2887  1073  6152 .+.-
 1414  4284  3421  4755  5619 ++--
 1415   210  2558  1607  6482 .+.-
 1416   744  3954  2141  5085 .+.-
 1417  1278  3091   415  5948 .+.-
 1418  1812  4488   949  4551 .+.-
 1419  3625  2762  5415  6278 ++--
 1420    86  4158  1483  4881 .+.-
 1421   620  3295  2017  5744 .+.-
 1422  1154  2432   291  6607 .+.-
 1423  1688  3829   825  5211 .+.-
 1424  2965  4362  6074  4677 ++--
 1425  2222  3499  1359  5540 .+.-
 1426   496  2636  1893  6404 .+.-
 1427  1030  4033   167  5007 .+.-
 1428  3169  2306  5870  6733 ++--
 1429  1564  3703   701  5336 .+.-
 1430  2098  2840  1235  6200 .+.-
 1431   372  4237  1769  4803 .+.-
 1432   906  3373    43  5666 .+.-
 1433  2510  3907  6529  5132 ++--
 1434  1440  3044   577  5996 .+.-
 1435  1974  4440  1111  4599 .+.-
 1436   248  3577  1645  5462 .+.-
 1437  2714  4111  6325  4929 ++--
 1438   782  3248  2179  5792 .+.-
 1439  1316  2384   453  6655 .+.-
 1440  1850  3781   987  5258 .+.-
 1441   124  2918  1521  6121 .+.-
 1442  4315  3452  4725  5588 ++--
 1443   658  2588  2055  6451 .+.-
 1444  1192  3985   329  5054 .+.-
 1445  1726  3122   863  5917 .+.-
Total data plus flush bits=2260, p-parity bits=1762, q-parity=1762, Errors=0, Repetition=0
