R20T05QL7
Channel Interleaving, Puncturing and Mapping to QPSK
Data coding rate = 0.397260 with QPSK, UW coding rate = 0.365117 with BPSK
User data with 32 bit UW =232, with flush=236, p-parity=174+8, q-parity=174,  Channel Symbols=328, Channel Bits=592
D=232, FECSy=328, DF=236 N=592, P=174, Puw=8, Q=174, DPQ=528, dpqstep=325, S=1.353453, ppstart=236.500000, qpstart=473.176727

Symbol   I0    Q0  Pattern= . =data, + =p parity, - =q parity
-------------------------------------------------------------
    0     0     0 R.
    1     1     1 R.
    2     2     2 R.
    3     3     3 R.
    4     4     4 R.
    5     5     5 R.
    6     6     6 R.
    7     7     7 R.
    8     8     8 R.
    9     9     9 R.
   10    10    10 R.
   11    11    11 R.
   12    12    12 R.
   13    13    13 R.
   14    14    14 R.
   15    15    15 R.
   16    16    16 R.
   17    17    17 R.
   18    18    18 R.
   19    19    19 R.
   20    20    20 R.
   21    21    21 R.
   22    22    22 R.
   23    23    23 R.
   24    24    24 R.
   25    25    25 R.
   26    26    26 R.
   27    27    27 R.
   28    28    28 R.
   29    29    29 R.
   30    30    30 R.
   31    31    31 R.
   32   236   236 R+
   33   237   237 R+
   34   238   238 R+
   35   239   239 R+
   36   240   240 R+
   37   241   241 R+
   38   242   242 R+
   39   243   243 R+
   40    32    45 ..
   41    58    71 ..
   42    84    97 ..
   43   110   123 ..
   44   136   149 ..
   45   162   175 ..
   46   188   201 ..
   47   214   227 ..
   48   274   291 ++
   49   309   327 ++
   50   344   362 ++
   51   379   397 ++
   52   415   432 ++
   53   450   467 ++
   54   486   504 --
   55   521   539 --
   56   557   574 --
   57   592   609 --
   58   627   645 --
   59   662   680 --
   60   697    37 -.
   61    50    63 ..
   62    76    89 ..
   63   102   115 ..
   64   128   141 ..
   65   154   167 ..
   66   180   193 ..
   67   206   219 ..
   68   232   281 .+
   69   298   316 ++
   70   333   351 ++
   71   369   386 ++
   72   404   421 ++
   73   439   457 ++
   74   475   493 --
   75   511   528 --
   76   546   563 --
   77   581   599 --
   78   616   634 --
   79   651   669 --
   80   687   704 --
   81    42    55 ..
   82    68    81 ..
   83    94   107 ..
   84   120   133 ..
   85   146   159 ..
   86   172   185 ..
   87   198   211 ..
   88   224   270 .+
   89   287   305 ++
   90   323   340 ++
   91   358   375 ++
   92   393   411 ++
   93   428   446 ++
   94   463   482 +-
   95   500   517 --
   96   535   553 --
   97   570   588 --
   98   605   623 --
   99   641   658 --
  100   676   693 --
  101    34    47 ..
  102    60    73 ..
  103    86    99 ..
  104   112   125 ..
  105   138   151 ..
  106   164   177 ..
  107   190   203 ..
  108   216   229 ..
  109   277   294 ++
  110   312   329 ++
  111   347   365 ++
  112   382   400 ++
  113   417   435 ++
  114   453   470 ++
  115   489   507 --
  116   524   542 --
  117   559   577 --
  118   594   612 --
  119   630   647 --
  120   665   682 --
  121   700    39 -.
  122    52    65 ..
  123    78    91 ..
  124   104   117 ..
  125   130   143 ..
  126   156   169 ..
  127   182   195 ..
  128   208   221 ..
  129   234   283 .+
  130   301   319 ++
  131   336   354 ++
  132   371   389 ++
  133   407   424 ++
  134   442   459 ++
  135   478   496 --
  136   513   531 --
  137   548   566 --
  138   584   601 --
  139   619   636 --
  140   654   672 --
  141   689   707 --
  142    44    57 ..
  143    70    83 ..
  144    96   109 ..
  145   122   135 ..
  146   148   161 ..
  147   174   187 ..
  148   200   213 ..
  149   226   273 .+
  150   290   308 ++
  151   325   343 ++
  152   361   378 ++
  153   396   413 ++
  154   431   448 ++
  155   466   485 +-
  156   502   520 --
  157   538   555 --
  158   573   590 --
  159   608   626 --
  160   643   661 --
  161   678   696 --
  162    36    49 ..
  163    62    75 ..
  164    88   101 ..
  165   114   127 ..
  166   140   153 ..
  167   166   179 ..
  168   192   205 ..
  169   218   231 ..
  170   279   297 ++
  171   315   332 ++
  172   350   367 ++
  173   385   402 ++
  174   420   438 ++
  175   455   474 +-
  176   492   509 --
  177   527   544 --
  178   562   580 --
  179   597   615 --
  180   632   650 --
  181   668   685 --
  182   703    41 -.
  183    54    67 ..
  184    80    93 ..
  185   106   119 ..
  186   132   145 ..
  187   158   171 ..
  188   184   197 ..
  189   210   223 ..
  190   268   286 ++
  191   304   321 ++
  192   339   356 ++
  193   374   392 ++
  194   409   427 ++
  195   444   462 ++
  196   481   498 --
  197   516   534 --
  198   551   569 --
  199   586   604 --
  200   622   639 --
  201   657   674 --
  202   692    33 -.
  203    46    59 ..
  204    72    85 ..
  205    98   111 ..
  206   124   137 ..
  207   150   163 ..
  208   176   189 ..
  209   202   215 ..
  210   228   275 .+
  211   293   310 ++
  212   328   346 ++
  213   363   381 ++
  214   398   416 ++
  215   434   451 ++
  216   469   488 +-
  217   505   523 --
  218   540   558 --
  219   576   593 --
  220   611   628 --
  221   646   664 --
  222   681   699 --
  223    38    51 ..
  224    64    77 ..
  225    90   103 ..
  226   116   129 ..
  227   142   155 ..
  228   168   181 ..
  229   194   207 ..
  230   220   233 ..
  231   282   300 ++
  232   317   335 ++
  233   352   370 ++
  234   388   405 ++
  235   423   440 ++
  236   458   477 +-
  237   494   512 --
  238   530   547 --
  239   565   582 --
  240   600   617 --
  241   635   653 --
  242   670   688 --
  243   705    43 -.
  244    56    69 ..
  245    82    95 ..
  246   108   121 ..
  247   134   147 ..
  248   160   173 ..
  249   186   199 ..
  250   212   225 ..
  251   271   289 ++
  252   306   324 ++
  253   342   359 ++
  254   377   394 ++
  255   412   430 ++
  256   447   465 ++
  257   484   501 --
  258   519   536 --
  259   554   571 --
  260   589   607 --
  261   624   642 --
  262   659   677 --
  263   695    35 -.
  264    48    61 ..
  265    74    87 ..
  266   100   113 ..
  267   126   139 ..
  268   152   165 ..
  269   178   191 ..
  270   204   217 ..
  271   230   278 .+
  272   296   313 ++
  273   331   348 ++
  274   366   384 ++
  275   401   419 ++
  276   436   454 ++
  277   473   490 --
  278   508   525 --
  279   543   561 --
  280   578   596 --
  281   613   631 --
  282   649   666 --
  283   684   701 --
  284    40    53 ..
  285    66    79 ..
  286    92   105 ..
  287   118   131 ..
  288   144   157 ..
  289   170   183 ..
  290   196   209 ..
  291   222   235 ..
  292   285   302 ++
  293   320   338 ++
  294   355   373 ++
  295   390   408 ++
  296   425   443 ++
  297   461   479 +-
  298   497   515 --
  299   532   550 --
  300   567   585 --
  301   603   620 --
  302   638   655 --
  303   673   691 --
  304   244   244 R+
  305   245   245 R+
  306   246   246 R+
  307   247   247 R+
  308   248   248 R+
  309   249   249 R+
  310   250   250 R+
  311   251   251 R+
  312   252   252 R+
  313   253   253 R+
  314   254   254 R+
  315   255   255 R+
  316   256   256 R+
  317   257   257 R+
  318   258   258 R+
  319   259   259 R+
  320   260   260 R+
  321   261   261 R+
  322   262   262 R+
  323   263   263 R+
  324   264   264 R+
  325   265   265 R+
  326   266   266 R+
  327   267   267 R+
Total data plus flush bits=236, p-parity bits=182, q-parity=174, Errors=0, Repetition=64
