R20T1QH1
Channel Interleaving, Puncturing and Mapping to QPSK
Data coding rate = 0.893268 with QPSK, UW coding rate = 0.485975 with BPSK
User data with 32 bit UW =1088, with flush=1092, p-parity=63+30, q-parity=63,  Channel Symbols=656, Channel Bits=1248
D=1088, FECSy=656, DF=1092 N=1248, P=63, Puw=30, Q=63, DPQ=1184, dpqstep=731, S=17.325399, ppstart=1092.500000, qpstart=2193.162598

Symbol   I0    Q0  Pattern= . =data, + =p parity, - =q parity
-------------------------------------------------------------
    0     0     0 R.
    1     1     1 R.
    2     2     2 R.
    3     3     3 R.
    4     4     4 R.
    5     5     5 R.
    6     6     6 R.
    7     7     7 R.
    8     8     8 R.
    9     9     9 R.
   10    10    10 R.
   11    11    11 R.
   12    12    12 R.
   13    13    13 R.
   14    14    14 R.
   15    15    15 R.
   16    16    16 R.
   17    17    17 R.
   18    18    18 R.
   19    19    19 R.
   20    20    20 R.
   21    21    21 R.
   22    22    22 R.
   23    23    23 R.
   24    24    24 R.
   25    25    25 R.
   26    26    26 R.
   27    27    27 R.
   28    28    28 R.
   29    29    29 R.
   30    30    30 R.
   31    31    31 R.
   32  1092  1092 R+
   33  1093  1093 R+
   34  1094  1094 R+
   35  1095  1095 R+
   36  1096  1096 R+
   37  1097  1097 R+
   38  1098  1098 R+
   39  1099  1099 R+
   40    32   147 ..
   41   262   377 ..
   42   492   607 ..
   43   722   837 ..
   44   952  1067 ..
   45  2695   113 -.
   46   228   343 ..
   47   458   573 ..
   48   688   803 ..
   49   918  1033 ..
   50  2097    79 +.
   51   194   309 ..
   52   424   539 ..
   53   654   769 ..
   54   884   999 ..
   55  1508    45 +.
   56   160   275 ..
   57   390   505 ..
   58   620   735 ..
   59   850   965 ..
   60  1080  2920 .-
   61   126   241 ..
   62   356   471 ..
   63   586   701 ..
   64   816   931 ..
   65  1046  2331 .-
   66    92   207 ..
   67   322   437 ..
   68   552   667 ..
   69   782   897 ..
   70  1012  1733 .+
   71    58   173 ..
   72   288   403 ..
   73   518   633 ..
   74   748   863 ..
   75   978  1144 .+
   76  3146   139 -.
   77   254   369 ..
   78   484   599 ..
   79   714   829 ..
   80   944  1059 ..
   81  2556   105 -.
   82   220   335 ..
   83   450   565 ..
   84   680   795 ..
   85   910  1025 ..
   86  1958    71 +.
   87   186   301 ..
   88   416   531 ..
   89   646   761 ..
   90   876   991 ..
   91  1369    37 +.
   92   152   267 ..
   93   382   497 ..
   94   612   727 ..
   95   842   957 ..
   96  1072  2782 .-
   97   118   233 ..
   98   348   463 ..
   99   578   693 ..
  100   808   923 ..
  101  1038  2193 .-
  102    84   199 ..
  103   314   429 ..
  104   544   659 ..
  105   774   889 ..
  106  1004  1594 .+
  107    50   165 ..
  108   280   395 ..
  109   510   625 ..
  110   740   855 ..
  111   970  1085 ..
  112  3007   131 -.
  113   246   361 ..
  114   476   591 ..
  115   706   821 ..
  116   936  1051 ..
  117  2418    97 -.
  118   212   327 ..
  119   442   557 ..
  120   672   787 ..
  121   902  1017 ..
  122  1820    63 +.
  123   178   293 ..
  124   408   523 ..
  125   638   753 ..
  126   868   983 ..
  127  1231  3232 +-
  128   144   259 ..
  129   374   489 ..
  130   604   719 ..
  131   834   949 ..
  132  1064  2643 .-
  133   110   225 ..
  134   340   455 ..
  135   570   685 ..
  136   800   915 ..
  137  1030  2045 .+
  138    76   191 ..
  139   306   421 ..
  140   536   651 ..
  141   766   881 ..
  142   996  1456 .+
  143    42   157 ..
  144   272   387 ..
  145   502   617 ..
  146   732   847 ..
  147   962  1077 ..
  148  2868   123 -.
  149   238   353 ..
  150   468   583 ..
  151   698   813 ..
  152   928  1043 ..
  153  2279    89 -.
  154   204   319 ..
  155   434   549 ..
  156   664   779 ..
  157   894  1009 ..
  158  1681    55 +.
  159   170   285 ..
  160   400   515 ..
  161   630   745 ..
  162   860   975 ..
  163  1090  3094 .-
  164   136   251 ..
  165   366   481 ..
  166   596   711 ..
  167   826   941 ..
  168  1056  2505 .-
  169   102   217 ..
  170   332   447 ..
  171   562   677 ..
  172   792   907 ..
  173  1022  1906 .+
  174    68   183 ..
  175   298   413 ..
  176   528   643 ..
  177   758   873 ..
  178   988  1317 .+
  179    34   149 ..
  180   264   379 ..
  181   494   609 ..
  182   724   839 ..
  183   954  1069 ..
  184  2730   115 -.
  185   230   345 ..
  186   460   575 ..
  187   690   805 ..
  188   920  1035 ..
  189  2132    81 +.
  190   196   311 ..
  191   426   541 ..
  192   656   771 ..
  193   886  1001 ..
  194  1542    47 +.
  195   162   277 ..
  196   392   507 ..
  197   622   737 ..
  198   852   967 ..
  199  1082  2955 .-
  200   128   243 ..
  201   358   473 ..
  202   588   703 ..
  203   818   933 ..
  204  1048  2366 .-
  205    94   209 ..
  206   324   439 ..
  207   554   669 ..
  208   784   899 ..
  209  1014  1768 .+
  210    60   175 ..
  211   290   405 ..
  212   520   635 ..
  213   750   865 ..
  214   980  1179 .+
  215  3180   141 -.
  216   256   371 ..
  217   486   601 ..
  218   716   831 ..
  219   946  1061 ..
  220  2591   107 -.
  221   222   337 ..
  222   452   567 ..
  223   682   797 ..
  224   912  1027 ..
  225  1993    73 +.
  226   188   303 ..
  227   418   533 ..
  228   648   763 ..
  229   878   993 ..
  230  1404    39 +.
  231   154   269 ..
  232   384   499 ..
  233   614   729 ..
  234   844   959 ..
  235  1074  2816 .-
  236   120   235 ..
  237   350   465 ..
  238   580   695 ..
  239   810   925 ..
  240  1040  2227 .-
  241    86   201 ..
  242   316   431 ..
  243   546   661 ..
  244   776   891 ..
  245  1006  1629 .+
  246    52   167 ..
  247   282   397 ..
  248   512   627 ..
  249   742   857 ..
  250   972  1087 ..
  251  3042   133 -.
  252   248   363 ..
  253   478   593 ..
  254   708   823 ..
  255   938  1053 ..
  256  2453    99 -.
  257   214   329 ..
  258   444   559 ..
  259   674   789 ..
  260   904  1019 ..
  261  1854    65 +.
  262   180   295 ..
  263   410   525 ..
  264   640   755 ..
  265   870   985 ..
  266  1265  3267 +-
  267   146   261 ..
  268   376   491 ..
  269   606   721 ..
  270   836   951 ..
  271  1066  2678 .-
  272   112   227 ..
  273   342   457 ..
  274   572   687 ..
  275   802   917 ..
  276  1032  2080 .+
  277    78   193 ..
  278   308   423 ..
  279   538   653 ..
  280   768   883 ..
  281   998  1490 .+
  282    44   159 ..
  283   274   389 ..
  284   504   619 ..
  285   734   849 ..
  286   964  1079 ..
  287  2903   125 -.
  288   240   355 ..
  289   470   585 ..
  290   700   815 ..
  291   930  1045 ..
  292  2314    91 -.
  293   206   321 ..
  294   436   551 ..
  295   666   781 ..
  296   896  1011 ..
  297  1716    57 +.
  298   172   287 ..
  299   402   517 ..
  300   632   747 ..
  301   862   977 ..
  302  1127  3128 +-
  303   138   253 ..
  304   368   483 ..
  305   598   713 ..
  306   828   943 ..
  307  1058  2539 .-
  308   104   219 ..
  309   334   449 ..
  310   564   679 ..
  311   794   909 ..
  312  1024  1941 .+
  313    70   185 ..
  314   300   415 ..
  315   530   645 ..
  316   760   875 ..
  317   990  1352 .+
  318    36   151 ..
  319   266   381 ..
  320   496   611 ..
  321   726   841 ..
  322   956  1071 ..
  323  2764   117 -.
  324   232   347 ..
  325   462   577 ..
  326   692   807 ..
  327   922  1037 ..
  328  2166    83 +.
  329   198   313 ..
  330   428   543 ..
  331   658   773 ..
  332   888  1003 ..
  333  1577    49 +.
  334   164   279 ..
  335   394   509 ..
  336   624   739 ..
  337   854   969 ..
  338  1084  2990 .-
  339   130   245 ..
  340   360   475 ..
  341   590   705 ..
  342   820   935 ..
  343  1050  2401 .-
  344    96   211 ..
  345   326   441 ..
  346   556   671 ..
  347   786   901 ..
  348  1016  1802 .+
  349    62   177 ..
  350   292   407 ..
  351   522   637 ..
  352   752   867 ..
  353   982  1213 .+
  354  3215   143 -.
  355   258   373 ..
  356   488   603 ..
  357   718   833 ..
  358   948  1063 ..
  359  2626   109 -.
  360   224   339 ..
  361   454   569 ..
  362   684   799 ..
  363   914  1029 ..
  364  2028    75 +.
  365   190   305 ..
  366   420   535 ..
  367   650   765 ..
  368   880   995 ..
  369  1439    41 +.
  370   156   271 ..
  371   386   501 ..
  372   616   731 ..
  373   846   961 ..
  374  1076  2851 .-
  375   122   237 ..
  376   352   467 ..
  377   582   697 ..
  378   812   927 ..
  379  1042  2262 .-
  380    88   203 ..
  381   318   433 ..
  382   548   663 ..
  383   778   893 ..
  384  1008  1664 .+
  385    54   169 ..
  386   284   399 ..
  387   514   629 ..
  388   744   859 ..
  389   974  1089 ..
  390  3076   135 -.
  391   250   365 ..
  392   480   595 ..
  393   710   825 ..
  394   940  1055 ..
  395  2487   101 -.
  396   216   331 ..
  397   446   561 ..
  398   676   791 ..
  399   906  1021 ..
  400  1889    67 +.
  401   182   297 ..
  402   412   527 ..
  403   642   757 ..
  404   872   987 ..
  405  1300    33 +.
  406   148   263 ..
  407   378   493 ..
  408   608   723 ..
  409   838   953 ..
  410  1068  2712 .-
  411   114   229 ..
  412   344   459 ..
  413   574   689 ..
  414   804   919 ..
  415  1034  2114 .+
  416    80   195 ..
  417   310   425 ..
  418   540   655 ..
  419   770   885 ..
  420  1000  1525 .+
  421    46   161 ..
  422   276   391 ..
  423   506   621 ..
  424   736   851 ..
  425   966  1081 ..
  426  2938   127 -.
  427   242   357 ..
  428   472   587 ..
  429   702   817 ..
  430   932  1047 ..
  431  2349    93 -.
  432   208   323 ..
  433   438   553 ..
  434   668   783 ..
  435   898  1013 ..
  436  1750    59 +.
  437   174   289 ..
  438   404   519 ..
  439   634   749 ..
  440   864   979 ..
  441  1161  3163 +-
  442   140   255 ..
  443   370   485 ..
  444   600   715 ..
  445   830   945 ..
  446  1060  2574 .-
  447   106   221 ..
  448   336   451 ..
  449   566   681 ..
  450   796   911 ..
  451  1026  1976 .+
  452    72   187 ..
  453   302   417 ..
  454   532   647 ..
  455   762   877 ..
  456   992  1387 .+
  457    38   153 ..
  458   268   383 ..
  459   498   613 ..
  460   728   843 ..
  461   958  1073 ..
  462  2799   119 -.
  463   234   349 ..
  464   464   579 ..
  465   694   809 ..
  466   924  1039 ..
  467  2210    85 -.
  468   200   315 ..
  469   430   545 ..
  470   660   775 ..
  471   890  1005 ..
  472  1612    51 +.
  473   166   281 ..
  474   396   511 ..
  475   626   741 ..
  476   856   971 ..
  477  1086  3024 .-
  478   132   247 ..
  479   362   477 ..
  480   592   707 ..
  481   822   937 ..
  482  1052  2435 .-
  483    98   213 ..
  484   328   443 ..
  485   558   673 ..
  486   788   903 ..
  487  1018  1837 .+
  488    64   179 ..
  489   294   409 ..
  490   524   639 ..
  491   754   869 ..
  492   984  1248 .+
  493  3250   145 -.
  494   260   375 ..
  495   490   605 ..
  496   720   835 ..
  497   950  1065 ..
  498  2660   111 -.
  499   226   341 ..
  500   456   571 ..
  501   686   801 ..
  502   916  1031 ..
  503  2062    77 +.
  504   192   307 ..
  505   422   537 ..
  506   652   767 ..
  507   882   997 ..
  508  1473    43 +.
  509   158   273 ..
  510   388   503 ..
  511   618   733 ..
  512   848   963 ..
  513  1078  2886 .-
  514   124   239 ..
  515   354   469 ..
  516   584   699 ..
  517   814   929 ..
  518  1044  2297 .-
  519    90   205 ..
  520   320   435 ..
  521   550   665 ..
  522   780   895 ..
  523  1010  1698 .+
  524    56   171 ..
  525   286   401 ..
  526   516   631 ..
  527   746   861 ..
  528   976  1091 ..
  529  3111   137 -.
  530   252   367 ..
  531   482   597 ..
  532   712   827 ..
  533   942  1057 ..
  534  2522   103 -.
  535   218   333 ..
  536   448   563 ..
  537   678   793 ..
  538   908  1023 ..
  539  1924    69 +.
  540   184   299 ..
  541   414   529 ..
  542   644   759 ..
  543   874   989 ..
  544  1335    35 +.
  545   150   265 ..
  546   380   495 ..
  547   610   725 ..
  548   840   955 ..
  549  1070  2747 .-
  550   116   231 ..
  551   346   461 ..
  552   576   691 ..
  553   806   921 ..
  554  1036  2149 .+
  555    82   197 ..
  556   312   427 ..
  557   542   657 ..
  558   772   887 ..
  559  1002  1560 .+
  560    48   163 ..
  561   278   393 ..
  562   508   623 ..
  563   738   853 ..
  564   968  1083 ..
  565  2972   129 -.
  566   244   359 ..
  567   474   589 ..
  568   704   819 ..
  569   934  1049 ..
  570  2383    95 -.
  571   210   325 ..
  572   440   555 ..
  573   670   785 ..
  574   900  1015 ..
  575  1785    61 +.
  576   176   291 ..
  577   406   521 ..
  578   636   751 ..
  579   866   981 ..
  580  1196  3198 +-
  581   142   257 ..
  582   372   487 ..
  583   602   717 ..
  584   832   947 ..
  585  1062  2608 .-
  586   108   223 ..
  587   338   453 ..
  588   568   683 ..
  589   798   913 ..
  590  1028  2010 .+
  591    74   189 ..
  592   304   419 ..
  593   534   649 ..
  594   764   879 ..
  595   994  1421 .+
  596    40   155 ..
  597   270   385 ..
  598   500   615 ..
  599   730   845 ..
  600   960  1075 ..
  601  2834   121 -.
  602   236   351 ..
  603   466   581 ..
  604   696   811 ..
  605   926  1041 ..
  606  2245    87 -.
  607   202   317 ..
  608   432   547 ..
  609   662   777 ..
  610   892  1007 ..
  611  1646    53 +.
  612   168   283 ..
  613   398   513 ..
  614   628   743 ..
  615   858   973 ..
  616  1088  3059 .-
  617   134   249 ..
  618   364   479 ..
  619   594   709 ..
  620   824   939 ..
  621  1054  2470 .-
  622   100   215 ..
  623   330   445 ..
  624   560   675 ..
  625   790   905 ..
  626  1020  1872 .+
  627    66   181 ..
  628   296   411 ..
  629   526   641 ..
  630   756   871 ..
  631   986  1283 .+
  632  1100  1100 R+
  633  1101  1101 R+
  634  1102  1102 R+
  635  1103  1103 R+
  636  1104  1104 R+
  637  1105  1105 R+
  638  1106  1106 R+
  639  1107  1107 R+
  640  1108  1108 R+
  641  1109  1109 R+
  642  1110  1110 R+
  643  1111  1111 R+
  644  1112  1112 R+
  645  1113  1113 R+
  646  1114  1114 R+
  647  1115  1115 R+
  648  1116  1116 R+
  649  1117  1117 R+
  650  1118  1118 R+
  651  1119  1119 R+
  652  1120  1120 R+
  653  1121  1121 R+
  654  1122  1122 R+
  655  1123  1123 R+
Total data plus flush bits=1092, p-parity bits=93, q-parity=63, Errors=0, Repetition=64
