R20T45XH1
Channel Interleaving, Puncturing and Mapping to 16-QAM
User data=3320, with flush=3324, Channel Symbols=1446, Channel Bits=5784, Parity=2460, p=q=1230, Coding Rate=0.573997
D=3320, FECSy=1446, DF=3324, N=5784, P=2460, p=1230, distep=2053, dd=0, pistep=761, pp=1229, ppstep=2.702439, ppstart=3324.500000, qpstart=6649.851074, k=-216, mx=6.694445

Symbol   I1    I0    Q1    Q0  Pattern= . =data, + =p parity, - =q parity
-------------------------------------------------------------------------
    0     0   782  2053  2835 ....
    1  1564  6645   293  6649 .+.-
    2  2346  5378  1075  7917 .+.-
    3  3128  4110  1857  9184 .+.-
    4   586  6167  2639  7128 .+.-
    5  1368  4900    97  8395 .+.-
    6  2150  3632   879  9663 .+.-
    7  2932   390  1661  2443 ....
    8  1172  5689  3225  7606 .+.-
    9  1954  4421   683  8873 .+.-
   10  2736  6478  1465  6817 .+.-
   11   194  5210  2247  8084 .+.-
   12   976  3943  3029  9352 .+.-
   13  1758  5999   487  7295 .+.-
   14  2540  3322  1269  2051 ....
   15   780  4732  2833  8563 .+.-
   16  1562  3465   291  9830 .+.-
   17  2344  5521  1073  7774 .+.-
   18  3126  4254  1855  9041 .+.-
   19   584  6310  2637  6984 .+.-
   20  1366  5043    95  8252 .+.-
   21  2148  2930   877  1659 ....
   22   388  3775  2441  9519 .+.-
   23  1170  5832  3223  7463 .+.-
   24  1952  4564   681  8730 .+.-
   25  2734  6621  1463  6674 .+.-
   26   192  5354  2245  7941 .+.-
   27   974  1756  3027   485 ....
   28  2538  4086  1267  9209 .+.-
   29  3320  6143  2049  7152 .+.-
   30   778  4875  2831  8419 .+.-
   31  1560  3608   289  9687 .+.-
   32  2342  5664  1071  7630 .+.-
   33  3124  4397  1853  8898 .+.-
   34   582  1364  2635    93 ....
   35  2146  6453   875  6841 .+.-
   36  2928  5186  1657  8109 .+.-
   37   386  3919  2439  9376 .+.-
   38  1168  5975  3221  7320 .+.-
   39  1950  4708   679  8587 .+.-
   40  2732  3440  1461  9854 .+.-
   41   190   972  2243  3025 ....
   42  1754  5497   483  7798 .+.-
   43  2536  4229  1265  9065 .+.-
   44  3318  6286  2047  7009 .+.-
   45   776  5018  2829  8276 .+.-
   46  1558  3751   287  9544 .+.-
   47  2340  3122  1069  1851 ....
   48   580  5808  2633  7487 .+.-
   49  1362  4540    91  8755 .+.-
   50  2144  6597   873  6698 .+.-
   51  2926  5329  1655  7965 .+.-
   52   384  4062  2437  9233 .+.-
   53  1166  6118  3219  7176 .+.-
   54  1948  2730   677  1459 ....
   55   188  4851  2241  8444 .+.-
   56   970  3583  3023  9711 .+.-
   57  1752  5640   481  7655 .+.-
   58  2534  4373  1263  8922 .+.-
   59  3316  6429  2045  6866 .+.-
   60   774  5162  2827  8133 .+.-
   61  1556  2338   285  1067 ....
   62  3120  3894  1849  9400 .+.-
   63   578  5951  2631  7344 .+.-
   64  1360  4683    89  8611 .+.-
   65  2142  3416   871  9879 .+.-
   66  2924  5472  1653  7822 .+.-
   67   382  1164  2435  3217 ....
   68  1946  4205   675  9090 .+.-
   69  2728  6262  1457  7033 .+.-
   70   186  4994  2239  8301 .+.-
   71   968  3727  3021  9568 .+.-
   72  1750  5783   479  7511 .+.-
   73  2532  4516  1261  8779 .+.-
   74  3314   772  2043  2825 ....
   75  1554  6572   283  6722 .+.-
   76  2336  5305  1065  7990 .+.-
   77  3118  4037  1847  9257 .+.-
   78   576  6094  2629  7201 .+.-
   79  1358  4827    87  8468 .+.-
   80  2140  3559   869  9736 .+.-
   81  2922   380  1651  2433 ....
   82  1162  5616  3215  7679 .+.-
   83  1944  4348   673  8946 .+.-
   84  2726  6405  1455  6890 .+.-
   85   184  5137  2237  8157 .+.-
   86   966  3870  3019  9425 .+.-
   87  1748  5926   477  7368 .+.-
   88  2530  3312  1259  2041 ....
   89   770  4659  2823  8636 .+.-
   90  1552  3392   281  9903 .+.-
   91  2334  5448  1063  7847 .+.-
   92  3116  4181  1845  9114 .+.-
   93   574  6237  2627  7057 .+.-
   94  1356  2138    85   867 ....
   95  2920  4970  1649  8325 .+.-
   96   378  3702  2431  9592 .+.-
   97  1160  5759  3213  7536 .+.-
   98  1942  4491   671  8803 .+.-
   99  2724  6548  1453  6747 .+.-
  100   182  5281  2235  8014 .+.-
  101   964  1746  3017   475 ....
  102  2528  4013  1257  9282 .+.-
  103  3310  6070  2039  7225 .+.-
  104   768  4802  2821  8492 .+.-
  105  1550  3535   279  9760 .+.-
  106  2332  5591  1061  7703 .+.-
  107  3114  4324  1843  8971 .+.-
  108   572  1354  2625    83 ....
  109  2136  6380   865  6914 .+.-
  110  2918  5113  1647  8182 .+.-
  111   376  3846  2429  9449 .+.-
  112  1158  5902  3211  7393 .+.-
  113  1940  4635   669  8660 .+.-
  114  2722   180  1451  2233 ....
  115   962  3367  3015  9927 .+.-
  116  1744  5424   473  7871 .+.-
  117  2526  4156  1255  9138 .+.-
  118  3308  6213  2037  7082 .+.-
  119   766  4945  2819  8349 .+.-
  120  1548  3678   277  9617 .+.-
  121  2330  3112  1059  1841 ....
  122   570  5735  2623  7560 .+.-
  123  1352  4467    81  8828 .+.-
  124  2134  6524   863  6771 .+.-
  125  2916  5256  1645  8038 .+.-
  126   374  3989  2427  9306 .+.-
  127  1156  6045  3209  7249 .+.-
  128  1938  2720   667  1449 ....
  129   178  4778  2231  8517 .+.-
  130   960  3510  3013  9784 .+.-
  131  1742  5567   471  7728 .+.-
  132  2524  4300  1253  8995 .+.-
  133  3306  6356  2035  6939 .+.-
  134   764  1546  2817   275 ....
  135  2328  5089  1057  8206 .+.-
  136  3110  3821  1839  9473 .+.-
  137   568  5878  2621  7417 .+.-
  138  1350  4610    79  8684 .+.-
  139  2132  3343   861  9952 .+.-
  140  2914  5399  1643  7895 .+.-
  141   372  1154  2425  3207 ....
  142  1936  4132   665  9163 .+.-
  143  2718  6189  1447  7106 .+.-
  144   176  4921  2229  8374 .+.-
  145   958  3654  3011  9641 .+.-
  146  1740  5710   469  7584 .+.-
  147  2522  4443  1251  8852 .+.-
  148  3304   762  2033  2815 ....
  149  1544  6499   273  6795 .+.-
  150  2326  5232  1055  8063 .+.-
  151  3108  3964  1837  9330 .+.-
  152   566  6021  2619  7274 .+.-
  153  1348  4754    77  8541 .+.-
  154  2130  2912   859  1641 ....
  155   370  3486  2423  9809 .+.-
  156  1152  5543  3205  7752 .+.-
  157  1934  4275   663  9019 .+.-
  158  2716  6332  1445  6963 .+.-
  159   174  5064  2227  8230 .+.-
  160   956  3797  3009  9498 .+.-
  161  1738  2520   467  1249 ....
  162  3302  5853  2031  7441 .+.-
  163   760  4586  2813  8709 .+.-
  164  1542  6643   271  6652 .+.-
  165  2324  5375  1053  7919 .+.-
  166  3106  4108  1835  9187 .+.-
  167   564  6164  2617  7130 .+.-
  168  1346  2128    75   857 ....
  169  2910  4897  1639  8398 .+.-
  170   368  3629  2421  9665 .+.-
  171  1150  5686  3203  7609 .+.-
  172  1932  4418   661  8876 .+.-
  173  2714  6475  1443  6820 .+.-
  174   172  5208  2225  8087 .+.-
  175   954  1736  3007   465 ....
  176  2518  3940  1247  9354 .+.-
  177  3300  5997  2029  7298 .+.-
  178   758  4729  2811  8565 .+.-
  179  1540  3462   269  9833 .+.-
  180  2322  5518  1051  7776 .+.-
  181  3104   562  1833  2615 ....
  182  1344  4251    73  9044 .+.-
  183  2126  6307   855  6987 .+.-
  184  2908  5040  1637  8255 .+.-
  185   366  3773  2419  9522 .+.-
  186  1148  5829  3201  7465 .+.-
  187  1930  4562   659  8733 .+.-
  188  2712   170  1441  2223 ....
  189   952  6618  3005  6676 .+.-
  190  1734  5351   463  7944 .+.-
  191  2516  4083  1245  9211 .+.-
  192  3298  6140  2027  7155 .+.-
  193   756  4872  2809  8422 .+.-
  194  1538  3605   267  9690 .+.-
  195  2320  3102  1049  1831 ....
  196   560  5662  2613  7633 .+.-
  197  1342  4394    71  8900 .+.-
  198  2124  6451   853  6844 .+.-
  199  2906  5183  1635  8111 .+.-
  200   364  3916  2417  9379 .+.-
  201  1146  1928  3199   657 ....
  202  2710  5972  1439  7322 .+.-
  203   168  4705  2221  8590 .+.-
  204   950  3438  3003  9857 .+.-
  205  1732  5494   461  7801 .+.-
  206  2514  4227  1243  9068 .+.-
  207  3296  6283  2025  7011 .+.-
  208   754  1536  2807   265 ....
  209  2318  5016  1047  8279 .+.-
  210  3100  3748  1829  9546 .+.-
  211   558  5805  2611  7490 .+.-
  212  1340  4537    69  8757 .+.-
  213  2122  6594   851  6701 .+.-
  214  2904  5327  1633  7968 .+.-
  215   362  1144  2415  3197 ....
  216  1926  4059   655  9236 .+.-
  217  2708  6116  1437  7179 .+.-
  218   166  4848  2219  8446 .+.-
  219   948  3581  3001  9714 .+.-
  220  1730  5637   459  7657 .+.-
  221  2512  3294  1241  2023 ....
  222   752  4370  2805  8925 .+.-
  223  1534  6426   263  6868 .+.-
  224  2316  5159  1045  8136 .+.-
  225  3098  3892  1827  9403 .+.-
  226   556  5948  2609  7347 .+.-
  227  1338  4681    67  8614 .+.-
  228  2120  2902   849  1631 ....
  229   360  3413  2413  9881 .+.-
  230  1142  5470  3195  7825 .+.-
  231  1924  4202   653  9092 .+.-
  232  2706  6259  1435  7036 .+.-
  233   164  4991  2217  8303 .+.-
  234   946  3724  2999  9571 .+.-
  235  1728  2510   457  1239 ....
  236  3292  5781  2021  7514 .+.-
  237   750  4513  2803  8782 .+.-
  238  1532  6570   261  6725 .+.-
  239  2314  5302  1043  7992 .+.-
  240  3096  4035  1825  9260 .+.-
  241   554  6091  2607  7203 .+.-
  242  1336  2118    65   847 ....
  243  2900  4824  1629  8471 .+.-
  244   358  3556  2411  9738 .+.-
  245  1140  5613  3193  7682 .+.-
  246  1922  4346   651  8949 .+.-
  247  2704  6402  1433  6893 .+.-
  248   162   944  2215  2997 ....
  249  1726  5135   455  8160 .+.-
  250  2508  3867  1237  9427 .+.-
  251  3290  5924  2019  7371 .+.-
  252   748  4656  2801  8638 .+.-
  253  1530  3389   259  9906 .+.-
  254  2312  5445  1041  7849 .+.-
  255  3094   552  1823  2605 ....
  256  1334  4178    63  9117 .+.-
  257  2116  6235   845  7060 .+.-
  258  2898  4967  1627  8328 .+.-
  259   356  3700  2409  9595 .+.-
  260  1138  5756  3191  7538 .+.-
  261  1920  4489   649  8806 .+.-
  262  2702   160  1431  2213 ....
  263   942  6545  2995  6749 .+.-
  264  1724  5278   453  8017 .+.-
  265  2506  4010  1235  9284 .+.-
  266  3288  6067  2017  7228 .+.-
  267   746  4800  2799  8495 .+.-
  268  1528  2310   257  1039 ....
  269  3092  3532  1821  9763 .+.-
  270   550  5589  2603  7706 .+.-
  271  1332  4321    61  8973 .+.-
  272  2114  6378   843  6917 .+.-
  273  2896  5110  1625  8184 .+.-
  274   354  3843  2407  9452 .+.-
  275  1136  1918  3189   647 ....
  276  2700  5899  1429  7395 .+.-
  277   158  4632  2211  8663 .+.-
  278   940  3365  2993  9930 .+.-
  279  1722  5421   451  7874 .+.-
  280  2504  4154  1233  9141 .+.-
  281  3286  6210  2015  7084 .+.-
  282   744  1526  2797   255 ....
  283  2308  4943  1037  8352 .+.-
  284  3090  3675  1819  9619 .+.-
  285   548  5732  2601  7563 .+.-
  286  1330  4464    59  8830 .+.-
  287  2112  6521   841  6774 .+.-
  288  2894   352  1623  2405 ....
  289  1134  5254  3187  8041 .+.-
  290  1916  3986   645  9309 .+.-
  291  2698  6043  1427  7252 .+.-
  292   156  4775  2209  8519 .+.-
  293   938  3508  2991  9787 .+.-
  294  1720  5564   449  7730 .+.-
  295  2502  3284  1231  2013 ....
  296   742  4297  2795  8998 .+.-
  297  1524  6353   253  6941 .+.-
  298  2306  5086  1035  8209 .+.-
  299  3088  3819  1817  9476 .+.-
  300   546  5875  2599  7420 .+.-
  301  1328  4608    57  8687 .+.-
  302  2110  2892   839  1621 ....
  303   350  3340  2403  9954 .+.-
  304  1132  5397  3185  7898 .+.-
  305  1914  4129   643  9165 .+.-
  306  2696  6186  1425  7109 .+.-
  307   154  4918  2207  8376 .+.-
  308   936  1718  2989   447 ....
  309  2500  3651  1229  9644 .+.-
  310  3282  5708  2011  7587 .+.-
  311   740  4440  2793  8855 .+.-
  312  1522  6497   251  6798 .+.-
  313  2304  5229  1033  8065 .+.-
  314  3086  3962  1815  9333 .+.-
  315   544  1326  2597    55 ....
  316  2108  6018   837  7276 .+.-
  317  2890  4751  1619  8544 .+.-
  318   348  3483  2401  9811 .+.-
  319  1130  5540  3183  7755 .+.-
  320  1912  4273   641  9022 .+.-
  321  2694  6329  1423  6966 .+.-
  322   152   934  2205  2987 ....
  323  1716  5062   445  8233 .+.-
  324  2498  3794  1227  9500 .+.-
  325  3280  5851  2009  7444 .+.-
  326   738  4583  2791  8711 .+.-
  327  1520  6640   249  6655 .+.-
  328  2302  5372  1031  7922 .+.-
  329  3084   542  1813  2595 ....
  330  1324  4105    53  9190 .+.-
  331  2106  6162   835  7133 .+.-
  332  2888  4894  1617  8401 .+.-
  333   346  3627  2399  9668 .+.-
  334  1128  5683  3181  7611 .+.-
  335  1910  2692   639  1421 ....
  336   150  4416  2203  8879 .+.-
  337   932  6472  2985  6822 .+.-
  338  1714  5205   443  8090 .+.-
  339  2496  3937  1225  9357 .+.-
  340  3278  5994  2007  7301 .+.-
  341   736  4727  2789  8568 .+.-
  342  1518  2300   247  1029 ....
  343  3082  3459  1811  9836 .+.-
  344   540  5516  2593  7779 .+.-
  345  1322  4248    51  9046 .+.-
  346  2104  6305   833  6990 .+.-
  347  2886  5037  1615  8257 .+.-
  348   344  3770  2397  9525 .+.-
  349  1126  1908  3179   637 ....
  350  2690  5826  1419  7468 .+.-
  351   148  4559  2201  8736 .+.-
  352   930  6616  2983  6679 .+.-
  353  1712  5348   441  7947 .+.-
  354  2494  4081  1223  9214 .+.-
  355  3276   734  2005  2787 ....
  356  1516  6137   245  7157 .+.-
  357  2298  4870  1027  8425 .+.-
  358  3080  3602  1809  9692 .+.-
  359   538  5659  2591  7636 .+.-
  360  1320  4391    49  8903 .+.-
  361  2102  6448   831  6847 .+.-
  362  2884   342  1613  2395 ....
  363  1124  5181  3177  8114 .+.-
  364  1906  3913   635  9382 .+.-
  365  2688  5970  1417  7325 .+.-
  366   146  4702  2199  8592 .+.-
  367   928  3435  2981  9860 .+.-
  368  1710  5491   439  7803 .+.-
  369  2492  3274  1221  2003 ....
  370   732  4224  2785  9071 .+.-
  371  1514  6280   243  7014 .+.-
  372  2296  5013  1025  8282 .+.-
  373  3078  3746  1807  9549 .+.-
  374   536  5802  2589  7493 .+.-
  375  1318  2100    47   829 ....
  376  2882  4535  1611  8760 .+.-
  377   340  6591  2393  6703 .+.-
  378  1122  5324  3175  7971 .+.-
  379  1904  4056   633  9238 .+.-
  380  2686  6113  1415  7182 .+.-
  381   144  4845  2197  8449 .+.-
  382   926  1708  2979   437 ....
  383  2490  3578  1219  9717 .+.-
  384  3272  5635  2001  7660 .+.-
  385   730  4367  2783  8928 .+.-
  386  1512  6424   241  6871 .+.-
  387  2294  5156  1023  8138 .+.-
  388  3076  3889  1805  9406 .+.-
  389   534  1316  2587    45 ....
  390  2098  5945   827  7349 .+.-
  391  2880  4678  1609  8617 .+.-
  392   338  3410  2391  9884 .+.-
  393  1120  5467  3173  7828 .+.-
  394  1902  4200   631  9095 .+.-
  395  2684   142  1413  2195 ....
  396   924  6256  2977  7039 .+.-
  397  1706  4989   435  8306 .+.-
  398  2488  3721  1217  9573 .+.-
  399  3270  5778  1999  7517 .+.-
  400   728  4510  2781  8784 .+.-
  401  1510  6567   239  6728 .+.-
  402  2292  3074  1021  1803 ....
  403   532  5299  2585  7995 .+.-
  404  1314  4032    43  9263 .+.-
  405  2096  6089   825  7206 .+.-
  406  2878  4821  1607  8473 .+.-
  407   336  3554  2389  9741 .+.-
  408  1118  5610  3171  7684 .+.-
  409  1900  2682   629  1411 ....
  410   140  4343  2193  8952 .+.-
  411   922  6399  2975  6895 .+.-
  412  1704  5132   433  8163 .+.-
  413  2486  3864  1215  9430 .+.-
  414  3268  5921  1997  7374 .+.-
  415   726  4654  2779  8641 .+.-
  416  1508  2290   237  1019 ....
  417  3072  3386  1801  9908 .+.-
  418   530  5443  2583  7852 .+.-
  419  1312  4175    41  9119 .+.-
  420  2094  6232   823  7063 .+.-
  421  2876  4964  1605  8330 .+.-
  422   334  1116  2387  3169 ....
  423  1898  3697   627  9598 .+.-
  424  2680  5753  1409  7541 .+.-
  425   138  4486  2191  8809 .+.-
  426   920  6543  2973  6752 .+.-
  427  1702  5275   431  8019 .+.-
  428  2484  4008  1213  9287 .+.-
  429  3266   724  1995  2777 ....
  430  1506  6064   235  7230 .+.-
  431  2288  4797  1017  8498 .+.-
  432  3070  3529  1799  9765 .+.-
  433   528  5586  2581  7709 .+.-
  434  1310  4318    39  8976 .+.-
  435  2092  6375   821  6920 .+.-
  436  2874   332  1603  2385 ....
  437  1114  5108  3167  8187 .+.-
  438  1896  3840   625  9454 .+.-
  439  2678  5897  1407  7398 .+.-
  440   136  4629  2189  8665 .+.-
  441   918  3362  2971  9933 .+.-
  442  1700  2482   429  1211 ....
  443  3264  5418  1993  7876 .+.-
  444   722  4151  2775  9144 .+.-
  445  1504  6208   233  7087 .+.-
  446  2286  4940  1015  8355 .+.-
  447  3068  3673  1797  9622 .+.-
  448   526  5729  2579  7565 .+.-
  449  1308  2090    37   819 ....
  450  2872  4462  1601  8833 .+.-
  451   330  6518  2383  6776 .+.-
  452  1112  5251  3165  8044 .+.-
  453  1894  3983   623  9311 .+.-
  454  2676  6040  1405  7255 .+.-
  455   134  4773  2187  8522 .+.-
  456   916  1698  2969   427 ....
  457  2480  3505  1209  9790 .+.-
  458  3262  5562  1991  7733 .+.-
  459   720  4294  2773  9000 .+.-
  460  1502  6351   231  6944 .+.-
  461  2284  5083  1013  8211 .+.-
  462  3066   524  1795  2577 ....
  463  1306  3816    35  9479 .+.-
  464  2088  5872   817  7422 .+.-
  465  2870  4605  1599  8690 .+.-
  466   328  3338  2381  9957 .+.-
  467  1110  5394  3163  7901 .+.-
  468  1892  4127   621  9168 .+.-
  469  2674   132  1403  2185 ....
  470   914  6183  2967  7111 .+.-
  471  1696  4916   425  8379 .+.-
  472  2478  3648  1207  9646 .+.-
  473  3260  5705  1989  7590 .+.-
  474   718  4437  2771  8857 .+.-
  475  1500  6494   229  6801 .+.-
  476  2282  3064  1011  1793 ....
  477   522  5227  2575  8068 .+.-
  478  1304  3959    33  9336 .+.-
  479  2086  6016   815  7279 .+.-
  480  2868  4748  1597  8546 .+.-
  481   326  3481  2379  9814 .+.-
  482  1108  5537  3161  7757 .+.-
  483  1890  2672   619  1401 ....
  484   130  4270  2183  9025 .+.-
  485   912  6326  2965  6968 .+.-
  486  1694  5059   423  8236 .+.-
  487  2476  3792  1205  9503 .+.-
  488  3258  5848  1987  7447 .+.-
  489   716  1498  2769   227 ....
  490  2280  4581  1009  8714 .+.-
  491  3062  6637  1791  6657 .+.-
  492   520  5370  2573  7925 .+.-
  493  1302  4102    31  9192 .+.-
  494  2084  6159   813  7136 .+.-
  495  2866  4891  1595  8403 .+.-
  496   324  1106  2377  3159 ....
  497  1888  3624   617  9671 .+.-
  498  2670  5681  1399  7614 .+.-
  499   128  4413  2181  8882 .+.-
  500   910  6470  2963  6825 .+.-
  501  1692  5202   421  8092 .+.-
  502  2474  3935  1203  9360 .+.-
  503  3256   714  1985  2767 ....
  504  1496  5991   225  7303 .+.-
  505  2278  4724  1007  8571 .+.-
  506  3060  3456  1789  9838 .+.-
  507   518  5513  2571  7782 .+.-
  508  1300  4246    29  9049 .+.-
  509  2082  2864   811  1593 ....
  510   322  6302  2375  6993 .+.-
  511  1104  5035  3157  8260 .+.-
  512  1886  3767   615  9527 .+.-
  513  2668  5824  1397  7471 .+.-
  514   126  4556  2179  8738 .+.-
  515   908  6613  2961  6682 .+.-
  516  1690  2472   419  1201 ....
  517  3254  5345  1983  7949 .+.-
  518   712  4078  2765  9217 .+.-
  519  1494  6135   223  7160 .+.-
  520  2276  4867  1005  8428 .+.-
  521  3058  3600  1787  9695 .+.-
  522   516  5656  2569  7638 .+.-
  523  1298  2080    27   809 ....
  524  2862  4389  1591  8906 .+.-
  525   320  6445  2373  6849 .+.-
  526  1102  5178  3155  8117 .+.-
  527  1884  3910   613  9384 .+.-
  528  2666  5967  1395  7328 .+.-
  529   124   906  2177  2959 ....
  530  1688  4700   417  8595 .+.-
  531  2470  3432  1199  9863 .+.-
  532  3252  5489  1981  7806 .+.-
  533   710  4221  2763  9073 .+.-
  534  1492  6278   221  7017 .+.-
  535  2274  5010  1003  8284 .+.-
  536  3056   514  1785  2567 ....
  537  1296  3743    25  9552 .+.-
  538  2078  5799   807  7495 .+.-
  539  2860  4532  1589  8763 .+.-
  540   318  6589  2371  6706 .+.-
  541  1100  5321  3153  7974 .+.-
  542  1882  4054   611  9241 .+.-
  543  2664   122  1393  2175 ....
  544   904  6110  2957  7184 .+.-
  545  1686  4843   415  8452 .+.-
  546  2468  3575  1197  9719 .+.-
  547  3250  5632  1979  7663 .+.-
  548   708  4364  2761  8930 .+.-
  549  1490  2272   219  1001 ....
  550  3054  6421  1783  6874 .+.-
  551   512  5154  2565  8141 .+.-
  552  1294  3886    23  9409 .+.-
  553  2076  5943   805  7352 .+.-
  554  2858  4675  1587  8619 .+.-
  555   316  3408  2369  9887 .+.-
  556  1098  1880  3151   609 ....
  557  2662  5464  1391  7830 .+.-
  558   120  4197  2173  9098 .+.-
  559   902  6253  2955  7041 .+.-
  560  1684  4986   413  8309 .+.-
  561  2466  3719  1195  9576 .+.-
  562  3248  5775  1977  7520 .+.-
  563   706  1488  2759   217 ....
  564  2270  4508   999  8787 .+.-
  565  3052  6564  1781  6730 .+.-
  566   510  5297  2563  7998 .+.-
  567  1292  4029    21  9265 .+.-
  568  2074  6086   803  7209 .+.-
  569  2856  4818  1585  8476 .+.-
  570   314  1096  2367  3149 ....
  571  1878  3551   607  9744 .+.-
  572  2660  5608  1389  7687 .+.-
  573   118  4340  2171  8955 .+.-
  574   900  6397  2953  6898 .+.-
  575  1682  5129   411  8165 .+.-
  576  2464  3246  1193  1975 ....
  577   704  3862  2757  9433 .+.-
  578  1486  5918   215  7376 .+.-
  579  2268  4651   997  8644 .+.-
  580  3050  3383  1779  9911 .+.-
  581   508  5440  2561  7855 .+.-
  582  1290  4173    19  9122 .+.-
  583  2072  2854   801  1583 ....
  584   312  6229  2365  7066 .+.-
  585  1094  4962  3147  8333 .+.-
  586  1876  3694   605  9600 .+.-
  587  2658  5751  1387  7544 .+.-
  588   116  4483  2169  8811 .+.-
  589   898  6540  2951  6755 .+.-
  590  1680  2462   409  1191 ....
  591  3244  5272  1973  8022 .+.-
  592   702  4005  2755  9290 .+.-
  593  1484  6062   213  7233 .+.-
  594  2266  4794   995  8501 .+.-
  595  3048  3527  1777  9768 .+.-
  596   506  1288  2559    17 ....
  597  2070  5583   799  7711 .+.-
  598  2852  4316  1581  8979 .+.-
  599   310  6372  2363  6922 .+.-
  600  1092  5105  3145  8190 .+.-
  601  1874  3837   603  9457 .+.-
  602  2656  5894  1385  7401 .+.-
  603   114   896  2167  2949 ....
  604  1678  4627   407  8668 .+.-
  605  2460  3359  1189  9936 .+.-
  606  3242  5416  1971  7879 .+.-
  607   700  4148  2753  9146 .+.-
  608  1482  6205   211  7090 .+.-
  609  2264  4937   993  8357 .+.-
  610  3046   504  1775  2557 ....
  611  1286  3670    15  9625 .+.-
  612  2068  5726   797  7568 .+.-
  613  2850  4459  1579  8836 .+.-
  614   308  6516  2361  6779 .+.-
  615  1090  5248  3143  8047 .+.-
  616  1872  2654   601  1383 ....
  617   112  3981  2165  9314 .+.-
  618   894  6037  2947  7257 .+.-
  619  1676  4770   405  8525 .+.-
  620  2458  3502  1187  9792 .+.-
  621  3240  5559  1969  7736 .+.-
  622   698  4291  2751  9003 .+.-
  623  1480  2262   209   991 ....
  624  3044  6348  1773  6947 .+.-
  625   502  5081  2555  8214 .+.-
  626  1284  3813    13  9482 .+.-
  627  2066  5870   795  7425 .+.-
  628  2848  4602  1577  8692 .+.-
  629   306  3335  2359  9960 .+.-
  630  1088  1870  3141   599 ....
  631  2652  5391  1381  7903 .+.-
  632   110  4124  2163  9171 .+.-
  633   892  6180  2945  7114 .+.-
  634  1674  4913   403  8382 .+.-
  635  2456  3646  1185  9649 .+.-
  636  3238   696  1967  2749 ....
  637  1478  5702   207  7593 .+.-
  638  2260  4435   989  8860 .+.-
  639  3042  6491  1771  6803 .+.-
  640   500  5224  2553  8071 .+.-
  641  1282  3956    11  9338 .+.-
  642  2064  6013   793  7282 .+.-
  643  2846   304  1575  2357 ....
  644  1086  4745  3139  8549 .+.-
  645  1868  3478   597  9817 .+.-
  646  2650  5535  1379  7760 .+.-
  647   108  4267  2161  9027 .+.-
  648   890  6324  2943  6971 .+.-
  649  1672  5056   401  8238 .+.-
  650  2454  3236  1183  1965 ....
  651   694  3789  2747  9506 .+.-
  652  1476  5845   205  7449 .+.-
  653  2258  4578   987  8717 .+.-
  654  3040  6634  1769  6660 .+.-
  655   498  5367  2551  7928 .+.-
  656  1280  4100     9  9195 .+.-
  657  2062  2844   791  1573 ....
  658   302  6156  2355  7138 .+.-
  659  1084  4889  3137  8406 .+.-
  660  1866  3621   595  9673 .+.-
  661  2648  5678  1377  7617 .+.-
  662   106  4410  2159  8884 .+.-
  663   888  1670  2941   399 ....
  664  2452  6467  1181  6828 .+.-
  665  3234  5199  1963  8095 .+.-
  666   692  3932  2745  9363 .+.-
  667  1474  5989   203  7306 .+.-
  668  2256  4721   985  8573 .+.-
  669  3038  3454  1767  9841 .+.-
  670   496  1278  2549     7 ....
  671  2060  5510   789  7784 .+.-
  672  2842  4243  1571  9052 .+.-
  673   300  6299  2353  6995 .+.-
  674  1082  5032  3135  8263 .+.-
  675  1864  3764   593  9530 .+.-
  676  2646  5821  1375  7474 .+.-
  677   104   886  2157  2939 ....
  678  1668  4554   397  8741 .+.-
  679  2450  6610  1179  6684 .+.-
  680  3232  5343  1961  7952 .+.-
  681   690  4075  2743  9219 .+.-
  682  1472  6132   201  7163 .+.-
  683  2254  3036   983  1765 ....
  684   494  4864  2547  8430 .+.-
  685  1276  3597     5  9698 .+.-
  686  2058  5654   787  7641 .+.-
  687  2840  4386  1569  8909 .+.-
  688   298  6443  2351  6852 .+.-
  689  1080  5175  3133  8119 .+.-
  690  1862  2644   591  1373 ....
  691   102  3908  2155  9387 .+.-
  692   884  5964  2937  7330 .+.-
  693  1666  4697   395  8598 .+.-
  694  2448  3429  1177  9865 .+.-
  695  3230  5486  1959  7809 .+.-
  696   688  4219  2741  9076 .+.-
  697  1470  2252   199   981 ....
  698  3034  6275  1763  7020 .+.-
  699   492  5008  2545  8287 .+.-
  700  1274  3740     3  9554 .+.-
  701  2056  5797   785  7498 .+.-
  702  2838  4529  1567  8765 .+.-
  703   296  1078  2349  3131 ....
  704  1860  6586   589  6709 .+.-
  705  2642  5318  1371  7976 .+.-
  706   100  4051  2153  9244 .+.-
  707   882  6108  2935  7187 .+.-
  708  1664  4840   393  8455 .+.-
  709  2446  3573  1175  9722 .+.-
  710  3228   686  1957  2739 ....
  711  1468  5629   197  7665 .+.-
  712  2250  4362   979  8933 .+.-
  713  3032  6418  1761  6876 .+.-
  714   490  5151  2543  8144 .+.-
  715  1272  3883     1  9411 .+.-
  716  2054  5940   783  7355 .+.-
  717  2836   294  1565  2347 ....
  718  1076  4673  3129  8622 .+.-
  719  1858  3405   587  9890 .+.-
  720  2640  5462  1369  7833 .+.-
  721    98  4194  2151  9100 .+.-
  722   880  6251  2933  7044 .+.-
  723  1662  4983   391  8311 .+.-
  724  2444  3226  1173  1955 ....
  725   684  3716  2737  9579 .+.-
  726  1466  5772   195  7522 .+.-
  727  2248  4505   977  8790 .+.-
  728  3030  6562  1759  6733 .+.-
  729   488  5294  2541  8001 .+.-
  730  1270  2052  3323   781 ....
  731  2834  4027  1563  9268 .+.-
  732   292  6083  2345  7211 .+.-
  733  1074  4816  3127  8479 .+.-
  734  1856  3548   585  9746 .+.-
  735  2638  5605  1367  7690 .+.-
  736    96  4337  2149  8957 .+.-
  737   878  1660  2931   389 ....
  738  2442  6394  1171  6901 .+.-
  739  3224  5127  1953  8168 .+.-
  740   682  3859  2735  9436 .+.-
  741  1464  5916   193  7379 .+.-
  742  2246  4648   975  8646 .+.-
  743  3028  3381  1757  9914 .+.-
  744   486  1268  2539  3321 ....
  745  2050  5437   779  7857 .+.-
  746  2832  4170  1561  9125 .+.-
  747   290  6226  2343  7068 .+.-
  748  1072  4959  3125  8336 .+.-
  749  1854  3692   583  9603 .+.-
  750  2636    94  1365  2147 ....
  751   876  5748  2929  7547 .+.-
  752  1658  4481   387  8814 .+.-
  753  2440  6537  1169  6757 .+.-
  754  3222  5270  1951  8025 .+.-
  755   680  4002  2733  9292 .+.-
  756  1462  6059   191  7236 .+.-
  757  2244  3026   973  1755 ....
  758   484  4791  2537  8503 .+.-
  759  1266  3524  3319  9771 .+.-
  760  2048  5581   777  7714 .+.-
  761  2830  4313  1559  8982 .+.-
  762   288  6370  2341  6925 .+.-
  763  1070  5102  3123  8192 .+.-
  764  1852  2634   581  1363 ....
  765    92  3835  2145  9460 .+.-
  766   874  5891  2927  7403 .+.-
  767  1656  4624   385  8671 .+.-
  768  2438  3356  1167  9938 .+.-
  769  3220  5413  1949  7882 .+.-
  770   678  1460  2731   189 ....
  771  2242  4146   971  9149 .+.-
  772  3024  6202  1753  7093 .+.-
  773   482  4935  2535  8360 .+.-
  774  1264  3667  3317  9627 .+.-
  775  2046  5724   775  7571 .+.-
  776  2828  4456  1557  8838 .+.-
  777   286  1068  2339  3121 ....
  778  1850  6513   579  6782 .+.-
  779  2632  5245  1361  8049 .+.-
  780    90  3978  2143  9317 .+.-
  781   872  6035  2925  7260 .+.-
  782  1654  4767   383  8528 .+.-
  783  2436  3500  1165  9795 .+.-
  784  3218   676  1947  2729 ....
  785  1458  5556   187  7738 .+.-
  786  2240  4289   969  9006 .+.-
  787  3022  6345  1751  6949 .+.-
  788   480  5078  2533  8217 .+.-
  789  1262  3810  3315  9484 .+.-
  790  2044  2826   773  1555 ....
  791   284  5867  2337  7428 .+.-
  792  1066  4600  3119  8695 .+.-
  793  1848  3332   577  9963 .+.-
  794  2630  5389  1359  7906 .+.-
  795    88  4121  2141  9173 .+.-
  796   870  6178  2923  7117 .+.-
  797  1652  2434   381  1163 ....
  798  3216  4910  1945  8384 .+.-
  799   674  3643  2727  9652 .+.-
  800  1456  5699   185  7595 .+.-
  801  2238  4432   967  8863 .+.-
  802  3020  6489  1749  6806 .+.-
  803   478  5221  2531  8074 .+.-
  804  1260  2042  3313   771 ....
  805  2824  3954  1553  9341 .+.-
  806   282  6010  2335  7284 .+.-
  807  1064  4743  3117  8552 .+.-
  808  1846  3475   575  9819 .+.-
  809  2628  5532  1357  7763 .+.-
  810    86  4264  2139  9030 .+.-
  811   868  1650  2921   379 ....
  812  2432  6321  1161  6974 .+.-
  813  3214  5054  1943  8241 .+.-
  814   672  3786  2725  9509 .+.-
  815  1454  5843   183  7452 .+.-
  816  2236  4575   965  8719 .+.-
  817  3018   476  1747  2529 ....
  818  1258  6632  3311  6663 .+.-
  819  2040  5364   769  7930 .+.-
  820  2822  4097  1551  9198 .+.-
  821   280  6153  2333  7141 .+.-
  822  1062  4886  3115  8409 .+.-
  823  1844  3619   573  9676 .+.-
  824  2626    84  1355  2137 ....
  825   866  5675  2919  7620 .+.-
  826  1648  4408   377  8887 .+.-
  827  2430  6464  1159  6830 .+.-
  828  3212  5197  1941  8098 .+.-
  829   670  3929  2723  9365 .+.-
  830  1452  5986   181  7309 .+.-
  831  2234  3016   963  1745 ....
  832   474  4718  2527  8576 .+.-
  833  1256  3451  3309  9844 .+.-
  834  2038  5508   767  7787 .+.-
  835  2820  4240  1549  9055 .+.-
  836   278  6297  2331  6998 .+.-
  837  1060  1842  3113   571 ....
  838  2624  5029  1353  8265 .+.-
  839    82  3762  2135  9533 .+.-
  840   864  5818  2917  7476 .+.-
  841  1646  4551   375  8744 .+.-
  842  2428  6607  1157  6687 .+.-
  843  3210  5340  1939  7955 .+.-
  844   668  1450  2721   179 ....
  845  2232  4073   961  9222 .+.-
  846  3014  6129  1743  7166 .+.-
  847   472  4862  2525  8433 .+.-
  848  1254  3594  3307  9700 .+.-
  849  2036  5651   765  7644 .+.-
  850  2818  4383  1547  8911 .+.-
  851   276  1058  2329  3111 ....
  852  1840  6440   569  6855 .+.-
  853  2622  5172  1351  8122 .+.-
  854    80  3905  2133  9390 .+.-
  855   862  5962  2915  7333 .+.-
  856  1644  4694   373  8601 .+.-
  857  2426  3208  1155  1937 ....
  858   666  3427  2719  9868 .+.-
  859  1448  5483   177  7811 .+.-
  860  2230  4216   959  9079 .+.-
  861  3012  6272  1741  7022 .+.-
  862   470  5005  2523  8290 .+.-
  863  1252  3737  3305  9557 .+.-
  864  2034  2816   763  1545 ....
  865   274  5794  2327  7501 .+.-
  866  1056  4527  3109  8768 .+.-
  867  1838  6583   567  6712 .+.-
  868  2620  5316  1349  7979 .+.-
  869    78  4048  2131  9246 .+.-
  870   860  6105  2913  7190 .+.-
  871  1642  2424   371  1153 ....
  872  3206  4837  1935  8457 .+.-
  873   664  3570  2717  9725 .+.-
  874  1446  5626   175  7668 .+.-
  875  2228  4359   957  8936 .+.-
  876  3010  6416  1739  6879 .+.-
  877   468  1250  2521  3303 ....
  878  2032  5148   761  8147 .+.-
  879  2814  3881  1543  9414 .+.-
  880   272  5937  2325  7357 .+.-
  881  1054  4670  3107  8625 .+.-
  882  1836  3402   565  9892 .+.-
  883  2618  5459  1347  7836 .+.-
  884    76   858  2129  2911 ....
  885  1640  4191   369  9103 .+.-
  886  2422  6248  1151  7047 .+.-
  887  3204  4981  1933  8314 .+.-
  888   662  3713  2715  9581 .+.-
  889  1444  5770   173  7525 .+.-
  890  2226  4502   955  8792 .+.-
  891  3008   466  1737  2519 ....
  892  1248  6559  3301  6736 .+.-
  893  2030  5291   759  8003 .+.-
  894  2812  4024  1541  9271 .+.-
  895   270  6080  2323  7214 .+.-
  896  1052  4813  3105  8482 .+.-
  897  1834  3546   563  9749 .+.-
  898  2616    74  1345  2127 ....
  899   856  5602  2909  7692 .+.-
  900  1638  4335   367  8960 .+.-
  901  2420  6391  1149  6903 .+.-
  902  3202  5124  1931  8171 .+.-
  903   660  3856  2713  9438 .+.-
  904  1442  2224   171   953 ....
  905  3006  5913  1735  7382 .+.-
  906   464  4645  2517  8649 .+.-
  907  1246  3378  3299  9917 .+.-
  908  2028  5435   757  7860 .+.-
  909  2810  4167  1539  9127 .+.-
  910   268  6224  2321  7071 .+.-
  911  1050  1832  3103   561 ....
  912  2614  4956  1343  8338 .+.-
  913    72  3689  2125  9606 .+.-
  914   854  5745  2907  7549 .+.-
  915  1636  4478   365  8817 .+.-
  916  2418  6534  1147  6760 .+.-
  917  3200  5267  1929  8028 .+.-
  918   658  1440  2711   169 ....
  919  2222  4000   951  9295 .+.-
  920  3004  6056  1733  7238 .+.-
  921   462  4789  2515  8506 .+.-
  922  1244  3521  3297  9773 .+.-
  923  2026  5578   755  7717 .+.-
  924  2808   266  1537  2319 ....
  925  1048  4310  3101  8984 .+.-
  926  1830  6367   559  6928 .+.-
  927  2612  5100  1341  8195 .+.-
  928    70  3832  2123  9463 .+.-
  929   852  5889  2905  7406 .+.-
  930  1634  4621   363  8673 .+.-
  931  2416  3198  1145  1927 ....
  932   656  3354  2709  9941 .+.-
  933  1438  5410   167  7884 .+.-
  934  2220  4143   949  9152 .+.-
  935  3002  6199  1731  7095 .+.-
  936   460  4932  2513  8363 .+.-
  937  1242  3665  3295  9630 .+.-
  938  2024  2806   753  1535 ....
  939   264  5721  2317  7574 .+.-
  940  1046  4454  3099  8841 .+.-
  941  1828  6510   557  6784 .+.-
  942  2610  5243  1339  8052 .+.-
  943    68  3975  2121  9319 .+.-
  944   850  1632  2903   361 ....
  945  2414  6032  1143  7263 .+.-
  946  3196  4764  1925  8530 .+.-
  947   654  3497  2707  9798 .+.-
  948  1436  5554   165  7741 .+.-
  949  2218  4286   947  9009 .+.-
  950  3000  6343  1729  6952 .+.-
  951   458  1240  2511  3293 ....
  952  2022  5075   751  8219 .+.-
  953  2804  3808  1533  9487 .+.-
  954   262  5864  2315  7430 .+.-
  955  1044  4597  3097  8698 .+.-
  956  1826  3329   555  9965 .+.-
  957  2608  5386  1337  7909 .+.-
  958    66   848  2119  2901 ....
  959  1630  4119   359  9176 .+.-
  960  2412  6175  1141  7120 .+.-
  961  3194  4908  1923  8387 .+.-
  962   652  3640  2705  9654 .+.-
  963  1434  5697   163  7598 .+.-
  964  2216  4429   945  8865 .+.-
  965  2998   456  1727  2509 ....
  966  1238  6486  3291  6809 .+.-
  967  2020  5218   749  8076 .+.-
  968  2802  3951  1531  9344 .+.-
  969   260  6008  2313  7287 .+.-
  970  1042  4740  3095  8555 .+.-
  971  1824  2606   553  1335 ....
  972    64  3473  2117  9822 .+.-
  973   846  5529  2899  7765 .+.-
  974  1628  4262   357  9033 .+.-
  975  2410  6318  1139  6976 .+.-
  976  3192  5051  1921  8244 .+.-
  977   650  3783  2703  9511 .+.-
  978  1432  2214   161   943 ....
  979  2996  5840  1725  7455 .+.-
  980   454  4573  2507  8722 .+.-
  981  1236  6629  3289  6666 .+.-
  982  2018  5362   747  7933 .+.-
  983  2800  4094  1529  9200 .+.-
  984   258  6151  2311  7144 .+.-
  985  1040  1822  3093   551 ....
  986  2604  4883  1333  8411 .+.-
  987    62  3616  2115  9679 .+.-
  988   844  5672  2897  7622 .+.-
  989  1626  4405   355  8890 .+.-
  990  2408  6462  1137  6833 .+.-
  991  3190   648  1919  2701 ....
  992  1430  5194   159  8101 .+.-
  993  2212  3927   941  9368 .+.-
  994  2994  5983  1723  7311 .+.-
  995   452  4716  2505  8579 .+.-
  996  1234  3448  3287  9846 .+.-
  997  2016  5505   745  7790 .+.-
  998  2798   256  1527  2309 ....
  999  1038  4237  3091  9057 .+.-
 1000  1820  6294   549  7001 .+.-
 1001  2602  5027  1331  8268 .+.-
 1002    60  3759  2113  9536 .+.-
 1003   842  5816  2895  7479 .+.-
 1004  1624  4548   353  8746 .+.-
 1005  2406  3188  1135  1917 ....
 1006   646  6605  2699  6690 .+.-
 1007  1428  5337   157  7957 .+.-
 1008  2210  4070   939  9225 .+.-
 1009  2992  6126  1721  7168 .+.-
 1010   450  4859  2503  8436 .+.-
 1011  1232  2014  3285   743 ....
 1012  2796  3592  1525  9703 .+.-
 1013   254  5648  2307  7647 .+.-
 1014  1036  4381  3089  8914 .+.-
 1015  1818  6437   547  6857 .+.-
 1016  2600  5170  1329  8125 .+.-
 1017    58  3902  2111  9392 .+.-
 1018   840  1622  2893   351 ....
 1019  2404  5959  1133  7336 .+.-
 1020  3186  4691  1915  8603 .+.-
 1021   644  3424  2697  9871 .+.-
 1022  1426  5481   155  7814 .+.-
 1023  2208  4213   937  9082 .+.-
 1024  2990  6270  1719  7025 .+.-
 1025   448  1230  2501  3283 ....
 1026  2012  5002   741  8292 .+.-
 1027  2794  3735  1523  9560 .+.-
 1028   252  5791  2305  7503 .+.-
 1029  1034  4524  3087  8771 .+.-
 1030  1816  6580   545  6714 .+.-
 1031  2598    56  1327  2109 ....
 1032   838  5313  2891  7982 .+.-
 1033  1620  4046   349  9249 .+.-
 1034  2402  6102  1131  7193 .+.-
 1035  3184  4835  1913  8460 .+.-
 1036   642  3567  2695  9727 .+.-
 1037  1424  5624   153  7671 .+.-
 1038  2206  2988   935  1717 ....
 1039   446  4356  2499  8938 .+.-
 1040  1228  6413  3281  6882 .+.-
 1041  2010  5145   739  8149 .+.-
 1042  2792  3878  1521  9417 .+.-
 1043   250  5935  2303  7360 .+.-
 1044  1032  4667  3085  8628 .+.-
 1045  1814  2596   543  1325 ....
 1046    54  3400  2107  9895 .+.-
 1047   836  5456  2889  7838 .+.-
 1048  1618  4189   347  9106 .+.-
 1049  2400  6245  1129  7049 .+.-
 1050  3182  4978  1911  8317 .+.-
 1051   640  3710  2693  9584 .+.-
 1052  1422  2204   151   933 ....
 1053  2986  5767  1715  7528 .+.-
 1054   444  4500  2497  8795 .+.-
 1055  1226  6556  3279  6739 .+.-
 1056  2008  5289   737  8006 .+.-
 1057  2790  4021  1519  9273 .+.-
 1058   248  1030  2301  3083 ....
 1059  1812  6078   541  7217 .+.-
 1060  2594  4810  1323  8484 .+.-
 1061    52  3543  2105  9752 .+.-
 1062   834  5599  2887  7695 .+.-
 1063  1616  4332   345  8963 .+.-
 1064  2398  6389  1127  6906 .+.-
 1065  3180   638  1909  2691 ....
 1066  1420  5121   149  8174 .+.-
 1067  2202  3854   931  9441 .+.-
 1068  2984  5910  1713  7384 .+.-
 1069   442  4643  2495  8652 .+.-
 1070  1224  3375  3277  9919 .+.-
 1071  2006  5432   735  7863 .+.-
 1072  2788   246  1517  2299 ....
 1073  1028  4164  3081  9130 .+.-
 1074  1810  6221   539  7074 .+.-
 1075  2592  4954  1321  8341 .+.-
 1076    50  3686  2103  9609 .+.-
 1077   832  5743  2885  7552 .+.-
 1078  1614  2396   343  1125 ....
 1079  3178  4475  1907  8819 .+.-
 1080   636  6532  2689  6763 .+.-
 1081  1418  5264   147  8030 .+.-
 1082  2200  3997   929  9298 .+.-
 1083  2982  6053  1711  7241 .+.-
 1084   440  4786  2493  8509 .+.-
 1085  1222  2004  3275   733 ....
 1086  2786  3519  1515  9776 .+.-
 1087   244  5575  2297  7720 .+.-
 1088  1026  4308  3079  8987 .+.-
 1089  1808  6364   537  6930 .+.-
 1090  2590  5097  1319  8198 .+.-
 1091    48  3829  2101  9465 .+.-
 1092   830  1612  2883   341 ....
 1093  2394  5886  1123  7409 .+.-
 1094  3176  4618  1905  8676 .+.-
 1095   634  3351  2687  9944 .+.-
 1096  1416  5408   145  7887 .+.-
 1097  2198  4140   927  9155 .+.-
 1098  2980   438  1709  2491 ....
 1099  1220  6197  3273  7098 .+.-
 1100  2002  4929   731  8365 .+.-
 1101  2784  3662  1513  9633 .+.-
 1102   242  5718  2295  7576 .+.-
 1103  1024  4451  3077  8844 .+.-
 1104  1806  6507   535  6787 .+.-
 1105  2588    46  1317  2099 ....
 1106   828  5240  2881  8055 .+.-
 1107  1610  3973   339  9322 .+.-
 1108  2392  6029  1121  7266 .+.-
 1109  3174  4762  1903  8533 .+.-
 1110   632  3494  2685  9800 .+.-
 1111  1414  5551   143  7744 .+.-
 1112  2196  2978   925  1707 ....
 1113   436  4283  2489  9011 .+.-
 1114  1218  6340  3271  6955 .+.-
 1115  2000  5072   729  8222 .+.-
 1116  2782  3805  1511  9490 .+.-
 1117   240  5862  2293  7433 .+.-
 1118  1022  1804  3075   533 ....
 1119  2586  4594  1315  8701 .+.-
 1120    44  3327  2097  9968 .+.-
 1121   826  5383  2879  7911 .+.-
 1122  1608  4116   337  9179 .+.-
 1123  2390  6172  1119  7122 .+.-
 1124  3172  4905  1901  8390 .+.-
 1125   630  1412  2683   141 ....
 1126  2194  3637   923  9657 .+.-
 1127  2976  5694  1705  7601 .+.-
 1128   434  4427  2487  8868 .+.-
 1129  1216  6483  3269  6811 .+.-
 1130  1998  5216   727  8079 .+.-
 1131  2780  3948  1509  9346 .+.-
 1132   238  1020  2291  3073 ....
 1133  1802  6005   531  7290 .+.-
 1134  2584  4737  1313  8557 .+.-
 1135    42  3470  2095  9825 .+.-
 1136   824  5526  2877  7768 .+.-
 1137  1606  4259   335  9036 .+.-
 1138  2388  6316  1117  6979 .+.-
 1139  3170   628  1899  2681 ....
 1140  1410  5048   139  8246 .+.-
 1141  2192  3781   921  9514 .+.-
 1142  2974  5837  1703  7457 .+.-
 1143   432  4570  2485  8725 .+.-
 1144  1214  6626  3267  6668 .+.-
 1145  1996  2778   725  1507 ....
 1146   236  5359  2289  7936 .+.-
 1147  1018  4091  3071  9203 .+.-
 1148  1800  6148   529  7147 .+.-
 1149  2582  4881  1311  8414 .+.-
 1150    40  3613  2093  9681 .+.-
 1151   822  5670  2875  7625 .+.-
 1152  1604  2386   333  1115 ....
 1153  3168  4402  1897  8892 .+.-
 1154   626  6459  2679  6836 .+.-
 1155  1408  5191   137  8103 .+.-
 1156  2190  3924   919  9371 .+.-
 1157  2972  5980  1701  7314 .+.-
 1158   430  4713  2483  8582 .+.-
 1159  1212  1994  3265   723 ....
 1160  2776  3446  1505  9849 .+.-
 1161   234  5502  2287  7792 .+.-
 1162  1016  4235  3069  9060 .+.-
 1163  1798  6291   527  7003 .+.-
 1164  2580  5024  1309  8271 .+.-
 1165    38   820  2091  2873 ....
 1166  1602  3756   331  9538 .+.-
 1167  2384  5813  1113  7482 .+.-
 1168  3166  4546  1895  8749 .+.-
 1169   624  6602  2677  6693 .+.-
 1170  1406  5335   135  7960 .+.-
 1171  2188  4067   917  9227 .+.-
 1172  2970   428  1699  2481 ....
 1173  1210  6124  3263  7171 .+.-
 1174  1992  4856   721  8438 .+.-
 1175  2774  3589  1503  9706 .+.-
 1176   232  5645  2285  7649 .+.-
 1177  1014  4378  3067  8917 .+.-
 1178  1796  6435   525  6860 .+.-
 1179  2578    36  1307  2089 ....
 1180   818  5167  2871  8128 .+.-
 1181  1600  3900   329  9395 .+.-
 1182  2382  5956  1111  7338 .+.-
 1183  3164  4689  1893  8606 .+.-
 1184   622  3421  2675  9873 .+.-
 1185  1404  2186   133   915 ....
 1186  2968  5478  1697  7817 .+.-
 1187   426  4210  2479  9084 .+.-
 1188  1208  6267  3261  7028 .+.-
 1189  1990  5000   719  8295 .+.-
 1190  2772  3732  1501  9563 .+.-
 1191   230  5789  2283  7506 .+.-
 1192  1012  1794  3065   523 ....
 1193  2576  4521  1305  8773 .+.-
 1194    34  6578  2087  6717 .+.-
 1195   816  5310  2869  7984 .+.-
 1196  1598  4043   327  9252 .+.-
 1197  2380  6099  1109  7195 .+.-
 1198  3162  4832  1891  8463 .+.-
 1199   620  1402  2673   131 ....
 1200  2184  3565   913  9730 .+.-
 1201  2966  5621  1695  7674 .+.-
 1202   424  4354  2477  8941 .+.-
 1203  1206  6410  3259  6884 .+.-
 1204  1988  5143   717  8152 .+.-
 1205  2770  3875  1499  9419 .+.-
 1206   228  1010  2281  3063 ....
 1207  1792  5932   521  7363 .+.-
 1208  2574  4664  1303  8630 .+.-
 1209    32  3397  2085  9898 .+.-
 1210   814  5454  2867  7841 .+.-
 1211  1596  4186   325  9109 .+.-
 1212  2378  3160  1107  1889 ....
 1213   618  6243  2671  7052 .+.-
 1214  1400  4975   129  8319 .+.-
 1215  2182  3708   911  9587 .+.-
 1216  2964  5764  1693  7530 .+.-
 1217   422  4497  2475  8798 .+.-
 1218  1204  6553  3257  6741 .+.-
 1219  1986  2768   715  1497 ....
 1220   226  5286  2279  8009 .+.-
 1221  1008  4019  3061  9276 .+.-
 1222  1790  6075   519  7220 .+.-
 1223  2572  4808  1301  8487 .+.-
 1224    30  3540  2083  9754 .+.-
 1225   812  5597  2865  7698 .+.-
 1226  1594  2376   323  1105 ....
 1227  3158  4329  1887  8965 .+.-
 1228   616  6386  2669  6909 .+.-
 1229  1398  5118   127  8176 .+.-
 1230  2180  3851   909  9444 .+.-
 1231  2962  5908  1691  7387 .+.-
 1232   420  1202  2473  3255 ....
 1233  1984  4640   713  8655 .+.-
 1234  2766  3373  1495  9922 .+.-
 1235   224  5429  2277  7865 .+.-
 1236  1006  4162  3059  9133 .+.-
 1237  1788  6218   517  7076 .+.-
 1238  2570  4951  1299  8344 .+.-
 1239    28   810  2081  2863 ....
 1240  1592  3683   321  9611 .+.-
 1241  2374  5740  1103  7555 .+.-
 1242  3156  4473  1885  8822 .+.-
 1243   614  6529  2667  6766 .+.-
 1244  1396  5262   125  8033 .+.-
 1245  2178  3994   907  9300 .+.-
 1246  2960   418  1689  2471 ....
 1247  1200  6051  3253  7244 .+.-
 1248  1982  4783   711  8511 .+.-
 1249  2764  3516  1493  9779 .+.-
 1250   222  5572  2275  7722 .+.-
 1251  1004  4305  3057  8990 .+.-
 1252  1786  2568   515  1297 ....
 1253    26  6362  2079  6933 .+.-
 1254   808  5094  2861  8201 .+.-
 1255  1590  3827   319  9468 .+.-
 1256  2372  5883  1101  7411 .+.-
 1257  3154  4616  1883  8679 .+.-
 1258   612  3348  2665  9946 .+.-
 1259  1394  2176   123   905 ....
 1260  2958  5405  1687  7890 .+.-
 1261   416  4137  2469  9157 .+.-
 1262  1198  6194  3251  7101 .+.-
 1263  1980  4927   709  8368 .+.-
 1264  2762  3659  1491  9636 .+.-
 1265   220  5716  2273  7579 .+.-
 1266  1002  1784  3055   513 ....
 1267  2566  4448  1295  8846 .+.-
 1268    24  6505  2077  6790 .+.-
 1269   806  5237  2859  8057 .+.-
 1270  1588  3970   317  9325 .+.-
 1271  2370  6026  1099  7268 .+.-
 1272  3152   610  1881  2663 ....
 1273  1392  4759   121  8536 .+.-
 1274  2174  3492   903  9803 .+.-
 1275  2956  5548  1685  7747 .+.-
 1276   414  4281  2467  9014 .+.-
 1277  1196  6337  3249  6957 .+.-
 1278  1978  5070   707  8225 .+.-
 1279  2760   218  1489  2271 ....
 1280  1000  3802  3053  9492 .+.-
 1281  1782  5859   511  7436 .+.-
 1282  2564  4591  1293  8703 .+.-
 1283    22  3324  2075  9971 .+.-
 1284   804  5381  2857  7914 .+.-
 1285  1586  4113   315  9182 .+.-
 1286  2368  3150  1097  1879 ....
 1287   608  6170  2661  7125 .+.-
 1288  1390  4902   119  8392 .+.-
 1289  2172  3635   901  9660 .+.-
 1290  2954  5691  1683  7603 .+.-
 1291   412  4424  2465  8871 .+.-
 1292  1194  6480  3247  6814 .+.-
 1293  1976  2758   705  1487 ....
 1294   216  5213  2269  8082 .+.-
 1295   998  3946  3051  9349 .+.-
 1296  1780  6002   509  7293 .+.-
 1297  2562  4735  1291  8560 .+.-
 1298    20  3467  2073  9827 .+.-
 1299   802  1584  2855   313 ....
 1300  2366  5524  1095  7771 .+.-
 1301  3148  4256  1877  9038 .+.-
 1302   606  6313  2659  6982 .+.-
 1303  1388  5045   117  8249 .+.-
 1304  2170  3778   899  9517 .+.-
 1305  2952  5835  1681  7460 .+.-
 1306   410  1192  2463  3245 ....
 1307  1974  4567   703  8728 .+.-
 1308  2756  6624  1485  6671 .+.-
 1309   214  5356  2267  7938 .+.-
 1310   996  4089  3049  9206 .+.-
 1311  1778  6145   507  7149 .+.-
 1312  2560  4878  1289  8417 .+.-
 1313    18   800  2071  2853 ....
 1314  1582  3610   311  9684 .+.-
 1315  2364  5667  1093  7628 .+.-
 1316  3146  4400  1875  8895 .+.-
 1317   604  6456  2657  6839 .+.-
 1318  1386  5189   115  8106 .+.-
 1319  2168  2950   897  1679 ....
 1320   408  3921  2461  9373 .+.-
 1321  1190  5978  3243  7317 .+.-
 1322  1972  4710   701  8584 .+.-
 1323  2754  3443  1483  9852 .+.-
 1324   212  5499  2265  7795 .+.-
 1325   994  4232  3047  9063 .+.-
 1326  1776  2558   505  1287 ....
 1327    16  6289  2069  7006 .+.-
 1328   798  5021  2851  8274 .+.-
 1329  1580  3754   309  9541 .+.-
 1330  2362  5810  1091  7484 .+.-
 1331  3144  4543  1873  8752 .+.-
 1332   602  6599  2655  6695 .+.-
 1333  1384  2166   113   895 ....
 1334  2948  5332  1677  7963 .+.-
 1335   406  4064  2459  9230 .+.-
 1336  1188  6121  3241  7174 .+.-
 1337  1970  4854   699  8441 .+.-
 1338  2752  3586  1481  9709 .+.-
 1339   210   992  2263  3045 ....
 1340  1774  5643   503  7652 .+.-
 1341  2556  4375  1285  8919 .+.-
 1342    14  6432  2067  6863 .+.-
 1343   796  5164  2849  8130 .+.-
 1344  1578  3897   307  9398 .+.-
 1345  2360  5953  1089  7341 .+.-
 1346  3142   600  1871  2653 ....
 1347  1382  4686   111  8609 .+.-
 1348  2164  3419   893  9876 .+.-
 1349  2946  5475  1675  7820 .+.-
 1350   404  4208  2457  9087 .+.-
 1351  1186  6264  3239  7030 .+.-
 1352  1968  4997   697  8298 .+.-
 1353  2750   208  1479  2261 ....
 1354   990  3729  3043  9565 .+.-
 1355  1772  5786   501  7509 .+.-
 1356  2554  4518  1283  8776 .+.-
 1357    12  6575  2065  6720 .+.-
 1358   794  5308  2847  7987 .+.-
 1359  1576  2358   305  1087 ....
 1360  3140  4040  1869  9255 .+.-
 1361   598  6097  2651  7198 .+.-
 1362  1380  4829   109  8465 .+.-
 1363  2162  3562   891  9733 .+.-
 1364  2944  5618  1673  7676 .+.-
 1365   402  4351  2455  8944 .+.-
 1366  1184  1966  3237   695 ....
 1367  2748  6407  1477  6887 .+.-
 1368   206  5140  2259  8155 .+.-
 1369   988  3873  3041  9422 .+.-
 1370  1770  5929   499  7365 .+.-
 1371  2552  4662  1281  8633 .+.-
 1372    10  3394  2063  9900 .+.-
 1373   792  1574  2845   303 ....
 1374  2356  5451  1085  7844 .+.-
 1375  3138  4183  1867  9111 .+.-
 1376   596  6240  2649  7055 .+.-
 1377  1378  4972   107  8322 .+.-
 1378  2160  3705   889  9590 .+.-
 1379  2942  5762  1671  7533 .+.-
 1380   400  1182  2453  3235 ....
 1381  1964  4494   693  8800 .+.-
 1382  2746  6551  1475  6744 .+.-
 1383   204  5283  2257  8011 .+.-
 1384   986  4016  3039  9279 .+.-
 1385  1768  6072   497  7222 .+.-
 1386  2550     8  1279  2061 ....
 1387   790  4805  2843  8490 .+.-
 1388  1572  3537   301  9757 .+.-
 1389  2354  5594  1083  7701 .+.-
 1390  3136  4327  1865  8968 .+.-
 1391   594  6383  2647  6911 .+.-
 1392  1376  5116   105  8179 .+.-
 1393  2158  2940   887  1669 ....
 1394   398  3848  2451  9446 .+.-
 1395  1180  5905  3233  7390 .+.-
 1396  1962  4637   691  8657 .+.-
 1397  2744  3370  1473  9925 .+.-
 1398   202  5426  2255  7868 .+.-
 1399   984  4159  3037  9136 .+.-
 1400  1766  2548   495  1277 ....
 1401     6  6216  2059  7079 .+.-
 1402   788  4948  2841  8346 .+.-
 1403  1570  3681   299  9614 .+.-
 1404  2352  5737  1081  7557 .+.-
 1405  3134  4470  1863  8825 .+.-
 1406   592  1374  2645   103 ....
 1407  2156  6526   885  6768 .+.-
 1408  2938  5259  1667  8036 .+.-
 1409   396  3992  2449  9303 .+.-
 1410  1178  6048  3231  7247 .+.-
 1411  1960  4781   689  8514 .+.-
 1412  2742  3513  1471  9781 .+.-
 1413   200   982  2253  3035 ....
 1414  1764  5570   493  7725 .+.-
 1415  2546  4302  1275  8992 .+.-
 1416     4  6359  2057  6936 .+.-
 1417   786  5091  2839  8203 .+.-
 1418  1568  3824   297  9471 .+.-
 1419  2350  5881  1079  7414 .+.-
 1420  3132   590  1861  2643 ....
 1421  1372  4613   101  8682 .+.-
 1422  2154  3346   883  9949 .+.-
 1423  2936  5402  1665  7892 .+.-
 1424   394  4135  2447  9160 .+.-
 1425  1176  6191  3229  7103 .+.-
 1426  1958  2740   687  1469 ....
 1427   198  4924  2251  8371 .+.-
 1428   980  3656  3033  9638 .+.-
 1429  1762  5713   491  7582 .+.-
 1430  2544  4446  1273  8849 .+.-
 1431     2  6502  2055  6793 .+.-
 1432   784  5235  2837  8060 .+.-
 1433  1566  2348   295  1077 ....
 1434  3130  3967  1859  9327 .+.-
 1435   588  6024  2641  7271 .+.-
 1436  1370  4756    99  8538 .+.-
 1437  2152  3489   881  9806 .+.-
 1438  2934  5545  1663  7749 .+.-
 1439   392  4278  2445  9017 .+.-
 1440  1174  1956  3227   685 ....
 1441  2738  6335  1467  6960 .+.-
 1442   196  5067  2249  8228 .+.-
 1443   978  3800  3031  9495 .+.-
 1444  1760  5856   489  7438 .+.-
 1445  2542  4589  1271  8706 .+.-
Total data plus flush bits=3324, p-parity bits=1230, q-parity=1230, Errors=0, Repetition=0
