R20T2XRE
Channel Interleaving, Puncturing and Mapping to 16-QAM
User data=2560, with flush=2564, Channel Symbols=1252, Channel Bits=5008, Parity=2444, p=q=1222, Coding Rate=0.511182
D=2560, FECSy=1252, DF=2564, N=5008, P=2444, p=1222, distep=1585, dd=0, pistep=755, pp=1221, ppstep=2.098200, ppstart=2564.500000, qpstart=5129.549316, k=-30, mx=41.733334

Symbol   I1    I0    Q1    Q0  Pattern= . =data, + =p parity, - =q parity
-------------------------------------------------------------------------
    0     0   606  1585  2191 ....
    1  1212  5126   233  5129 .+.-
    2  1818  4146   839  6109 .+.-
    3  2424  3166  1445  7089 .+.-
    4   466  4750  2051  5505 .+.-
    5  1072  3770    93  6484 .+.-
    6  1678  2791   699  7464 .+.-
    7  2284  4375  1305  5880 .+.-
    8   326  3395  1911  6860 .+.-
    9   932  4979  2517  5276 .+.-
   10  1538  3999   559  6256 .+.-
   11  2144  3019  1165  7236 .+.-
   12   186  4603  1771  5652 .+.-
   13   792  3624  2377  6631 .+.-
   14  1398  2644   419  7611 .+.-
   15  2004  4228  1025  6027 .+.-
   16    46  3248  1631  7007 .+.-
   17   652  4832  2237  5423 .+.-
   18  1258  3852   279  6403 .+.-
   19  1864  2872   885  7383 .+.-
   20  2470  4457  1491  5798 .+.-
   21   512  3477  2097  6778 .+.-
   22  1118  5061   139  5194 .+.-
   23  1724  4081   745  6174 .+.-
   24  2330  3101  1351  7154 .+.-
   25   372  4685  1957  5570 .+.-
   26   978  3705  2563  6550 .+.-
   27  1584  2726   605  7529 .+.-
   28  2190  4310  1211  5945 .+.-
   29   232  3330  1817  6925 .+.-
   30   838  4914  2423  5341 .+.-
   31  1444  3934   465  6321 .+.-
   32  2050  2954  1071  7301 .+.-
   33    92  4538  1677  5717 .+.-
   34   698  3559  2283  6696 .+.-
   35  1304  2579   325  7676 .+.-
   36  1910  4163   931  6092 .+.-
   37  2516  3183  1537  7072 .+.-
   38   558  4767  2143  5488 .+.-
   39  1164  3787   185  6468 .+.-
   40  1770  2807   791  7448 .+.-
   41  2376  4392  1397  5863 .+.-
   42   418  1024  2003    45 ....
   43  1630  3412   651  6843 .+.-
   44  2236  4996  1257  5259 .+.-
   45   278  4016  1863  6239 .+.-
   46   884  3036  2469  7219 .+.-
   47  1490  4620   511  5635 .+.-
   48  2096  3640  1117  6615 .+.-
   49   138  2661  1723  7594 .+.-
   50   744  4245  2329  6010 .+.-
   51  1350  3265   371  6990 .+.-
   52  1956  4849   977  5406 .+.-
   53  2562  3869  1583  6386 .+.-
   54   604  2889  2189  7366 .+.-
   55  1210  4473   231  5782 .+.-
   56  1816  3494   837  6761 .+.-
   57  2422  5078  1443  5177 .+.-
   58   464  4098  2049  6157 .+.-
   59  1070  3118    91  7137 .+.-
   60  1676  4702   697  5553 .+.-
   61  2282  3722  1303  6533 .+.-
   62   324  2742  1909  7513 .+.-
   63   930  4326  2515  5928 .+.-
   64  1536  3347   557  6908 .+.-
   65  2142  4931  1163  5324 .+.-
   66   184  3951  1769  6304 .+.-
   67   790  2971  2375  7284 .+.-
   68  1396  4555   417  5700 .+.-
   69  2002  3575  1023  6680 .+.-
   70    44  2595  1629  7659 .+.-
   71   650  4180  2235  6075 .+.-
   72  1256  3200   277  7055 .+.-
   73  1862  4784   883  5471 .+.-
   74  2468  3804  1489  6451 .+.-
   75   510  2824  2095  7431 .+.-
   76  1116  4408   137  5847 .+.-
   77  1722  3428   743  6826 .+.-
   78  2328  5013  1349  5242 .+.-
   79   370  4033  1955  6222 .+.-
   80   976  3053  2561  7202 .+.-
   81  1582  4637   603  5618 .+.-
   82  2188  3657  1209  6598 .+.-
   83   230  2677  1815  7578 .+.-
   84   836  1442  2421   463 ....
   85  2048  4261  1069  5994 .+.-
   86    90  3282  1675  6973 .+.-
   87   696  4866  2281  5389 .+.-
   88  1302  3886   323  6369 .+.-
   89  1908  2906   929  7349 .+.-
   90  2514  4490  1535  5765 .+.-
   91   556  3510  2141  6745 .+.-
   92  1162  5094   183  5161 .+.-
   93  1768  4115   789  6140 .+.-
   94  2374  3135  1395  7120 .+.-
   95   416  4719  2001  5536 .+.-
   96  1022  3739    43  6516 .+.-
   97  1628  2759   649  7496 .+.-
   98  2234  4343  1255  5912 .+.-
   99   276  3363  1861  6892 .+.-
  100   882  4948  2467  5307 .+.-
  101  1488  3968   509  6287 .+.-
  102  2094  2988  1115  7267 .+.-
  103   136  4572  1721  5683 .+.-
  104   742  3592  2327  6663 .+.-
  105  1348  2612   369  7643 .+.-
  106  1954  4196   975  6059 .+.-
  107  2560  3217  1581  7038 .+.-
  108   602  4801  2187  5454 .+.-
  109  1208  3821   229  6434 .+.-
  110  1814  2841   835  7414 .+.-
  111  2420  4425  1441  5830 .+.-
  112   462  3445  2047  6810 .+.-
  113  1068  5029    89  5226 .+.-
  114  1674  4050   695  6205 .+.-
  115  2280  3070  1301  7185 .+.-
  116   322  4654  1907  5601 .+.-
  117   928  3674  2513  6581 .+.-
  118  1534  2694   555  7561 .+.-
  119  2140  4278  1161  5977 .+.-
  120   182  3298  1767  6957 .+.-
  121   788  4883  2373  5372 .+.-
  122  1394  3903   415  6352 .+.-
  123  2000  2923  1021  7332 .+.-
  124    42  4507  1627  5748 .+.-
  125   648  3527  2233  6728 .+.-
  126  1254  1860   275   881 ....
  127  2466  5111  1487  5144 .+.-
  128   508  4131  2093  6124 .+.-
  129  1114  3151   135  7103 .+.-
  130  1720  4736   741  5519 .+.-
  131  2326  3756  1347  6499 .+.-
  132   368  2776  1953  7479 .+.-
  133   974  4360  2559  5895 .+.-
  134  1580  3380   601  6875 .+.-
  135  2186  4964  1207  5291 .+.-
  136   228  3984  1813  6270 .+.-
  137   834  3005  2419  7250 .+.-
  138  1440  4589   461  5666 .+.-
  139  2046  3609  1067  6646 .+.-
  140    88  2629  1673  7626 .+.-
  141   694  4213  2279  6042 .+.-
  142  1300  3233   321  7022 .+.-
  143  1906  4817   927  5437 .+.-
  144  2512  3838  1533  6417 .+.-
  145   554  2858  2139  7397 .+.-
  146  1160  4442   181  5813 .+.-
  147  1766  3462   787  6793 .+.-
  148  2372  5046  1393  5209 .+.-
  149   414  4066  1999  6189 .+.-
  150  1020  3086    41  7168 .+.-
  151  1626  4671   647  5584 .+.-
  152  2232  3691  1253  6564 .+.-
  153   274  2711  1859  7544 .+.-
  154   880  4295  2465  5960 .+.-
  155  1486  3315   507  6940 .+.-
  156  2092  4899  1113  5356 .+.-
  157   134  3919  1719  6336 .+.-
  158   740  2940  2325  7315 .+.-
  159  1346  4524   367  5731 .+.-
  160  1952  3544   973  6711 .+.-
  161  2558  2564  1579  7691 .+.-
  162   600  4148  2185  6107 .+.-
  163  1206  3168   227  7087 .+.-
  164  1812  4752   833  5503 .+.-
  165  2418  3773  1439  6482 .+.-
  166   460  2793  2045  7462 .+.-
  167  1066  1672    87   693 ....
  168  2278  4377  1299  5878 .+.-
  169   320  3397  1905  6858 .+.-
  170   926  4981  2511  5274 .+.-
  171  1532  4001   553  6254 .+.-
  172  2138  3021  1159  7234 .+.-
  173   180  4606  1765  5649 .+.-
  174   786  3626  2371  6629 .+.-
  175  1392  2646   413  7609 .+.-
  176  1998  4230  1019  6025 .+.-
  177    40  3250  1625  7005 .+.-
  178   646  4834  2231  5421 .+.-
  179  1252  3854   273  6401 .+.-
  180  1858  2875   879  7380 .+.-
  181  2464  4459  1485  5796 .+.-
  182   506  3479  2091  6776 .+.-
  183  1112  5063   133  5192 .+.-
  184  1718  4083   739  6172 .+.-
  185  2324  3103  1345  7152 .+.-
  186   366  4687  1951  5568 .+.-
  187   972  3708  2557  6547 .+.-
  188  1578  2728   599  7527 .+.-
  189  2184  4312  1205  5943 .+.-
  190   226  3332  1811  6923 .+.-
  191   832  4916  2417  5339 .+.-
  192  1438  3936   459  6319 .+.-
  193  2044  2956  1065  7299 .+.-
  194    86  4541  1671  5714 .+.-
  195   692  3561  2277  6694 .+.-
  196  1298  2581   319  7674 .+.-
  197  1904  4165   925  6090 .+.-
  198  2510  3185  1531  7070 .+.-
  199   552  4769  2137  5486 .+.-
  200  1158  3789   179  6466 .+.-
  201  1764  2809   785  7445 .+.-
  202  2370  4394  1391  5861 .+.-
  203   412  3414  1997  6841 .+.-
  204  1018  4998    39  5257 .+.-
  205  1624  4018   645  6237 .+.-
  206  2230  3038  1251  7217 .+.-
  207   272  4622  1857  5633 .+.-
  208   878  3642  2463  6612 .+.-
  209  1484  2090   505  1111 ....
  210   132  2663  1717  7592 .+.-
  211   738  4247  2323  6008 .+.-
  212  1344  3267   365  6988 .+.-
  213  1950  4851   971  5404 .+.-
  214  2556  3871  1577  6384 .+.-
  215   598  2891  2183  7364 .+.-
  216  1204  4475   225  5779 .+.-
  217  1810  3496   831  6759 .+.-
  218  2416  5080  1437  5175 .+.-
  219   458  4100  2043  6155 .+.-
  220  1064  3120    85  7135 .+.-
  221  1670  4704   691  5551 .+.-
  222  2276  3724  1297  6531 .+.-
  223   318  2744  1903  7511 .+.-
  224   924  4329  2509  5926 .+.-
  225  1530  3349   551  6906 .+.-
  226  2136  4933  1157  5322 .+.-
  227   178  3953  1763  6302 .+.-
  228   784  2973  2369  7282 .+.-
  229  1390  4557   411  5698 .+.-
  230  1996  3577  1017  6678 .+.-
  231    38  2598  1623  7657 .+.-
  232   644  4182  2229  6073 .+.-
  233  1250  3202   271  7053 .+.-
  234  1856  4786   877  5469 .+.-
  235  2462  3806  1483  6449 .+.-
  236   504  2826  2089  7429 .+.-
  237  1110  4410   131  5845 .+.-
  238  1716  3431   737  6824 .+.-
  239  2322  5015  1343  5240 .+.-
  240   364  4035  1949  6220 .+.-
  241   970  3055  2555  7200 .+.-
  242  1576  4639   597  5616 .+.-
  243  2182  3659  1203  6596 .+.-
  244   224  2679  1809  7576 .+.-
  245   830  4264  2415  5991 .+.-
  246  1436  3284   457  6971 .+.-
  247  2042  4868  1063  5387 .+.-
  248    84  3888  1669  6367 .+.-
  249   690  2908  2275  7347 .+.-
  250  1296  4492   317  5763 .+.-
  251  1902  2508   923  1529 ....
  252   550  3512  2135  6743 .+.-
  253  1156  5097   177  5158 .+.-
  254  1762  4117   783  6138 .+.-
  255  2368  3137  1389  7118 .+.-
  256   410  4721  1995  5534 .+.-
  257  1016  3741    37  6514 .+.-
  258  1622  2761   643  7494 .+.-
  259  2228  4345  1249  5910 .+.-
  260   270  3366  1855  6889 .+.-
  261   876  4950  2461  5305 .+.-
  262  1482  3970   503  6285 .+.-
  263  2088  2990  1109  7265 .+.-
  264   130  4574  1715  5681 .+.-
  265   736  3594  2321  6661 .+.-
  266  1342  2614   363  7641 .+.-
  267  1948  4198   969  6056 .+.-
  268  2554  3219  1575  7036 .+.-
  269   596  4803  2181  5452 .+.-
  270  1202  3823   223  6432 .+.-
  271  1808  2843   829  7412 .+.-
  272  2414  4427  1435  5828 .+.-
  273   456  3447  2041  6808 .+.-
  274  1062  5031    83  5223 .+.-
  275  1668  4052   689  6203 .+.-
  276  2274  3072  1295  7183 .+.-
  277   316  4656  1901  5599 .+.-
  278   922  3676  2507  6579 .+.-
  279  1528  2696   549  7559 .+.-
  280  2134  4280  1155  5975 .+.-
  281   176  3300  1761  6954 .+.-
  282   782  4885  2367  5370 .+.-
  283  1388  3905   409  6350 .+.-
  284  1994  2925  1015  7330 .+.-
  285    36  4509  1621  5746 .+.-
  286   642  3529  2227  6726 .+.-
  287  1248  5113   269  5142 .+.-
  288  1854  4133   875  6121 .+.-
  289  2460  3154  1481  7101 .+.-
  290   502  4738  2087  5517 .+.-
  291  1108  3758   129  6497 .+.-
  292  1714  2778   735  7477 .+.-
  293  2320   362  1341  1947 ....
  294   968  4362  2553  5893 .+.-
  295  1574  3382   595  6873 .+.-
  296  2180  4966  1201  5289 .+.-
  297   222  3987  1807  6268 .+.-
  298   828  3007  2413  7248 .+.-
  299  1434  4591   455  5664 .+.-
  300  2040  3611  1061  6644 .+.-
  301    82  2631  1667  7624 .+.-
  302   688  4215  2273  6040 .+.-
  303  1294  3235   315  7020 .+.-
  304  1900  4820   921  5435 .+.-
  305  2506  3840  1527  6415 .+.-
  306   548  2860  2133  7395 .+.-
  307  1154  4444   175  5811 .+.-
  308  1760  3464   781  6791 .+.-
  309  2366  5048  1387  5207 .+.-
  310   408  4068  1993  6187 .+.-
  311  1014  3089    35  7166 .+.-
  312  1620  4673   641  5582 .+.-
  313  2226  3693  1247  6562 .+.-
  314   268  2713  1853  7542 .+.-
  315   874  4297  2459  5958 .+.-
  316  1480  3317   501  6938 .+.-
  317  2086  4901  1107  5354 .+.-
  318   128  3922  1713  6333 .+.-
  319   734  2942  2319  7313 .+.-
  320  1340  4526   361  5729 .+.-
  321  1946  3546   967  6709 .+.-
  322  2552  2566  1573  7689 .+.-
  323   594  4150  2179  6105 .+.-
  324  1200  3170   221  7085 .+.-
  325  1806  4755   827  5500 .+.-
  326  2412  3775  1433  6480 .+.-
  327   454  2795  2039  7460 .+.-
  328  1060  4379    81  5876 .+.-
  329  1666  3399   687  6856 .+.-
  330  2272  4983  1293  5272 .+.-
  331   314  4003  1899  6252 .+.-
  332   920  3024  2505  7231 .+.-
  333  1526  4608   547  5647 .+.-
  334  2132   174  1153  1759 ....
  335   780  3628  2365  6627 .+.-
  336  1386  2648   407  7607 .+.-
  337  1992  4232  1013  6023 .+.-
  338    34  3252  1619  7003 .+.-
  339   640  4836  2225  5419 .+.-
  340  1246  3856   267  6398 .+.-
  341  1852  2877   873  7378 .+.-
  342  2458  4461  1479  5794 .+.-
  343   500  3481  2085  6774 .+.-
  344  1106  5065   127  5190 .+.-
  345  1712  4085   733  6170 .+.-
  346  2318  3105  1339  7150 .+.-
  347   360  4689  1945  5565 .+.-
  348   966  3710  2551  6545 .+.-
  349  1572  2730   593  7525 .+.-
  350  2178  4314  1199  5941 .+.-
  351   220  3334  1805  6921 .+.-
  352   826  4918  2411  5337 .+.-
  353  1432  3938   453  6317 .+.-
  354  2038  2958  1059  7296 .+.-
  355    80  4543  1665  5712 .+.-
  356   686  3563  2271  6692 .+.-
  357  1292  2583   313  7672 .+.-
  358  1898  4167   919  6088 .+.-
  359  2504  3187  1525  7068 .+.-
  360   546  4771  2131  5484 .+.-
  361  1152  3791   173  6464 .+.-
  362  1758  2812   779  7443 .+.-
  363  2364  4396  1385  5859 .+.-
  364   406  3416  1991  6839 .+.-
  365  1012  5000    33  5255 .+.-
  366  1618  4020   639  6235 .+.-
  367  2224  3040  1245  7215 .+.-
  368   266  4624  1851  5631 .+.-
  369   872  3645  2457  6610 .+.-
  370  1478  2665   499  7590 .+.-
  371  2084  4249  1105  6006 .+.-
  372   126  3269  1711  6986 .+.-
  373   732  4853  2317  5402 .+.-
  374  1338  3873   359  6382 .+.-
  375  1944  2893   965  7362 .+.-
  376  2550   592  1571  2177 ....
  377  1198  4478   219  5777 .+.-
  378  1804  3498   825  6757 .+.-
  379  2410  5082  1431  5173 .+.-
  380   452  4102  2037  6153 .+.-
  381  1058  3122    79  7133 .+.-
  382  1664  4706   685  5549 .+.-
  383  2270  3726  1291  6529 .+.-
  384   312  2747  1897  7508 .+.-
  385   918  4331  2503  5924 .+.-
  386  1524  3351   545  6904 .+.-
  387  2130  4935  1151  5320 .+.-
  388   172  3955  1757  6300 .+.-
  389   778  2975  2363  7280 .+.-
  390  1384  4559   405  5696 .+.-
  391  1990  3580  1011  6675 .+.-
  392    32  2600  1617  7655 .+.-
  393   638  4184  2223  6071 .+.-
  394  1244  3204   265  7051 .+.-
  395  1850  4788   871  5467 .+.-
  396  2456  3808  1477  6447 .+.-
  397   498  2828  2083  7427 .+.-
  398  1104  4413   125  5842 .+.-
  399  1710  3433   731  6822 .+.-
  400  2316  5017  1337  5238 .+.-
  401   358  4037  1943  6218 .+.-
  402   964  3057  2549  7198 .+.-
  403  1570  4641   591  5614 .+.-
  404  2176  3661  1197  6594 .+.-
  405   218  2681  1803  7573 .+.-
  406   824  4266  2409  5989 .+.-
  407  1430  3286   451  6969 .+.-
  408  2036  4870  1057  5385 .+.-
  409    78  3890  1663  6365 .+.-
  410   684  2910  2269  7345 .+.-
  411  1290  4494   311  5761 .+.-
  412  1896  3514   917  6740 .+.-
  413  2502  5099  1523  5156 .+.-
  414   544  4119  2129  6136 .+.-
  415  1150  3139   171  7116 .+.-
  416  1756  4723   777  5532 .+.-
  417  2362  3743  1383  6512 .+.-
  418   404  1010  1989    31 ....
  419  1616  2763   637  7492 .+.-
  420  2222  4347  1243  5907 .+.-
  421   264  3368  1849  6887 .+.-
  422   870  4952  2455  5303 .+.-
  423  1476  3972   497  6283 .+.-
  424  2082  2992  1103  7263 .+.-
  425   124  4576  1709  5679 .+.-
  426   730  3596  2315  6659 .+.-
  427  1336  2616   357  7638 .+.-
  428  1942  4201   963  6054 .+.-
  429  2548  3221  1569  7034 .+.-
  430   590  4805  2175  5450 .+.-
  431  1196  3825   217  6430 .+.-
  432  1802  2845   823  7410 .+.-
  433  2408  4429  1429  5826 .+.-
  434   450  3449  2035  6806 .+.-
  435  1056  5034    77  5221 .+.-
  436  1662  4054   683  6201 .+.-
  437  2268  3074  1289  7181 .+.-
  438   310  4658  1895  5597 .+.-
  439   916  3678  2501  6577 .+.-
  440  1522  2698   543  7557 .+.-
  441  2128  4282  1149  5973 .+.-
  442   170  3303  1755  6952 .+.-
  443   776  4887  2361  5368 .+.-
  444  1382  3907   403  6348 .+.-
  445  1988  2927  1009  7328 .+.-
  446    30  4511  1615  5744 .+.-
  447   636  3531  2221  6724 .+.-
  448  1242  5115   263  5140 .+.-
  449  1848  4136   869  6119 .+.-
  450  2454  3156  1475  7099 .+.-
  451   496  4740  2081  5515 .+.-
  452  1102  3760   123  6495 .+.-
  453  1708  2780   729  7475 .+.-
  454  2314  4364  1335  5891 .+.-
  455   356  3384  1941  6871 .+.-
  456   962  4969  2547  5286 .+.-
  457  1568  3989   589  6266 .+.-
  458  2174  3009  1195  7246 .+.-
  459   216  4593  1801  5662 .+.-
  460   822  1428  2407   449 ....
  461  2034  3613  1055  6642 .+.-
  462    76  2633  1661  7622 .+.-
  463   682  4217  2267  6038 .+.-
  464  1288  3238   309  7017 .+.-
  465  1894  4822   915  5433 .+.-
  466  2500  3842  1521  6413 .+.-
  467   542  2862  2127  7393 .+.-
  468  1148  4446   169  5809 .+.-
  469  1754  3466   775  6789 .+.-
  470  2360  5050  1381  5205 .+.-
  471   402  4071  1987  6184 .+.-
  472  1008  3091    29  7164 .+.-
  473  1614  4675   635  5580 .+.-
  474  2220  3695  1241  6560 .+.-
  475   262  2715  1847  7540 .+.-
  476   868  4299  2453  5956 .+.-
  477  1474  3319   495  6936 .+.-
  478  2080  4903  1101  5351 .+.-
  479   122  3924  1707  6331 .+.-
  480   728  2944  2313  7311 .+.-
  481  1334  4528   355  5727 .+.-
  482  1940  3548   961  6707 .+.-
  483  2546  2568  1567  7687 .+.-
  484   588  4152  2173  6103 .+.-
  485  1194  3172   215  7082 .+.-
  486  1800  4757   821  5498 .+.-
  487  2406  3777  1427  6478 .+.-
  488   448  2797  2033  7458 .+.-
  489  1054  4381    75  5874 .+.-
  490  1660  3401   681  6854 .+.-
  491  2266  4985  1287  5270 .+.-
  492   308  4005  1893  6249 .+.-
  493   914  3026  2499  7229 .+.-
  494  1520  4610   541  5645 .+.-
  495  2126  3630  1147  6625 .+.-
  496   168  2650  1753  7605 .+.-
  497   774  4234  2359  6021 .+.-
  498  1380  3254   401  7001 .+.-
  499  1986  4838  1007  5417 .+.-
  500    28  3859  1613  6396 .+.-
  501   634  1240  2219   261 ....
  502  1846  2879   867  7376 .+.-
  503  2452  4463  1473  5792 .+.-
  504   494  3483  2079  6772 .+.-
  505  1100  5067   121  5188 .+.-
  506  1706  4087   727  6168 .+.-
  507  2312  3107  1333  7148 .+.-
  508   354  4692  1939  5563 .+.-
  509   960  3712  2545  6543 .+.-
  510  1566  2732   587  7523 .+.-
  511  2172  4316  1193  5939 .+.-
  512   214  3336  1799  6919 .+.-
  513   820  4920  2405  5335 .+.-
  514  1426  3940   447  6315 .+.-
  515  2032  2961  1053  7294 .+.-
  516    74  4545  1659  5710 .+.-
  517   680  3565  2265  6690 .+.-
  518  1286  2585   307  7670 .+.-
  519  1892  4169   913  6086 .+.-
  520  2498  3189  1519  7066 .+.-
  521   540  4773  2125  5482 .+.-
  522  1146  3794   167  6461 .+.-
  523  1752  2814   773  7441 .+.-
  524  2358  4398  1379  5857 .+.-
  525   400  3418  1985  6837 .+.-
  526  1006  5002    27  5253 .+.-
  527  1612  4022   633  6233 .+.-
  528  2218  3042  1239  7213 .+.-
  529   260  4627  1845  5628 .+.-
  530   866  3647  2451  6608 .+.-
  531  1472  2667   493  7588 .+.-
  532  2078  4251  1099  6004 .+.-
  533   120  3271  1705  6984 .+.-
  534   726  4855  2311  5400 .+.-
  535  1332  3875   353  6380 .+.-
  536  1938  2896   959  7359 .+.-
  537  2544  4480  1565  5775 .+.-
  538   586  3500  2171  6755 .+.-
  539  1192  5084   213  5171 .+.-
  540  1798  4104   819  6151 .+.-
  541  2404  3124  1425  7131 .+.-
  542   446  4708  2031  5547 .+.-
  543  1052  1658    73   679 ....
  544  2264  3729  1285  6526 .+.-
  545   306  2749  1891  7506 .+.-
  546   912  4333  2497  5922 .+.-
  547  1518  3353   539  6902 .+.-
  548  2124  4937  1145  5318 .+.-
  549   166  3957  1751  6298 .+.-
  550   772  2977  2357  7278 .+.-
  551  1378  4561   399  5693 .+.-
  552  1984  3582  1005  6673 .+.-
  553    26  2602  1611  7653 .+.-
  554   632  4186  2217  6069 .+.-
  555  1238  3206   259  7049 .+.-
  556  1844  4790   865  5465 .+.-
  557  2450  3810  1471  6445 .+.-
  558   492  2830  2077  7424 .+.-
  559  1098  4415   119  5840 .+.-
  560  1704  3435   725  6820 .+.-
  561  2310  5019  1331  5236 .+.-
  562   352  4039  1937  6216 .+.-
  563   958  3059  2543  7196 .+.-
  564  1564  4643   585  5612 .+.-
  565  2170  3663  1191  6591 .+.-
  566   212  2684  1797  7571 .+.-
  567   818  4268  2403  5987 .+.-
  568  1424  3288   445  6967 .+.-
  569  2030  4872  1051  5383 .+.-
  570    72  3892  1657  6363 .+.-
  571   678  2912  2263  7343 .+.-
  572  1284  4496   305  5759 .+.-
  573  1890  3517   911  6738 .+.-
  574  2496  5101  1517  5154 .+.-
  575   538  4121  2123  6134 .+.-
  576  1144  3141   165  7114 .+.-
  577  1750  4725   771  5530 .+.-
  578  2356  3745  1377  6510 .+.-
  579   398  2765  1983  7490 .+.-
  580  1004  4350    25  5905 .+.-
  581  1610  3370   631  6885 .+.-
  582  2216  4954  1237  5301 .+.-
  583   258  3974  1843  6281 .+.-
  584   864  2994  2449  7261 .+.-
  585  1470  2076   491  1097 ....
  586   118  4578  1703  5677 .+.-
  587   724  3598  2309  6657 .+.-
  588  1330  2619   351  7636 .+.-
  589  1936  4203   957  6052 .+.-
  590  2542  3223  1563  7032 .+.-
  591   584  4807  2169  5448 .+.-
  592  1190  3827   211  6428 .+.-
  593  1796  2847   817  7408 .+.-
  594  2402  4431  1423  5824 .+.-
  595   444  3452  2029  6803 .+.-
  596  1050  5036    71  5219 .+.-
  597  1656  4056   677  6199 .+.-
  598  2262  3076  1283  7179 .+.-
  599   304  4660  1889  5595 .+.-
  600   910  3680  2495  6575 .+.-
  601  1516  2700   537  7555 .+.-
  602  2122  4285  1143  5970 .+.-
  603   164  3305  1749  6950 .+.-
  604   770  4889  2355  5366 .+.-
  605  1376  3909   397  6346 .+.-
  606  1982  2929  1003  7326 .+.-
  607    24  4513  1609  5742 .+.-
  608   630  3533  2215  6722 .+.-
  609  1236  5118   257  5137 .+.-
  610  1842  4138   863  6117 .+.-
  611  2448  3158  1469  7097 .+.-
  612   490  4742  2075  5513 .+.-
  613  1096  3762   117  6493 .+.-
  614  1702  2782   723  7473 .+.-
  615  2308  4366  1329  5889 .+.-
  616   350  3386  1935  6868 .+.-
  617   956  4971  2541  5284 .+.-
  618  1562  3991   583  6264 .+.-
  619  2168  3011  1189  7244 .+.-
  620   210  4595  1795  5660 .+.-
  621   816  3615  2401  6640 .+.-
  622  1422  2635   443  7620 .+.-
  623  2028  4219  1049  6035 .+.-
  624    70  3240  1655  7015 .+.-
  625   676  4824  2261  5431 .+.-
  626  1282  3844   303  6411 .+.-
  627  1888  2494   909  1515 ....
  628   536  2864  2121  7391 .+.-
  629  1142  4448   163  5807 .+.-
  630  1748  3468   769  6787 .+.-
  631  2354  5052  1375  5202 .+.-
  632   396  4073  1981  6182 .+.-
  633  1002  3093    23  7162 .+.-
  634  1608  4677   629  5578 .+.-
  635  2214  3697  1235  6558 .+.-
  636   256  2717  1841  7538 .+.-
  637   862  4301  2447  5954 .+.-
  638  1468  3321   489  6934 .+.-
  639  2074  4906  1095  5349 .+.-
  640   116  3926  1701  6329 .+.-
  641   722  2946  2307  7309 .+.-
  642  1328  4530   349  5725 .+.-
  643  1934  3550   955  6705 .+.-
  644  2540  2570  1561  7685 .+.-
  645   582  4154  2167  6101 .+.-
  646  1188  3175   209  7080 .+.-
  647  1794  4759   815  5496 .+.-
  648  2400  3779  1421  6476 .+.-
  649   442  2799  2027  7456 .+.-
  650  1048  4383    69  5872 .+.-
  651  1654  3403   675  6852 .+.-
  652  2260  4987  1281  5268 .+.-
  653   302  4008  1887  6247 .+.-
  654   908  3028  2493  7227 .+.-
  655  1514  4612   535  5643 .+.-
  656  2120  3632  1141  6623 .+.-
  657   162  2652  1747  7603 .+.-
  658   768  4236  2353  6019 .+.-
  659  1374  3256   395  6999 .+.-
  660  1980  4841  1001  5414 .+.-
  661    22  3861  1607  6394 .+.-
  662   628  2881  2213  7374 .+.-
  663  1234  4465   255  5790 .+.-
  664  1840  3485   861  6770 .+.-
  665  2446  5069  1467  5186 .+.-
  666   488  4089  2073  6166 .+.-
  667  1094  3110   115  7145 .+.-
  668  1700  2306   721  1327 ....
  669   348  4694  1933  5561 .+.-
  670   954  3714  2539  6541 .+.-
  671  1560  2734   581  7521 .+.-
  672  2166  4318  1187  5937 .+.-
  673   208  3338  1793  6917 .+.-
  674   814  4922  2399  5333 .+.-
  675  1420  3943   441  6312 .+.-
  676  2026  2963  1047  7292 .+.-
  677    68  4547  1653  5708 .+.-
  678   674  3567  2259  6688 .+.-
  679  1280  2587   301  7668 .+.-
  680  1886  4171   907  6084 .+.-
  681  2492  3191  1513  7064 .+.-
  682   534  4776  2119  5479 .+.-
  683  1140  3796   161  6459 .+.-
  684  1746  2816   767  7439 .+.-
  685  2352  4400  1373  5855 .+.-
  686   394  3420  1979  6835 .+.-
  687  1000  5004    21  5251 .+.-
  688  1606  4024   627  6231 .+.-
  689  2212  3044  1233  7210 .+.-
  690   254  4629  1839  5626 .+.-
  691   860  3649  2445  6606 .+.-
  692  1466  2669   487  7586 .+.-
  693  2072  4253  1093  6002 .+.-
  694   114  3273  1699  6982 .+.-
  695   720  4857  2305  5398 .+.-
  696  1326  3877   347  6377 .+.-
  697  1932  2898   953  7357 .+.-
  698  2538  4482  1559  5773 .+.-
  699   580  3502  2165  6753 .+.-
  700  1186  5086   207  5169 .+.-
  701  1792  4106   813  6149 .+.-
  702  2398  3126  1419  7129 .+.-
  703   440  4710  2025  5544 .+.-
  704  1046  3731    67  6524 .+.-
  705  1652  2751   673  7504 .+.-
  706  2258  4335  1279  5920 .+.-
  707   300  3355  1885  6900 .+.-
  708   906  4939  2491  5316 .+.-
  709  1512  3959   533  6296 .+.-
  710  2118   160  1139  1745 ....
  711   766  2979  2351  7276 .+.-
  712  1372  4564   393  5691 .+.-
  713  1978  3584   999  6671 .+.-
  714    20  2604  1605  7651 .+.-
  715   626  4188  2211  6067 .+.-
  716  1232  3208   253  7047 .+.-
  717  1838  4792   859  5463 .+.-
  718  2444  3812  1465  6443 .+.-
  719   486  2833  2071  7422 .+.-
  720  1092  4417   113  5838 .+.-
  721  1698  3437   719  6818 .+.-
  722  2304  5021  1325  5234 .+.-
  723   346  4041  1931  6214 .+.-
  724   952  3061  2537  7194 .+.-
  725  1558  4645   579  5610 .+.-
  726  2164  3666  1185  6589 .+.-
  727   206  2686  1791  7569 .+.-
  728   812  4270  2397  5985 .+.-
  729  1418  3290   439  6965 .+.-
  730  2024  4874  1045  5381 .+.-
  731    66  3894  1651  6361 .+.-
  732   672  2914  2257  7341 .+.-
  733  1278  4499   299  5756 .+.-
  734  1884  3519   905  6736 .+.-
  735  2490  5103  1511  5152 .+.-
  736   532  4123  2117  6132 .+.-
  737  1138  3143   159  7112 .+.-
  738  1744  4727   765  5528 .+.-
  739  2350  3747  1371  6508 .+.-
  740   392  2768  1977  7487 .+.-
  741   998  4352    19  5903 .+.-
  742  1604  3372   625  6883 .+.-
  743  2210  4956  1231  5299 .+.-
  744   252  3976  1837  6279 .+.-
  745   858  2996  2443  7259 .+.-
  746  1464  4580   485  5675 .+.-
  747  2070  3601  1091  6654 .+.-
  748   112  2621  1697  7634 .+.-
  749   718  4205  2303  6050 .+.-
  750  1324  3225   345  7030 .+.-
  751  1930  4809   951  5446 .+.-
  752  2536   578  1557  2163 ....
  753  1184  3829   205  6426 .+.-
  754  1790  2849   811  7406 .+.-
  755  2396  4433  1417  5821 .+.-
  756   438  3454  2023  6801 .+.-
  757  1044  5038    65  5217 .+.-
  758  1650  4058   671  6197 .+.-
  759  2256  3078  1277  7177 .+.-
  760   298  4662  1883  5593 .+.-
  761   904  3682  2489  6573 .+.-
  762  1510  2702   531  7552 .+.-
  763  2116  4287  1137  5968 .+.-
  764   158  3307  1743  6948 .+.-
  765   764  4891  2349  5364 .+.-
  766  1370  3911   391  6344 .+.-
  767  1976  2931   997  7324 .+.-
  768    18  4515  1603  5740 .+.-
  769   624  3535  2209  6719 .+.-
  770  1230  5120   251  5135 .+.-
  771  1836  4140   857  6115 .+.-
  772  2442  3160  1463  7095 .+.-
  773   484  4744  2069  5511 .+.-
  774  1090  3764   111  6491 .+.-
  775  1696  2784   717  7471 .+.-
  776  2302  4368  1323  5886 .+.-
  777   344  3389  1929  6866 .+.-
  778   950  4973  2535  5282 .+.-
  779  1556  3993   577  6262 .+.-
  780  2162  3013  1183  7242 .+.-
  781   204  4597  1789  5658 .+.-
  782   810  3617  2395  6638 .+.-
  783  1416  2637   437  7618 .+.-
  784  2022  4222  1043  6033 .+.-
  785    64  3242  1649  7013 .+.-
  786   670  4826  2255  5429 .+.-
  787  1276  3846   297  6409 .+.-
  788  1882  2866   903  7389 .+.-
  789  2488  4450  1509  5805 .+.-
  790   530  3470  2115  6785 .+.-
  791  1136  5055   157  5200 .+.-
  792  1742  4075   763  6180 .+.-
  793  2348   390  1369  1975 ....
  794   996  3095    17  7160 .+.-
  795  1602  4679   623  5576 .+.-
  796  2208  3699  1229  6556 .+.-
  797   250  2719  1835  7536 .+.-
  798   856  4303  2441  5952 .+.-
  799  1462  3324   483  6931 .+.-
  800  2068  4908  1089  5347 .+.-
  801   110  3928  1695  6327 .+.-
  802   716  2948  2301  7307 .+.-
  803  1322  4532   343  5723 .+.-
  804  1928  3552   949  6703 .+.-
  805  2534  2572  1555  7683 .+.-
  806   576  4157  2161  6098 .+.-
  807  1182  3177   203  7078 .+.-
  808  1788  4761   809  5494 .+.-
  809  2394  3781  1415  6474 .+.-
  810   436  2801  2021  7454 .+.-
  811  1042  4385    63  5870 .+.-
  812  1648  3405   669  6850 .+.-
  813  2254  4990  1275  5265 .+.-
  814   296  4010  1881  6245 .+.-
  815   902  3030  2487  7225 .+.-
  816  1508  4614   529  5641 .+.-
  817  2114  3634  1135  6621 .+.-
  818   156  2654  1741  7601 .+.-
  819   762  4238  2347  6017 .+.-
  820  1368  3259   389  6996 .+.-
  821  1974  4843   995  5412 .+.-
  822    16  3863  1601  6392 .+.-
  823   622  2883  2207  7372 .+.-
  824  1228  4467   249  5788 .+.-
  825  1834  3487   855  6768 .+.-
  826  2440  5071  1461  5184 .+.-
  827   482  4091  2067  6163 .+.-
  828  1088  3112   109  7143 .+.-
  829  1694  4696   715  5559 .+.-
  830  2300  3716  1321  6539 .+.-
  831   342  2736  1927  7519 .+.-
  832   948  4320  2533  5935 .+.-
  833  1554  3340   575  6915 .+.-
  834  2160  4924  1181  5330 .+.-
  835   202   808  1787  2393 ....
  836  1414  3945   435  6310 .+.-
  837  2020  2965  1041  7290 .+.-
  838    62  4549  1647  5706 .+.-
  839   668  3569  2253  6686 .+.-
  840  1274  2589   295  7666 .+.-
  841  1880  4173   901  6082 .+.-
  842  2486  3193  1507  7061 .+.-
  843   528  4778  2113  5477 .+.-
  844  1134  3798   155  6457 .+.-
  845  1740  2818   761  7437 .+.-
  846  2346  4402  1367  5853 .+.-
  847   388  3422  1973  6833 .+.-
  848   994  5006    15  5249 .+.-
  849  1600  4026   621  6229 .+.-
  850  2206  3047  1227  7208 .+.-
  851   248  4631  1833  5624 .+.-
  852   854  3651  2439  6604 .+.-
  853  1460  2671   481  7584 .+.-
  854  2066  4255  1087  6000 .+.-
  855   108  3275  1693  6980 .+.-
  856   714  4859  2299  5396 .+.-
  857  1320  3880   341  6375 .+.-
  858  1926  2900   947  7355 .+.-
  859  2532  4484  1553  5771 .+.-
  860   574  3504  2159  6751 .+.-
  861  1180  5088   201  5167 .+.-
  862  1786  4108   807  6147 .+.-
  863  2392  3128  1413  7127 .+.-
  864   434  4713  2019  5542 .+.-
  865  1040  3733    61  6522 .+.-
  866  1646  2753   667  7502 .+.-
  867  2252  4337  1273  5918 .+.-
  868   294  3357  1879  6898 .+.-
  869   900  4941  2485  5314 .+.-
  870  1506  3961   527  6294 .+.-
  871  2112  2982  1133  7273 .+.-
  872   154  4566  1739  5689 .+.-
  873   760  3586  2345  6669 .+.-
  874  1366  2606   387  7649 .+.-
  875  1972  4190   993  6065 .+.-
  876    14  3210  1599  7045 .+.-
  877   620  1226  2205   247 ....
  878  1832  4794   853  5461 .+.-
  879  2438  3815  1459  6440 .+.-
  880   480  2835  2065  7420 .+.-
  881  1086  4419   107  5836 .+.-
  882  1692  3439   713  6816 .+.-
  883  2298  5023  1319  5232 .+.-
  884   340  4043  1925  6212 .+.-
  885   946  3063  2531  7192 .+.-
  886  1552  4648   573  5607 .+.-
  887  2158  3668  1179  6587 .+.-
  888   200  2688  1785  7567 .+.-
  889   806  4272  2391  5983 .+.-
  890  1412  3292   433  6963 .+.-
  891  2018  4876  1039  5379 .+.-
  892    60  3896  1645  6359 .+.-
  893   666  2916  2251  7338 .+.-
  894  1272  4501   293  5754 .+.-
  895  1878  3521   899  6734 .+.-
  896  2484  5105  1505  5150 .+.-
  897   526  4125  2111  6130 .+.-
  898  1132  3145   153  7110 .+.-
  899  1738  4729   759  5526 .+.-
  900  2344  3749  1365  6505 .+.-
  901   386  2770  1971  7485 .+.-
  902   992  4354    13  5901 .+.-
  903  1598  3374   619  6881 .+.-
  904  2204  4958  1225  5297 .+.-
  905   246  3978  1831  6277 .+.-
  906   852  2998  2437  7257 .+.-
  907  1458  4582   479  5672 .+.-
  908  2064  3603  1085  6652 .+.-
  909   106  2623  1691  7632 .+.-
  910   712  4207  2297  6048 .+.-
  911  1318  3227   339  7028 .+.-
  912  1924  4811   945  5444 .+.-
  913  2530  3831  1551  6424 .+.-
  914   572  2851  2157  7403 .+.-
  915  1178  4436   199  5819 .+.-
  916  1784  3456   805  6799 .+.-
  917  2390  5040  1411  5215 .+.-
  918   432  4060  2017  6195 .+.-
  919  1038  1644    59   665 ....
  920  2250  3080  1271  7175 .+.-
  921   292  4664  1877  5591 .+.-
  922   898  3684  2483  6571 .+.-
  923  1504  2705   525  7550 .+.-
  924  2110  4289  1131  5966 .+.-
  925   152  3309  1737  6946 .+.-
  926   758  4893  2343  5362 .+.-
  927  1364  3913   385  6342 .+.-
  928  1970  2933   991  7322 .+.-
  929    12  4517  1597  5738 .+.-
  930   618  3538  2203  6717 .+.-
  931  1224  5122   245  5133 .+.-
  932  1830  4142   851  6113 .+.-
  933  2436  3162  1457  7093 .+.-
  934   478  4746  2063  5509 .+.-
  935  1084  3766   105  6489 .+.-
  936  1690  2786   711  7469 .+.-
  937  2296  4371  1317  5884 .+.-
  938   338  3391  1923  6864 .+.-
  939   944  4975  2529  5280 .+.-
  940  1550  3995   571  6260 .+.-
  941  2156  3015  1177  7240 .+.-
  942   198  4599  1783  5656 .+.-
  943   804  3619  2389  6636 .+.-
  944  1410  2640   431  7615 .+.-
  945  2016  4224  1037  6031 .+.-
  946    58  3244  1643  7011 .+.-
  947   664  4828  2249  5427 .+.-
  948  1270  3848   291  6407 .+.-
  949  1876  2868   897  7387 .+.-
  950  2482  4452  1503  5803 .+.-
  951   524  3473  2109  6782 .+.-
  952  1130  5057   151  5198 .+.-
  953  1736  4077   757  6178 .+.-
  954  2342  3097  1363  7158 .+.-
  955   384  4681  1969  5574 .+.-
  956   990  3701    11  6554 .+.-
  957  1596  2721   617  7534 .+.-
  958  2202  4306  1223  5949 .+.-
  959   244  3326  1829  6929 .+.-
  960   850  1456  2435   477 ....
  961  2062  4910  1083  5345 .+.-
  962   104  3930  1689  6325 .+.-
  963   710  2950  2295  7305 .+.-
  964  1316  4534   337  5721 .+.-
  965  1922  3554   943  6701 .+.-
  966  2528  2574  1549  7680 .+.-
  967   570  4159  2155  6096 .+.-
  968  1176  3179   197  7076 .+.-
  969  1782  4763   803  5492 .+.-
  970  2388  3783  1409  6472 .+.-
  971   430  2803  2015  7452 .+.-
  972  1036  4387    57  5868 .+.-
  973  1642  3407   663  6847 .+.-
  974  2248  4992  1269  5263 .+.-
  975   290  4012  1875  6243 .+.-
  976   896  3032  2481  7223 .+.-
  977  1502  4616   523  5639 .+.-
  978  2108  3636  1129  6619 .+.-
  979   150  2656  1735  7599 .+.-
  980   756  4240  2341  6014 .+.-
  981  1362  3261   383  6994 .+.-
  982  1968  4845   989  5410 .+.-
  983    10  3865  1595  6390 .+.-
  984   616  2885  2201  7370 .+.-
  985  1222  4469   243  5786 .+.-
  986  1828  3489   849  6766 .+.-
  987  2434  5073  1455  5182 .+.-
  988   476  4094  2061  6161 .+.-
  989  1082  3114   103  7141 .+.-
  990  1688  4698   709  5557 .+.-
  991  2294  3718  1315  6537 .+.-
  992   336  2738  1921  7517 .+.-
  993   942  4322  2527  5933 .+.-
  994  1548  3342   569  6913 .+.-
  995  2154  4927  1175  5328 .+.-
  996   196  3947  1781  6308 .+.-
  997   802  2967  2387  7288 .+.-
  998  1408  4551   429  5704 .+.-
  999  2014  3571  1035  6684 .+.-
 1000    56  2591  1641  7664 .+.-
 1001   662  4175  2247  6080 .+.-
 1002  1268  1874   289   895 ....
 1003  2480  3196  1501  7059 .+.-
 1004   522  4780  2107  5475 .+.-
 1005  1128  3800   149  6455 .+.-
 1006  1734  2820   755  7435 .+.-
 1007  2340  4404  1361  5851 .+.-
 1008   382  3424  1967  6831 .+.-
 1009   988  5008     9  5247 .+.-
 1010  1594  4029   615  6226 .+.-
 1011  2200  3049  1221  7206 .+.-
 1012   242  4633  1827  5622 .+.-
 1013   848  3653  2433  6602 .+.-
 1014  1454  2673   475  7582 .+.-
 1015  2060  4257  1081  5998 .+.-
 1016   102  3277  1687  6978 .+.-
 1017   708  4862  2293  5393 .+.-
 1018  1314  3882   335  6373 .+.-
 1019  1920  2902   941  7353 .+.-
 1020  2526  4486  1547  5769 .+.-
 1021   568  3506  2153  6749 .+.-
 1022  1174  5090   195  5165 .+.-
 1023  1780  4110   801  6145 .+.-
 1024  2386  3131  1407  7124 .+.-
 1025   428  4715  2013  5540 .+.-
 1026  1034  3735    55  6520 .+.-
 1027  1640  2755   661  7500 .+.-
 1028  2246  4339  1267  5916 .+.-
 1029   288  3359  1873  6896 .+.-
 1030   894  4943  2479  5312 .+.-
 1031  1500  3963   521  6291 .+.-
 1032  2106  2984  1127  7271 .+.-
 1033   148  4568  1733  5687 .+.-
 1034   754  3588  2339  6667 .+.-
 1035  1360  2608   381  7647 .+.-
 1036  1966  4192   987  6063 .+.-
 1037     8  3212  1593  7043 .+.-
 1038   614  4796  2199  5458 .+.-
 1039  1220  3817   241  6438 .+.-
 1040  1826  2837   847  7418 .+.-
 1041  2432  4421  1453  5834 .+.-
 1042   474  3441  2059  6814 .+.-
 1043  1080  5025   101  5230 .+.-
 1044  1686  2292   707  1313 ....
 1045   334  4045  1919  6210 .+.-
 1046   940  3065  2525  7189 .+.-
 1047  1546  4650   567  5605 .+.-
 1048  2152  3670  1173  6585 .+.-
 1049   194  2690  1779  7565 .+.-
 1050   800  4274  2385  5981 .+.-
 1051  1406  3294   427  6961 .+.-
 1052  2012  4878  1033  5377 .+.-
 1053    54  3898  1639  6356 .+.-
 1054   660  2919  2245  7336 .+.-
 1055  1266  4503   287  5752 .+.-
 1056  1872  3523   893  6732 .+.-
 1057  2478  5107  1499  5148 .+.-
 1058   520  4127  2105  6128 .+.-
 1059  1126  3147   147  7108 .+.-
 1060  1732  4731   753  5524 .+.-
 1061  2338  3752  1359  6503 .+.-
 1062   380  2772  1965  7483 .+.-
 1063   986  4356     7  5899 .+.-
 1064  1592  3376   613  6879 .+.-
 1065  2198  4960  1219  5295 .+.-
 1066   240  3980  1825  6275 .+.-
 1067   846  3000  2431  7255 .+.-
 1068  1452  4585   473  5670 .+.-
 1069  2058  3605  1079  6650 .+.-
 1070   100  2625  1685  7630 .+.-
 1071   706  4209  2291  6046 .+.-
 1072  1312  3229   333  7026 .+.-
 1073  1918  4813   939  5442 .+.-
 1074  2524  3833  1545  6422 .+.-
 1075   566  2854  2151  7401 .+.-
 1076  1172  4438   193  5817 .+.-
 1077  1778  3458   799  6797 .+.-
 1078  2384  5042  1405  5213 .+.-
 1079   426  4062  2011  6193 .+.-
 1080  1032  3082    53  7173 .+.-
 1081  1638  4666   659  5589 .+.-
 1082  2244  3687  1265  6568 .+.-
 1083   286  2707  1871  7548 .+.-
 1084   892  4291  2477  5964 .+.-
 1085  1498  3311   519  6944 .+.-
 1086  2104   146  1125  1731 ....
 1087   752  4895  2337  5360 .+.-
 1088  1358  3915   379  6340 .+.-
 1089  1964  2935   985  7320 .+.-
 1090     6  4520  1591  5735 .+.-
 1091   612  3540  2197  6715 .+.-
 1092  1218  5124   239  5131 .+.-
 1093  1824  4144   845  6111 .+.-
 1094  2430  3164  1451  7091 .+.-
 1095   472  4748  2057  5507 .+.-
 1096  1078  3768    99  6487 .+.-
 1097  1684  2789   705  7466 .+.-
 1098  2290  4373  1311  5882 .+.-
 1099   332  3393  1917  6862 .+.-
 1100   938  4977  2523  5278 .+.-
 1101  1544  3997   565  6258 .+.-
 1102  2150  3017  1171  7238 .+.-
 1103   192  4601  1777  5654 .+.-
 1104   798  3621  2383  6633 .+.-
 1105  1404  2642   425  7613 .+.-
 1106  2010  4226  1031  6029 .+.-
 1107    52  3246  1637  7009 .+.-
 1108   658  4830  2243  5425 .+.-
 1109  1264  3850   285  6405 .+.-
 1110  1870  2870   891  7385 .+.-
 1111  2476  4454  1497  5800 .+.-
 1112   518  3475  2103  6780 .+.-
 1113  1124  5059   145  5196 .+.-
 1114  1730  4079   751  6176 .+.-
 1115  2336  3099  1357  7156 .+.-
 1116   378  4683  1963  5572 .+.-
 1117   984  3703     5  6552 .+.-
 1118  1590  2723   611  7531 .+.-
 1119  2196  4308  1217  5947 .+.-
 1120   238  3328  1823  6927 .+.-
 1121   844  4912  2429  5343 .+.-
 1122  1450  3932   471  6323 .+.-
 1123  2056  2952  1077  7303 .+.-
 1124    98  4536  1683  5719 .+.-
 1125   704  3556  2289  6699 .+.-
 1126  1310  2577   331  7678 .+.-
 1127  1916  2522   937  1543 ....
 1128   564  4161  2149  6094 .+.-
 1129  1170  3181   191  7074 .+.-
 1130  1776  4765   797  5490 .+.-
 1131  2382  3785  1403  6470 .+.-
 1132   424  2805  2009  7450 .+.-
 1133  1030  4389    51  5866 .+.-
 1134  1636  3410   657  6845 .+.-
 1135  2242  4994  1263  5261 .+.-
 1136   284  4014  1869  6241 .+.-
 1137   890  3034  2475  7221 .+.-
 1138  1496  4618   517  5637 .+.-
 1139  2102  3638  1123  6617 .+.-
 1140   144  2658  1729  7597 .+.-
 1141   750  4243  2335  6012 .+.-
 1142  1356  3263   377  6992 .+.-
 1143  1962  4847   983  5408 .+.-
 1144     4  3867  1589  6388 .+.-
 1145   610  2887  2195  7368 .+.-
 1146  1216  4471   237  5784 .+.-
 1147  1822  3491   843  6764 .+.-
 1148  2428  5076  1449  5179 .+.-
 1149   470  4096  2055  6159 .+.-
 1150  1076  3116    97  7139 .+.-
 1151  1682  4700   703  5555 .+.-
 1152  2288  3720  1309  6535 .+.-
 1153   330  2740  1915  7515 .+.-
 1154   936  4324  2521  5931 .+.-
 1155  1542  3345   563  6910 .+.-
 1156  2148  4929  1169  5326 .+.-
 1157   190  3949  1775  6306 .+.-
 1158   796  2969  2381  7286 .+.-
 1159  1402  4553   423  5702 .+.-
 1160  2008  3573  1029  6682 .+.-
 1161    50  2593  1635  7662 .+.-
 1162   656  4178  2241  6077 .+.-
 1163  1262  3198   283  7057 .+.-
 1164  1868  4782   889  5473 .+.-
 1165  2474  3802  1495  6453 .+.-
 1166   516  2822  2101  7433 .+.-
 1167  1122  4406   143  5849 .+.-
 1168  1728  3426   749  6829 .+.-
 1169  2334   376  1355  1961 ....
 1170   982  5011     3  5244 .+.-
 1171  1588  4031   609  6224 .+.-
 1172  2194  3051  1215  7204 .+.-
 1173   236  4635  1821  5620 .+.-
 1174   842  3655  2427  6600 .+.-
 1175  1448  2675   469  7580 .+.-
 1176  2054  4259  1075  5996 .+.-
 1177    96  3279  1681  6975 .+.-
 1178   702  4864  2287  5391 .+.-
 1179  1308  3884   329  6371 .+.-
 1180  1914  2904   935  7351 .+.-
 1181  2520  4488  1541  5767 .+.-
 1182   562  3508  2147  6747 .+.-
 1183  1168  5092   189  5163 .+.-
 1184  1774  4112   795  6142 .+.-
 1185  2380  3133  1401  7122 .+.-
 1186   422  4717  2007  5538 .+.-
 1187  1028  3737    49  6518 .+.-
 1188  1634  2757   655  7498 .+.-
 1189  2240  4341  1261  5914 .+.-
 1190   282  3361  1867  6894 .+.-
 1191   888  4945  2473  5309 .+.-
 1192  1494  3966   515  6289 .+.-
 1193  2100  2986  1121  7269 .+.-
 1194   142  4570  1727  5685 .+.-
 1195   748  3590  2333  6665 .+.-
 1196  1354  2610   375  7645 .+.-
 1197  1960  4194   981  6061 .+.-
 1198     2  3214  1587  7041 .+.-
 1199   608  4799  2193  5456 .+.-
 1200  1214  3819   235  6436 .+.-
 1201  1820  2839   841  7416 .+.-
 1202  2426  4423  1447  5832 .+.-
 1203   468  3443  2053  6812 .+.-
 1204  1074  5027    95  5228 .+.-
 1205  1680  4047   701  6208 .+.-
 1206  2286  3068  1307  7187 .+.-
 1207   328  4652  1913  5603 .+.-
 1208   934  3672  2519  6583 .+.-
 1209  1540  2692   561  7563 .+.-
 1210  2146  4276  1167  5979 .+.-
 1211   188   794  1773  2379 ....
 1212  1400  3296   421  6959 .+.-
 1213  2006  4880  1027  5375 .+.-
 1214    48  3901  1633  6354 .+.-
 1215   654  2921  2239  7334 .+.-
 1216  1260  4505   281  5750 .+.-
 1217  1866  3525   887  6730 .+.-
 1218  2472  5109  1493  5146 .+.-
 1219   514  4129  2099  6126 .+.-
 1220  1120  3149   141  7106 .+.-
 1221  1726  4734   747  5521 .+.-
 1222  2332  3754  1353  6501 .+.-
 1223   374  2774  1959  7481 .+.-
 1224   980  4358     1  5897 .+.-
 1225  1586  3378   607  6877 .+.-
 1226  2192  4962  1213  5293 .+.-
 1227   234  3982  1819  6273 .+.-
 1228   840  3003  2425  7252 .+.-
 1229  1446  4587   467  5668 .+.-
 1230  2052  3607  1073  6648 .+.-
 1231    94  2627  1679  7628 .+.-
 1232   700  4211  2285  6044 .+.-
 1233  1306  3231   327  7024 .+.-
 1234  1912  4815   933  5440 .+.-
 1235  2518  3836  1539  6419 .+.-
 1236   560  2856  2145  7399 .+.-
 1237  1166  4440   187  5815 .+.-
 1238  1772  3460   793  6795 .+.-
 1239  2378  5044  1399  5211 .+.-
 1240   420  4064  2005  6191 .+.-
 1241  1026  3084    47  7171 .+.-
 1242  1632  4668   653  5586 .+.-
 1243  2238  3689  1259  6566 .+.-
 1244   280  2709  1865  7546 .+.-
 1245   886  4293  2471  5962 .+.-
 1246  1492  3313   513  6942 .+.-
 1247  2098  4897  1119  5358 .+.-
 1248   140  3917  1725  6338 .+.-
 1249   746  2937  2331  7317 .+.-
 1250  1352  4522   373  5733 .+.-
 1251  1958  3542   979  6713 .+.-
Total data plus flush bits=2564, p-parity bits=1222, q-parity=1222, Errors=0, Repetition=0
