R20T45QL7
Channel Interleaving, Puncturing and Mapping to QPSK
Data coding rate = 0.406036 with QPSK, UW coding rate = 0.366368 with BPSK
User data with 32 bit UW =2368, with flush=2372, p-parity=1730+8, q-parity=1730,  Channel Symbols=2952, Channel Bits=5840
D=2368, FECSy=2952, DF=2372 N=5840, P=1730, Puw=8, Q=1730, DPQ=5776, dpqstep=3569, S=1.370815, ppstart=2372.500000, qpstart=4745.185547

Symbol   I0    Q0  Pattern= . =data, + =p parity, - =q parity
-------------------------------------------------------------
    0     0     0 R.
    1     1     1 R.
    2     2     2 R.
    3     3     3 R.
    4     4     4 R.
    5     5     5 R.
    6     6     6 R.
    7     7     7 R.
    8     8     8 R.
    9     9     9 R.
   10    10    10 R.
   11    11    11 R.
   12    12    12 R.
   13    13    13 R.
   14    14    14 R.
   15    15    15 R.
   16    16    16 R.
   17    17    17 R.
   18    18    18 R.
   19    19    19 R.
   20    20    20 R.
   21    21    21 R.
   22    22    22 R.
   23    23    23 R.
   24    24    24 R.
   25    25    25 R.
   26    26    26 R.
   27    27    27 R.
   28    28    28 R.
   29    29    29 R.
   30    30    30 R.
   31    31    31 R.
   32  2372  2372 R+
   33  2373  2373 R+
   34  2374  2374 R+
   35  2375  2375 R+
   36  2376  2376 R+
   37  2377  2377 R+
   38  2378  2378 R+
   39  2379  2379 R+
   40    32  5692 .-
   41  4266  2842 ++
   42  1652   613 ..
   43  6488  5064 --
   44  3639  2233 +.
   45  1194   155 ..
   46  5861  4435 -+
   47  3011  1775 +.
   48   736  6657 .-
   49  5233  3807 -+
   50  2356  1317 ..
   51   278  6029 .-
   52  4604  3179 ++
   53  1898   859 ..
   54  6826  5401 --
   55  3976  2552 ++
   56  1440   401 ..
   57  6198  4773 --
   58  3348  2021 +.
   59   982  6994 .-
   60  5570  4144 -+
   61  2720  1563 +.
   62   524  6366 .-
   63  4942  3517 -+
   64  2144  1105 ..
   65    66  5739 .-
   66  4313  2889 ++
   67  1686   647 ..
   68  6535  5111 --
   69  3685  2267 +.
   70  1228   189 ..
   71  5907  4482 -+
   72  3057  1809 +.
   73   770  6704 .-
   74  5279  3854 -+
   75  2430  1351 +.
   76   312  6076 .-
   77  4650  3226 ++
   78  1932   893 ..
   79  6872  5448 --
   80  4022  2598 ++
   81  1474   435 ..
   82  6244  4820 --
   83  3395  2055 +.
   84  1016  7041 .-
   85  5617  4191 -+
   86  2767  1597 +.
   87   558  6413 .-
   88  4989  3563 -+
   89  2178  1139 ..
   90   100  5785 .-
   91  4360  2935 ++
   92  1720   681 ..
   93  6582  5157 --
   94  3732  2301 +.
   95  1262   223 ..
   96  5954  4528 -+
   97  3104  1843 +.
   98   804  6750 .-
   99  5326  3900 -+
  100  2476  1385 +.
  101   346  6122 .-
  102  4697  3273 ++
  103  1966   927 ..
  104  6919  5495 --
  105  4069  2645 ++
  106  1508   469 ..
  107  6291  4867 --
  108  3441  2089 +.
  109  1050  7087 .-
  110  5663  4238 -+
  111  2813  1631 +.
  112   592  6460 .-
  113  5035  3610 -+
  114  2212  1173 ..
  115   134  5832 .-
  116  4406  2982 ++
  117  1754   715 ..
  118  6628  5204 --
  119  3778  2335 +.
  120  1296   257 ..
  121  6000  4575 -+
  122  3151  1877 +.
  123   838  6797 .-
  124  5373  3947 -+
  125  2523  1419 +.
  126   380  6169 .-
  127  4745  3319 -+
  128  2000   961 ..
  129  6965  5541 --
  130  4116  2691 ++
  131  1542   503 ..
  132  6338  4913 --
  133  3488  2123 +.
  134  1084    45 ..
  135  5710  4284 -+
  136  2860  1665 +.
  137   626  6506 .-
  138  5082  3656 -+
  139  2246  1207 ..
  140   168  5878 .-
  141  4453  3029 ++
  142  1788   749 ..
  143  6675  5251 --
  144  3825  2369 +.
  145  1330   291 ..
  146  6047  4622 -+
  147  3197  1911 +.
  148   872  6843 .-
  149  5419  3994 -+
  150  2569  1453 +.
  151   414  6216 .-
  152  4791  3366 -+
  153  2034   995 ..
  154  7012  5588 --
  155  4162  2738 ++
  156  1576   537 ..
  157  6384  4960 --
  158  3534  2157 +.
  159  1118    79 ..
  160  5756  4331 -+
  161  2907  1699 +.
  162   660  6553 .-
  163  5129  3703 -+
  164  2280  1241 ..
  165   202  5925 .-
  166  4500  3075 ++
  167  1822   783 ..
  168  6721  5297 --
  169  3872  2447 ++
  170  1364   325 ..
  171  6094  4668 -+
  172  3244  1945 +.
  173   906  6890 .-
  174  5466  4040 -+
  175  2616  1487 +.
  176   448  6262 .-
  177  4838  3412 -+
  178  2068  1029 ..
  179  7059  5634 --
  180  4209  2785 ++
  181  1610   571 ..
  182  6431  5007 --
  183  3581  2191 +.
  184  1152   113 ..
  185  5803  4378 -+
  186  2953  1733 +.
  187   694  6599 .-
  188  5175  3750 -+
  189  2314  1275 ..
  190   236  5972 .-
  191  4546  3122 ++
  192  1856   817 ..
  193  6768  5344 --
  194  3918  2494 ++
  195  1398   359 ..
  196  6140  4715 -+
  197  3290  1979 +.
  198   940  6937 .-
  199  5512  4087 -+
  200  2663  1521 +.
  201   482  6309 .-
  202  4885  3459 -+
  203  2102  1063 ..
  204  7105  5681 --
  205  4256  2831 ++
  206  1644   605 ..
  207  6477  5053 --
  208  3628  2225 +.
  209  1186   147 ..
  210  5850  4424 -+
  211  3000  1767 +.
  212   728  6646 .-
  213  5222  3796 -+
  214  2348  1309 ..
  215   270  6018 .-
  216  4593  3168 ++
  217  1890   851 ..
  218  6815  5390 --
  219  3965  2541 ++
  220  1432   393 ..
  221  6187  4763 --
  222  3337  2013 +.
  223   974  6983 .-
  224  5559  4133 -+
  225  2709  1555 +.
  226   516  6355 .-
  227  4931  3506 -+
  228  2136  1097 ..
  229    58  5728 .-
  230  4302  2878 ++
  231  1678   639 ..
  232  6524  5100 --
  233  3674  2259 +.
  234  1220   181 ..
  235  5896  4471 -+
  236  3046  1801 +.
  237   762  6693 .-
  238  5268  3843 -+
  239  2419  1343 +.
  240   304  6065 .-
  241  4639  3215 ++
  242  1924   885 ..
  243  6861  5437 --
  244  4011  2587 ++
  245  1466   427 ..
  246  6233  4809 --
  247  3384  2047 +.
  248  1008  7030 .-
  249  5606  4180 -+
  250  2756  1589 +.
  251   550  6402 .-
  252  4978  3552 -+
  253  2170  1131 ..
  254    92  5774 .-
  255  4349  2924 ++
  256  1712   673 ..
  257  6571  5146 --
  258  3721  2293 +.
  259  1254   215 ..
  260  5943  4517 -+
  261  3093  1835 +.
  262   796  6739 .-
  263  5315  3889 -+
  264  2465  1377 +.
  265   338  6111 .-
  266  4686  3262 ++
  267  1958   919 ..
  268  6908  5484 --
  269  4058  2634 ++
  270  1500   461 ..
  271  6280  4856 --
  272  3430  2081 +.
  273  1042  7076 .-
  274  5652  4227 -+
  275  2802  1623 +.
  276   584  6449 .-
  277  5024  3599 -+
  278  2204  1165 ..
  279   126  5821 .-
  280  4395  2971 ++
  281  1746   707 ..
  282  6617  5193 --
  283  3767  2327 +.
  284  1288   249 ..
  285  5989  4564 -+
  286  3140  1869 +.
  287   830  6786 .-
  288  5362  3936 -+
  289  2512  1411 +.
  290   372  6158 .-
  291  4733  3308 ++
  292  1992   953 ..
  293  6954  5530 --
  294  4105  2680 ++
  295  1534   495 ..
  296  6327  4902 --
  297  3477  2115 +.
  298  1076    37 ..
  299  5699  4273 -+
  300  2849  1657 +.
  301   618  6495 .-
  302  5071  3645 -+
  303  2238  1199 ..
  304   160  5867 .-
  305  4442  3018 ++
  306  1780   741 ..
  307  6664  5240 --
  308  3814  2361 +.
  309  1322   283 ..
  310  6036  4611 -+
  311  3186  1903 +.
  312   864  6832 .-
  313  5408  3983 -+
  314  2558  1445 +.
  315   406  6205 .-
  316  4780  3355 -+
  317  2026   987 ..
  318  7001  5577 --
  319  4151  2727 ++
  320  1568   529 ..
  321  6373  4949 --
  322  3523  2149 +.
  323  1110    71 ..
  324  5745  4320 -+
  325  2896  1691 +.
  326   652  6542 .-
  327  5118  3692 -+
  328  2272  1233 ..
  329   194  5914 .-
  330  4489  3064 ++
  331  1814   775 ..
  332  6710  5286 --
  333  3861  2436 ++
  334  1356   317 ..
  335  6083  4657 -+
  336  3233  1937 +.
  337   898  6879 .-
  338  5455  4029 -+
  339  2605  1479 +.
  340   440  6251 .-
  341  4827  3401 -+
  342  2060  1021 ..
  343  7048  5623 --
  344  4198  2774 ++
  345  1602   563 ..
  346  6420  4996 --
  347  3570  2183 +.
  348  1144   105 ..
  349  5792  4367 -+
  350  2942  1725 +.
  351   686  6588 .-
  352  5164  3739 -+
  353  2306  1267 ..
  354   228  5961 .-
  355  4535  3111 ++
  356  1848   809 ..
  357  6757  5333 --
  358  3907  2483 ++
  359  1390   351 ..
  360  6129  4704 -+
  361  3279  1971 +.
  362   932  6926 .-
  363  5501  4076 -+
  364  2652  1513 +.
  365   474  6298 .-
  366  4874  3448 -+
  367  2094  1055 ..
  368  7094  5670 --
  369  4245  2820 ++
  370  1636   597 ..
  371  6466  5042 --
  372  3617  2217 +.
  373  1178   139 ..
  374  5839  4413 -+
  375  2989  1759 +.
  376   720  6635 .-
  377  5211  3785 -+
  378  2340  1301 ..
  379   262  6007 .-
  380  4582  3157 ++
  381  1882   843 ..
  382  6804  5379 --
  383  3954  2530 ++
  384  1424   385 ..
  385  6176  4752 --
  386  3326  2005 +.
  387   966  6972 .-
  388  5548  4123 -+
  389  2698  1547 +.
  390   508  6344 .-
  391  4920  3495 -+
  392  2128  1089 ..
  393    50  5717 .-
  394  4291  2867 ++
  395  1670   631 ..
  396  6513  5089 --
  397  3663  2251 +.
  398  1212   173 ..
  399  5885  4460 -+
  400  3035  1793 +.
  401   754  6682 .-
  402  5257  3832 -+
  403  2408  1335 +.
  404   296  6054 .-
  405  4628  3204 ++
  406  1916   877 ..
  407  6850  5426 --
  408  4001  2576 ++
  409  1458   419 ..
  410  6222  4798 --
  411  3373  2039 +.
  412  1000  7019 .-
  413  5595  4169 -+
  414  2745  1581 +.
  415   542  6391 .-
  416  4967  3541 -+
  417  2162  1123 ..
  418    84  5763 .-
  419  4338  2913 ++
  420  1704   665 ..
  421  6560  5135 --
  422  3710  2285 +.
  423  1246   207 ..
  424  5932  4506 -+
  425  3082  1827 +.
  426   788  6728 .-
  427  5304  3879 -+
  428  2454  1369 +.
  429   330  6100 .-
  430  4675  3251 ++
  431  1950   911 ..
  432  6897  5473 --
  433  4047  2623 ++
  434  1492   453 ..
  435  6269  4845 --
  436  3419  2073 +.
  437  1034  7065 .-
  438  5641  4216 -+
  439  2791  1615 +.
  440   576  6438 .-
  441  5013  3588 -+
  442  2196  1157 ..
  443   118  5810 .-
  444  4384  2960 ++
  445  1738   699 ..
  446  6606  5182 --
  447  3757  2319 +.
  448  1280   241 ..
  449  5978  4553 -+
  450  3129  1861 +.
  451   822  6775 .-
  452  5351  3925 -+
  453  2501  1403 +.
  454   364  6147 .-
  455  4722  3297 ++
  456  1984   945 ..
  457  6943  5519 --
  458  4094  2669 ++
  459  1526   487 ..
  460  6316  4891 --
  461  3466  2107 +.
  462  1068  7112 .-
  463  5688  4262 -+
  464  2838  1649 +.
  465   610  6484 .-
  466  5060  3635 -+
  467  2230  1191 ..
  468   152  5856 .-
  469  4431  3007 ++
  470  1772   733 ..
  471  6653  5229 --
  472  3803  2353 +.
  473  1314   275 ..
  474  6025  4600 -+
  475  3175  1895 +.
  476   856  6821 .-
  477  5397  3972 -+
  478  2547  1437 +.
  479   398  6194 .-
  480  4769  3344 -+
  481  2018   979 ..
  482  6990  5566 --
  483  4140  2716 ++
  484  1560   521 ..
  485  6362  4938 --
  486  3513  2141 +.
  487  1102    63 ..
  488  5734  4309 -+
  489  2885  1683 +.
  490   644  6531 .-
  491  5107  3681 -+
  492  2264  1225 ..
  493   186  5903 .-
  494  4478  3053 ++
  495  1806   767 ..
  496  6699  5275 --
  497  3850  2425 ++
  498  1348   309 ..
  499  6072  4646 -+
  500  3222  1929 +.
  501   890  6868 .-
  502  5444  4018 -+
  503  2594  1471 +.
  504   432  6240 .-
  505  4816  3391 -+
  506  2052  1013 ..
  507  7037  5612 --
  508  4187  2763 ++
  509  1594   555 ..
  510  6409  4985 --
  511  3559  2175 +.
  512  1136    97 ..
  513  5781  4356 -+
  514  2931  1717 +.
  515   678  6577 .-
  516  5153  3728 -+
  517  2298  1259 ..
  518   220  5950 .-
  519  4524  3100 ++
  520  1840   801 ..
  521  6746  5322 --
  522  3896  2472 ++
  523  1382   343 ..
  524  6118  4693 -+
  525  3269  1963 +.
  526   924  6915 .-
  527  5490  4065 -+
  528  2641  1505 +.
  529   466  6287 .-
  530  4863  3437 -+
  531  2086  1047 ..
  532  7083  5659 --
  533  4234  2809 ++
  534  1628   589 ..
  535  6455  5031 --
  536  3606  2209 +.
  537  1170   131 ..
  538  5828  4402 -+
  539  2978  1751 +.
  540   712  6624 .-
  541  5200  3774 -+
  542  2332  1293 ..
  543   254  5996 .-
  544  4571  3147 ++
  545  1874   835 ..
  546  6793  5368 --
  547  3943  2519 ++
  548  1416   377 ..
  549  6165  4739 -+
  550  3315  1997 +.
  551   958  6961 .-
  552  5537  4112 -+
  553  2687  1539 +.
  554   500  6333 .-
  555  4909  3484 -+
  556  2120  1081 ..
  557    42  5706 .-
  558  4280  2856 ++
  559  1662   623 ..
  560  6502  5078 --
  561  3652  2243 +.
  562  1204   165 ..
  563  5874  4449 -+
  564  3025  1785 +.
  565   746  6671 .-
  566  5246  3821 -+
  567  2366  1327 ..
  568   288  6043 .-
  569  4617  3193 ++
  570  1908   869 ..
  571  6839  5415 --
  572  3990  2565 ++
  573  1450   411 ..
  574  6211  4787 --
  575  3362  2031 +.
  576   992  7008 .-
  577  5584  4158 -+
  578  2734  1573 +.
  579   534  6380 .-
  580  4956  3530 -+
  581  2154  1115 ..
  582    76  5752 .-
  583  4327  2903 ++
  584  1696   657 ..
  585  6549  5124 --
  586  3699  2277 +.
  587  1238   199 ..
  588  5921  4495 -+
  589  3071  1819 +.
  590   780  6717 .-
  591  5293  3868 -+
  592  2443  1361 +.
  593   322  6089 .-
  594  4664  3240 ++
  595  1942   903 ..
  596  6886  5462 --
  597  4036  2612 ++
  598  1484   445 ..
  599  6258  4834 --
  600  3408  2065 +.
  601  1026  7055 .-
  602  5630  4205 -+
  603  2781  1607 +.
  604   568  6427 .-
  605  5002  3577 -+
  606  2188  1149 ..
  607   110  5799 .-
  608  4373  2949 ++
  609  1730   691 ..
  610  6595  5171 --
  611  3746  2311 +.
  612  1272   233 ..
  613  5967  4542 -+
  614  3118  1853 +.
  615   814  6764 .-
  616  5340  3914 -+
  617  2490  1395 +.
  618   356  6136 .-
  619  4711  3286 ++
  620  1976   937 ..
  621  6933  5508 --
  622  4083  2659 ++
  623  1518   479 ..
  624  6305  4880 --
  625  3455  2099 +.
  626  1060  7101 .-
  627  5677  4251 -+
  628  2827  1641 +.
  629   602  6473 .-
  630  5049  3624 -+
  631  2222  1183 ..
  632   144  5845 .-
  633  4420  2996 ++
  634  1764   725 ..
  635  6642  5218 --
  636  3792  2345 +.
  637  1306   267 ..
  638  6014  4589 -+
  639  3164  1887 +.
  640   848  6811 .-
  641  5386  3961 -+
  642  2536  1429 +.
  643   390  6183 .-
  644  4758  3333 -+
  645  2010   971 ..
  646  6979  5555 --
  647  4129  2705 ++
  648  1552   513 ..
  649  6351  4927 --
  650  3502  2133 +.
  651  1094    55 ..
  652  5723  4298 -+
  653  2874  1675 +.
  654   636  6520 .-
  655  5096  3670 -+
  656  2256  1217 ..
  657   178  5892 .-
  658  4467  3042 ++
  659  1798   759 ..
  660  6689  5264 --
  661  3839  2414 ++
  662  1340   301 ..
  663  6061  4635 -+
  664  3211  1921 +.
  665   882  6857 .-
  666  5433  4007 -+
  667  2583  1463 +.
  668   424  6229 .-
  669  4805  3380 -+
  670  2044  1005 ..
  671  7026  5601 --
  672  4176  2752 ++
  673  1586   547 ..
  674  6398  4974 --
  675  3548  2167 +.
  676  1128    89 ..
  677  5770  4345 -+
  678  2920  1709 +.
  679   670  6566 .-
  680  5142  3717 -+
  681  2290  1251 ..
  682   212  5939 .-
  683  4513  3089 ++
  684  1832   793 ..
  685  6735  5311 --
  686  3885  2461 ++
  687  1374   335 ..
  688  6107  4682 -+
  689  3258  1955 +.
  690   916  6904 .-
  691  5479  4054 -+
  692  2630  1497 +.
  693   458  6276 .-
  694  4852  3426 -+
  695  2078  1039 ..
  696  7072  5648 --
  697  4223  2798 ++
  698  1620   581 ..
  699  6444  5020 --
  700  3595  2201 +.
  701  1162   123 ..
  702  5817  4391 -+
  703  2967  1743 +.
  704   704  6613 .-
  705  5189  3763 -+
  706  2324  1285 ..
  707   246  5985 .-
  708  4560  3136 ++
  709  1866   827 ..
  710  6782  5357 --
  711  3932  2508 ++
  712  1408   369 ..
  713  6154  4728 -+
  714  3304  1989 +.
  715   950  6950 .-
  716  5526  4101 -+
  717  2676  1531 +.
  718   492  6322 .-
  719  4898  3473 -+
  720  2112  1073 ..
  721    34  5695 .-
  722  4269  2845 ++
  723  1654   615 ..
  724  6491  5067 --
  725  3641  2235 +.
  726  1196   157 ..
  727  5863  4438 -+
  728  3014  1777 +.
  729   738  6660 .-
  730  5235  3810 -+
  731  2358  1319 ..
  732   280  6032 .-
  733  4606  3182 ++
  734  1900   861 ..
  735  6828  5404 --
  736  3979  2554 ++
  737  1442   403 ..
  738  6200  4776 --
  739  3351  2023 +.
  740   984  6997 .-
  741  5573  4147 -+
  742  2723  1565 +.
  743   526  6369 .-
  744  4945  3519 -+
  745  2146  1107 ..
  746    68  5741 .-
  747  4316  2892 ++
  748  1688   649 ..
  749  6538  5113 --
  750  3688  2269 +.
  751  1230   191 ..
  752  5910  4484 -+
  753  3060  1811 +.
  754   772  6706 .-
  755  5282  3857 -+
  756  2432  1353 +.
  757   314  6078 .-
  758  4653  3229 ++
  759  1934   895 ..
  760  6875  5451 --
  761  4025  2601 ++
  762  1476   437 ..
  763  6247  4823 --
  764  3397  2057 +.
  765  1018  7044 .-
  766  5619  4194 -+
  767  2770  1599 +.
  768   560  6416 .-
  769  4991  3566 -+
  770  2180  1141 ..
  771   102  5788 .-
  772  4362  2938 ++
  773  1722   683 ..
  774  6584  5160 --
  775  3735  2303 +.
  776  1264   225 ..
  777  5956  4531 -+
  778  3107  1845 +.
  779   806  6753 .-
  780  5329  3903 -+
  781  2479  1387 +.
  782   348  6125 .-
  783  4700  3275 ++
  784  1968   929 ..
  785  6922  5497 --
  786  4072  2648 ++
  787  1510   471 ..
  788  6294  4869 --
  789  3444  2091 +.
  790  1052  7090 .-
  791  5666  4240 -+
  792  2816  1633 +.
  793   594  6462 .-
  794  5038  3613 -+
  795  2214  1175 ..
  796   136  5834 .-
  797  4409  2985 ++
  798  1756   717 ..
  799  6631  5207 --
  800  3781  2337 +.
  801  1298   259 ..
  802  6003  4578 -+
  803  3153  1879 +.
  804   840  6800 .-
  805  5375  3950 -+
  806  2526  1421 +.
  807   382  6172 .-
  808  4747  3322 -+
  809  2002   963 ..
  810  6968  5544 --
  811  4118  2694 ++
  812  1544   505 ..
  813  6340  4916 --
  814  3491  2125 +.
  815  1086    47 ..
  816  5712  4287 -+
  817  2863  1667 +.
  818   628  6509 .-
  819  5085  3659 -+
  820  2248  1209 ..
  821   170  5881 .-
  822  4456  3031 ++
  823  1790   751 ..
  824  6678  5253 --
  825  3828  2371 +.
  826  1332   293 ..
  827  6050  4624 -+
  828  3200  1913 +.
  829   874  6846 .-
  830  5422  3996 -+
  831  2572  1455 +.
  832   416  6218 .-
  833  4794  3369 -+
  834  2036   997 ..
  835  7015  5590 --
  836  4165  2741 ++
  837  1578   539 ..
  838  6387  4963 --
  839  3537  2159 +.
  840  1120    81 ..
  841  5759  4334 -+
  842  2909  1701 +.
  843   662  6556 .-
  844  5131  3706 -+
  845  2282  1243 ..
  846   204  5928 .-
  847  4502  3078 ++
  848  1824   785 ..
  849  6724  5300 --
  850  3874  2450 ++
  851  1366   327 ..
  852  6096  4671 -+
  853  3247  1947 +.
  854   908  6893 .-
  855  5468  4043 -+
  856  2619  1489 +.
  857   450  6265 .-
  858  4841  3415 -+
  859  2070  1031 ..
  860  7061  5637 --
  861  4212  2787 ++
  862  1612   573 ..
  863  6434  5009 --
  864  3584  2193 +.
  865  1154   115 ..
  866  5806  4380 -+
  867  2956  1735 +.
  868   696  6602 .-
  869  5178  3752 -+
  870  2316  1277 ..
  871   238  5974 .-
  872  4549  3125 ++
  873  1858   819 ..
  874  6771  5346 --
  875  3921  2497 ++
  876  1400   361 ..
  877  6143  4717 -+
  878  3293  1981 +.
  879   942  6939 .-
  880  5515  4090 -+
  881  2665  1523 +.
  882   484  6312 .-
  883  4887  3462 -+
  884  2104  1065 ..
  885  7108  5684 --
  886  4258  2834 ++
  887  1646   607 ..
  888  6480  5056 --
  889  3630  2227 +.
  890  1188   149 ..
  891  5852  4427 -+
  892  3003  1769 +.
  893   730  6649 .-
  894  5224  3799 -+
  895  2350  1311 ..
  896   272  6021 .-
  897  4595  3171 ++
  898  1892   853 ..
  899  6817  5393 --
  900  3968  2543 ++
  901  1434   395 ..
  902  6190  4765 --
  903  3340  2015 +.
  904   976  6986 .-
  905  5562  4136 -+
  906  2712  1557 +.
  907   518  6358 .-
  908  4934  3508 -+
  909  2138  1099 ..
  910    60  5730 .-
  911  4305  2881 ++
  912  1680   641 ..
  913  6527  5102 --
  914  3677  2261 +.
  915  1222   183 ..
  916  5899  4473 -+
  917  3049  1803 +.
  918   764  6695 .-
  919  5271  3846 -+
  920  2421  1345 +.
  921   306  6068 .-
  922  4642  3218 ++
  923  1926   887 ..
  924  6864  5440 --
  925  4014  2590 ++
  926  1468   429 ..
  927  6236  4812 --
  928  3386  2049 +.
  929  1010  7033 .-
  930  5608  4183 -+
  931  2759  1591 +.
  932   552  6405 .-
  933  4980  3555 -+
  934  2172  1133 ..
  935    94  5777 .-
  936  4351  2927 ++
  937  1714   675 ..
  938  6573  5149 --
  939  3724  2295 +.
  940  1256   217 ..
  941  5946  4520 -+
  942  3096  1837 +.
  943   798  6742 .-
  944  5318  3892 -+
  945  2468  1379 +.
  946   340  6114 .-
  947  4689  3264 ++
  948  1960   921 ..
  949  6911  5486 --
  950  4061  2637 ++
  951  1502   463 ..
  952  6283  4858 --
  953  3433  2083 +.
  954  1044  7079 .-
  955  5655  4229 -+
  956  2805  1625 +.
  957   586  6451 .-
  958  5027  3602 -+
  959  2206  1167 ..
  960   128  5824 .-
  961  4398  2974 ++
  962  1748   709 ..
  963  6620  5196 --
  964  3770  2329 +.
  965  1290   251 ..
  966  5992  4567 -+
  967  3142  1871 +.
  968   832  6789 .-
  969  5364  3939 -+
  970  2515  1413 +.
  971   374  6161 .-
  972  4735  3311 ++
  973  1994   955 ..
  974  6957  5533 --
  975  4107  2683 ++
  976  1536   497 ..
  977  6329  4905 --
  978  3480  2117 +.
  979  1078    39 ..
  980  5702  4276 -+
  981  2852  1659 +.
  982   620  6498 .-
  983  5074  3648 -+
  984  2240  1201 ..
  985   162  5870 .-
  986  4445  3020 ++
  987  1782   743 ..
  988  6667  5242 --
  989  3817  2363 +.
  990  1324   285 ..
  991  6039  4613 -+
  992  3189  1905 +.
  993   866  6835 .-
  994  5411  3985 -+
  995  2561  1447 +.
  996   408  6207 .-
  997  4783  3358 -+
  998  2028   989 ..
  999  7004  5580 --
 1000  4154  2730 ++
 1001  1570   531 ..
 1002  6376  4952 --
 1003  3526  2151 +.
 1004  1112    73 ..
 1005  5748  4323 -+
 1006  2898  1693 +.
 1007   654  6545 .-
 1008  5120  3695 -+
 1009  2274  1235 ..
 1010   196  5917 .-
 1011  4491  3067 ++
 1012  1816   777 ..
 1013  6713  5289 --
 1014  3863  2439 ++
 1015  1358   319 ..
 1016  6085  4660 -+
 1017  3236  1939 +.
 1018   900  6882 .-
 1019  5458  4032 -+
 1020  2608  1481 +.
 1021   442  6254 .-
 1022  4830  3404 -+
 1023  2062  1023 ..
 1024  7050  5626 --
 1025  4201  2776 ++
 1026  1604   565 ..
 1027  6423  4998 --
 1028  3573  2185 +.
 1029  1146   107 ..
 1030  5795  4369 -+
 1031  2945  1727 +.
 1032   688  6591 .-
 1033  5167  3741 -+
 1034  2308  1269 ..
 1035   230  5963 .-
 1036  4538  3114 ++
 1037  1850   811 ..
 1038  6760  5336 --
 1039  3910  2486 ++
 1040  1392   353 ..
 1041  6132  4706 -+
 1042  3282  1973 +.
 1043   934  6928 .-
 1044  5504  4079 -+
 1045  2654  1515 +.
 1046   476  6301 .-
 1047  4876  3451 -+
 1048  2096  1057 ..
 1049  7097  5673 --
 1050  4247  2823 ++
 1051  1638   599 ..
 1052  6469  5045 --
 1053  3619  2219 +.
 1054  1180   141 ..
 1055  5841  4416 -+
 1056  2992  1761 +.
 1057   722  6638 .-
 1058  5214  3788 -+
 1059  2342  1303 ..
 1060   264  6010 .-
 1061  4584  3160 ++
 1062  1884   845 ..
 1063  6806  5382 --
 1064  3957  2532 ++
 1065  1426   387 ..
 1066  6179  4754 --
 1067  3329  2007 +.
 1068   968  6975 .-
 1069  5551  4125 -+
 1070  2701  1549 +.
 1071   510  6347 .-
 1072  4923  3497 -+
 1073  2130  1091 ..
 1074    52  5719 .-
 1075  4294  2870 ++
 1076  1672   633 ..
 1077  6516  5092 --
 1078  3666  2253 +.
 1079  1214   175 ..
 1080  5888  4462 -+
 1081  3038  1795 +.
 1082   756  6684 .-
 1083  5260  3835 -+
 1084  2410  1337 +.
 1085   298  6057 .-
 1086  4631  3207 ++
 1087  1918   879 ..
 1088  6853  5429 --
 1089  4003  2579 ++
 1090  1460   421 ..
 1091  6225  4801 --
 1092  3375  2041 +.
 1093  1002  7022 .-
 1094  5597  4172 -+
 1095  2748  1583 +.
 1096   544  6394 .-
 1097  4969  3544 -+
 1098  2164  1125 ..
 1099    86  5766 .-
 1100  4340  2916 ++
 1101  1706   667 ..
 1102  6562  5138 --
 1103  3713  2287 +.
 1104  1248   209 ..
 1105  5935  4509 -+
 1106  3085  1829 +.
 1107   790  6731 .-
 1108  5307  3881 -+
 1109  2457  1371 +.
 1110   332  6103 .-
 1111  4678  3253 ++
 1112  1952   913 ..
 1113  6900  5475 --
 1114  4050  2626 ++
 1115  1494   455 ..
 1116  6272  4847 --
 1117  3422  2075 +.
 1118  1036  7068 .-
 1119  5644  4218 -+
 1120  2794  1617 +.
 1121   578  6440 .-
 1122  5016  3591 -+
 1123  2198  1159 ..
 1124   120  5813 .-
 1125  4387  2963 ++
 1126  1740   701 ..
 1127  6609  5185 --
 1128  3759  2321 +.
 1129  1282   243 ..
 1130  5981  4556 -+
 1131  3131  1863 +.
 1132   824  6778 .-
 1133  5353  3928 -+
 1134  2504  1405 +.
 1135   366  6150 .-
 1136  4724  3300 ++
 1137  1986   947 ..
 1138  6946  5522 --
 1139  4096  2672 ++
 1140  1528   489 ..
 1141  6318  4894 --
 1142  3469  2109 +.
 1143  1070  7115 .-
 1144  5691  4265 -+
 1145  2841  1651 +.
 1146   612  6487 .-
 1147  5063  3637 -+
 1148  2232  1193 ..
 1149   154  5859 .-
 1150  4434  3009 ++
 1151  1774   735 ..
 1152  6656  5231 --
 1153  3806  2355 +.
 1154  1316   277 ..
 1155  6028  4602 -+
 1156  3178  1897 +.
 1157   858  6824 .-
 1158  5400  3974 -+
 1159  2550  1439 +.
 1160   400  6196 .-
 1161  4772  3347 -+
 1162  2020   981 ..
 1163  6993  5569 --
 1164  4143  2719 ++
 1165  1562   523 ..
 1166  6365  4941 --
 1167  3515  2143 +.
 1168  1104    65 ..
 1169  5737  4312 -+
 1170  2887  1685 +.
 1171   646  6534 .-
 1172  5109  3684 -+
 1173  2266  1227 ..
 1174   188  5906 .-
 1175  4480  3056 ++
 1176  1808   769 ..
 1177  6702  5278 --
 1178  3852  2428 ++
 1179  1350   311 ..
 1180  6074  4649 -+
 1181  3225  1931 +.
 1182   892  6871 .-
 1183  5447  4021 -+
 1184  2597  1473 +.
 1185   434  6243 .-
 1186  4819  3393 -+
 1187  2054  1015 ..
 1188  7039  5615 --
 1189  4190  2765 ++
 1190  1596   557 ..
 1191  6412  4987 --
 1192  3562  2177 +.
 1193  1138    99 ..
 1194  5784  4358 -+
 1195  2934  1719 +.
 1196   680  6580 .-
 1197  5156  3730 -+
 1198  2300  1261 ..
 1199   222  5952 .-
 1200  4527  3103 ++
 1201  1842   803 ..
 1202  6749  5325 --
 1203  3899  2475 ++
 1204  1384   345 ..
 1205  6121  4696 -+
 1206  3271  1965 +.
 1207   926  6917 .-
 1208  5493  4068 -+
 1209  2643  1507 +.
 1210   468  6290 .-
 1211  4865  3440 -+
 1212  2088  1049 ..
 1213  7086  5662 --
 1214  4236  2812 ++
 1215  1630   591 ..
 1216  6458  5034 --
 1217  3608  2211 +.
 1218  1172   133 ..
 1219  5830  4405 -+
 1220  2981  1753 +.
 1221   714  6627 .-
 1222  5203  3777 -+
 1223  2334  1295 ..
 1224   256  5999 .-
 1225  4574  3149 ++
 1226  1876   837 ..
 1227  6795  5371 --
 1228  3946  2521 ++
 1229  1418   379 ..
 1230  6168  4742 -+
 1231  3318  1999 +.
 1232   960  6964 .-
 1233  5540  4114 -+
 1234  2690  1541 +.
 1235   502  6336 .-
 1236  4912  3486 -+
 1237  2122  1083 ..
 1238    44  5708 .-
 1239  4283  2859 ++
 1240  1664   625 ..
 1241  6505  5081 --
 1242  3655  2245 +.
 1243  1206   167 ..
 1244  5877  4452 -+
 1245  3027  1787 +.
 1246   748  6673 .-
 1247  5249  3824 -+
 1248  2368  1329 ..
 1249   290  6046 .-
 1250  4620  3196 ++
 1251  1910   871 ..
 1252  6842  5418 --
 1253  3992  2568 ++
 1254  1452   413 ..
 1255  6214  4790 --
 1256  3364  2033 +.
 1257   994  7011 .-
 1258  5586  4161 -+
 1259  2737  1575 +.
 1260   536  6383 .-
 1261  4959  3533 -+
 1262  2156  1117 ..
 1263    78  5755 .-
 1264  4330  2905 ++
 1265  1698   659 ..
 1266  6551  5127 --
 1267  3702  2279 +.
 1268  1240   201 ..
 1269  5924  4498 -+
 1270  3074  1821 +.
 1271   782  6720 .-
 1272  5296  3870 -+
 1273  2446  1363 +.
 1274   324  6092 .-
 1275  4667  3242 ++
 1276  1944   905 ..
 1277  6889  5464 --
 1278  4039  2615 ++
 1279  1486   447 ..
 1280  6261  4837 --
 1281  3411  2067 +.
 1282  1028  7057 .-
 1283  5633  4208 -+
 1284  2783  1609 +.
 1285   570  6429 .-
 1286  5005  3580 -+
 1287  2190  1151 ..
 1288   112  5802 .-
 1289  4376  2952 ++
 1290  1732   693 ..
 1291  6598  5174 --
 1292  3748  2313 +.
 1293  1274   235 ..
 1294  5970  4545 -+
 1295  3120  1855 +.
 1296   816  6767 .-
 1297  5342  3917 -+
 1298  2493  1397 +.
 1299   358  6139 .-
 1300  4713  3289 ++
 1301  1978   939 ..
 1302  6935  5511 --
 1303  4086  2661 ++
 1304  1520   481 ..
 1305  6307  4883 --
 1306  3458  2101 +.
 1307  1062  7104 .-
 1308  5680  4254 -+
 1309  2830  1643 +.
 1310   604  6476 .-
 1311  5052  3626 -+
 1312  2224  1185 ..
 1313   146  5848 .-
 1314  4423  2998 ++
 1315  1766   727 ..
 1316  6645  5220 --
 1317  3795  2347 +.
 1318  1308   269 ..
 1319  6017  4591 -+
 1320  3167  1889 +.
 1321   850  6813 .-
 1322  5389  3964 -+
 1323  2539  1431 +.
 1324   392  6185 .-
 1325  4761  3336 -+
 1326  2012   973 ..
 1327  6982  5558 --
 1328  4132  2708 ++
 1329  1554   515 ..
 1330  6354  4930 --
 1331  3504  2135 +.
 1332  1096    57 ..
 1333  5726  4301 -+
 1334  2876  1677 +.
 1335   638  6523 .-
 1336  5098  3673 -+
 1337  2258  1219 ..
 1338   180  5895 .-
 1339  4469  3045 ++
 1340  1800   761 ..
 1341  6691  5267 --
 1342  3842  2417 ++
 1343  1342   303 ..
 1344  6063  4638 -+
 1345  3214  1923 +.
 1346   884  6860 .-
 1347  5436  4010 -+
 1348  2586  1465 +.
 1349   426  6232 .-
 1350  4808  3382 -+
 1351  2046  1007 ..
 1352  7028  5604 --
 1353  4179  2754 ++
 1354  1588   549 ..
 1355  6401  4976 --
 1356  3551  2169 +.
 1357  1130    91 ..
 1358  5773  4347 -+
 1359  2923  1711 +.
 1360   672  6569 .-
 1361  5145  3720 -+
 1362  2292  1253 ..
 1363   214  5941 .-
 1364  4516  3092 ++
 1365  1834   795 ..
 1366  6738  5314 --
 1367  3888  2464 ++
 1368  1376   337 ..
 1369  6110  4685 -+
 1370  3260  1957 +.
 1371   918  6906 .-
 1372  5482  4057 -+
 1373  2632  1499 +.
 1374   460  6279 .-
 1375  4854  3429 -+
 1376  2080  1041 ..
 1377  7075  5651 --
 1378  4225  2801 ++
 1379  1622   583 ..
 1380  6447  5023 --
 1381  3598  2203 +.
 1382  1164   125 ..
 1383  5819  4394 -+
 1384  2970  1745 +.
 1385   706  6616 .-
 1386  5192  3766 -+
 1387  2326  1287 ..
 1388   248  5988 .-
 1389  4563  3138 ++
 1390  1868   829 ..
 1391  6784  5360 --
 1392  3935  2510 ++
 1393  1410   371 ..
 1394  6157  4731 -+
 1395  3307  1991 +.
 1396   952  6953 .-
 1397  5529  4103 -+
 1398  2679  1533 +.
 1399   494  6325 .-
 1400  4901  3476 -+
 1401  2114  1075 ..
 1402    36  5697 .-
 1403  4272  2848 ++
 1404  1656   617 ..
 1405  6494  5070 --
 1406  3644  2237 +.
 1407  1198   159 ..
 1408  5866  4441 -+
 1409  3016  1779 +.
 1410   740  6662 .-
 1411  5238  3813 -+
 1412  2360  1321 ..
 1413   282  6035 .-
 1414  4609  3185 ++
 1415  1902   863 ..
 1416  6831  5407 --
 1417  3981  2557 ++
 1418  1444   405 ..
 1419  6203  4779 --
 1420  3354  2025 +.
 1421   986  7000 .-
 1422  5575  4150 -+
 1423  2726  1567 +.
 1424   528  6372 .-
 1425  4948  3522 -+
 1426  2148  1109 ..
 1427    70  5744 .-
 1428  4319  2894 ++
 1429  1690   651 ..
 1430  6540  5116 --
 1431  3691  2271 +.
 1432  1232   193 ..
 1433  5913  4487 -+
 1434  3063  1813 +.
 1435   774  6709 .-
 1436  5285  3859 -+
 1437  2435  1355 +.
 1438   316  6081 .-
 1439  4656  3232 ++
 1440  1936   897 ..
 1441  6878  5453 --
 1442  4028  2604 ++
 1443  1478   439 ..
 1444  6250  4826 --
 1445  3400  2059 +.
 1446  1020  7046 .-
 1447  5622  4197 -+
 1448  2772  1601 +.
 1449   562  6418 .-
 1450  4994  3569 -+
 1451  2182  1143 ..
 1452   104  5791 .-
 1453  4365  2941 ++
 1454  1724   685 ..
 1455  6587  5163 --
 1456  3737  2305 +.
 1457  1266   227 ..
 1458  5959  4534 -+
 1459  3109  1847 +.
 1460   808  6756 .-
 1461  5331  3906 -+
 1462  2482  1389 +.
 1463   350  6128 .-
 1464  4702  3278 ++
 1465  1970   931 ..
 1466  6924  5500 --
 1467  4075  2650 ++
 1468  1512   473 ..
 1469  6296  4872 --
 1470  3447  2093 +.
 1471  1054  7093 .-
 1472  5669  4243 -+
 1473  2819  1635 +.
 1474   596  6465 .-
 1475  5041  3615 -+
 1476  2216  1177 ..
 1477   138  5837 .-
 1478  4412  2987 ++
 1479  1758   719 ..
 1480  6634  5209 --
 1481  3784  2339 +.
 1482  1300   261 ..
 1483  6006  4580 -+
 1484  3156  1881 +.
 1485   842  6802 .-
 1486  5378  3953 -+
 1487  2528  1423 +.
 1488   384  6174 .-
 1489  4750  3325 -+
 1490  2004   965 ..
 1491  6971  5547 --
 1492  4121  2697 ++
 1493  1546   507 ..
 1494  6343  4919 --
 1495  3493  2127 +.
 1496  1088    49 ..
 1497  5715  4290 -+
 1498  2865  1669 +.
 1499   630  6512 .-
 1500  5087  3662 -+
 1501  2250  1211 ..
 1502   172  5884 .-
 1503  4458  3034 ++
 1504  1792   753 ..
 1505  6680  5256 --
 1506  3831  2406 ++
 1507  1334   295 ..
 1508  6052  4627 -+
 1509  3203  1915 +.
 1510   876  6849 .-
 1511  5425  3999 -+
 1512  2575  1457 +.
 1513   418  6221 .-
 1514  4797  3371 -+
 1515  2038   999 ..
 1516  7017  5593 --
 1517  4168  2743 ++
 1518  1580   541 ..
 1519  6390  4965 --
 1520  3540  2161 +.
 1521  1122    83 ..
 1522  5762  4336 -+
 1523  2912  1703 +.
 1524   664  6558 .-
 1525  5134  3709 -+
 1526  2284  1245 ..
 1527   206  5930 .-
 1528  4505  3081 ++
 1529  1826   787 ..
 1530  6727  5303 --
 1531  3877  2453 ++
 1532  1368   329 ..
 1533  6099  4674 -+
 1534  3249  1949 +.
 1535   910  6895 .-
 1536  5471  4046 -+
 1537  2621  1491 +.
 1538   452  6268 .-
 1539  4843  3418 -+
 1540  2072  1033 ..
 1541  7064  5640 --
 1542  4214  2790 ++
 1543  1614   575 ..
 1544  6436  5012 --
 1545  3587  2195 +.
 1546  1156   117 ..
 1547  5808  4383 -+
 1548  2959  1737 +.
 1549   698  6605 .-
 1550  5181  3755 -+
 1551  2318  1279 ..
 1552   240  5977 .-
 1553  4552  3127 ++
 1554  1860   821 ..
 1555  6773  5349 --
 1556  3924  2499 ++
 1557  1402   363 ..
 1558  6146  4720 -+
 1559  3296  1983 +.
 1560   944  6942 .-
 1561  5518  4092 -+
 1562  2668  1525 +.
 1563   486  6314 .-
 1564  4890  3465 -+
 1565  2106  1067 ..
 1566  7111  5686 --
 1567  4261  2837 ++
 1568  1648   609 ..
 1569  6483  5059 --
 1570  3633  2229 +.
 1571  1190   151 ..
 1572  5855  4430 -+
 1573  3005  1771 +.
 1574   732  6651 .-
 1575  5227  3802 -+
 1576  2352  1313 ..
 1577   274  6024 .-
 1578  4598  3174 ++
 1579  1894   855 ..
 1580  6820  5396 --
 1581  3970  2546 ++
 1582  1436   397 ..
 1583  6192  4768 --
 1584  3343  2017 +.
 1585   978  6989 .-
 1586  5564  4139 -+
 1587  2715  1559 +.
 1588   520  6361 .-
 1589  4937  3511 -+
 1590  2140  1101 ..
 1591    62  5733 .-
 1592  4308  2883 ++
 1593  1682   643 ..
 1594  6529  5105 --
 1595  3680  2263 +.
 1596  1224   185 ..
 1597  5902  4476 -+
 1598  3052  1805 +.
 1599   766  6698 .-
 1600  5274  3848 -+
 1601  2424  1347 +.
 1602   308  6070 .-
 1603  4645  3221 ++
 1604  1928   889 ..
 1605  6867  5442 --
 1606  4017  2593 ++
 1607  1470   431 ..
 1608  6239  4815 --
 1609  3389  2051 +.
 1610  1012  7035 .-
 1611  5611  4186 -+
 1612  2761  1593 +.
 1613   554  6407 .-
 1614  4983  3558 -+
 1615  2174  1135 ..
 1616    96  5780 .-
 1617  4354  2930 ++
 1618  1716   677 ..
 1619  6576  5152 --
 1620  3726  2297 +.
 1621  1258   219 ..
 1622  5948  4523 -+
 1623  3099  1839 +.
 1624   800  6745 .-
 1625  5320  3895 -+
 1626  2471  1381 +.
 1627   342  6117 .-
 1628  4691  3267 ++
 1629  1962   923 ..
 1630  6913  5489 --
 1631  4064  2639 ++
 1632  1504   465 ..
 1633  6285  4861 --
 1634  3436  2085 +.
 1635  1046  7082 .-
 1636  5658  4232 -+
 1637  2808  1627 +.
 1638   588  6454 .-
 1639  5030  3604 -+
 1640  2208  1169 ..
 1641   130  5826 .-
 1642  4401  2977 ++
 1643  1750   711 ..
 1644  6623  5198 --
 1645  3773  2331 +.
 1646  1292   253 ..
 1647  5995  4569 -+
 1648  3145  1873 +.
 1649   834  6791 .-
 1650  5367  3942 -+
 1651  2517  1415 +.
 1652   376  6163 .-
 1653  4738  3314 ++
 1654  1996   957 ..
 1655  6960  5536 --
 1656  4110  2686 ++
 1657  1538   499 ..
 1658  6332  4908 --
 1659  3482  2119 +.
 1660  1080    41 ..
 1661  5704  4279 -+
 1662  2855  1661 +.
 1663   622  6501 .-
 1664  5076  3651 -+
 1665  2242  1203 ..
 1666   164  5873 .-
 1667  4447  3023 ++
 1668  1784   745 ..
 1669  6669  5245 --
 1670  3820  2365 +.
 1671  1326   287 ..
 1672  6041  4616 -+
 1673  3192  1907 +.
 1674   868  6838 .-
 1675  5414  3988 -+
 1676  2564  1449 +.
 1677   410  6210 .-
 1678  4786  3360 -+
 1679  2030   991 ..
 1680  7007  5582 --
 1681  4157  2733 ++
 1682  1572   533 ..
 1683  6379  4954 --
 1684  3529  2153 +.
 1685  1114    75 ..
 1686  5751  4325 -+
 1687  2901  1695 +.
 1688   656  6547 .-
 1689  5123  3698 -+
 1690  2276  1237 ..
 1691   198  5919 .-
 1692  4494  3070 ++
 1693  1818   779 ..
 1694  6716  5292 --
 1695  3866  2442 ++
 1696  1360   321 ..
 1697  6088  4663 -+
 1698  3238  1941 +.
 1699   902  6885 .-
 1700  5460  4035 -+
 1701  2611  1483 +.
 1702   444  6257 .-
 1703  4832  3407 -+
 1704  2064  1025 ..
 1705  7053  5629 --
 1706  4203  2779 ++
 1707  1606   567 ..
 1708  6425  5001 --
 1709  3576  2187 +.
 1710  1148   109 ..
 1711  5797  4372 -+
 1712  2948  1729 +.
 1713   690  6594 .-
 1714  5170  3744 -+
 1715  2310  1271 ..
 1716   232  5966 .-
 1717  4541  3116 ++
 1718  1852   813 ..
 1719  6763  5338 --
 1720  3913  2489 ++
 1721  1394   355 ..
 1722  6135  4709 -+
 1723  3285  1975 +.
 1724   936  6931 .-
 1725  5507  4081 -+
 1726  2657  1517 +.
 1727   478  6303 .-
 1728  4879  3454 -+
 1729  2098  1059 ..
 1730  7100  5675 --
 1731  4250  2826 ++
 1732  1640   601 ..
 1733  6472  5048 --
 1734  3622  2221 +.
 1735  1182   143 ..
 1736  5844  4419 -+
 1737  2994  1763 +.
 1738   724  6641 .-
 1739  5216  3791 -+
 1740  2344  1305 ..
 1741   266  6013 .-
 1742  4587  3163 ++
 1743  1886   847 ..
 1744  6809  5385 --
 1745  3959  2535 ++
 1746  1428   389 ..
 1747  6181  4757 --
 1748  3332  2009 +.
 1749   970  6978 .-
 1750  5553  4128 -+
 1751  2704  1551 +.
 1752   512  6350 .-
 1753  4926  3500 -+
 1754  2132  1093 ..
 1755    54  5722 .-
 1756  4297  2872 ++
 1757  1674   635 ..
 1758  6519  5094 --
 1759  3669  2255 +.
 1760  1216   177 ..
 1761  5891  4465 -+
 1762  3041  1797 +.
 1763   758  6687 .-
 1764  5263  3837 -+
 1765  2413  1339 +.
 1766   300  6059 .-
 1767  4634  3210 ++
 1768  1920   881 ..
 1769  6856  5431 --
 1770  4006  2582 ++
 1771  1462   423 ..
 1772  6228  4804 --
 1773  3378  2043 +.
 1774  1004  7024 .-
 1775  5600  4175 -+
 1776  2750  1585 +.
 1777   546  6397 .-
 1778  4972  3547 -+
 1779  2166  1127 ..
 1780    88  5769 .-
 1781  4343  2919 ++
 1782  1708   669 ..
 1783  6565  5141 --
 1784  3715  2289 +.
 1785  1250   211 ..
 1786  5937  4512 -+
 1787  3088  1831 +.
 1788   792  6734 .-
 1789  5309  3884 -+
 1790  2460  1373 +.
 1791   334  6106 .-
 1792  4680  3256 ++
 1793  1954   915 ..
 1794  6902  5478 --
 1795  4053  2628 ++
 1796  1496   457 ..
 1797  6275  4850 --
 1798  3425  2077 +.
 1799  1038  7071 .-
 1800  5647  4221 -+
 1801  2797  1619 +.
 1802   580  6443 .-
 1803  5019  3593 -+
 1804  2200  1161 ..
 1805   122  5815 .-
 1806  4390  2966 ++
 1807  1742   703 ..
 1808  6612  5187 --
 1809  3762  2323 +.
 1810  1284   245 ..
 1811  5984  4558 -+
 1812  3134  1865 +.
 1813   826  6780 .-
 1814  5356  3931 -+
 1815  2506  1407 +.
 1816   368  6153 .-
 1817  4727  3303 ++
 1818  1988   949 ..
 1819  6949  5525 --
 1820  4099  2675 ++
 1821  1530   491 ..
 1822  6321  4897 --
 1823  3471  2111 +.
 1824  1072    33 ..
 1825  5693  4268 -+
 1826  2844  1653 +.
 1827   614  6490 .-
 1828  5065  3640 -+
 1829  2234  1195 ..
 1830   156  5862 .-
 1831  4436  3012 ++
 1832  1776   737 ..
 1833  6658  5234 --
 1834  3809  2357 +.
 1835  1318   279 ..
 1836  6031  4605 -+
 1837  3181  1899 +.
 1838   860  6827 .-
 1839  5403  3977 -+
 1840  2553  1441 +.
 1841   402  6199 .-
 1842  4775  3349 -+
 1843  2022   983 ..
 1844  6996  5571 --
 1845  4146  2722 ++
 1846  1564   525 ..
 1847  6368  4943 --
 1848  3518  2145 +.
 1849  1106    67 ..
 1850  5740  4314 -+
 1851  2890  1687 +.
 1852   648  6536 .-
 1853  5112  3687 -+
 1854  2268  1229 ..
 1855   190  5909 .-
 1856  4483  3059 ++
 1857  1810   771 ..
 1858  6705  5281 --
 1859  3855  2431 ++
 1860  1352   313 ..
 1861  6077  4652 -+
 1862  3227  1933 +.
 1863   894  6874 .-
 1864  5449  4024 -+
 1865  2600  1475 +.
 1866   436  6246 .-
 1867  4821  3396 -+
 1868  2056  1017 ..
 1869  7042  5618 --
 1870  4192  2768 ++
 1871  1598   559 ..
 1872  6414  4990 --
 1873  3565  2179 +.
 1874  1140   101 ..
 1875  5787  4361 -+
 1876  2937  1721 +.
 1877   682  6583 .-
 1878  5159  3733 -+
 1879  2302  1263 ..
 1880   224  5955 .-
 1881  4530  3105 ++
 1882  1844   805 ..
 1883  6752  5327 --
 1884  3902  2478 ++
 1885  1386   347 ..
 1886  6124  4698 -+
 1887  3274  1967 +.
 1888   928  6920 .-
 1889  5496  4070 -+
 1890  2646  1509 +.
 1891   470  6292 .-
 1892  4868  3443 -+
 1893  2090  1051 ..
 1894  7089  5665 --
 1895  4239  2815 ++
 1896  1632   593 ..
 1897  6461  5037 --
 1898  3611  2213 +.
 1899  1174   135 ..
 1900  5833  4408 -+
 1901  2983  1755 +.
 1902   716  6630 .-
 1903  5205  3780 -+
 1904  2336  1297 ..
 1905   258  6002 .-
 1906  4576  3152 ++
 1907  1878   839 ..
 1908  6798  5374 --
 1909  3948  2524 ++
 1910  1420   381 ..
 1911  6170  4746 --
 1912  3321  2001 +.
 1913   962  6967 .-
 1914  5543  4117 -+
 1915  2693  1543 +.
 1916   504  6339 .-
 1917  4915  3489 -+
 1918  2124  1085 ..
 1919    46  5711 .-
 1920  4286  2861 ++
 1921  1666   627 ..
 1922  6508  5083 --
 1923  3658  2247 +.
 1924  1208   169 ..
 1925  5880  4454 -+
 1926  3030  1789 +.
 1927   750  6676 .-
 1928  5252  3826 -+
 1929  2370  1331 ..
 1930   292  6048 .-
 1931  4623  3199 ++
 1932  1912   873 ..
 1933  6845  5420 --
 1934  3995  2571 ++
 1935  1454   415 ..
 1936  6217  4793 --
 1937  3367  2035 +.
 1938   996  7013 .-
 1939  5589  4164 -+
 1940  2739  1577 +.
 1941   538  6386 .-
 1942  4961  3536 -+
 1943  2158  1119 ..
 1944    80  5758 .-
 1945  4332  2908 ++
 1946  1700   661 ..
 1947  6554  5130 --
 1948  3704  2281 +.
 1949  1242   203 ..
 1950  5926  4501 -+
 1951  3077  1823 +.
 1952   784  6723 .-
 1953  5298  3873 -+
 1954  2449  1365 +.
 1955   326  6095 .-
 1956  4669  3245 ++
 1957  1946   907 ..
 1958  6891  5467 --
 1959  4042  2617 ++
 1960  1488   449 ..
 1961  6264  4839 --
 1962  3414  2069 +.
 1963  1030  7060 .-
 1964  5636  4210 -+
 1965  2786  1611 +.
 1966   572  6432 .-
 1967  5008  3582 -+
 1968  2192  1153 ..
 1969   114  5804 .-
 1970  4379  2955 ++
 1971  1734   695 ..
 1972  6601  5176 --
 1973  3751  2315 +.
 1974  1276   237 ..
 1975  5973  4547 -+
 1976  3123  1857 +.
 1977   818  6769 .-
 1978  5345  3920 -+
 1979  2495  1399 +.
 1980   360  6142 .-
 1981  4716  3292 ++
 1982  1980   941 ..
 1983  6938  5514 --
 1984  4088  2664 ++
 1985  1522   483 ..
 1986  6310  4886 --
 1987  3460  2103 +.
 1988  1064  7107 .-
 1989  5682  4257 -+
 1990  2833  1645 +.
 1991   606  6479 .-
 1992  5054  3629 -+
 1993  2226  1187 ..
 1994   148  5851 .-
 1995  4425  3001 ++
 1996  1768   729 ..
 1997  6647  5223 --
 1998  3798  2349 +.
 1999  1310   271 ..
 2000  6020  4594 -+
 2001  3170  1891 +.
 2002   852  6816 .-
 2003  5392  3966 -+
 2004  2542  1433 +.
 2005   394  6188 .-
 2006  4764  3338 -+
 2007  2014   975 ..
 2008  6985  5560 --
 2009  4135  2711 ++
 2010  1556   517 ..
 2011  6357  4932 --
 2012  3507  2137 +.
 2013  1098    59 ..
 2014  5729  4303 -+
 2015  2879  1679 +.
 2016   640  6525 .-
 2017  5101  3676 -+
 2018  2260  1221 ..
 2019   182  5898 .-
 2020  4472  3048 ++
 2021  1802   763 ..
 2022  6694  5270 --
 2023  3844  2420 ++
 2024  1344   305 ..
 2025  6066  4641 -+
 2026  3216  1925 +.
 2027   886  6863 .-
 2028  5438  4013 -+
 2029  2589  1467 +.
 2030   428  6235 .-
 2031  4810  3385 -+
 2032  2048  1009 ..
 2033  7031  5607 --
 2034  4181  2757 ++
 2035  1590   551 ..
 2036  6403  4979 --
 2037  3554  2171 +.
 2038  1132    93 ..
 2039  5776  4350 -+
 2040  2926  1713 +.
 2041   674  6572 .-
 2042  5148  3722 -+
 2043  2294  1255 ..
 2044   216  5944 .-
 2045  4519  3094 ++
 2046  1836   797 ..
 2047  6741  5316 --
 2048  3891  2467 ++
 2049  1378   339 ..
 2050  6113  4687 -+
 2051  3263  1959 +.
 2052   920  6909 .-
 2053  5485  4059 -+
 2054  2635  1501 +.
 2055   462  6281 .-
 2056  4857  3432 -+
 2057  2082  1043 ..
 2058  7078  5654 --
 2059  4228  2804 ++
 2060  1624   585 ..
 2061  6450  5026 --
 2062  3600  2205 +.
 2063  1166   127 ..
 2064  5822  4397 -+
 2065  2972  1747 +.
 2066   708  6619 .-
 2067  5194  3769 -+
 2068  2328  1289 ..
 2069   250  5991 .-
 2070  4565  3141 ++
 2071  1870   831 ..
 2072  6787  5363 --
 2073  3937  2513 ++
 2074  1412   373 ..
 2075  6159  4734 -+
 2076  3310  1993 +.
 2077   954  6956 .-
 2078  5532  4106 -+
 2079  2682  1535 +.
 2080   496  6328 .-
 2081  4904  3478 -+
 2082  2116  1077 ..
 2083    38  5700 .-
 2084  4275  2850 ++
 2085  1658   619 ..
 2086  6497  5072 --
 2087  3647  2239 +.
 2088  1200   161 ..
 2089  5869  4443 -+
 2090  3019  1781 +.
 2091   742  6665 .-
 2092  5241  3815 -+
 2093  2362  1323 ..
 2094   284  6037 .-
 2095  4612  3188 ++
 2096  1904   865 ..
 2097  6834  5410 --
 2098  3984  2560 ++
 2099  1446   407 ..
 2100  6206  4782 --
 2101  3356  2027 +.
 2102   988  7002 .-
 2103  5578  4153 -+
 2104  2728  1569 +.
 2105   530  6375 .-
 2106  4950  3525 -+
 2107  2150  1111 ..
 2108    72  5747 .-
 2109  4321  2897 ++
 2110  1692   653 ..
 2111  6543  5119 --
 2112  3693  2273 +.
 2113  1234   195 ..
 2114  5915  4490 -+
 2115  3066  1815 +.
 2116   776  6712 .-
 2117  5288  3862 -+
 2118  2438  1357 +.
 2119   318  6084 .-
 2120  4659  3234 ++
 2121  1938   899 ..
 2122  6880  5456 --
 2123  4031  2606 ++
 2124  1480   441 ..
 2125  6253  4828 --
 2126  3403  2061 +.
 2127  1022  7049 .-
 2128  5625  4199 -+
 2129  2775  1603 +.
 2130   564  6421 .-
 2131  4997  3571 -+
 2132  2184  1145 ..
 2133   106  5793 .-
 2134  4368  2944 ++
 2135  1726   687 ..
 2136  6590  5166 --
 2137  3740  2307 +.
 2138  1268   229 ..
 2139  5962  4537 -+
 2140  3112  1849 +.
 2141   810  6758 .-
 2142  5334  3909 -+
 2143  2484  1391 +.
 2144   352  6131 .-
 2145  4705  3281 ++
 2146  1972   933 ..
 2147  6927  5503 --
 2148  4077  2653 ++
 2149  1514   475 ..
 2150  6299  4875 --
 2151  3449  2095 +.
 2152  1056  7096 .-
 2153  5671  4246 -+
 2154  2822  1637 +.
 2155   598  6468 .-
 2156  5044  3618 -+
 2157  2218  1179 ..
 2158   140  5840 .-
 2159  4415  2990 ++
 2160  1760   721 ..
 2161  6636  5212 --
 2162  3787  2341 +.
 2163  1302   263 ..
 2164  6009  4583 -+
 2165  3159  1883 +.
 2166   844  6805 .-
 2167  5381  3955 -+
 2168  2531  1425 +.
 2169   386  6177 .-
 2170  4753  3327 -+
 2171  2006   967 ..
 2172  6974  5549 --
 2173  4124  2700 ++
 2174  1548   509 ..
 2175  6346  4922 --
 2176  3496  2129 +.
 2177  1090    51 ..
 2178  5718  4293 -+
 2179  2868  1671 +.
 2180   632  6514 .-
 2181  5090  3665 -+
 2182  2252  1213 ..
 2183   174  5887 .-
 2184  4461  3037 ++
 2185  1794   755 ..
 2186  6683  5259 --
 2187  3833  2409 ++
 2188  1336   297 ..
 2189  6055  4630 -+
 2190  3205  1917 +.
 2191   878  6852 .-
 2192  5427  4002 -+
 2193  2578  1459 +.
 2194   420  6224 .-
 2195  4800  3374 -+
 2196  2040  1001 ..
 2197  7020  5596 --
 2198  4171  2746 ++
 2199  1582   543 ..
 2200  6392  4968 --
 2201  3543  2163 +.
 2202  1124    85 ..
 2203  5765  4339 -+
 2204  2915  1705 +.
 2205   666  6561 .-
 2206  5137  3711 -+
 2207  2286  1247 ..
 2208   208  5933 .-
 2209  4508  3083 ++
 2210  1828   789 ..
 2211  6730  5305 --
 2212  3880  2456 ++
 2213  1370   331 ..
 2214  6102  4676 -+
 2215  3252  1951 +.
 2216   912  6898 .-
 2217  5474  4049 -+
 2218  2624  1493 +.
 2219   454  6270 .-
 2220  4846  3421 -+
 2221  2074  1035 ..
 2222  7067  5643 --
 2223  4217  2793 ++
 2224  1616   577 ..
 2225  6439  5015 --
 2226  3589  2197 +.
 2227  1158   119 ..
 2228  5811  4386 -+
 2229  2961  1739 +.
 2230   700  6608 .-
 2231  5183  3758 -+
 2232  2320  1281 ..
 2233   242  5980 .-
 2234  4554  3130 ++
 2235  1862   823 ..
 2236  6776  5352 --
 2237  3927  2502 ++
 2238  1404   365 ..
 2239  6148  4723 -+
 2240  3299  1985 +.
 2241   946  6945 .-
 2242  5521  4095 -+
 2243  2671  1527 +.
 2244   488  6317 .-
 2245  4893  3467 -+
 2246  2108  1069 ..
 2247  7113  5689 --
 2248  4264  2839 ++
 2249  1650   611 ..
 2250  6486  5061 --
 2251  3636  2231 +.
 2252  1192   153 ..
 2253  5858  4432 -+
 2254  3008  1773 +.
 2255   734  6654 .-
 2256  5230  3805 -+
 2257  2354  1315 ..
 2258   276  6026 .-
 2259  4601  3177 ++
 2260  1896   857 ..
 2261  6823  5399 --
 2262  3973  2549 ++
 2263  1438   399 ..
 2264  6195  4771 --
 2265  3345  2019 +.
 2266   980  6991 .-
 2267  5567  4142 -+
 2268  2717  1561 +.
 2269   522  6364 .-
 2270  4939  3514 -+
 2271  2142  1103 ..
 2272    64  5736 .-
 2273  4310  2886 ++
 2274  1684   645 ..
 2275  6532  5108 --
 2276  3682  2265 +.
 2277  1226   187 ..
 2278  5904  4479 -+
 2279  3055  1807 +.
 2280   768  6701 .-
 2281  5277  3851 -+
 2282  2427  1349 +.
 2283   310  6073 .-
 2284  4648  3223 ++
 2285  1930   891 ..
 2286  6869  5445 --
 2287  4020  2595 ++
 2288  1472   433 ..
 2289  6242  4817 --
 2290  3392  2053 +.
 2291  1014  7038 .-
 2292  5614  4188 -+
 2293  2764  1595 +.
 2294   556  6410 .-
 2295  4986  3560 -+
 2296  2176  1137 ..
 2297    98  5782 .-
 2298  4357  2933 ++
 2299  1718   679 ..
 2300  6579  5155 --
 2301  3729  2299 +.
 2302  1260   221 ..
 2303  5951  4526 -+
 2304  3101  1841 +.
 2305   802  6747 .-
 2306  5323  3898 -+
 2307  2473  1383 +.
 2308   344  6120 .-
 2309  4694  3270 ++
 2310  1964   925 ..
 2311  6916  5492 --
 2312  4066  2642 ++
 2313  1506   467 ..
 2314  6288  4864 --
 2315  3438  2087 +.
 2316  1048  7085 .-
 2317  5660  4235 -+
 2318  2811  1629 +.
 2319   590  6457 .-
 2320  5033  3607 -+
 2321  2210  1171 ..
 2322   132  5829 .-
 2323  4404  2979 ++
 2324  1752   713 ..
 2325  6625  5201 --
 2326  3776  2333 +.
 2327  1294   255 ..
 2328  5998  4572 -+
 2329  3148  1875 +.
 2330   836  6794 .-
 2331  5370  3944 -+
 2332  2520  1417 +.
 2333   378  6166 .-
 2334  4741  3316 ++
 2335  1998   959 ..
 2336  6963  5538 --
 2337  4113  2689 ++
 2338  1540   501 ..
 2339  6335  4911 --
 2340  3485  2121 +.
 2341  1082    43 ..
 2342  5707  4282 -+
 2343  2857  1663 +.
 2344   624  6503 .-
 2345  5079  3654 -+
 2346  2244  1205 ..
 2347   166  5876 .-
 2348  4450  3026 ++
 2349  1786   747 ..
 2350  6672  5248 --
 2351  3822  2367 +.
 2352  1328   289 ..
 2353  6044  4619 -+
 2354  3194  1909 +.
 2355   870  6841 .-
 2356  5416  3991 -+
 2357  2567  1451 +.
 2358   412  6213 .-
 2359  4789  3363 -+
 2360  2032   993 ..
 2361  7009  5585 --
 2362  4160  2735 ++
 2363  1574   535 ..
 2364  6381  4957 --
 2365  3532  2155 +.
 2366  1116    77 ..
 2367  5754  4328 -+
 2368  2904  1697 +.
 2369   658  6550 .-
 2370  5126  3700 -+
 2371  2278  1239 ..
 2372   200  5922 .-
 2373  4497  3072 ++
 2374  1820   781 ..
 2375  6719  5294 --
 2376  3869  2445 ++
 2377  1362   323 ..
 2378  6091  4665 -+
 2379  3241  1943 +.
 2380   904  6887 .-
 2381  5463  4038 -+
 2382  2613  1485 +.
 2383   446  6259 .-
 2384  4835  3410 -+
 2385  2066  1027 ..
 2386  7056  5632 --
 2387  4206  2782 ++
 2388  1608   569 ..
 2389  6428  5004 --
 2390  3578  2189 +.
 2391  1150   111 ..
 2392  5800  4375 -+
 2393  2950  1731 +.
 2394   692  6597 .-
 2395  5172  3747 -+
 2396  2312  1273 ..
 2397   234  5969 .-
 2398  4543  3119 ++
 2399  1854   815 ..
 2400  6765  5341 --
 2401  3916  2491 ++
 2402  1396   357 ..
 2403  6137  4712 -+
 2404  3288  1977 +.
 2405   938  6934 .-
 2406  5510  4084 -+
 2407  2660  1519 +.
 2408   480  6306 .-
 2409  4882  3456 -+
 2410  2100  1061 ..
 2411  7102  5678 --
 2412  4253  2828 ++
 2413  1642   603 ..
 2414  6475  5050 --
 2415  3625  2223 +.
 2416  1184   145 ..
 2417  5847  4421 -+
 2418  2997  1765 +.
 2419   726  6643 .-
 2420  5219  3794 -+
 2421  2346  1307 ..
 2422   268  6015 .-
 2423  4590  3166 ++
 2424  1888   849 ..
 2425  6812  5388 --
 2426  3962  2538 ++
 2427  1430   391 ..
 2428  6184  4760 --
 2429  3334  2011 +.
 2430   972  6980 .-
 2431  5556  4131 -+
 2432  2706  1553 +.
 2433   514  6353 .-
 2434  4928  3503 -+
 2435  2134  1095 ..
 2436    56  5725 .-
 2437  4299  2875 ++
 2438  1676   637 ..
 2439  6521  5097 --
 2440  3672  2257 +.
 2441  1218   179 ..
 2442  5893  4468 -+
 2443  3044  1799 +.
 2444   760  6690 .-
 2445  5266  3840 -+
 2446  2416  1341 +.
 2447   302  6062 .-
 2448  4637  3212 ++
 2449  1922   883 ..
 2450  6858  5434 --
 2451  4009  2584 ++
 2452  1464   425 ..
 2453  6231  4806 --
 2454  3381  2045 +.
 2455  1006  7027 .-
 2456  5603  4177 -+
 2457  2753  1587 +.
 2458   548  6399 .-
 2459  4975  3550 -+
 2460  2168  1129 ..
 2461    90  5771 .-
 2462  4346  2922 ++
 2463  1710   671 ..
 2464  6568  5144 --
 2465  3718  2291 +.
 2466  1252   213 ..
 2467  5940  4515 -+
 2468  3090  1833 +.
 2469   794  6736 .-
 2470  5312  3887 -+
 2471  2462  1375 +.
 2472   336  6109 .-
 2473  4683  3259 ++
 2474  1956   917 ..
 2475  6905  5481 --
 2476  4055  2631 ++
 2477  1498   459 ..
 2478  6277  4853 --
 2479  3428  2079 +.
 2480  1040  7074 .-
 2481  5649  4224 -+
 2482  2800  1621 +.
 2483   582  6446 .-
 2484  5022  3596 -+
 2485  2202  1163 ..
 2486   124  5818 .-
 2487  4393  2968 ++
 2488  1744   705 ..
 2489  6614  5190 --
 2490  3765  2325 +.
 2491  1286   247 ..
 2492  5987  4561 -+
 2493  3137  1867 +.
 2494   828  6783 .-
 2495  5359  3933 -+
 2496  2509  1409 +.
 2497   370  6155 .-
 2498  4730  3306 ++
 2499  1990   951 ..
 2500  6952  5527 --
 2501  4102  2678 ++
 2502  1532   493 ..
 2503  6324  4900 --
 2504  3474  2113 +.
 2505  1074    35 ..
 2506  5696  4271 -+
 2507  2846  1655 +.
 2508   616  6492 .-
 2509  5068  3643 -+
 2510  2236  1197 ..
 2511   158  5865 .-
 2512  4439  3015 ++
 2513  1778   739 ..
 2514  6661  5237 --
 2515  3811  2359 +.
 2516  1320   281 ..
 2517  6033  4608 -+
 2518  3184  1901 +.
 2519   862  6830 .-
 2520  5405  3980 -+
 2521  2556  1443 +.
 2522   404  6202 .-
 2523  4778  3352 -+
 2524  2024   985 ..
 2525  6998  5574 --
 2526  4149  2724 ++
 2527  1566   527 ..
 2528  6370  4946 --
 2529  3521  2147 +.
 2530  1108    69 ..
 2531  5743  4317 -+
 2532  2893  1689 +.
 2533   650  6539 .-
 2534  5115  3689 -+
 2535  2270  1231 ..
 2536   192  5911 .-
 2537  4486  3062 ++
 2538  1812   773 ..
 2539  6708  5283 --
 2540  3858  2434 ++
 2541  1354   315 ..
 2542  6080  4654 -+
 2543  3230  1935 +.
 2544   896  6876 .-
 2545  5452  4027 -+
 2546  2602  1477 +.
 2547   438  6248 .-
 2548  4824  3399 -+
 2549  2058  1019 ..
 2550  7045  5621 --
 2551  4195  2771 ++
 2552  1600   561 ..
 2553  6417  4993 --
 2554  3567  2181 +.
 2555  1142   103 ..
 2556  5789  4364 -+
 2557  2940  1723 +.
 2558   684  6586 .-
 2559  5161  3736 -+
 2560  2304  1265 ..
 2561   226  5958 .-
 2562  4532  3108 ++
 2563  1846   807 ..
 2564  6754  5330 --
 2565  3905  2480 ++
 2566  1388   349 ..
 2567  6126  4701 -+
 2568  3277  1969 +.
 2569   930  6923 .-
 2570  5499  4073 -+
 2571  2649  1511 +.
 2572   472  6295 .-
 2573  4871  3445 -+
 2574  2092  1053 ..
 2575  7092  5667 --
 2576  4242  2818 ++
 2577  1634   595 ..
 2578  6464  5039 --
 2579  3614  2215 +.
 2580  1176   137 ..
 2581  5836  4410 -+
 2582  2986  1757 +.
 2583   718  6632 .-
 2584  5208  3783 -+
 2585  2338  1299 ..
 2586   260  6004 .-
 2587  4579  3155 ++
 2588  1880   841 ..
 2589  6801  5377 --
 2590  3951  2527 ++
 2591  1422   383 ..
 2592  6173  4749 --
 2593  3323  2003 +.
 2594   964  6970 .-
 2595  5545  4120 -+
 2596  2696  1545 +.
 2597   506  6342 .-
 2598  4917  3492 -+
 2599  2126  1087 ..
 2600    48  5714 .-
 2601  4288  2864 ++
 2602  1668   629 ..
 2603  6510  5086 --
 2604  3661  2249 +.
 2605  1210   171 ..
 2606  5882  4457 -+
 2607  3033  1791 +.
 2608   752  6679 .-
 2609  5255  3829 -+
 2610  2405  1333 +.
 2611   294  6051 .-
 2612  4626  3201 ++
 2613  1914   875 ..
 2614  6848  5423 --
 2615  3998  2574 ++
 2616  1456   417 ..
 2617  6220  4795 --
 2618  3370  2037 +.
 2619   998  7016 .-
 2620  5592  4166 -+
 2621  2742  1579 +.
 2622   540  6388 .-
 2623  4964  3539 -+
 2624  2160  1121 ..
 2625    82  5760 .-
 2626  4335  2911 ++
 2627  1702   663 ..
 2628  6557  5133 --
 2629  3707  2283 +.
 2630  1244   205 ..
 2631  5929  4504 -+
 2632  3079  1825 +.
 2633   786  6726 .-
 2634  5301  3876 -+
 2635  2452  1367 +.
 2636   328  6098 .-
 2637  4672  3248 ++
 2638  1948   909 ..
 2639  6894  5470 --
 2640  4044  2620 ++
 2641  1490   451 ..
 2642  6266  4842 --
 2643  3417  2071 +.
 2644  1032  7063 .-
 2645  5638  4213 -+
 2646  2789  1613 +.
 2647   574  6435 .-
 2648  5011  3585 -+
 2649  2194  1155 ..
 2650   116  5807 .-
 2651  4382  2957 ++
 2652  1736   697 ..
 2653  6604  5179 --
 2654  3754  2317 +.
 2655  1278   239 ..
 2656  5976  4550 -+
 2657  3126  1859 +.
 2658   820  6772 .-
 2659  5348  3922 -+
 2660  2498  1401 +.
 2661   362  6144 .-
 2662  4719  3295 ++
 2663  1982   943 ..
 2664  6941  5516 --
 2665  4091  2667 ++
 2666  1524   485 ..
 2667  6313  4889 --
 2668  3463  2105 +.
 2669  1066  7109 .-
 2670  5685  4260 -+
 2671  2835  1647 +.
 2672   608  6482 .-
 2673  5057  3632 -+
 2674  2228  1189 ..
 2675   150  5854 .-
 2676  4428  3004 ++
 2677  1770   731 ..
 2678  6650  5226 --
 2679  3800  2351 +.
 2680  1312   273 ..
 2681  6022  4597 -+
 2682  3173  1893 +.
 2683   854  6819 .-
 2684  5394  3969 -+
 2685  2545  1435 +.
 2686   396  6191 .-
 2687  4767  3341 -+
 2688  2016   977 ..
 2689  6987  5563 --
 2690  4138  2713 ++
 2691  1558   519 ..
 2692  6360  4935 --
 2693  3510  2139 +.
 2694  1100    61 ..
 2695  5732  4306 -+
 2696  2882  1681 +.
 2697   642  6528 .-
 2698  5104  3678 -+
 2699  2262  1223 ..
 2700   184  5900 .-
 2701  4475  3051 ++
 2702  1804   765 ..
 2703  6697  5272 --
 2704  3847  2423 ++
 2705  1346   307 ..
 2706  6069  4643 -+
 2707  3219  1927 +.
 2708   888  6865 .-
 2709  5441  4016 -+
 2710  2591  1469 +.
 2711   430  6238 .-
 2712  4813  3388 -+
 2713  2050  1011 ..
 2714  7034  5610 --
 2715  4184  2760 ++
 2716  1592   553 ..
 2717  6406  4982 --
 2718  3556  2173 +.
 2719  1134    95 ..
 2720  5778  4353 -+
 2721  2929  1715 +.
 2722   676  6575 .-
 2723  5150  3725 -+
 2724  2296  1257 ..
 2725   218  5947 .-
 2726  4521  3097 ++
 2727  1838   799 ..
 2728  6743  5319 --
 2729  3894  2469 ++
 2730  1380   341 ..
 2731  6116  4690 -+
 2732  3266  1961 +.
 2733   922  6912 .-
 2734  5488  4062 -+
 2735  2638  1503 +.
 2736   464  6284 .-
 2737  4860  3434 -+
 2738  2084  1045 ..
 2739  7081  5656 --
 2740  4231  2807 ++
 2741  1626   587 ..
 2742  6453  5028 --
 2743  3603  2207 +.
 2744  1168   129 ..
 2745  5825  4399 -+
 2746  2975  1749 +.
 2747   710  6621 .-
 2748  5197  3772 -+
 2749  2330  1291 ..
 2750   252  5993 .-
 2751  4568  3144 ++
 2752  1872   833 ..
 2753  6790  5366 --
 2754  3940  2516 ++
 2755  1414   375 ..
 2756  6162  4737 -+
 2757  3312  1995 +.
 2758   956  6959 .-
 2759  5534  4109 -+
 2760  2685  1537 +.
 2761   498  6331 .-
 2762  4906  3481 -+
 2763  2118  1079 ..
 2764    40  5703 .-
 2765  4277  2853 ++
 2766  1660   621 ..
 2767  6499  5075 --
 2768  3650  2241 +.
 2769  1202   163 ..
 2770  5871  4446 -+
 2771  3022  1783 +.
 2772   744  6668 .-
 2773  5244  3818 -+
 2774  2364  1325 ..
 2775   286  6040 .-
 2776  4615  3190 ++
 2777  1906   867 ..
 2778  6837  5412 --
 2779  3987  2563 ++
 2780  1448   409 ..
 2781  6209  4784 --
 2782  3359  2029 +.
 2783   990  7005 .-
 2784  5581  4155 -+
 2785  2731  1571 +.
 2786   532  6377 .-
 2787  4953  3528 -+
 2788  2152  1113 ..
 2789    74  5749 .-
 2790  4324  2900 ++
 2791  1694   655 ..
 2792  6546  5122 --
 2793  3696  2275 +.
 2794  1236   197 ..
 2795  5918  4493 -+
 2796  3068  1817 +.
 2797   778  6715 .-
 2798  5290  3865 -+
 2799  2441  1359 +.
 2800   320  6087 .-
 2801  4661  3237 ++
 2802  1940   901 ..
 2803  6883  5459 --
 2804  4033  2609 ++
 2805  1482   443 ..
 2806  6255  4831 --
 2807  3406  2063 +.
 2808  1024  7052 .-
 2809  5627  4202 -+
 2810  2778  1605 +.
 2811   566  6424 .-
 2812  5000  3574 -+
 2813  2186  1147 ..
 2814   108  5796 .-
 2815  4371  2946 ++
 2816  1728   689 ..
 2817  6593  5168 --
 2818  3743  2309 +.
 2819  1270   231 ..
 2820  5965  4539 -+
 2821  3115  1851 +.
 2822   812  6761 .-
 2823  5337  3911 -+
 2824  2487  1393 +.
 2825   354  6133 .-
 2826  4708  3284 ++
 2827  1974   935 ..
 2828  6930  5505 --
 2829  4080  2656 ++
 2830  1516   477 ..
 2831  6302  4878 --
 2832  3452  2097 +.
 2833  1058  7098 .-
 2834  5674  4249 -+
 2835  2824  1639 +.
 2836   600  6471 .-
 2837  5046  3621 -+
 2838  2220  1181 ..
 2839   142  5843 .-
 2840  4417  2993 ++
 2841  1762   723 ..
 2842  6639  5215 --
 2843  3789  2343 +.
 2844  1304   265 ..
 2845  6011  4586 -+
 2846  3162  1885 +.
 2847   846  6808 .-
 2848  5383  3958 -+
 2849  2534  1427 +.
 2850   388  6180 .-
 2851  4756  3330 -+
 2852  2008   969 ..
 2853  6976  5552 --
 2854  4127  2702 ++
 2855  1550   511 ..
 2856  6349  4924 --
 2857  3499  2131 +.
 2858  1092    53 ..
 2859  5721  4295 -+
 2860  2871  1673 +.
 2861   634  6517 .-
 2862  5093  3667 -+
 2863  2254  1215 ..
 2864   176  5889 .-
 2865  4464  3040 ++
 2866  1796   757 ..
 2867  6686  5261 --
 2868  3836  2412 ++
 2869  1338   299 ..
 2870  6058  4632 -+
 2871  3208  1919 +.
 2872   880  6854 .-
 2873  5430  4005 -+
 2874  2580  1461 +.
 2875   422  6227 .-
 2876  4802  3377 -+
 2877  2042  1003 ..
 2878  7023  5599 --
 2879  4173  2749 ++
 2880  1584   545 ..
 2881  6395  4971 --
 2882  3545  2165 +.
 2883  1126    87 ..
 2884  5767  4342 -+
 2885  2918  1707 +.
 2886   668  6564 .-
 2887  5139  3714 -+
 2888  2288  1249 ..
 2889   210  5936 .-
 2890  4510  3086 ++
 2891  1830   791 ..
 2892  6732  5308 --
 2893  3883  2458 ++
 2894  1372   333 ..
 2895  6105  4679 -+
 2896  3255  1953 +.
 2897   914  6901 .-
 2898  5477  4051 -+
 2899  2627  1495 +.
 2900   456  6273 .-
 2901  4849  3423 -+
 2902  2076  1037 ..
 2903  7070  5645 --
 2904  4220  2796 ++
 2905  1618   579 ..
 2906  6442  5017 --
 2907  3592  2199 +.
 2908  1160   121 ..
 2909  5814  4388 -+
 2910  2964  1741 +.
 2911   702  6610 .-
 2912  5186  3761 -+
 2913  2322  1283 ..
 2914   244  5983 .-
 2915  4557  3133 ++
 2916  1864   825 ..
 2917  6779  5355 --
 2918  3929  2505 ++
 2919  1406   367 ..
 2920  6151  4726 -+
 2921  3301  1987 +.
 2922   948  6948 .-
 2923  5523  4098 -+
 2924  2674  1529 +.
 2925   490  6320 .-
 2926  4895  3470 -+
 2927  2110  1071 ..
 2928  2380  2380 R+
 2929  2381  2381 R+
 2930  2382  2382 R+
 2931  2383  2383 R+
 2932  2384  2384 R+
 2933  2385  2385 R+
 2934  2386  2386 R+
 2935  2387  2387 R+
 2936  2388  2388 R+
 2937  2389  2389 R+
 2938  2390  2390 R+
 2939  2391  2391 R+
 2940  2392  2392 R+
 2941  2393  2393 R+
 2942  2394  2394 R+
 2943  2395  2395 R+
 2944  2396  2396 R+
 2945  2397  2397 R+
 2946  2398  2398 R+
 2947  2399  2399 R+
 2948  2400  2400 R+
 2949  2401  2401 R+
 2950  2402  2402 R+
 2951  2403  2403 R+
Total data plus flush bits=2372, p-parity bits=1738, q-parity=1730, Errors=0, Repetition=64
