R20T1XL2
Channel Interleaving, Puncturing and Mapping to 16-QAM
User data=928, with flush=932, Channel Symbols=596, Channel Bits=2384, Parity=1452, p=q=726, Coding Rate=0.389262
D=928, FECSy=596, DF=932, N=2384, P=1452, p=726, distep=577, dd=0, pistep=449, pp=725, ppstep=1.283747, ppstart=932.500000, qpstart=1865.141846, k=130, mx=4.584615

Symbol   I1    I0    Q1    Q0  Pattern= . =data, + =p parity, - =q parity
-------------------------------------------------------------------------
    0  1863  1507  1865  2220 ++--
    1     0  1152   577  2576 .+.-
    2   222  1728   799  1999 .+.-
    3   444  1372    89  2355 .+.-
    4   666  1017   311  2711 .+.-
    5  1593  1238  2134  2490 ++--
    6   888  1814   533  1913 .+.-
    7   178  1458   755  2269 .+.-
    8   400  1103    45  2625 .+.-
    9   622  1679   267  2048 .+.-
   10  1324   968  2404  2759 ++--
   11   844  1544   489  2183 .+.-
   12   134  1189   711  2539 .+.-
   13   356  1765     1  1962 .+.-
   14  1410  1054  2318  2673 ++--
   15   578  1630   223  2097 .+.-
   16   800  1275   445  2453 .+.-
   17    90  1851   667  1876 .+.-
   18   312  1496   889  2232 .+.-
   19  1140  1716  2587  2011 ++--
   20   534  1361   179  2367 .+.-
   21   756  1005   401  2722 .+.-
   22    46  1582   623  2146 .+.-
   23  1226  1802  2501  1925 ++--
   24   268  1447   845  2281 .+.-
   25   490  1091   135  2636 .+.-
   26   712  1668   357  2060 .+.-
   27     2  1312   579  2415 .+.-
   28   956  1533  2771  2195 ++--
   29   224  1177   801  2550 .+.-
   30   446  1754    91  1974 .+.-
   31   668  1398   313  2329 .+.-
   32   890  1042   535  2685 .+.-
   33  1619  1263  2109  2464 ++--
   34   180  1840   757  1888 .+.-
   35   402  1484    47  2243 .+.-
   36   624  1128   269  2599 .+.-
   37  1705  1349  2023  2378 ++--
   38   846   994   491  2734 .+.-
   39   136  1570   713  2157 .+.-
   40   358  1214     3  2513 .+.-
   41   580  1791   225  1937 .+.-
   42  1435  1080  2292  2648 ++--
   43   802  1656   447  2071 .+.-
   44    92  1300   669  2427 .+.-
   45   314   945   891  2783 .+.-
   46  1521  1166  2206  2562 ++--
   47   536  1742   181  1985 .+.-
   48   758  1386   403  2341 .+.-
   49    48  1031   625  2697 .+.-
   50   270  1607   847  2120 .+.-
   51  1252  1828  2476  1899 ++--
   52   492  1472   137  2255 .+.-
   53   714  1117   359  2610 .+.-
   54     4  1693   581  2034 .+.-
   55   226  1338   803  2390 .+.-
   56   982  1558  2745  2169 ++--
   57   448  1203    93  2524 .+.-
   58   670  1779   315  1948 .+.-
   59   892  1424   537  2304 .+.-
   60  1068  1644  2659  2083 ++--
   61   182  1289   759  2438 .+.-
   62   404   933    49  2794 .+.-
   63   626  1510   271  2218 .+.-
   64   848  1154   493  2573 .+.-
   65  1730  1375  1997  2352 ++--
   66   138  1019   715  2708 .+.-
   67   360  1596     5  2132 .+.-
   68   582  1240   227  2487 .+.-
   69  1817  1461  1911  2266 ++--
   70   804  1105   449  2622 .+.-
   71    94  1682   671  2046 .+.-
   72   316  1326   893  2401 .+.-
   73   538   971   183  2757 .+.-
   74  1547  1191  2180  2536 ++--
   75   760  1768   405  1960 .+.-
   76    50  1412   627  2315 .+.-
   77   272  1057   849  2671 .+.-
   78  1633  1277  2094  2450 ++--
   79   494  1854   139  1874 .+.-
   80   716  1498   361  2229 .+.-
   81     6  1143   583  2585 .+.-
   82   228  1719   805  2008 .+.-
   83  1363  1008  2364  2720 ++--
   84   450  1584    95  2143 .+.-
   85   672  1229   317  2499 .+.-
   86   894  1805   539  1922 .+.-
   87   184  1449   761  2278 .+.-
   88  1094  1670  2634  2057 ++--
   89   406  1315    51  2413 .+.-
   90   628   959   273  2768 .+.-
   91   850  1535   495  2192 .+.-
   92  1180  1756  2548  1971 ++--
   93   140  1401   717  2327 .+.-
   94   362  1045     7  2682 .+.-
   95   584  1621   229  2106 .+.-
   96   806  1266   451  2462 .+.-
   97  1842  1487  1885  2241 ++--
   98    96  1131   673  2596 .+.-
   99   318  1707   895  2020 .+.-
  100   540  1352   185  2376 .+.-
  101   996  1573  2731  2155 ++--
  102   762  1217   407  2510 .+.-
  103    52  1793   629  1934 .+.-
  104   274  1438   851  2290 .+.-
  105   496  1082   141  2645 .+.-
  106  1659  1303  2069  2424 ++--
  107   718   947   363  2780 .+.-
  108     8  1524   585  2204 .+.-
  109   230  1168   807  2559 .+.-
  110   452  1745    97  1983 .+.-
  111  1389  1033  2338  2694 ++--
  112   674  1610   319  2118 .+.-
  113   896  1254   541  2473 .+.-
  114   186  1831   763  1897 .+.-
  115  1475  1119  2252  2608 ++--
  116   408  1696    53  2032 .+.-
  117   630  1340   275  2387 .+.-
  118   852   985   497  2743 .+.-
  119   142  1561   719  2166 .+.-
  120  1205  1782  2522  1946 ++--
  121   364  1426     9  2301 .+.-
  122   586  1071   231  2657 .+.-
  123   808  1647   453  2080 .+.-
  124  1291   936  2436  2792 ++--
  125    98  1512   675  2215 .+.-
  126   320  1157   897  2571 .+.-
  127   542  1733   187  1994 .+.-
  128   764  1377   409  2350 .+.-
  129  1022  1598  2705  2129 ++--
  130    54  1243   631  2485 .+.-
  131   276  1819   853  1908 .+.-
  132   498  1463   143  2264 .+.-
  133  1108  1684  2619  2043 ++--
  134   720  1329   365  2399 .+.-
  135    10   973   587  2754 .+.-
  136   232  1549   809  2178 .+.-
  137   454  1194    99  2533 .+.-
  138  1770  1415  1957  2313 ++--
  139   676  1059   321  2668 .+.-
  140   898  1635   543  2092 .+.-
  141   188  1280   765  2447 .+.-
  142   410  1856    55  1871 .+.-
  143  1501  1145  2227  2582 ++--
  144   632  1722   277  2006 .+.-
  145   854  1366   499  2361 .+.-
  146   144  1010   721  2717 .+.-
  147  1587  1231  2141  2496 ++--
  148   366  1808    11  1920 .+.-
  149   588  1452   233  2275 .+.-
  150   810  1096   455  2631 .+.-
  151   100  1673   677  2055 .+.-
  152  1317   962  2410  2766 ++--
  153   322  1538   899  2189 .+.-
  154   544  1182   189  2545 .+.-
  155   766  1759   411  1969 .+.-
  156  1403  1048  2324  2680 ++--
  157    56  1624   633  2103 .+.-
  158   278  1268   855  2459 .+.-
  159   500  1845   145  1883 .+.-
  160   722  1489   367  2238 .+.-
  161  1134  1710  2594  2017 ++--
  162    12  1354   589  2373 .+.-
  163   234   999   811  2729 .+.-
  164   456  1575   101  2152 .+.-
  165   678  1220   323  2508 .+.-
  166  1796  1440  1931  2287 ++--
  167   900  1085   545  2643 .+.-
  168   190  1661   767  2066 .+.-
  169   412  1306    57  2422 .+.-
  170   950  1526  2777  2201 ++--
  171   634  1171   279  2557 .+.-
  172   856  1747   501  1980 .+.-
  173   146  1392   723  2336 .+.-
  174   368  1036    13  2691 .+.-
  175  1612  1257  2115  2471 ++--
  176   590  1833   235  1894 .+.-
  177   812  1478   457  2250 .+.-
  178   102  1122   679  2605 .+.-
  179  1698  1343  2029  2385 ++--
  180   324   987   901  2740 .+.-
  181   546  1564   191  2164 .+.-
  182   768  1208   413  2519 .+.-
  183    58  1784   635  1943 .+.-
  184  1429  1073  2299  2654 ++--
  185   280  1650   857  2078 .+.-
  186   502  1294   147  2433 .+.-
  187   724   938   369  2789 .+.-
  188  1515  1159  2213  2568 ++--
  189    14  1736   591  1992 .+.-
  190   236  1380   813  2347 .+.-
  191   458  1024   103  2703 .+.-
  192   680  1601   325  2127 .+.-
  193  1245  1822  2482  1906 ++--
  194   902  1466   547  2261 .+.-
  195   192  1110   769  2617 .+.-
  196   414  1687    59  2041 .+.-
  197   636  1331   281  2396 .+.-
  198   976  1552  2752  2175 ++--
  199   858  1196   503  2531 .+.-
  200   148  1773   725  1955 .+.-
  201   370  1417    15  2310 .+.-
  202  1062  1638  2666  2089 ++--
  203   592  1282   237  2445 .+.-
  204   814  1859   459  1868 .+.-
  205   104  1503   681  2224 .+.-
  206   326  1148   903  2580 .+.-
  207  1724  1368  2003  2359 ++--
  208   548  1013   193  2714 .+.-
  209   770  1589   415  2138 .+.-
  210    60  1234   637  2494 .+.-
  211  1810  1454  1917  2273 ++--
  212   282  1099   859  2628 .+.-
  213   504  1675   149  2052 .+.-
  214   726  1320   371  2408 .+.-
  215    16   964   593  2763 .+.-
  216  1540  1185  2187  2542 ++--
  217   238  1761   815  1966 .+.-
  218   460  1406   105  2322 .+.-
  219   682  1050   327  2677 .+.-
  220   904  1627   549  2101 .+.-
  221  1271  1847  2456  1880 ++--
  222   194  1492   771  2236 .+.-
  223   416  1136    61  2591 .+.-
  224   638  1713   283  2015 .+.-
  225  1357  1001  2370  2726 ++--
  226   860  1578   505  2150 .+.-
  227   150  1222   727  2505 .+.-
  228   372  1799    17  1929 .+.-
  229   594  1443   239  2284 .+.-
  230  1087  1664  2640  2064 ++--
  231   816  1308   461  2419 .+.-
  232   106   953   683  2775 .+.-
  233   328  1529   905  2198 .+.-
  234  1173  1750  2554  1978 ++--
  235   550  1394   195  2333 .+.-
  236   772  1039   417  2689 .+.-
  237    62  1615   639  2112 .+.-
  238   284  1259   861  2468 .+.-
  239  1836  1480  1892  2247 ++--
  240   506  1125   151  2603 .+.-
  241   728  1701   373  2026 .+.-
  242    18  1345   595  2382 .+.-
  243   990  1566  2738  2161 ++--
  244   240  1211   817  2517 .+.-
  245   462  1787   107  1940 .+.-
  246   684  1431   329  2296 .+.-
  247   906  1076   551  2652 .+.-
  248  1652  1297  2075  2431 ++--
  249   196   941   773  2786 .+.-
  250   418  1517    63  2210 .+.-
  251   640  1162   285  2566 .+.-
  252   862  1738   507  1989 .+.-
  253  1383  1027  2345  2700 ++--
  254   152  1603   729  2124 .+.-
  255   374  1248    19  2480 .+.-
  256   596  1824   241  1903 .+.-
  257  1469  1113  2259  2614 ++--
  258   818  1689   463  2038 .+.-
  259   108  1334   685  2394 .+.-
  260   330   978   907  2749 .+.-
  261   552  1555   197  2173 .+.-
  262  1199  1775  2528  1952 ++--
  263   774  1420   419  2308 .+.-
  264    64  1064   641  2663 .+.-
  265   286  1641   863  2087 .+.-
  266  1285  1861  2442  1866 ++--
  267   508  1506   153  2222 .+.-
  268   730  1150   375  2577 .+.-
  269    20  1727   597  2001 .+.-
  270   242  1371   819  2356 .+.-
  271  1015  1592  2712  2136 ++--
  272   464  1236   109  2491 .+.-
  273   686  1813   331  1915 .+.-
  274   908  1457   553  2270 .+.-
  275   198  1101   775  2626 .+.-
  276  1678  1322  2050  2405 ++--
  277   420   967    65  2761 .+.-
  278   642  1543   287  2184 .+.-
  279   864  1187   509  2540 .+.-
  280  1764  1408  1963  2319 ++--
  281   154  1053   731  2675 .+.-
  282   376  1629    21  2098 .+.-
  283   598  1273   243  2454 .+.-
  284   820  1850   465  1877 .+.-
  285  1494  1139  2233  2589 ++--
  286   110  1715   687  2012 .+.-
  287   332  1359   909  2368 .+.-
  288   554  1004   199  2723 .+.-
  289  1580  1225  2147  2503 ++--
  290   776  1801   421  1926 .+.-
  291    66  1445   643  2282 .+.-
  292   288  1090   865  2637 .+.-
  293   510  1666   155  2061 .+.-
  294  1311   955  2417  2772 ++--
  295   732  1532   377  2196 .+.-
  296    22  1176   599  2551 .+.-
  297   244  1752   821  1975 .+.-
  298  1397  1041  2331  2686 ++--
  299   466  1618   111  2110 .+.-
  300   688  1262   333  2465 .+.-
  301   910  1838   555  1889 .+.-
  302   200  1483   777  2245 .+.-
  303  1127  1704  2600  2024 ++--
  304   422  1348    67  2379 .+.-
  305   644   992   289  2735 .+.-
  306   866  1569   511  2159 .+.-
  307   156  1213   733  2514 .+.-
  308  1790  1434  1938  2293 ++--
  309   378  1078    23  2649 .+.-
  310   600  1655   245  2073 .+.-
  311   822  1299   467  2428 .+.-
  312   944  1520  2784  2207 ++--
  313   112  1164   689  2563 .+.-
  314   334  1741   911  1987 .+.-
  315   556  1385   201  2342 .+.-
  316   778  1030   423  2698 .+.-
  317  1606  1250  2121  2477 ++--
  318    68  1827   645  1901 .+.-
  319   290  1471   867  2256 .+.-
  320   512  1116   157  2612 .+.-
  321  1692  1336  2035  2391 ++--
  322   734   981   379  2747 .+.-
  323    24  1557   601  2170 .+.-
  324   246  1202   823  2526 .+.-
  325   468  1778   113  1949 .+.-
  326  1422  1067  2305  2661 ++--
  327   690  1643   335  2084 .+.-
  328   912  1288   557  2440 .+.-
  329   202   932   779  2795 .+.-
  330   424  1508    69  2219 .+.-
  331  1153  1729  2575  1998 ++--
  332   646  1374   291  2354 .+.-
  333   868  1018   513  2709 .+.-
  334   158  1594   735  2133 .+.-
  335  1239  1815  2489  1912 ++--
  336   380  1460    25  2268 .+.-
  337   602  1104   247  2623 .+.-
  338   824  1680   469  2047 .+.-
  339   114  1325   691  2403 .+.-
  340   969  1546  2758  2182 ++--
  341   336  1190   913  2537 .+.-
  342   558  1766   203  1961 .+.-
  343   780  1411   425  2317 .+.-
  344  1055  1632  2672  2096 ++--
  345    70  1276   647  2451 .+.-
  346   292  1852   869  1875 .+.-
  347   514  1497   159  2231 .+.-
  348   736  1141   381  2586 .+.-
  349  1718  1362  2010  2365 ++--
  350    26  1006   603  2721 .+.-
  351   248  1583   825  2144 .+.-
  352   470  1227   115  2500 .+.-
  353   692  1804   337  1924 .+.-
  354  1448  1092  2279  2635 ++--
  355   914  1669   559  2058 .+.-
  356   204  1313   781  2414 .+.-
  357   426   958    71  2770 .+.-
  358  1534  1178  2193  2549 ++--
  359   648  1755   293  1972 .+.-
  360   870  1399   515  2328 .+.-
  361   160  1044   737  2684 .+.-
  362   382  1620    27  2107 .+.-
  363  1264  1841  2463  1886 ++--
  364   604  1485   249  2242 .+.-
  365   826  1130   471  2598 .+.-
  366   116  1706   693  2021 .+.-
  367  1351   995  2377  2732 ++--
  368   338  1571   915  2156 .+.-
  369   560  1216   205  2512 .+.-
  370   782  1792   427  1935 .+.-
  371    72  1437   649  2291 .+.-
  372  1081  1657  2646  2070 ++--
  373   294  1302   871  2426 .+.-
  374   516   946   161  2781 .+.-
  375   738  1523   383  2205 .+.-
  376  1167  1743  2560  1984 ++--
  377    28  1388   605  2340 .+.-
  378   250  1032   827  2695 .+.-
  379   472  1609   117  2119 .+.-
  380   694  1253   339  2474 .+.-
  381  1829  1474  1898  2254 ++--
  382   916  1118   561  2609 .+.-
  383   206  1695   783  2033 .+.-
  384   428  1339    73  2388 .+.-
  385   650   983   295  2744 .+.-
  386  1560  1204  2168  2523 ++--
  387   872  1781   517  1947 .+.-
  388   162  1425   739  2302 .+.-
  389   384  1069    29  2658 .+.-
  390  1646  1290  2082  2437 ++--
  391   606   935   251  2793 .+.-
  392   828  1511   473  2216 .+.-
  393   118  1155   695  2572 .+.-
  394   340  1732   917  1996 .+.-
  395  1376  1021  2351  2707 ++--
  396   562  1597   207  2130 .+.-
  397   784  1241   429  2486 .+.-
  398    74  1818   651  1910 .+.-
  399  1462  1107  2265  2621 ++--
  400   296  1683   873  2044 .+.-
  401   518  1327   163  2400 .+.-
  402   740   972   385  2756 .+.-
  403    30  1548   607  2179 .+.-
  404  1193  1769  2535  1958 ++--
  405   252  1413   829  2314 .+.-
  406   474  1058   119  2670 .+.-
  407   696  1634   341  2093 .+.-
  408   918  1279   563  2449 .+.-
  409  1855  1499  1872  2228 ++--
  410   208  1144   785  2584 .+.-
  411   430  1720    75  2007 .+.-
  412   652  1365   297  2363 .+.-
  413  1009  1585  2718  2142 ++--
  414   874  1230   519  2498 .+.-
  415   164  1806   741  1921 .+.-
  416   386  1451    31  2277 .+.-
  417   608  1095   253  2632 .+.-
  418  1671  1316  2056  2412 ++--
  419   830   960   475  2767 .+.-
  420   120  1537   697  2191 .+.-
  421   342  1181   919  2546 .+.-
  422  1757  1402  1970  2326 ++--
  423   564  1046   209  2681 .+.-
  424   786  1623   431  2105 .+.-
  425    76  1267   653  2460 .+.-
  426   298  1843   875  1884 .+.-
  427  1488  1132  2239  2595 ++--
  428   520  1709   165  2019 .+.-
  429   742  1353   387  2374 .+.-
  430    32   997   609  2730 .+.-
  431  1574  1218  2153  2509 ++--
  432   254  1795   831  1933 .+.-
  433   476  1439   121  2288 .+.-
  434   698  1083   343  2644 .+.-
  435   920  1660   565  2067 .+.-
  436  1304   949  2423  2779 ++--
  437   210  1525   787  2202 .+.-
  438   432  1169    77  2558 .+.-
  439   654  1746   299  1981 .+.-
  440   876  1390   521  2337 .+.-
  441  1035  1611  2693  2116 ++--
  442   166  1256   743  2472 .+.-
  443   388  1832    33  1895 .+.-
  444   610  1476   255  2251 .+.-
  445  1121  1697  2607  2030 ++--
  446   832  1342   477  2386 .+.-
  447   122   986   699  2741 .+.-
  448   344  1562   921  2165 .+.-
  449   566  1207   211  2521 .+.-
  450  1783  1428  1944  2300 ++--
  451   788  1072   433  2655 .+.-
  452    78  1648   655  2079 .+.-
  453   300  1293   877  2435 .+.-
  454   937  1514  2790  2214 ++--
  455   522  1158   167  2569 .+.-
  456   744  1734   389  1993 .+.-
  457    34  1379   611  2349 .+.-
  458   256  1023   833  2704 .+.-
  459  1600  1244  2128  2483 ++--
  460   478  1820   123  1907 .+.-
  461   700  1465   345  2263 .+.-
  462   922  1109   567  2618 .+.-
  463   212  1686   789  2042 .+.-
  464  1330   974  2397  2753 ++--
  465   434  1551    79  2177 .+.-
  466   656  1195   301  2532 .+.-
  467   878  1772   523  1956 .+.-
  468  1416  1060  2311  2667 ++--
  469   168  1637   745  2091 .+.-
  470   390  1281    35  2446 .+.-
  471   612  1858   257  1870 .+.-
  472   834  1502   479  2225 .+.-
  473  1146  1723  2581  2005 ++--
  474   124  1367   701  2360 .+.-
  475   346  1012   923  2716 .+.-
  476   568  1588   213  2139 .+.-
  477  1232  1809  2495  1919 ++--
  478   790  1453   435  2274 .+.-
  479    80  1098   657  2630 .+.-
  480   302  1674   879  2053 .+.-
  481   524  1318   169  2409 .+.-
  482   963  1539  2765  2188 ++--
  483   746  1184   391  2544 .+.-
  484    36  1760   613  1967 .+.-
  485   258  1404   835  2323 .+.-
  486  1049  1625  2679  2102 ++--
  487   480  1270   125  2458 .+.-
  488   702  1846   347  1881 .+.-
  489   924  1490   569  2237 .+.-
  490   214  1135   791  2593 .+.-
  491  1711  1356  2016  2372 ++--
  492   436  1000    81  2727 .+.-
  493   658  1576   303  2151 .+.-
  494   880  1221   525  2507 .+.-
  495   170  1797   747  1930 .+.-
  496  1442  1086  2286  2641 ++--
  497   392  1662    37  2065 .+.-
  498   614  1307   259  2421 .+.-
  499   836   951   481  2776 .+.-
  500  1528  1172  2200  2555 ++--
  501   126  1748   703  1979 .+.-
  502   348  1393   925  2334 .+.-
  503   570  1037   215  2690 .+.-
  504   792  1614   437  2114 .+.-
  505  1258  1834  2469  1893 ++--
  506    82  1479   659  2248 .+.-
  507   304  1123   881  2604 .+.-
  508   526  1700   171  2028 .+.-
  509  1344   988  2383  2739 ++--
  510   748  1565   393  2162 .+.-
  511    38  1209   615  2518 .+.-
  512   260  1786   837  1942 .+.-
  513   482  1430   127  2297 .+.-
  514  1074  1651  2653  2076 ++--
  515   704  1295   349  2432 .+.-
  516   926   940   571  2788 .+.-
  517   216  1516   793  2211 .+.-
  518   438  1161    83  2567 .+.-
  519  1737  1381  1990  2346 ++--
  520   660  1026   305  2702 .+.-
  521   882  1602   527  2125 .+.-
  522   172  1247   749  2481 .+.-
  523  1823  1467  1904  2260 ++--
  524   394  1112    39  2616 .+.-
  525   616  1688   261  2039 .+.-
  526   838  1333   483  2395 .+.-
  527   128   977   705  2750 .+.-
  528  1553  1198  2174  2530 ++--
  529   350  1774   927  1953 .+.-
  530   572  1419   217  2309 .+.-
  531   794  1063   439  2664 .+.-
  532  1639  1284  2088  2444 ++--
  533    84  1860   661  1867 .+.-
  534   306  1505   883  2223 .+.-
  535   528  1149   173  2578 .+.-
  536   750  1725   395  2002 .+.-
  537  1370  1014  2358  2713 ++--
  538    40  1591   617  2137 .+.-
  539   262  1235   839  2492 .+.-
  540   484  1811   129  1916 .+.-
  541  1456  1100  2272  2627 ++--
  542   706  1677   351  2051 .+.-
  543   928  1321   573  2406 .+.-
  544   218   965   795  2762 .+.-
  545   440  1542    85  2186 .+.-
  546  1186  1763  2541  1965 ++--
  547   662  1407   307  2320 .+.-
  548   884  1051   529  2676 .+.-
  549   174  1628   751  2100 .+.-
  550   396  1272    41  2455 .+.-
  551  1849  1493  1879  2234 ++--
  552   618  1137   263  2590 .+.-
  553   840  1714   485  2014 .+.-
  554   130  1358   707  2369 .+.-
  555  1003  1579  2725  2148 ++--
  556   352  1223   929  2504 .+.-
  557   574  1800   219  1928 .+.-
  558   796  1444   441  2283 .+.-
  559    86  1089   663  2639 .+.-
  560  1665  1309  2062  2418 ++--
  561   308   954   885  2774 .+.-
  562   530  1530   175  2197 .+.-
  563   752  1175   397  2553 .+.-
  564  1751  1395  1976  2332 ++--
  565    42  1040   619  2688 .+.-
  566   264  1616   841  2111 .+.-
  567   486  1261   131  2467 .+.-
  568   708  1837   353  1890 .+.-
  569  1481  1126  2246  2602 ++--
  570   930  1702   575  2025 .+.-
  571   220  1347   797  2381 .+.-
  572   442   991    87  2736 .+.-
  573   664  1567   309  2160 .+.-
  574  1212  1788  2516  1939 ++--
  575   886  1433   531  2295 .+.-
  576   176  1077   753  2650 .+.-
  577   398  1653    43  2074 .+.-
  578  1298   942  2429  2785 ++--
  579   620  1519   265  2209 .+.-
  580   842  1163   487  2564 .+.-
  581   132  1739   709  1988 .+.-
  582   354  1384   931  2343 .+.-
  583  1028  1605  2699  2123 ++--
  584   576  1249   221  2478 .+.-
  585   798  1825   443  1902 .+.-
  586    88  1470   665  2257 .+.-
  587  1114  1691  2613  2037 ++--
  588   310  1335   887  2392 .+.-
  589   532   979   177  2748 .+.-
  590   754  1556   399  2171 .+.-
  591    44  1200   621  2527 .+.-
  592  1777  1421  1951  2306 ++--
  593   266  1066   843  2662 .+.-
  594   488  1642   133  2085 .+.-
  595   710  1286   355  2441 .+.-
Total data plus flush bits=932, p-parity bits=726, q-parity=726, Errors=0, Repetition=0
