R20T45XH4
Channel Interleaving, Puncturing and Mapping to 16-QAM
User data=4480, with flush=4484, Channel Symbols=1446, Channel Bits=5784, Parity=1300, p=q=650, Coding Rate=0.774550
D=4480, FECSy=1446, DF=4484, N=5784, P=1300, p=650, distep=2771, dd=0, pistep=401, pp=649, ppstep=6.898461, ppstart=4484.500000, qpstart=8971.949219, k=-796, mx=1.816583

Symbol   I1    I0    Q1    Q0  Pattern= . =data, + =p parity, - =q parity
-------------------------------------------------------------------------
    0     0  1058  2771  3829 ....
    1  2116  8961   403  8971 .+.-
    2  3174  4232  1461  2519 ....
    3   806  7243  3577 10689 .+.-
    4  1864  2922   151  1209 ....
    5  3980  5526  2267 12407 .+.-
    6   554  1612  3325  4383 ....
    7  2670  8292   957  9641 .+.-
    8  3728   302  2015  3073 ....
    9  1360  6574  4131 11358 .+.-
   10  2418  3476   705  1763 ....
   11    50  1108  2821  3879 ....
   12  2166  4857   453 13076 .+.-
   13  3224  4282  1511  2569 ....
   14   856  7623  3627 10310 .+.-
   15  1914  2972   201  1259 ....
   16  4030  5905  2317 12027 .+.-
   17   604  1662  3375  4433 ....
   18  2720  8671  1007  9261 .+.-
   19  3778   352  2065  3123 ....
   20  1410  2468  4181   755 ....
   21  3526  6954  1813 10979 .+.-
   22   100  1158  2871  3929 ....
   23  2216  5236   503 12697 .+.-
   24  3274  4332  1561  2619 ....
   25   906  8002  3677  9930 .+.-
   26  1964  3022   251  1309 ....
   27  4080  6284  2367 11648 .+.-
   28   654  1712  3425  4483 ....
   29  2770  4567  1057 13366 .+.-
   30  3828   402  2115  3173 ....
   31  1460  2518  4231   805 ....
   32  3576  7333  1863 10599 .+.-
   33   150  1208  2921  3979 ....
   34  2266  5615   553 12317 .+.-
   35  3324  4382  1611  2669 ....
   36   956  8382  3727  9551 .+.-
   37  2014  3072   301  1359 ....
   38  4130  6664  2417 11269 .+.-
   39   704  1762  3475    49 ....
   40  2820  3878  1107  2165 ....
   41   452  4946  3223 12986 .+.-
   42  1510  2568  4281   855 ....
   43  3626  7712  1913 10220 .+.-
   44   200  1258  2971  4029 ....
   45  2316  5995   603 11938 .+.-
   46  3374  4432  1661  2719 ....
   47  1006  8761  3777  9172 .+.-
   48  2064  3122   351  1409 ....
   49  4180  7043  2467 10889 .+.-
   50   754  1812  3525    99 ....
   51  2870  3928  1157  2215 ....
   52   502  5326  3273 12607 .+.-
   53  1560  2618  4331   905 ....
   54  3676  8092  1963  9841 .+.-
   55   250  1308  3021  4079 ....
   56  2366  6374   653 11558 .+.-
   57  3424  4482  1711  2769 ....
   58  1056  4656  3827 13276 .+.-
   59  2114  3172   401  1459 ....
   60  4230   804  2517  3575 ....
   61  1862  7423   149 10510 .+.-
   62  2920  3978  1207  2265 ....
   63   552  5705  3323 12228 .+.-
   64  1610  2668  4381   955 ....
   65  3726  8471  2013  9461 .+.-
   66   300  1358  3071  4129 ....
   67  2416  6754   703 11179 .+.-
   68  3474    48  1761  2819 ....
   69  1106  5036  3877 12897 .+.-
   70  2164  3222   451  1509 ....
   71  4280   854  2567  3625 ....
   72  1912  7802   199 10130 .+.-
   73  2970  4028  1257  2315 ....
   74   602  6084  3373 11848 .+.-
   75  1660  2718  4431  1005 ....
   76  3776  8851  2063  9082 .+.-
   77   350  1408  3121  4179 ....
   78  2466  7133   753 10800 .+.-
   79  3524    98  1811  2869 ....
   80  1156  2214  3927   501 ....
   81  3272  5415  1559 12517 .+.-
   82  4330   904  2617  3675 ....
   83  1962  8182   249  9751 .+.-
   84  3020  4078  1307  2365 ....
   85   652  6464  3423 11469 .+.-
   86  1710  2768  4481  1055 ....
   87  3826  4746  2113 13186 .+.-
   88   400  1458  3171  4229 ....
   89  2516  7512   803 10420 .+.-
   90  3574   148  1861  2919 ....
   91  1206  2264  3977   551 ....
   92  3322  5795  1609 12138 .+.-
   93  4380   954  2667  3725 ....
   94  2012  8561   299  9372 .+.-
   95  3070  4128  1357  2415 ....
   96   702  6843  3473 11089 .+.-
   97  1760  2818    47  1105 ....
   98  3876  5126  2163 12807 .+.-
   99   450  1508  3221  4279 ....
  100  2566  3624   853  1911 ....
  101   198  7892  2969 10041 .+.-
  102  1256  2314  4027   601 ....
  103  3372  6174  1659 11758 .+.-
  104  4430  1004  2717  3775 ....
  105  2062  8940   349  8992 .+.-
  106  3120  4178  1407  2465 ....
  107   752  7223  3523 10710 .+.-
  108  1810  2868    97  1155 ....
  109  3926   500  2213  3271 ....
  110  1558  5505  4329 12428 .+.-
  111  2616  3674   903  1961 ....
  112   248  8271  3019  9661 .+.-
  113  1306  2364  4077   651 ....
  114  3422  6554  1709 11379 .+.-
  115  4480  1054  2767  3825 ....
  116  2112  4836   399 13097 .+.-
  117  3170  4228  1457  2515 ....
  118   802  7602  3573 10330 .+.-
  119  1860  2918   147  1205 ....
  120  3976   550  2263  3321 ....
  121  1608  5884  4379 12048 .+.-
  122  2666  3724   953  2011 ....
  123   298  8651  3069  9282 .+.-
  124  1356  2414  4127   701 ....
  125  3472  6933  1759 11000 .+.-
  126    46  1104  2817  3875 ....
  127  2162  5215   449 12717 .+.-
  128  3220  4278  1507  2565 ....
  129   852  1910  3623   197 ....
  130  2968  7982  1255  9951 .+.-
  131  4026   600  2313  3371 ....
  132  1658  6264  4429 11669 .+.-
  133  2716  3774  1003  2061 ....
  134   348  4546  3119 13386 .+.-
  135  1406  2464  4177   751 ....
  136  3522  7312  1809 10620 .+.-
  137    96  1154  2867  3925 ....
  138  2212  5595   499 12338 .+.-
  139  3270  4328  1557  2615 ....
  140   902  1960  3673   247 ....
  141  3018  8361  1305  9572 .+.-
  142  4076   650  2363  3421 ....
  143  1708  6643  4479 11289 .+.-
  144  2766  3824  1053  2111 ....
  145   398  4926  3169 13007 .+.-
  146  1456  2514  4227   801 ....
  147  3572  7692  1859 10241 .+.-
  148   146  1204  2917  3975 ....
  149  2262  3320   549  1607 ....
  150  4378  5974  2665 11958 .+.-
  151   952  2010  3723   297 ....
  152  3068  8740  1355  9192 .+.-
  153  4126   700  2413  3471 ....
  154  1758  7023    45 10910 .+.-
  155  2816  3874  1103  2161 ....
  156   448  5305  3219 12628 .+.-
  157  1506  2564  4277   851 ....
  158  3622  8071  1909  9861 .+.-
  159   196  1254  2967  4025 ....
  160  2312  3370   599  1657 ....
  161  4428  6353  2715 11579 .+.-
  162  1002  2060  3773   347 ....
  163  3118  4636  1405 13297 .+.-
  164  4176   750  2463  3521 ....
  165  1808  7402    95 10531 .+.-
  166  2866  3924  1153  2211 ....
  167   498  5684  3269 12248 .+.-
  168  1556  2614  4327   901 ....
  169  3672   246  1959  3017 ....
  170  1304  8451  4075  9482 .+.-
  171  2362  3420   649  1707 ....
  172  4478  6733  2765 11200 .+.-
  173  1052  2110  3823   397 ....
  174  3168  5015  1455 12917 .+.-
  175  4226   800  2513  3571 ....
  176  1858  7781   145 10151 .+.-
  177  2916  3974  1203  2261 ....
  178   548  6064  3319 11869 .+.-
  179  1606  2664  4377   951 ....
  180  3722   296  2009  3067 ....
  181  1354  8830  4125  9103 .+.-
  182  2412  3470   699  1757 ....
  183    44  7112  2815 10820 .+.-
  184  1102  2160  3873   447 ....
  185  3218  5395  1505 12538 .+.-
  186  4276   850  2563  3621 ....
  187  1908  8161   195  9772 .+.-
  188  2966  4024  1253  2311 ....
  189   598  1656  3369  4427 ....
  190  2714  6443  1001 11489 .+.-
  191  3772   346  2059  3117 ....
  192  1404  4725  4175 13207 .+.-
  193  2462  3520   749  1807 ....
  194    94  7492  2865 10441 .+.-
  195  1152  2210  3923   497 ....
  196  3268  5774  1555 12159 .+.-
  197  4326   900  2613  3671 ....
  198  1958  8540   245  9392 .+.-
  199  3016  4074  1303  2361 ....
  200   648  1706  3419  4477 ....
  201  2764  6823  1051 11110 .+.-
  202  3822   396  2109  3167 ....
  203  1454  5105  4225 12828 .+.-
  204  2512  3570   799  1857 ....
  205   144  7871  2915 10061 .+.-
  206  1202  2260  3973   547 ....
  207  3318  6153  1605 11779 .+.-
  208  4376   950  2663  3721 ....
  209  2008  3066   295  1353 ....
  210  4124  8920  2411  9013 .+.-
  211   698  1756  3469    43 ....
  212  2814  7202  1101 10731 .+.-
  213  3872   446  2159  3217 ....
  214  1504  5484  4275 12448 .+.-
  215  2562  3620   849  1907 ....
  216   194  8251  2965  9682 .+.-
  217  1252  2310  4023   597 ....
  218  3368  4426  1655  2713 ....
  219  1000  6533  3771 11400 .+.-
  220  2058  3116   345  1403 ....
  221  4174  4815  2461 13117 .+.-
  222   748  1806  3519    93 ....
  223  2864  7581  1151 10351 .+.-
  224  3922   496  2209  3267 ....
  225  1554  5864  4325 12069 .+.-
  226  2612  3670   899  1957 ....
  227   244  8630  3015  9303 .+.-
  228  1302  2360  4073   647 ....
  229  3418  4476  1705  2763 ....
  230  1050  6912  3821 11020 .+.-
  231  2108  3166   395  1453 ....
  232  4224  5195  2511 12738 .+.-
  233   798  1856  3569   143 ....
  234  2914  7961  1201  9972 .+.-
  235  3972   546  2259  3317 ....
  236  1604  6243  4375 11689 .+.-
  237  2662  3720   949  2007 ....
  238   294  1352  3065  4123 ....
  239  2410  4525   697 13407 .+.-
  240  3468    42  1755  2813 ....
  241  1100  7292  3871 10641 .+.-
  242  2158  3216   445  1503 ....
  243  4274  5574  2561 12359 .+.-
  244   848  1906  3619   193 ....
  245  2964  8340  1251  9592 .+.-
  246  4022   596  2309  3367 ....
  247  1654  6623  4425 11310 .+.-
  248  2712  3770   999  2057 ....
  249   344  1402  3115  4173 ....
  250  2460  4905   747 13028 .+.-
  251  3518    92  1805  2863 ....
  252  1150  7671  3921 10261 .+.-
  253  2208  3266   495  1553 ....
  254  4324  5953  2611 11979 .+.-
  255   898  1956  3669   243 ....
  256  3014  8720  1301  9213 .+.-
  257  4072   646  2359  3417 ....
  258  1704  2762  4475  1049 ....
  259  3820  7002  2107 10931 .+.-
  260   394  1452  3165  4223 ....
  261  2510  5284   797 12648 .+.-
  262  3568   142  1855  2913 ....
  263  1200  8051  3971  9882 .+.-
  264  2258  3316   545  1603 ....
  265  4374  6333  2661 11600 .+.-
  266   948  2006  3719   293 ....
  267  3064  4615  1351 13317 .+.-
  268  4122   696  2409  3467 ....
  269  1754  2812    41  1099 ....
  270  3870  7381  2157 10551 .+.-
  271   444  1502  3215  4273 ....
  272  2560  5664   847 12269 .+.-
  273  3618   192  1905  2963 ....
  274  1250  8430  4021  9503 .+.-
  275  2308  3366   595  1653 ....
  276  4424  6712  2711 11220 .+.-
  277   998  2056  3769   343 ....
  278  3114  4172  1401  2459 ....
  279   746  4994  3517 12938 .+.-
  280  1804  2862    91  1149 ....
  281  3920  7761  2207 10172 .+.-
  282   494  1552  3265  4323 ....
  283  2610  6043   897 11889 .+.-
  284  3668   242  1955  3013 ....
  285  1300  8809  4071  9123 .+.-
  286  2358  3416   645  1703 ....
  287  4474  7092  2761 10841 .+.-
  288  1048  2106  3819   393 ....
  289  3164  4222  1451  2509 ....
  290   796  5374  3567 12559 .+.-
  291  1854  2912   141  1199 ....
  292  3970  8140  2257  9792 .+.-
  293   544  1602  3315  4373 ....
  294  2660  6422   947 11510 .+.-
  295  3718   292  2005  3063 ....
  296  1350  4705  4121 13228 .+.-
  297  2408  3466   695  1753 ....
  298    40  1098  2811  3869 ....
  299  2156  7471   443 10462 .+.-
  300  3214  4272  1501  2559 ....
  301   846  5753  3617 12179 .+.-
  302  1904  2962   191  1249 ....
  303  4020  8520  2307  9413 .+.-
  304   594  1652  3365  4423 ....
  305  2710  6802   997 11131 .+.-
  306  3768   342  2055  3113 ....
  307  1400  5084  4171 12848 .+.-
  308  2458  3516   745  1803 ....
  309    90  1148  2861  3919 ....
  310  2206  7850   493 10082 .+.-
  311  3264  4322  1551  2609 ....
  312   896  6133  3667 11800 .+.-
  313  1954  3012   241  1299 ....
  314  4070  8899  2357  9034 .+.-
  315   644  1702  3415  4473 ....
  316  2760  7181  1047 10751 .+.-
  317  3818   392  2105  3163 ....
  318  1450  2508  4221   795 ....
  319  3566  5464  1853 12469 .+.-
  320   140  1198  2911  3969 ....
  321  2256  8230   543  9703 .+.-
  322  3314  4372  1601  2659 ....
  323   946  6512  3717 11420 .+.-
  324  2004  3062   291  1349 ....
  325  4120  4794  2407 13138 .+.-
  326   694  1752  3465    39 ....
  327  2810  3868  1097  2155 ....
  328   442  7561  3213 10372 .+.-
  329  1500  2558  4271   845 ....
  330  3616  5843  1903 12090 .+.-
  331   190  1248  2961  4019 ....
  332  2306  8609   593  9323 .+.-
  333  3364  4422  1651  2709 ....
  334   996  6892  3767 11041 .+.-
  335  2054  3112   341  1399 ....
  336  4170  5174  2457 12759 .+.-
  337   744  1802  3515    89 ....
  338  2860  3918  1147  2205 ....
  339   492  7940  3263  9992 .+.-
  340  1550  2608  4321   895 ....
  341  3666  6222  1953 11710 .+.-
  342   240  1298  3011  4069 ....
  343  2356  4505   643 13428 .+.-
  344  3414  4472  1701  2759 ....
  345  1046  7271  3817 10662 .+.-
  346  2104  3162   391  1449 ....
  347  4220   794  2507  3565 ....
  348  1852  5553   139 12379 .+.-
  349  2910  3968  1197  2255 ....
  350   542  8320  3313  9613 .+.-
  351  1600  2658  4371   945 ....
  352  3716  6602  2003 11331 .+.-
  353   290  1348  3061  4119 ....
  354  2406  4884   693 13048 .+.-
  355  3464    38  1751  2809 ....
  356  1096  7650  3867 10282 .+.-
  357  2154  3212   441  1499 ....
  358  4270   844  2557  3615 ....
  359  1902  5933   189 12000 .+.-
  360  2960  4018  1247  2305 ....
  361   592  8699  3363  9234 .+.-
  362  1650  2708  4421   995 ....
  363  3766  6981  2053 10951 .+.-
  364   340  1398  3111  4169 ....
  365  2456  5264   743 12669 .+.-
  366  3514    88  1801  2859 ....
  367  1146  2204  3917   491 ....
  368  3262  8030  1549  9903 .+.-
  369  4320   894  2607  3665 ....
  370  1952  6312   239 11620 .+.-
  371  3010  4068  1297  2355 ....
  372   642  4594  3413 13338 .+.-
  373  1700  2758  4471  1045 ....
  374  3816  7361  2103 10572 .+.-
  375   390  1448  3161  4219 ....
  376  2506  5643   793 12290 .+.-
  377  3564   138  1851  2909 ....
  378  1196  2254  3967   541 ....
  379  3312  8409  1599  9523 .+.-
  380  4370   944  2657  3715 ....
  381  2002  6692   289 11241 .+.-
  382  3060  4118  1347  2405 ....
  383   692  4974  3463 12959 .+.-
  384  1750  2808    37  1095 ....
  385  3866  7740  2153 10192 .+.-
  386   440  1498  3211  4269 ....
  387  2556  3614   843  1901 ....
  388   188  6022  2959 11910 .+.-
  389  1246  2304  4017   591 ....
  390  3362  8789  1649  9144 .+.-
  391  4420   994  2707  3765 ....
  392  2052  7071   339 10862 .+.-
  393  3110  4168  1397  2455 ....
  394   742  5353  3513 12579 .+.-
  395  1800  2858    87  1145 ....
  396  3916  8119  2203  9813 .+.-
  397   490  1548  3261  4319 ....
  398  2606  3664   893  1951 ....
  399   238  6402  3009 11531 .+.-
  400  1296  2354  4067   641 ....
  401  3412  4684  1699 13248 .+.-
  402  4470  1044  2757  3815 ....
  403  2102  7450   389 10482 .+.-
  404  3160  4218  1447  2505 ....
  405   792  5733  3563 12200 .+.-
  406  1850  2908   137  1195 ....
  407  3966   540  2253  3311 ....
  408  1598  8499  4369  9434 .+.-
  409  2656  3714   943  2001 ....
  410   288  6781  3059 11151 .+.-
  411  1346  2404  4117   691 ....
  412  3462  5063  1749 12869 .+.-
  413    36  1094  2807  3865 ....
  414  2152  7830   439 10103 .+.-
  415  3210  4268  1497  2555 ....
  416   842  1900  3613   187 ....
  417  2958  6112  1245 11821 .+.-
  418  4016   590  2303  3361 ....
  419  1648  8878  4419  9054 .+.-
  420  2706  3764   993  2051 ....
  421   338  7161  3109 10772 .+.-
  422  1396  2454  4167   741 ....
  423  3512  5443  1799 12490 .+.-
  424    86  1144  2857  3915 ....
  425  2202  8209   489  9723 .+.-
  426  3260  4318  1547  2605 ....
  427   892  1950  3663   237 ....
  428  3008  6491  1295 11441 .+.-
  429  4066   640  2353  3411 ....
  430  1698  4774  4469 13159 .+.-
  431  2756  3814  1043  2101 ....
  432   388  7540  3159 10393 .+.-
  433  1446  2504  4217   791 ....
  434  3562  5822  1849 12110 .+.-
  435   136  1194  2907  3965 ....
  436  2252  3310   539  1597 ....
  437  4368  8589  2655  9344 .+.-
  438   942  2000  3713   287 ....
  439  3058  6871  1345 11062 .+.-
  440  4116   690  2403  3461 ....
  441  1748  5153    35 12779 .+.-
  442  2806  3864  1093  2151 ....
  443   438  7919  3209 10013 .+.-
  444  1496  2554  4267   841 ....
  445  3612  6202  1899 11731 .+.-
  446   186  1244  2957  4015 ....
  447  2302  3360   589  1647 ....
  448  4418  4484  2705 13449 .+.-
  449   992  2050  3763   337 ....
  450  3108  7250  1395 10682 .+.-
  451  4166   740  2453  3511 ....
  452  1798  5533    85 12400 .+.-
  453  2856  3914  1143  2201 ....
  454   488  8299  3259  9634 .+.-
  455  1546  2604  4317   891 ....
  456  3662   236  1949  3007 ....
  457  1294  6581  4065 11351 .+.-
  458  2352  3410   639  1697 ....
  459  4468  4863  2755 13069 .+.-
  460  1042  2100  3813   387 ....
  461  3158  7630  1445 10303 .+.-
  462  4216   790  2503  3561 ....
  463  1848  5912   135 12021 .+.-
  464  2906  3964  1193  2251 ....
  465   538  8678  3309  9254 .+.-
  466  1596  2654  4367   941 ....
  467  3712   286  1999  3057 ....
  468  1344  6961  4115 10972 .+.-
  469  2402  3460   689  1747 ....
  470    34  5243  2805 12690 .+.-
  471  1092  2150  3863   437 ....
  472  3208  8009  1495  9923 .+.-
  473  4266   840  2553  3611 ....
  474  1898  6291   185 11641 .+.-
  475  2956  4014  1243  2301 ....
  476   588  1646  3359  4417 ....
  477  2704  4574   991 13359 .+.-
  478  3762   336  2049  3107 ....
  479  1394  7340  4165 10593 .+.-
  480  2452  3510   739  1797 ....
  481    84  5622  2855 12310 .+.-
  482  1142  2200  3913   487 ....
  483  3258  8389  1545  9544 .+.-
  484  4316   890  2603  3661 ....
  485  1948  6671   235 11262 .+.-
  486  3006  4064  1293  2351 ....
  487   638  1696  3409  4467 ....
  488  2754  4953  1041 12979 .+.-
  489  3812   386  2099  3157 ....
  490  1444  7719  4215 10213 .+.-
  491  2502  3560   789  1847 ....
  492   134  6002  2905 11931 .+.-
  493  1192  2250  3963   537 ....
  494  3308  8768  1595  9165 .+.-
  495  4366   940  2653  3711 ....
  496  1998  3056   285  1343 ....
  497  4114  7050  2401 10882 .+.-
  498   688  1746  3459    33 ....
  499  2804  5333  1091 12600 .+.-
  500  3862   436  2149  3207 ....
  501  1494  8099  4265  9834 .+.-
  502  2552  3610   839  1897 ....
  503   184  6381  2955 11551 .+.-
  504  1242  2300  4013   587 ....
  505  3358  4663  1645 13269 .+.-
  506  4416   990  2703  3761 ....
  507  2048  3106   335  1393 ....
  508  4164  7430  2451 10503 .+.-
  509   738  1796  3509    83 ....
  510  2854  5712  1141 12221 .+.-
  511  3912   486  2199  3257 ....
  512  1544  8478  4315  9454 .+.-
  513  2602  3660   889  1947 ....
  514   234  6760  3005 11172 .+.-
  515  1292  2350  4063   637 ....
  516  3408  4466  1695  2753 ....
  517  1040  5043  3811 12890 .+.-
  518  2098  3156   385  1443 ....
  519  4214  7809  2501 10123 .+.-
  520   788  1846  3559   133 ....
  521  2904  6091  1191 11841 .+.-
  522  3962   536  2249  3307 ....
  523  1594  8858  4365  9075 .+.-
  524  2652  3710   939  1997 ....
  525   284  1342  3055  4113 ....
  526  2400  7140   687 10793 .+.-
  527  3458    32  1745  2803 ....
  528  1090  5422  3861 12510 .+.-
  529  2148  3206   435  1493 ....
  530  4264  8188  2551  9744 .+.-
  531   838  1896  3609   183 ....
  532  2954  6471  1241 11462 .+.-
  533  4012   586  2299  3357 ....
  534  1644  4753  4415 13180 .+.-
  535  2702  3760   989  2047 ....
  536   334  1392  3105  4163 ....
  537  2450  7519   737 10413 .+.-
  538  3508    82  1795  2853 ....
  539  1140  5802  3911 12131 .+.-
  540  2198  3256   485  1543 ....
  541  4314  8568  2601  9365 .+.-
  542   888  1946  3659   233 ....
  543  3004  6850  1291 11082 .+.-
  544  4062   636  2349  3407 ....
  545  1694  2752  4465  1039 ....
  546  3810  5132  2097 12800 .+.-
  547   384  1442  3155  4213 ....
  548  2500  7899   787 10034 .+.-
  549  3558   132  1845  2903 ....
  550  1190  6181  3961 11752 .+.-
  551  2248  3306   535  1593 ....
  552  4364  8947  2651  8985 .+.-
  553   938  1996  3709   283 ....
  554  3054  7230  1341 10703 .+.-
  555  4112   686  2399  3457 ....
  556  1744  2802    31  1089 ....
  557  3860  5512  2147 12421 .+.-
  558   434  1492  3205  4263 ....
  559  2550  8278   837  9654 .+.-
  560  3608   182  1895  2953 ....
  561  1240  6560  4011 11372 .+.-
  562  2298  3356   585  1643 ....
  563  4414  4843  2701 13090 .+.-
  564   988  2046  3759   333 ....
  565  3104  4162  1391  2449 ....
  566   736  7609  3507 10324 .+.-
  567  1794  2852    81  1139 ....
  568  3910  5891  2197 12041 .+.-
  569   484  1542  3255  4313 ....
  570  2600  8658   887  9275 .+.-
  571  3658   232  1945  3003 ....
  572  1290  6940  4061 10993 .+.-
  573  2348  3406   635  1693 ....
  574  4464  5222  2751 12710 .+.-
  575  1038  2096  3809   383 ....
  576  3154  4212  1441  2499 ....
  577   786  7988  3557  9944 .+.-
  578  1844  2902   131  1189 ....
  579  3960  6271  2247 11662 .+.-
  580   534  1592  3305  4363 ....
  581  2650  4553   937 13380 .+.-
  582  3708   282  1995  3053 ....
  583  1340  7319  4111 10613 .+.-
  584  2398  3456   685  1743 ....
  585    30  1088  2801  3859 ....
  586  2146  5602   433 12331 .+.-
  587  3204  4262  1491  2549 ....
  588   836  8368  3607  9565 .+.-
  589  1894  2952   181  1239 ....
  590  4010  6650  2297 11282 .+.-
  591   584  1642  3355  4413 ....
  592  2700  4932   987 13000 .+.-
  593  3758   332  2045  3103 ....
  594  1390  7699  4161 10234 .+.-
  595  2448  3506   735  1793 ....
  596    80  1138  2851  3909 ....
  597  2196  5981   483 11952 .+.-
  598  3254  4312  1541  2599 ....
  599   886  8747  3657  9185 .+.-
  600  1944  3002   231  1289 ....
  601  4060  7030  2347 10903 .+.-
  602   634  1692  3405  4463 ....
  603  2750  5312  1037 12621 .+.-
  604  3808   382  2095  3153 ....
  605  1440  2498  4211   785 ....
  606  3556  8078  1843  9854 .+.-
  607   130  1188  2901  3959 ....
  608  2246  6360   533 11572 .+.-
  609  3304  4362  1591  2649 ....
  610   936  4643  3707 13290 .+.-
  611  1994  3052   281  1339 ....
  612  4110  7409  2397 10524 .+.-
  613   684  1742  3455    29 ....
  614  2800  5691  1087 12241 .+.-
  615  3858   432  2145  3203 ....
  616  1490  2548  4261   835 ....
  617  3606  8458  1893  9475 .+.-
  618   180  1238  2951  4009 ....
  619  2296  6740   583 11193 .+.-
  620  3354  4412  1641  2699 ....
  621   986  5022  3757 12910 .+.-
  622  2044  3102   331  1389 ....
  623  4160  7788  2447 10144 .+.-
  624   734  1792  3505    79 ....
  625  2850  3908  1137  2195 ....
  626   482  6071  3253 11862 .+.-
  627  1540  2598  4311   885 ....
  628  3656  8837  1943  9096 .+.-
  629   230  1288  3001  4059 ....
  630  2346  7119   633 10813 .+.-
  631  3404  4462  1691  2749 ....
  632  1036  5401  3807 12531 .+.-
  633  2094  3152   381  1439 ....
  634  4210   784  2497  3555 ....
  635  1842  8168   129  9765 .+.-
  636  2900  3958  1187  2245 ....
  637   532  6450  3303 11482 .+.-
  638  1590  2648  4361   935 ....
  639  3706  4732  1993 13200 .+.-
  640   280  1338  3051  4109 ....
  641  2396  7499   683 10434 .+.-
  642  3454    28  1741  2799 ....
  643  1086  5781  3857 12152 .+.-
  644  2144  3202   431  1489 ....
  645  4260   834  2547  3605 ....
  646  1892  8547   179  9385 .+.-
  647  2950  4008  1237  2295 ....
  648   582  6829  3353 11103 .+.-
  649  1640  2698  4411   985 ....
  650  3756  5112  2043 12821 .+.-
  651   330  1388  3101  4159 ....
  652  2446  7878   733 10055 .+.-
  653  3504    78  1791  2849 ....
  654  1136  2194  3907   481 ....
  655  3252  6160  1539 11772 .+.-
  656  4310   884  2597  3655 ....
  657  1942  8927   229  9006 .+.-
  658  3000  4058  1287  2345 ....
  659   632  7209  3403 10724 .+.-
  660  1690  2748  4461  1035 ....
  661  3806  5491  2093 12441 .+.-
  662   380  1438  3151  4209 ....
  663  2496  8257   783  9675 .+.-
  664  3554   128  1841  2899 ....
  665  1186  2244  3957   531 ....
  666  3302  6540  1589 11393 .+.-
  667  4360   934  2647  3705 ....
  668  1992  4822   279 13111 .+.-
  669  3050  4108  1337  2395 ....
  670   682  7588  3453 10344 .+.-
  671  1740  2798    27  1085 ....
  672  3856  5871  2143 12062 .+.-
  673   430  1488  3201  4259 ....
  674  2546  3604   833  1891 ....
  675   178  8637  2949  9296 .+.-
  676  1236  2294  4007   581 ....
  677  3352  6919  1639 11013 .+.-
  678  4410   984  2697  3755 ....
  679  2042  5201   329 12731 .+.-
  680  3100  4158  1387  2445 ....
  681   732  7968  3503  9965 .+.-
  682  1790  2848    77  1135 ....
  683  3906  6250  2193 11683 .+.-
  684   480  1538  3251  4309 ....
  685  2596  3654   883  1941 ....
  686   228  4532  2999 13400 .+.-
  687  1286  2344  4057   631 ....
  688  3402  7299  1689 10634 .+.-
  689  4460  1034  2747  3805 ....
  690  2092  5581   379 12352 .+.-
  691  3150  4208  1437  2495 ....
  692   782  8347  3553  9585 .+.-
  693  1840  2898   127  1185 ....
  694  3956   530  2243  3301 ....
  695  1588  6629  4359 11303 .+.-
  696  2646  3704   933  1991 ....
  697   278  4912  3049 13021 .+.-
  698  1336  2394  4107   681 ....
  699  3452  7678  1739 10255 .+.-
  700    26  1084  2797  3855 ....
  701  2142  5960   429 11972 .+.-
  702  3200  4258  1487  2545 ....
  703   832  8727  3603  9206 .+.-
  704  1890  2948   177  1235 ....
  705  4006   580  2293  3351 ....
  706  1638  7009  4409 10924 .+.-
  707  2696  3754   983  2041 ....
  708   328  5291  3099 12641 .+.-
  709  1386  2444  4157   731 ....
  710  3502  8057  1789  9875 .+.-
  711    76  1134  2847  3905 ....
  712  2192  6340   479 11593 .+.-
  713  3250  4308  1537  2595 ....
  714   882  1940  3653   227 ....
  715  2998  4622  1285 13311 .+.-
  716  4056   630  2343  3401 ....
  717  1688  7388  4459 10544 .+.-
  718  2746  3804  1033  2091 ....
  719   378  5671  3149 12262 .+.-
  720  1436  2494  4207   781 ....
  721  3552  8437  1839  9496 .+.-
  722   126  1184  2897  3955 ....
  723  2242  6719   529 11213 .+.-
  724  3300  4358  1587  2645 ....
  725   932  1990  3703   277 ....
  726  3048  5001  1335 12931 .+.-
  727  4106   680  2393  3451 ....
  728  1738  7768    25 10165 .+.-
  729  2796  3854  1083  2141 ....
  730   428  6050  3199 11883 .+.-
  731  1486  2544  4257   831 ....
  732  3602  8816  1889  9116 .+.-
  733   176  1234  2947  4005 ....
  734  2292  3350   579  1637 ....
  735  4408  7099  2695 10834 .+.-
  736   982  2040  3753   327 ....
  737  3098  5381  1385 12552 .+.-
  738  4156   730  2443  3501 ....
  739  1788  8147    75  9785 .+.-
  740  2846  3904  1133  2191 ....
  741   478  6429  3249 11503 .+.-
  742  1536  2594  4307   881 ....
  743  3652   226  1939  2997 ....
  744  1284  4712  4055 13221 .+.-
  745  2342  3400   629  1687 ....
  746  4458  7478  2745 10455 .+.-
  747  1032  2090  3803   377 ....
  748  3148  5760  1435 12172 .+.-
  749  4206   780  2493  3551 ....
  750  1838  8526   125  9406 .+.-
  751  2896  3954  1183  2241 ....
  752   528  6809  3299 11124 .+.-
  753  1586  2644  4357   931 ....
  754  3702   276  1989  3047 ....
  755  1334  5091  4105 12841 .+.-
  756  2392  3450   679  1737 ....
  757    24  7857  2795 10075 .+.-
  758  1082  2140  3853   427 ....
  759  3198  6140  1485 11793 .+.-
  760  4256   830  2543  3601 ....
  761  1888  8906   175  9027 .+.-
  762  2946  4004  1233  2291 ....
  763   578  1636  3349  4407 ....
  764  2694  7188   981 10744 .+.-
  765  3752   326  2039  3097 ....
  766  1384  5470  4155 12462 .+.-
  767  2442  3500   729  1787 ....
  768    74  8237  2845  9696 .+.-
  769  1132  2190  3903   477 ....
  770  3248  6519  1535 11414 .+.-
  771  4306   880  2593  3651 ....
  772  1938  4801   225 13131 .+.-
  773  2996  4054  1283  2341 ....
  774   628  1686  3399  4457 ....
  775  2744  7568  1031 10365 .+.-
  776  3802   376  2089  3147 ....
  777  1434  5850  4205 12083 .+.-
  778  2492  3550   779  1837 ....
  779   124  8616  2895  9316 .+.-
  780  1182  2240  3953   527 ....
  781  3298  6898  1585 11034 .+.-
  782  4356   930  2643  3701 ....
  783  1988  3046   275  1333 ....
  784  4104  5181  2391 12752 .+.-
  785   678  1736  3449    23 ....
  786  2794  7947  1081  9986 .+.-
  787  3852   426  2139  3197 ....
  788  1484  6229  4255 11703 .+.-
  789  2542  3600   829  1887 ....
  790   174  4512  2945 13421 .+.-
  791  1232  2290  4003   577 ....
  792  3348  7278  1635 10655 .+.-
  793  4406   980  2693  3751 ....
  794  2038  3096   325  1383 ....
  795  4154  5560  2441 12372 .+.-
  796   728  1786  3499    73 ....
  797  2844  8326  1131  9606 .+.-
  798  3902   476  2189  3247 ....
  799  1534  6609  4305 11324 .+.-
  800  2592  3650   879  1937 ....
  801   224  4891  2995 13042 .+.-
  802  1282  2340  4053   627 ....
  803  3398  4456  1685  2743 ....
  804  1030  7657  3801 10275 .+.-
  805  2088  3146   375  1433 ....
  806  4204  5940  2491 11993 .+.-
  807   778  1836  3549   123 ....
  808  2894  8706  1181  9227 .+.-
  809  3952   526  2239  3297 ....
  810  1584  6988  4355 10944 .+.-
  811  2642  3700   929  1987 ....
  812   274  5270  3045 12662 .+.-
  813  1332  2390  4103   677 ....
  814  3448    22  1735  2793 ....
  815  1080  8037  3851  9896 .+.-
  816  2138  3196   425  1483 ....
  817  4254  6319  2541 11614 .+.-
  818   828  1886  3599   173 ....
  819  2944  4601  1231 13331 .+.-
  820  4002   576  2289  3347 ....
  821  1634  7368  4405 10565 .+.-
  822  2692  3750   979  2037 ....
  823   324  1382  3095  4153 ....
  824  2440  5650   727 12283 .+.-
  825  3498    72  1785  2843 ....
  826  1130  8416  3901  9516 .+.-
  827  2188  3246   475  1533 ....
  828  4304  6698  2591 11234 .+.-
  829   878  1936  3649   223 ....
  830  2994  4981  1281 12952 .+.-
  831  4052   626  2339  3397 ....
  832  1684  2742  4455  1029 ....
  833  3800  7747  2087 10186 .+.-
  834   374  1432  3145  4203 ....
  835  2490  6029   777 11903 .+.-
  836  3548   122  1835  2893 ....
  837  1180  8796  3951  9137 .+.-
  838  2238  3296   525  1583 ....
  839  4354  7078  2641 10855 .+.-
  840   928  1986  3699   273 ....
  841  3044  5360  1331 12572 .+.-
  842  4102   676  2389  3447 ....
  843  1734  2792    21  1079 ....
  844  3850  8126  2137  9806 .+.-
  845   424  1482  3195  4253 ....
  846  2540  6409   827 11524 .+.-
  847  3598   172  1885  2943 ....
  848  1230  4691  4001 13242 .+.-
  849  2288  3346   575  1633 ....
  850  4404  7457  2691 10475 .+.-
  851   978  2036  3749   323 ....
  852  3094  4152  1381  2439 ....
  853   726  5740  3497 12193 .+.-
  854  1784  2842    71  1129 ....
  855  3900  8506  2187  9427 .+.-
  856   474  1532  3245  4303 ....
  857  2590  6788   877 11144 .+.-
  858  3648   222  1935  2993 ....
  859  1280  5070  4051 12862 .+.-
  860  2338  3396   625  1683 ....
  861  4454  7837  2741 10096 .+.-
  862  1028  2086  3799   373 ....
  863  3144  4202  1431  2489 ....
  864   776  6119  3547 11814 .+.-
  865  1834  2892   121  1179 ....
  866  3950  8885  2237  9047 .+.-
  867   524  1582  3295  4353 ....
  868  2640  7168   927 10765 .+.-
  869  3698   272  1985  3043 ....
  870  1330  5450  4101 12483 .+.-
  871  2388  3446   675  1733 ....
  872    20  1078  2791  3849 ....
  873  2136  8216   423  9716 .+.-
  874  3194  4252  1481  2539 ....
  875   826  6498  3597 11434 .+.-
  876  1884  2942   171  1229 ....
  877  4000  4781  2287 13152 .+.-
  878   574  1632  3345  4403 ....
  879  2690  7547   977 10386 .+.-
  880  3748   322  2035  3093 ....
  881  1380  5829  4151 12103 .+.-
  882  2438  3496   725  1783 ....
  883    70  1128  2841  3899 ....
  884  2186  8595   473  9337 .+.-
  885  3244  4302  1531  2589 ....
  886   876  6878  3647 11055 .+.-
  887  1934  2992   221  1279 ....
  888  4050  5160  2337 12773 .+.-
  889   624  1682  3395  4453 ....
  890  2740  7926  1027 10006 .+.-
  891  3798   372  2085  3143 ....
  892  1430  2488  4201   775 ....
  893  3546  6209  1833 11724 .+.-
  894   120  1178  2891  3949 ....
  895  2236  4491   523 13442 .+.-
  896  3294  4352  1581  2639 ....
  897   926  7257  3697 10675 .+.-
  898  1984  3042   271  1329 ....
  899  4100  5539  2387 12393 .+.-
  900   674  1732  3445    19 ....
  901  2790  8306  1077  9627 .+.-
  902  3848   422  2135  3193 ....
  903  1480  2538  4251   825 ....
  904  3596  6588  1883 11345 .+.-
  905   170  1228  2941  3999 ....
  906  2286  4870   573 13062 .+.-
  907  3344  4402  1631  2689 ....
  908   976  7637  3747 10296 .+.-
  909  2034  3092   321  1379 ....
  910  4150  5919  2437 12014 .+.-
  911   724  1782  3495    69 ....
  912  2840  3898  1127  2185 ....
  913   472  8685  3243  9247 .+.-
  914  1530  2588  4301   875 ....
  915  3646  6967  1933 10965 .+.-
  916   220  1278  2991  4049 ....
  917  2336  5250   623 12683 .+.-
  918  3394  4452  1681  2739 ....
  919  1026  8016  3797  9917 .+.-
  920  2084  3142   371  1429 ....
  921  4200  6298  2487 11634 .+.-
  922   774  1832  3545   119 ....
  923  2890  3948  1177  2235 ....
  924   522  4581  3293 13352 .+.-
  925  1580  2638  4351   925 ....
  926  3696  7347  1983 10586 .+.-
  927   270  1328  3041  4099 ....
  928  2386  5629   673 12303 .+.-
  929  3444    18  1731  2789 ....
  930  1076  8395  3847  9537 .+.-
  931  2134  3192   421  1479 ....
  932  4250   824  2537  3595 ....
  933  1882  6678   169 11255 .+.-
  934  2940  3998  1227  2285 ....
  935   572  4960  3343 12973 .+.-
  936  1630  2688  4401   975 ....
  937  3746  7726  2033 10206 .+.-
  938   320  1378  3091  4149 ....
  939  2436  6009   723 11924 .+.-
  940  3494    68  1781  2839 ....
  941  1126  2184  3897   471 ....
  942  3242  8775  1529  9158 .+.-
  943  4300   874  2587  3645 ....
  944  1932  7057   219 10875 .+.-
  945  2990  4048  1277  2335 ....
  946   622  5339  3393 12593 .+.-
  947  1680  2738  4451  1025 ....
  948  3796  8106  2083  9827 .+.-
  949   370  1428  3141  4199 ....
  950  2486  6388   773 11545 .+.-
  951  3544   118  1831  2889 ....
  952  1176  2234  3947   521 ....
  953  3292  4670  1579 13262 .+.-
  954  4350   924  2637  3695 ....
  955  1982  7437   269 10496 .+.-
  956  3040  4098  1327  2385 ....
  957   672  5719  3443 12214 .+.-
  958  1730  2788    17  1075 ....
  959  3846  8485  2133  9447 .+.-
  960   420  1478  3191  4249 ....
  961  2536  3594   823  1881 ....
  962   168  6767  2939 11165 .+.-
  963  1226  2284  3997   571 ....
  964  3342  5050  1629 12883 .+.-
  965  4400   974  2687  3745 ....
  966  2032  7816   319 10117 .+.-
  967  3090  4148  1377  2435 ....
  968   722  6098  3493 11834 .+.-
  969  1780  2838    67  1125 ....
  970  3896  8865  2183  9068 .+.-
  971   470  1528  3241  4299 ....
  972  2586  3644   873  1931 ....
  973   218  7147  2989 10786 .+.-
  974  1276  2334  4047   621 ....
  975  3392  5429  1679 12503 .+.-
  976  4450  1024  2737  3795 ....
  977  2082  8195   369  9737 .+.-
  978  3140  4198  1427  2485 ....
  979   772  6478  3543 11455 .+.-
  980  1830  2888   117  1175 ....
  981  3946   520  2233  3291 ....
  982  1578  4760  4349 13173 .+.-
  983  2636  3694   923  1981 ....
  984   268  7526  3039 10406 .+.-
  985  1326  2384  4097   671 ....
  986  3442  5809  1729 12124 .+.-
  987    16  1074  2787  3845 ....
  988  2132  8575   419  9358 .+.-
  989  3190  4248  1477  2535 ....
  990   822  6857  3593 11075 .+.-
  991  1880  2938   167  1225 ....
  992  3996   570  2283  3341 ....
  993  1628  5139  4399 12793 .+.-
  994  2686  3744   973  2031 ....
  995   318  7906  3089 10027 .+.-
  996  1376  2434  4147   721 ....
  997  3492  6188  1779 11745 .+.-
  998    66  1124  2837  3895 ....
  999  2182  8954   469  8978 .+.-
 1000  3240  4298  1527  2585 ....
 1001   872  1930  3643   217 ....
 1002  2988  7236  1275 10696 .+.-
 1003  4046   620  2333  3391 ....
 1004  1678  5519  4449 12414 .+.-
 1005  2736  3794  1023  2081 ....
 1006   368  8285  3139  9647 .+.-
 1007  1426  2484  4197   771 ....
 1008  3542  6567  1829 11365 .+.-
 1009   116  1174  2887  3945 ....
 1010  2232  4850   519 13083 .+.-
 1011  3290  4348  1577  2635 ....
 1012   922  1980  3693   267 ....
 1013  3038  7616  1325 10317 .+.-
 1014  4096   670  2383  3441 ....
 1015  1728  5898    15 12034 .+.-
 1016  2786  3844  1073  2131 ....
 1017   418  8664  3189  9268 .+.-
 1018  1476  2534  4247   821 ....
 1019  3592  6947  1879 10986 .+.-
 1020   166  1224  2937  3995 ....
 1021  2282  3340   569  1627 ....
 1022  4398  5229  2685 12704 .+.-
 1023   972  2030  3743   317 ....
 1024  3088  7995  1375  9937 .+.-
 1025  4146   720  2433  3491 ....
 1026  1778  6278    65 11655 .+.-
 1027  2836  3894  1123  2181 ....
 1028   468  4560  3239 13373 .+.-
 1029  1526  2584  4297   871 ....
 1030  3642  7326  1929 10606 .+.-
 1031   216  1274  2987  4045 ....
 1032  2332  3390   619  1677 ....
 1033  4448  5608  2735 12324 .+.-
 1034  1022  2080  3793   367 ....
 1035  3138  8375  1425  9558 .+.-
 1036  4196   770  2483  3541 ....
 1037  1828  6657   115 11276 .+.-
 1038  2886  3944  1173  2231 ....
 1039   518  4939  3289 12993 .+.-
 1040  1576  2634  4347   921 ....
 1041  3692   266  1979  3037 ....
 1042  1324  7706  4095 10227 .+.-
 1043  2382  3440   669  1727 ....
 1044    14  5988  2785 11945 .+.-
 1045  1072  2130  3843   417 ....
 1046  3188  8754  1475  9178 .+.-
 1047  4246   820  2533  3591 ....
 1048  1878  7036   165 10896 .+.-
 1049  2936  3994  1223  2281 ....
 1050   568  1626  3339  4397 ....
 1051  2684  5319   971 12614 .+.-
 1052  3742   316  2029  3087 ....
 1053  1374  8085  4145  9848 .+.-
 1054  2432  3490   719  1777 ....
 1055    64  6367  2835 11565 .+.-
 1056  1122  2180  3893   467 ....
 1057  3238  4650  1525 13283 .+.-
 1058  4296   870  2583  3641 ....
 1059  1928  7416   215 10517 .+.-
 1060  2986  4044  1273  2331 ....
 1061   618  1676  3389  4447 ....
 1062  2734  5698  1021 12234 .+.-
 1063  3792   366  2079  3137 ....
 1064  1424  8464  4195  9468 .+.-
 1065  2482  3540   769  1827 ....
 1066   114  6747  2885 11186 .+.-
 1067  1172  2230  3943   517 ....
 1068  3288  5029  1575 12904 .+.-
 1069  4346   920  2633  3691 ....
 1070  1978  3036   265  1323 ....
 1071  4094  7795  2381 10137 .+.-
 1072   668  1726  3439    13 ....
 1073  2784  6078  1071 11855 .+.-
 1074  3842   416  2129  3187 ....
 1075  1474  8844  4245  9089 .+.-
 1076  2532  3590   819  1877 ....
 1077   164  7126  2935 10806 .+.-
 1078  1222  2280  3993   567 ....
 1079  3338  5408  1625 12524 .+.-
 1080  4396   970  2683  3741 ....
 1081  2028  3086   315  1373 ....
 1082  4144  8175  2431  9758 .+.-
 1083   718  1776  3489    63 ....
 1084  2834  6457  1121 11476 .+.-
 1085  3892   466  2179  3237 ....
 1086  1524  4739  4295 13193 .+.-
 1087  2582  3640   869  1927 ....
 1088   214  7506  2985 10427 .+.-
 1089  1272  2330  4043   617 ....
 1090  3388  4446  1675  2733 ....
 1091  1020  5788  3791 12145 .+.-
 1092  2078  3136   365  1423 ....
 1093  4194  8554  2481  9378 .+.-
 1094   768  1826  3539   113 ....
 1095  2884  6836  1171 11096 .+.-
 1096  3942   516  2229  3287 ....
 1097  1574  5119  4345 12814 .+.-
 1098  2632  3690   919  1977 ....
 1099   264  7885  3035 10048 .+.-
 1100  1322  2380  4093   667 ....
 1101  3438    12  1725  2783 ....
 1102  1070  6167  3841 11765 .+.-
 1103  2128  3186   415  1473 ....
 1104  4244  8934  2531  8999 .+.-
 1105   818  1876  3589   163 ....
 1106  2934  7216  1221 10717 .+.-
 1107  3992   566  2279  3337 ....
 1108  1624  5498  4395 12434 .+.-
 1109  2682  3740   969  2027 ....
 1110   314  1372  3085  4143 ....
 1111  2430  8264   717  9668 .+.-
 1112  3488    62  1775  2833 ....
 1113  1120  6547  3891 11386 .+.-
 1114  2178  3236   465  1523 ....
 1115  4294  4829  2581 13104 .+.-
 1116   868  1926  3639   213 ....
 1117  2984  7595  1271 10337 .+.-
 1118  4042   616  2329  3387 ....
 1119  1674  5877  4445 12055 .+.-
 1120  2732  3790  1019  2077 ....
 1121   364  1422  3135  4193 ....
 1122  2480  8644   767  9289 .+.-
 1123  3538   112  1825  2883 ....
 1124  1170  6926  3941 11006 .+.-
 1125  2228  3286   515  1573 ....
 1126  4344  5208  2631 12724 .+.-
 1127   918  1976  3689   263 ....
 1128  3034  7975  1321  9958 .+.-
 1129  4092   666  2379  3437 ....
 1130  1724  2782    11  1069 ....
 1131  3840  6257  2127 11676 .+.-
 1132   414  1472  3185  4243 ....
 1133  2530  4539   817 13393 .+.-
 1134  3588   162  1875  2933 ....
 1135  1220  7305  3991 10627 .+.-
 1136  2278  3336   565  1623 ....
 1137  4394  5588  2681 12345 .+.-
 1138   968  2026  3739   313 ....
 1139  3084  4142  1371  2429 ....
 1140   716  8354  3487  9579 .+.-
 1141  1774  2832    61  1119 ....
 1142  3890  6636  2177 11296 .+.-
 1143   464  1522  3235  4293 ....
 1144  2580  4919   867 13014 .+.-
 1145  3638   212  1925  2983 ....
 1146  1270  7685  4041 10248 .+.-
 1147  2328  3386   615  1673 ....
 1148  4444  5967  2731 11965 .+.-
 1149  1018  2076  3789   363 ....
 1150  3134  4192  1421  2479 ....
 1151   766  8733  3537  9199 .+.-
 1152  1824  2882   111  1169 ....
 1153  3940  7016  2227 10917 .+.-
 1154   514  1572  3285  4343 ....
 1155  2630  5298   917 12635 .+.-
 1156  3688   262  1975  3033 ....
 1157  1320  8064  4091  9868 .+.-
 1158  2378  3436   665  1723 ....
 1159    10  1068  2781  3839 ....
 1160  2126  6347   413 11586 .+.-
 1161  3184  4242  1471  2529 ....
 1162   816  4629  3587 13304 .+.-
 1163  1874  2932   161  1219 ....
 1164  3990  7395  2277 10537 .+.-
 1165   564  1622  3335  4393 ....
 1166  2680  5677   967 12255 .+.-
 1167  3738   312  2025  3083 ....
 1168  1370  8444  4141  9489 .+.-
 1169  2428  3486   715  1773 ....
 1170    60  1118  2831  3889 ....
 1171  2176  6726   463 11207 .+.-
 1172  3234  4292  1521  2579 ....
 1173   866  5008  3637 12924 .+.-
 1174  1924  2982   211  1269 ....
 1175  4040  7775  2327 10158 .+.-
 1176   614  1672  3385  4443 ....
 1177  2730  6057  1017 11876 .+.-
 1178  3788   362  2075  3133 ....
 1179  1420  2478  4191   765 ....
 1180  3536  8823  1823  9109 .+.-
 1181   110  1168  2881  3939 ....
 1182  2226  7105   513 10827 .+.-
 1183  3284  4342  1571  2629 ....
 1184   916  5388  3687 12545 .+.-
 1185  1974  3032   261  1319 ....
 1186  4090  8154  2377  9779 .+.-
 1187   664  1722  3435     9 ....
 1188  2780  6436  1067 11496 .+.-
 1189  3838   412  2125  3183 ....
 1190  1470  2528  4241   815 ....
 1191  3586  4719  1873 13214 .+.-
 1192   160  1218  2931  3989 ....
 1193  2276  7485   563 10448 .+.-
 1194  3334  4392  1621  2679 ....
 1195   966  5767  3737 12165 .+.-
 1196  2024  3082   311  1369 ....
 1197  4140  8533  2427  9399 .+.-
 1198   714  1772  3485    59 ....
 1199  2830  3888  1117  2175 ....
 1200   462  6816  3233 11117 .+.-
 1201  1520  2578  4291   865 ....
 1202  3636  5098  1923 12835 .+.-
 1203   210  1268  2981  4039 ....
 1204  2326  7864   613 10068 .+.-
 1205  3384  4442  1671  2729 ....
 1206  1016  6147  3787 11786 .+.-
 1207  2074  3132   361  1419 ....
 1208  4190  8913  2477  9020 .+.-
 1209   764  1822  3535   109 ....
 1210  2880  3938  1167  2225 ....
 1211   512  7195  3283 10737 .+.-
 1212  1570  2628  4341   915 ....
 1213  3686  5477  1973 12455 .+.-
 1214   260  1318  3031  4089 ....
 1215  2376  8244   663  9689 .+.-
 1216  3434     8  1721  2779 ....
 1217  1066  6526  3837 11407 .+.-
 1218  2124  3182   411  1469 ....
 1219  4240   814  2527  3585 ....
 1220  1872  4808   159 13124 .+.-
 1221  2930  3988  1217  2275 ....
 1222   562  7575  3333 10358 .+.-
 1223  1620  2678  4391   965 ....
 1224  3736  5857  2023 12076 .+.-
 1225   310  1368  3081  4139 ....
 1226  2426  8623   713  9309 .+.-
 1227  3484    58  1771  2829 ....
 1228  1116  6905  3887 11027 .+.-
 1229  2174  3232   461  1519 ....
 1230  4290   864  2577  3635 ....
 1231  1922  5188   209 12745 .+.-
 1232  2980  4038  1267  2325 ....
 1233   612  7954  3383  9979 .+.-
 1234  1670  2728  4441  1015 ....
 1235  3786  6236  2073 11696 .+.-
 1236   360  1418  3131  4189 ....
 1237  2476  4518   763 13414 .+.-
 1238  3534   108  1821  2879 ....
 1239  1166  2224  3937   511 ....
 1240  3282  7285  1569 10648 .+.-
 1241  4340   914  2627  3685 ....
 1242  1972  5567   259 12365 .+.-
 1243  3030  4088  1317  2375 ....
 1244   662  8333  3433  9599 .+.-
 1245  1720  2778     7  1065 ....
 1246  3836  6616  2123 11317 .+.-
 1247   410  1468  3181  4239 ....
 1248  2526  3584   813  1871 ....
 1249   158  4898  2929 13035 .+.-
 1250  1216  2274  3987   561 ....
 1251  3332  7664  1619 10268 .+.-
 1252  4390   964  2677  3735 ....
 1253  2022  5946   309 11986 .+.-
 1254  3080  4138  1367  2425 ....
 1255   712  8713  3483  9220 .+.-
 1256  1770  2828    57  1115 ....
 1257  3886  6995  2173 10938 .+.-
 1258   460  1518  3231  4289 ....
 1259  2576  3634   863  1921 ....
 1260   208  5277  2979 12655 .+.-
 1261  1266  2324  4037   611 ....
 1262  3382  8044  1669  9889 .+.-
 1263  4440  1014  2727  3785 ....
 1264  2072  6326   359 11607 .+.-
 1265  3130  4188  1417  2475 ....
 1266   762  4608  3533 13324 .+.-
 1267  1820  2878   107  1165 ....
 1268  3936   510  2223  3281 ....
 1269  1568  7374  4339 10558 .+.-
 1270  2626  3684   913  1971 ....
 1271   258  5657  3029 12276 .+.-
 1272  1316  2374  4087   661 ....
 1273  3432  8423  1719  9510 .+.-
 1274     6  1064  2777  3835 ....
 1275  2122  6705   409 11227 .+.-
 1276  3180  4238  1467  2525 ....
 1277   812  4988  3583 12945 .+.-
 1278  1870  2928   157  1215 ....
 1279  3986   560  2273  3331 ....
 1280  1618  7754  4389 10179 .+.-
 1281  2676  3734   963  2021 ....
 1282   308  6036  3079 11896 .+.-
 1283  1366  2424  4137   711 ....
 1284  3482  8802  1769  9130 .+.-
 1285    56  1114  2827  3885 ....
 1286  2172  7085   459 10848 .+.-
 1287  3230  4288  1517  2575 ....
 1288   862  1920  3633   207 ....
 1289  2978  5367  1265 12566 .+.-
 1290  4036   610  2323  3381 ....
 1291  1668  8133  4439  9799 .+.-
 1292  2726  3784  1013  2071 ....
 1293   358  6416  3129 11517 .+.-
 1294  1416  2474  4187   761 ....
 1295  3532  4698  1819 13235 .+.-
 1296   106  1164  2877  3935 ....
 1297  2222  7464   509 10468 .+.-
 1298  3280  4338  1567  2625 ....
 1299   912  1970  3683   257 ....
 1300  3028  5746  1315 12186 .+.-
 1301  4086   660  2373  3431 ....
 1302  1718  8513     5  9420 .+.-
 1303  2776  3834  1063  2121 ....
 1304   408  6795  3179 11138 .+.-
 1305  1466  2524  4237   811 ....
 1306  3582  5077  1869 12855 .+.-
 1307   156  1214  2927  3985 ....
 1308  2272  3330   559  1617 ....
 1309  4388  7844  2675 10089 .+.-
 1310   962  2020  3733   307 ....
 1311  3078  6126  1365 11807 .+.-
 1312  4136   710  2423  3481 ....
 1313  1768  8892    55  9040 .+.-
 1314  2826  3884  1113  2171 ....
 1315   458  7174  3229 10758 .+.-
 1316  1516  2574  4287   861 ....
 1317  3632  5457  1919 12476 .+.-
 1318   206  1264  2977  4035 ....
 1319  2322  3380   609  1667 ....
 1320  4438  8223  2725  9710 .+.-
 1321  1012  2070  3783   357 ....
 1322  3128  6505  1415 11427 .+.-
 1323  4186   760  2473  3531 ....
 1324  1818  4788   105 13145 .+.-
 1325  2876  3934  1163  2221 ....
 1326   508  7554  3279 10379 .+.-
 1327  1566  2624  4337   911 ....
 1328  3682   256  1969  3027 ....
 1329  1314  5836  4085 12096 .+.-
 1330  2372  3430   659  1717 ....
 1331     4  8602  2775  9330 .+.-
 1332  1062  2120  3833   407 ....
 1333  3178  6885  1465 11048 .+.-
 1334  4236   810  2523  3581 ....
 1335  1868  5167   155 12766 .+.-
 1336  2926  3984  1213  2271 ....
 1337   558  7933  3329  9999 .+.-
 1338  1616  2674  4387   961 ....
 1339  3732   306  2019  3077 ....
 1340  1364  6216  4135 11717 .+.-
 1341  2422  3480   709  1767 ....
 1342    54  4498  2825 13435 .+.-
 1343  1112  2170  3883   457 ....
 1344  3228  7264  1515 10668 .+.-
 1345  4286   860  2573  3631 ....
 1346  1918  5546   205 12386 .+.-
 1347  2976  4034  1263  2321 ....
 1348   608  1666  3379  4437 ....
 1349  2724  8313  1011  9620 .+.-
 1350  3782   356  2069  3127 ....
 1351  1414  6595  4185 11338 .+.-
 1352  2472  3530   759  1817 ....
 1353   104  4877  2875 13055 .+.-
 1354  1162  2220  3933   507 ....
 1355  3278  7643  1565 10289 .+.-
 1356  4336   910  2623  3681 ....
 1357  1968  3026   255  1313 ....
 1358  4084  5926  2371 12007 .+.-
 1359   658  1716  3429     3 ....
 1360  2774  8692  1061  9240 .+.-
 1361  3832   406  2119  3177 ....
 1362  1464  6974  4235 10958 .+.-
 1363  2522  3580   809  1867 ....
 1364   154  5257  2925 12676 .+.-
 1365  1212  2270  3983   557 ....
 1366  3328  8023  1615  9910 .+.-
 1367  4386   960  2673  3731 ....
 1368  2018  3076   305  1363 ....
 1369  4134  6305  2421 11627 .+.-
 1370   708  1766  3479    53 ....
 1371  2824  4587  1111 13345 .+.-
 1372  3882   456  2169  3227 ....
 1373  1514  7354  4285 10579 .+.-
 1374  2572  3630   859  1917 ....
 1375   204  5636  2975 12297 .+.-
 1376  1262  2320  4033   607 ....
 1377  3378  4436  1665  2723 ....
 1378  1010  8402  3781  9530 .+.-
 1379  2068  3126   355  1413 ....
 1380  4184  6685  2471 11248 .+.-
 1381   758  1816  3529   103 ....
 1382  2874  4967  1161 12966 .+.-
 1383  3932   506  2219  3277 ....
 1384  1564  7733  4335 10199 .+.-
 1385  2622  3680   909  1967 ....
 1386   254  6015  3025 11917 .+.-
 1387  1312  2370  4083   657 ....
 1388  3428     2  1715  2773 ....
 1389  1060  8782  3831  9151 .+.-
 1390  2118  3176   405  1463 ....
 1391  4234  7064  2521 10869 .+.-
 1392   808  1866  3579   153 ....
 1393  2924  5346  1211 12586 .+.-
 1394  3982   556  2269  3327 ....
 1395  1614  8113  4385  9820 .+.-
 1396  2672  3730   959  2017 ....
 1397   304  1362  3075  4133 ....
 1398  2420  6395   707 11538 .+.-
 1399  3478    52  1765  2823 ....
 1400  1110  4677  3881 13255 .+.-
 1401  2168  3226   455  1513 ....
 1402  4284  7443  2571 10489 .+.-
 1403   858  1916  3629   203 ....
 1404  2974  5726  1261 12207 .+.-
 1405  4032   606  2319  3377 ....
 1406  1664  8492  4435  9441 .+.-
 1407  2722  3780  1009  2067 ....
 1408   354  1412  3125  4183 ....
 1409  2470  6774   757 11158 .+.-
 1410  3528   102  1815  2873 ....
 1411  1160  5057  3931 12876 .+.-
 1412  2218  3276   505  1563 ....
 1413  4334  7823  2621 10110 .+.-
 1414   908  1966  3679   253 ....
 1415  3024  6105  1311 11827 .+.-
 1416  4082   656  2369  3427 ....
 1417  1714  2772     1  1059 ....
 1418  3830  8871  2117  9061 .+.-
 1419   404  1462  3175  4233 ....
 1420  2520  7154   807 10779 .+.-
 1421  3578   152  1865  2923 ....
 1422  1210  5436  3981 12497 .+.-
 1423  2268  3326   555  1613 ....
 1424  4384  8202  2671  9730 .+.-
 1425   958  2016  3729   303 ....
 1426  3074  6485  1361 11448 .+.-
 1427  4132   706  2419  3477 ....
 1428  1764  2822    51  1109 ....
 1429  3880  4767  2167 13166 .+.-
 1430   454  1512  3225  4283 ....
 1431  2570  7533   857 10399 .+.-
 1432  3628   202  1915  2973 ....
 1433  1260  5815  4031 12117 .+.-
 1434  2318  3376   605  1663 ....
 1435  4434  8582  2721  9351 .+.-
 1436  1008  2066  3779   353 ....
 1437  3124  4182  1411  2469 ....
 1438   756  6864  3527 11069 .+.-
 1439  1814  2872   101  1159 ....
 1440  3930  5146  2217 12786 .+.-
 1441   504  1562  3275  4333 ....
 1442  2620  7913   907 10020 .+.-
 1443  3678   252  1965  3023 ....
 1444  1310  6195  4081 11738 .+.-
 1445  2368  3426   655  1713 ....
Total data plus flush bits=4484, p-parity bits=650, q-parity=650, Errors=0, Repetition=0
