R20T2XL1
Channel Interleaving, Puncturing and Mapping to 16-QAM
User data=2264, with flush=2268, Channel Symbols=1252, Channel Bits=5008, Parity=2740, p=q=1370, Coding Rate=0.452077
D=2264, FECSy=1252, DF=2268, N=5008, P=2740, p=1370, distep=1403, dd=0, pistep=847, pp=1369, ppstep=1.655474, ppstart=2268.500000, qpstart=4537.327637, k=118, mx=10.610169

Symbol   I1    I0    Q1    Q0  Pattern= . =data, + =p parity, - =q parity
-------------------------------------------------------------------------
    0  4534  3669  4537  5403 ++--
    1     0  2803  1403  6268 .+.-
    2   538  4205  1941  4866 .+.-
    3  1076  3339   211  5732 .+.-
    4  1614  2473   749  6598 .+.-
    5  2152  3875  1287  5196 .+.-
    6   422  3010  1825  6062 .+.-
    7   960  4412    95  4659 .+.-
    8  1498  3546   633  5525 .+.-
    9  2036  2680  1171  6391 .+.-
   10   306  4082  1709  4989 .+.-
   11  3217  2351  5855  6720 ++--
   12   844  3753  2247  5318 .+.-
   13  1382  2887   517  6184 .+.-
   14  1920  4289  1055  4782 .+.-
   15   190  3424  1593  5648 .+.-
   16   728  2558  2131  6513 .+.-
   17  1266  3960   401  5111 .+.-
   18  1804  3094   939  5977 .+.-
   19    74  4496  1477  4575 .+.-
   20   612  3630  2015  5441 .+.-
   21  1150  2765   285  6307 .+.-
   22  4167  3301  4904  5770 ++--
   23  1688  2435   823  6636 .+.-
   24  2226  3837  1361  5234 .+.-
   25   496  2972  1899  6100 .+.-
   26  1034  4374   169  4697 .+.-
   27  1572  3508   707  5563 .+.-
   28  2110  2642  1245  6429 .+.-
   29   380  4044  1783  5027 .+.-
   30   918  3179    53  5893 .+.-
   31  1456  2313   591  6758 .+.-
   32  3715  2849  5356  6222 ++--
   33  1994  4251  1129  4820 .+.-
   34   264  3385  1667  5686 .+.-
   35   802  2520  2205  6552 .+.-
   36  1340  3922   475  5149 .+.-
   37  1878  3056  1013  6015 .+.-
   38   148  4458  1551  4613 .+.-
   39   686  3592  2089  5479 .+.-
   40  1224  2727   359  6345 .+.-
   41  1762  4129   897  4942 .+.-
   42    32  3263  1435  5808 .+.-
   43  2397  3799  6674  5272 ++--
   44   570  2934  1973  6138 .+.-
   45  1108  4336   243  4735 .+.-
   46  1646  3470   781  5601 .+.-
   47  2184  2604  1319  6467 .+.-
   48   454  4006  1857  5065 .+.-
   49   992  3140   127  5931 .+.-
   50  1530  2275   665  6797 .+.-
   51  2068  3677  1203  5394 .+.-
   52   338  2811  1741  6260 .+.-
   53   876  4213    11  4858 .+.-
   54  3347  2482  5724  6590 ++--
   55  1414  3884   549  5187 .+.-
   56  1952  3018  1087  6053 .+.-
   57   222  4420  1625  4651 .+.-
   58   760  3554  2163  5517 .+.-
   59  1298  2688   433  6383 .+.-
   60  1836  4091   971  4980 .+.-
   61   106  3225  1509  5846 .+.-
   62   644  2359  2047  6712 .+.-
   63  1182  3761   317  5310 .+.-
   64  2895  4298  6176  4774 ++--
   65  1720  3432   855  5639 .+.-
   66  2258  2566  1393  6505 .+.-
   67   528  3968  1931  5103 .+.-
   68  1066  3102   201  5969 .+.-
   69  1604  4505   739  4567 .+.-
   70  2142  3639  1277  5432 .+.-
   71   412  2773  1815  6298 .+.-
   72   950  4175    85  4896 .+.-
   73  1488  3309   623  5762 .+.-
   74  2026  2443  1161  6628 .+.-
   75  3846  2980  5226  6091 ++--
   76   296  4382  1699  4689 .+.-
   77   834  3516  2237  5555 .+.-
   78  1372  2650   507  6421 .+.-
   79  1910  4053  1045  5019 .+.-
   80   180  3187  1583  5884 .+.-
   81   718  2321  2121  6750 .+.-
   82  1256  3723   391  5348 .+.-
   83  1794  2857   929  6214 .+.-
   84    64  4260  1467  4812 .+.-
   85  3394  2528  5677  6543 ++--
   86   602  3930  2005  5141 .+.-
   87  1140  3064   275  6007 .+.-
   88  1678  4466   813  4605 .+.-
   89  2216  3601  1351  5471 .+.-
   90   486  2735  1889  6336 .+.-
   91  1024  4137   159  4934 .+.-
   92  1562  3271   697  5800 .+.-
   93  2100  2405  1235  6666 .+.-
   94   370  3808  1773  5264 .+.-
   95   908  2942    43  6129 .+.-
   96  4344  3478  4727  5593 ++--
   97  1446  2612   581  6459 .+.-
   98  1984  4015  1119  5057 .+.-
   99   254  3149  1657  5922 .+.-
  100   792  2283  2195  6788 .+.-
  101  1330  3685   465  5386 .+.-
  102  1868  2819  1003  6252 .+.-
  103   138  4221  1541  4850 .+.-
  104   676  3356  2079  5716 .+.-
  105  1214  2490   349  6581 .+.-
  106  1752  3892   887  5179 .+.-
  107  3026  4428  6045  4643 ++--
  108    22  3563  1425  5509 .+.-
  109   560  2697  1963  6374 .+.-
  110  1098  4099   233  4972 .+.-
  111  1636  3233   771  5838 .+.-
  112  2174  2367  1309  6704 .+.-
  113   444  3770  1847  5302 .+.-
  114   982  2904   117  6167 .+.-
  115  1520  4306   655  4765 .+.-
  116  2058  3440  1193  5631 .+.-
  117  2574  3976  6497  5095 ++--
  118   328  3111  1731  5961 .+.-
  119   866  4513     1  4558 .+.-
  120  1404  3647   539  5424 .+.-
  121  1942  2781  1077  6290 .+.-
  122   212  4183  1615  4888 .+.-
  123   750  3318  2153  5754 .+.-
  124  1288  2452   423  6619 .+.-
  125  1826  3854   961  5217 .+.-
  126    96  2988  1499  6083 .+.-
  127   634  4390  2037  4681 .+.-
  128  3525  2659  5547  6412 ++--
  129  1172  4061   307  5010 .+.-
  130  1710  3195   845  5876 .+.-
  131  2248  2329  1383  6742 .+.-
  132   518  3731  1921  5340 .+.-
  133  1056  2866   191  6206 .+.-
  134  1594  4268   729  4803 .+.-
  135  2132  3402  1267  5669 .+.-
  136   402  2536  1805  6535 .+.-
  137   940  3938    75  5133 .+.-
  138  3073  4475  5999  4596 ++--
  139  1478  3609   613  5462 .+.-
  140  2016  2743  1151  6328 .+.-
  141   286  4145  1689  4926 .+.-
  142   824  3279  2227  5792 .+.-
  143  1362  2414   497  6657 .+.-
  144  1900  3816  1035  5255 .+.-
  145   170  2950  1573  6121 .+.-
  146   708  4352  2111  4719 .+.-
  147  1246  3486   381  5585 .+.-
  148  1784  2621   919  6451 .+.-
  149  4023  3157  5048  5914 ++--
  150    54  2291  1457  6780 .+.-
  151   592  3693  1995  5378 .+.-
  152  1130  2828   265  6244 .+.-
  153  1668  4230   803  4841 .+.-
  154  2206  3364  1341  5707 .+.-
  155   476  2498  1879  6573 .+.-
  156  1014  3900   149  5171 .+.-
  157  1552  3034   687  6037 .+.-
  158  2090  4437  1225  4635 .+.-
  159   360  3571  1763  5500 .+.-
  160  2705  4107  6366  4964 ++--
  161   898  3241    33  5830 .+.-
  162  1436  2376   571  6696 .+.-
  163  1974  3778  1109  5293 .+.-
  164   244  2912  1647  6159 .+.-
  165   782  4314  2185  4757 .+.-
  166  1320  3448   455  5623 .+.-
  167  1858  2583   993  6489 .+.-
  168   128  3985  1531  5086 .+.-
  169   666  3119  2069  5952 .+.-
  170  4521  3655  4550  5416 ++--
  171  1204  2789   339  6282 .+.-
  172  1742  4192   877  4880 .+.-
  173    12  3326  1415  5745 .+.-
  174   550  2460  1953  6611 .+.-
  175  1088  3862   223  5209 .+.-
  176  1626  2996   761  6075 .+.-
  177  2164  4399  1299  4673 .+.-
  178   434  3533  1837  5538 .+.-
  179   972  2667   107  6404 .+.-
  180  1510  4069   645  5002 .+.-
  181  3203  2338  5868  6734 ++--
  182  2048  3740  1183  5331 .+.-
  183   318  2874  1721  6197 .+.-
  184   856  4276  2259  4795 .+.-
  185  1394  3410   529  5661 .+.-
  186  1932  2544  1067  6527 .+.-
  187   202  3947  1605  5125 .+.-
  188   740  3081  2143  5990 .+.-
  189  1278  4483   413  4588 .+.-
  190  1816  3617   951  5454 .+.-
  191  2751  4154  6320  4918 ++--
  192    86  3288  1489  5783 .+.-
  193   624  2422  2027  6649 .+.-
  194  1162  3824   297  5247 .+.-
  195  1700  2958   835  6113 .+.-
  196  2238  4361  1373  4711 .+.-
  197   508  3495  1911  5576 .+.-
  198  1046  2629   181  6442 .+.-
  199  1584  4031   719  5040 .+.-
  200  2122  3165  1257  5906 .+.-
  201   392  2299  1795  6772 .+.-
  202  3702  2836  5370  6235 ++--
  203   930  4238    65  4833 .+.-
  204  1468  3372   603  5699 .+.-
  205  2006  2506  1141  6565 .+.-
  206   276  3909  1679  5163 .+.-
  207   814  3043  2217  6028 .+.-
  208  1352  4445   487  4626 .+.-
  209  1890  3579  1025  5492 .+.-
  210   160  2713  1563  6358 .+.-
  211   698  4116  2101  4956 .+.-
  212  1236  3250   371  5821 .+.-
  213  2384  3786  6687  5285 ++--
  214  1774  2920   909  6151 .+.-
  215    44  4322  1447  4749 .+.-
  216   582  3457  1985  5615 .+.-
  217  1120  2591   255  6480 .+.-
  218  1658  3993   793  5078 .+.-
  219  2196  3127  1331  5944 .+.-
  220   466  4529  1869  4542 .+.-
  221  1004  3664   139  5408 .+.-
  222  1542  2798   677  6273 .+.-
  223  4200  3334  4871  5737 ++--
  224  2080  2468  1215  6603 .+.-
  225   350  3870  1753  5201 .+.-
  226   888  3005    23  6066 .+.-
  227  1426  4407   561  4664 .+.-
  228  1964  3541  1099  5530 .+.-
  229   234  2675  1637  6396 .+.-
  230   772  4077  2175  4994 .+.-
  231  1310  3212   445  5860 .+.-
  232  1848  2346   983  6725 .+.-
  233   118  3748  1521  5323 .+.-
  234  2882  4284  6189  4787 ++--
  235   656  3419  2059  5653 .+.-
  236  1194  2553   329  6518 .+.-
  237  1732  3955   867  5116 .+.-
  238     2  3089  1405  5982 .+.-
  239   540  4491  1943  4580 .+.-
  240  1078  3625   213  5446 .+.-
  241  1616  2760   751  6311 .+.-
  242  2154  4162  1289  4909 .+.-
  243   424  3296  1827  5775 .+.-
  244   962  2430    97  6641 .+.-
  245  3832  2967  5239  6105 ++--
  246  1500  4369   635  4702 .+.-
  247  2038  3503  1173  5568 .+.-
  248   308  2637  1711  6434 .+.-
  249   846  4039  2249  5032 .+.-
  250  1384  3174   519  5898 .+.-
  251  1922  2308  1057  6763 .+.-
  252   192  3710  1595  5361 .+.-
  253   730  2844  2133  6227 .+.-
  254  1268  4246   403  4825 .+.-
  255  3380  2515  5691  6557 ++--
  256  1806  3917   941  5154 .+.-
  257    76  3051  1479  6020 .+.-
  258   614  4453  2017  4618 .+.-
  259  1152  3587   287  5484 .+.-
  260  1690  2722   825  6350 .+.-
  261  2228  4124  1363  4947 .+.-
  262   498  3258  1901  5813 .+.-
  263  1036  2392   171  6679 .+.-
  264  1574  3794   709  5277 .+.-
  265  2112  2929  1247  6143 .+.-
  266  4331  3465  4740  5606 ++--
  267   382  2599  1785  6472 .+.-
  268   920  4001    55  5070 .+.-
  269  1458  3135   593  5936 .+.-
  270  1996  2270  1131  6802 .+.-
  271   266  3672  1669  5399 .+.-
  272   804  2806  2207  6265 .+.-
  273  1342  4208   477  4863 .+.-
  274  1880  3342  1015  5729 .+.-
  275   150  2477  1553  6595 .+.-
  276  3879  3013  5192  6058 ++--
  277   688  4415  2091  4656 .+.-
  278  1226  3549   361  5522 .+.-
  279  1764  2684   899  6388 .+.-
  280    34  4086  1437  4985 .+.-
  281   572  3220  1975  5851 .+.-
  282  1110  2354   245  6717 .+.-
  283  1648  3756   783  5315 .+.-
  284  2186  2890  1321  6181 .+.-
  285   456  4293  1859  4779 .+.-
  286   994  3427   129  5644 .+.-
  287  2561  3963  6510  5108 ++--
  288  1532  3097   667  5974 .+.-
  289  2070  4500  1205  4572 .+.-
  290   340  3634  1743  5437 .+.-
  291   878  2768    13  6303 .+.-
  292  1416  4170   551  4901 .+.-
  293  1954  3304  1089  5767 .+.-
  294   224  2439  1627  6633 .+.-
  295   762  3841  2165  5230 .+.-
  296  1300  2975   435  6096 .+.-
  297  1838  4377   973  4694 .+.-
  298  3511  2645  5560  6426 ++--
  299   108  4048  1511  5024 .+.-
  300   646  3182  2049  5889 .+.-
  301  1184  2316   319  6755 .+.-
  302  1722  3718   857  5353 .+.-
  303  2260  2852  1395  6219 .+.-
  304   530  4255  1933  4817 .+.-
  305  1068  3389   203  5682 .+.-
  306  1606  2523   741  6548 .+.-
  307  2144  3925  1279  5146 .+.-
  308  3059  4462  6012  4610 ++--
  309   414  3596  1817  5475 .+.-
  310   952  2730    87  6341 .+.-
  311  1490  4132   625  4939 .+.-
  312  2028  3266  1163  5805 .+.-
  313   298  2400  1701  6671 .+.-
  314   836  3803  2239  5269 .+.-
  315  1374  2937   509  6134 .+.-
  316  1912  4339  1047  4732 .+.-
  317   182  3473  1585  5598 .+.-
  318   720  2607  2123  6464 .+.-
  319  4010  3144  5062  5927 ++--
  320  1258  2278   393  6793 .+.-
  321  1796  3680   931  5391 .+.-
  322    66  2814  1469  6257 .+.-
  323   604  4216  2007  4855 .+.-
  324  1142  3351   277  5720 .+.-
  325  1680  2485   815  6586 .+.-
  326  2218  3887  1353  5184 .+.-
  327   488  3021  1891  6050 .+.-
  328  1026  4423   161  4648 .+.-
  329  3558  2692  5514  6379 ++--
  330  1564  4094   699  4977 .+.-
  331  2102  3228  1237  5843 .+.-
  332   372  2362  1775  6709 .+.-
  333   910  3765    45  5307 .+.-
  334  1448  2899   583  6172 .+.-
  335  1986  4301  1121  4770 .+.-
  336   256  3435  1659  5636 .+.-
  337   794  2569  2197  6502 .+.-
  338  1332  3971   467  5100 .+.-
  339  1870  3106  1005  5966 .+.-
  340  4508  3642  4563  5429 ++--
  341   140  2776  1543  6295 .+.-
  342   678  4178  2081  4893 .+.-
  343  1216  3313   351  5759 .+.-
  344  1754  2447   889  6624 .+.-
  345    24  3849  1427  5222 .+.-
  346   562  2983  1965  6088 .+.-
  347  1100  4385   235  4686 .+.-
  348  1638  3520   773  5552 .+.-
  349  2176  2654  1311  6417 .+.-
  350   446  4056  1849  5015 .+.-
  351  3190  2324  5881  6747 ++--
  352   984  3726   119  5345 .+.-
  353  1522  2861   657  6211 .+.-
  354  2060  4263  1195  4808 .+.-
  355   330  3397  1733  5674 .+.-
  356   868  2531     3  6540 .+.-
  357  1406  3933   541  5138 .+.-
  358  1944  3068  1079  6004 .+.-
  359   214  4470  1617  4601 .+.-
  360   752  3604  2155  5467 .+.-
  361  2738  4140  6333  4931 ++--
  362  1290  3275   425  5797 .+.-
  363  1828  2409   963  6662 .+.-
  364    98  3811  1501  5260 .+.-
  365   636  2945  2039  6126 .+.-
  366  1174  4347   309  4724 .+.-
  367  1712  3481   847  5590 .+.-
  368  2250  2616  1385  6456 .+.-
  369   520  4018  1923  5053 .+.-
  370  1058  3152   193  5919 .+.-
  371  1596  2286   731  6785 .+.-
  372  3688  2823  5383  6249 ++--
  373  2134  4225  1269  4846 .+.-
  374   404  3359  1807  5712 .+.-
  375   942  2493    77  6578 .+.-
  376  1480  3895   615  5176 .+.-
  377  2018  3030  1153  6042 .+.-
  378   288  4432  1691  4639 .+.-
  379   826  3566  2229  5505 .+.-
  380  1364  2700   499  6371 .+.-
  381  1902  4102  1037  4969 .+.-
  382  3236  2371  5835  6701 ++--
  383   172  3773  1575  5298 .+.-
  384   710  2907  2113  6164 .+.-
  385  1248  4309   383  4762 .+.-
  386  1786  3443   921  5628 .+.-
  387    56  2578  1459  6494 .+.-
  388   594  3980  1997  5091 .+.-
  389  1132  3114   267  5957 .+.-
  390  1670  4516   805  4555 .+.-
  391  2208  3650  1343  5421 .+.-
  392   478  2785  1881  6287 .+.-
  393  4187  3321  4884  5750 ++--
  394  1016  2455   151  6616 .+.-
  395  1554  3857   689  5214 .+.-
  396  2092  2991  1227  6080 .+.-
  397   362  4394  1765  4678 .+.-
  398   900  3528    35  5543 .+.-
  399  1438  2662   573  6409 .+.-
  400  1976  4064  1111  5007 .+.-
  401   246  3198  1649  5873 .+.-
  402   784  2333  2187  6739 .+.-
  403  1322  3735   457  5336 .+.-
  404  2869  4271  6202  4800 ++--
  405  1860  3405   995  5666 .+.-
  406   130  2539  1533  6532 .+.-
  407   668  3942  2071  5129 .+.-
  408  1206  3076   341  5995 .+.-
  409  1744  4478   879  4593 .+.-
  410    14  3612  1417  5459 .+.-
  411   552  2746  1955  6325 .+.-
  412  1090  4149   225  4923 .+.-
  413  1628  3283   763  5788 .+.-
  414  2417  3819  6654  5252 ++--
  415  2166  2953  1301  6118 .+.-
  416   436  4356  1839  4716 .+.-
  417   974  3490   109  5581 .+.-
  418  1512  2624   647  6447 .+.-
  419  2050  4026  1185  5045 .+.-
  420   320  3160  1723  5911 .+.-
  421   858  2294  2261  6777 .+.-
  422  1396  3697   531  5374 .+.-
  423  1934  2831  1069  6240 .+.-
  424   204  4233  1607  4838 .+.-
  425  3367  2501  5704  6570 ++--
  426   742  3904  2145  5168 .+.-
  427  1280  3038   415  6033 .+.-
  428  1818  4440   953  4631 .+.-
  429    88  3574  1491  5497 .+.-
  430   626  2708  2029  6363 .+.-
  431  1164  4111   299  4961 .+.-
  432  1702  3245   837  5826 .+.-
  433  2240  2379  1375  6692 .+.-
  434   510  3781  1913  5290 .+.-
  435  1048  2915   183  6156 .+.-
  436  4317  3452  4754  5620 ++--
  437  1586  2586   721  6485 .+.-
  438  2124  3988  1259  5083 .+.-
  439   394  3122  1797  5949 .+.-
  440   932  4524    67  4547 .+.-
  441  1470  3659   605  5413 .+.-
  442  2008  2793  1143  6278 .+.-
  443   278  4195  1681  4876 .+.-
  444   816  3329  2219  5742 .+.-
  445  1354  2463   489  6608 .+.-
  446  3866  3000  5206  6071 ++--
  447  1892  4402  1027  4669 .+.-
  448   162  3536  1565  5535 .+.-
  449   700  2670  2103  6401 .+.-
  450  1238  4072   373  4999 .+.-
  451  1776  3207   911  5865 .+.-
  452    46  2341  1449  6730 .+.-
  453   584  3743  1987  5328 .+.-
  454  1122  2877   257  6194 .+.-
  455  1660  4279   795  4792 .+.-
  456  2198  3414  1333  5658 .+.-
  457  2548  3950  6523  5121 ++--
  458   468  3084  1871  5987 .+.-
  459  1006  4486   141  4585 .+.-
  460  1544  3621   679  5451 .+.-
  461  2082  2755  1217  6316 .+.-
  462   352  4157  1755  4914 .+.-
  463   890  3291    25  5780 .+.-
  464  1428  2425   563  6646 .+.-
  465  1966  3827  1101  5244 .+.-
  466   236  2962  1639  6110 .+.-
  467  4364  3498  4707  5573 ++--
  468   774  2632  2177  6439 .+.-
  469  1312  4034   447  5037 .+.-
  470  1850  3169   985  5903 .+.-
  471   120  2303  1523  6768 .+.-
  472   658  3705  2061  5366 .+.-
  473  1196  2839   331  6232 .+.-
  474  1734  4241   869  4830 .+.-
  475     4  3376  1407  5696 .+.-
  476   542  2510  1945  6561 .+.-
  477  1080  3912   215  5159 .+.-
  478  3046  4448  6025  4623 ++--
  479  1618  3582   753  5489 .+.-
  480  2156  2717  1291  6355 .+.-
  481   426  4119  1829  4952 .+.-
  482   964  3253    99  5818 .+.-
  483  1502  2387   637  6684 .+.-
  484  2040  3789  1175  5282 .+.-
  485   310  2924  1713  6148 .+.-
  486   848  4326  2251  4745 .+.-
  487  1386  3460   521  5611 .+.-
  488  1924  2594  1059  6477 .+.-
  489  3996  3131  5075  5941 ++--
  490   194  4533  1597  4538 .+.-
  491   732  3667  2135  5404 .+.-
  492  1270  2801   405  6270 .+.-
  493  1808  4203   943  4868 .+.-
  494    78  3337  1481  5734 .+.-
  495   616  2472  2019  6600 .+.-
  496  1154  3874   289  5197 .+.-
  497  1692  3008   827  6063 .+.-
  498  2230  4410  1365  4661 .+.-
  499  3544  2679  5527  6393 ++--
  500   500  4081  1903  4990 .+.-
  501  1038  3215   173  5856 .+.-
  502  1576  2349   711  6722 .+.-
  503  2114  3751  1249  5320 .+.-
  504   384  2885  1787  6186 .+.-
  505   922  4288    57  4783 .+.-
  506  1460  3422   595  5649 .+.-
  507  1998  2556  1133  6515 .+.-
  508   268  3958  1671  5113 .+.-
  509   806  3092  2209  5979 .+.-
  510  4495  3629  4577  5442 ++--
  511  1344  2763   479  6308 .+.-
  512  1882  4165  1017  4906 .+.-
  513   152  3299  1555  5772 .+.-
  514   690  2434  2093  6638 .+.-
  515  1228  3836   363  5235 .+.-
  516  1766  2970   901  6101 .+.-
  517    36  4372  1439  4699 .+.-
  518   574  3506  1977  5565 .+.-
  519  1112  2640   247  6431 .+.-
  520  4043  3177  5029  5894 ++--
  521  1650  2311   785  6760 .+.-
  522  2188  3713  1323  5358 .+.-
  523   458  2847  1861  6224 .+.-
  524   996  4250   131  4822 .+.-
  525  1534  3384   669  5687 .+.-
  526  2072  2518  1207  6553 .+.-
  527   342  3920  1745  5151 .+.-
  528   880  3054    15  6017 .+.-
  529  1418  4457   553  4615 .+.-
  530  1956  3591  1091  5480 .+.-
  531  2725  4127  6346  4944 ++--
  532   226  3261  1629  5810 .+.-
  533   764  2395  2167  6676 .+.-
  534  1302  3798   437  5274 .+.-
  535  1840  2932   975  6139 .+.-
  536   110  4334  1513  4737 .+.-
  537   648  3468  2051  5603 .+.-
  538  1186  2602   321  6469 .+.-
  539  1724  4005   859  5067 .+.-
  540  2262  3139  1397  5932 .+.-
  541   532  2273  1935  6798 .+.-
  542  3675  2809  5396  6262 ++--
  543  1070  4212   205  4860 .+.-
  544  1608  3346   743  5725 .+.-
  545  2146  2480  1281  6591 .+.-
  546   416  3882  1819  5189 .+.-
  547   954  3016    89  6055 .+.-
  548  1492  4418   627  4653 .+.-
  549  2030  3553  1165  5519 .+.-
  550   300  2687  1703  6384 .+.-
  551   838  4089  2241  4982 .+.-
  552  3223  2357  5848  6714 ++--
  553  1376  3760   511  5312 .+.-
  554  1914  2894  1049  6177 .+.-
  555   184  4296  1587  4775 .+.-
  556   722  3430  2125  5641 .+.-
  557  1260  2564   395  6507 .+.-
  558  1798  3967   933  5105 .+.-
  559    68  3101  1471  5970 .+.-
  560   606  4503  2009  4568 .+.-
  561  1144  3637   279  5434 .+.-
  562  1682  2771   817  6300 .+.-
  563  4173  3308  4898  5764 ++--
  564  2220  2442  1355  6629 .+.-
  565   490  3844  1893  5227 .+.-
  566  1028  2978   163  6093 .+.-
  567  1566  4380   701  4691 .+.-
  568  2104  3515  1239  5557 .+.-
  569   374  2649  1777  6422 .+.-
  570   912  4051    47  5020 .+.-
  571  1450  3185   585  5886 .+.-
  572  1988  2319  1123  6752 .+.-
  573  3722  2856  5350  6215 ++--
  574   258  4258  1661  4813 .+.-
  575   796  3392  2199  5679 .+.-
  576  1334  2526   469  6545 .+.-
  577  1872  3928  1007  5143 .+.-
  578   142  3063  1545  6009 .+.-
  579   680  4465  2083  4606 .+.-
  580  1218  3599   353  5472 .+.-
  581  1756  2733   891  6338 .+.-
  582    26  4135  1429  4936 .+.-
  583   564  3270  1967  5802 .+.-
  584  2404  3806  6667  5265 ++--
  585  1102  2940   237  6131 .+.-
  586  1640  4342   775  4729 .+.-
  587  2178  3476  1313  5595 .+.-
  588   448  2611  1851  6460 .+.-
  589   986  4013   121  5058 .+.-
  590  1524  3147   659  5924 .+.-
  591  2062  2281  1197  6790 .+.-
  592   332  3683  1735  5388 .+.-
  593   870  2818     5  6254 .+.-
  594  1408  4220   543  4851 .+.-
  595  3354  2488  5717  6583 ++--
  596  1946  3890  1081  5181 .+.-
  597   216  3025  1619  6047 .+.-
  598   754  4427  2157  4644 .+.-
  599  1292  3561   427  5510 .+.-
  600  1830  2695   965  6376 .+.-
  601   100  4097  1503  4974 .+.-
  602   638  3231  2041  5840 .+.-
  603  1176  2366   311  6705 .+.-
  604  1714  3768   849  5303 .+.-
  605  2902  4304  6169  4767 ++--
  606  2252  3438  1387  5633 .+.-
  607   522  2573  1925  6499 .+.-
  608  1060  3975   195  5096 .+.-
  609  1598  3109   733  5962 .+.-
  610  2136  4511  1271  4560 .+.-
  611   406  3645  1809  5426 .+.-
  612   944  2780    79  6292 .+.-
  613  1482  4182   617  4889 .+.-
  614  2020  3316  1155  5755 .+.-
  615   290  2450  1693  6621 .+.-
  616  3852  2986  5219  6085 ++--
  617   828  4389  2231  4683 .+.-
  618  1366  3523   501  5548 .+.-
  619  1904  2657  1039  6414 .+.-
  620   174  4059  1577  5012 .+.-
  621   712  3193  2115  5878 .+.-
  622  1250  2328   385  6744 .+.-
  623  1788  3730   923  5341 .+.-
  624    58  2864  1461  6207 .+.-
  625   596  4266  1999  4805 .+.-
  626  3400  2535  5671  6537 ++--
  627  1134  3937   269  5134 .+.-
  628  1672  3071   807  6000 .+.-
  629  2210  4473  1345  4598 .+.-
  630   480  3607  1883  5464 .+.-
  631  1018  2741   153  6330 .+.-
  632  1556  4144   691  4928 .+.-
  633  2094  3278  1229  5793 .+.-
  634   364  2412  1767  6659 .+.-
  635   902  3814    37  5257 .+.-
  636  1440  2948   575  6123 .+.-
  637  4351  3485  4721  5586 ++--
  638  1978  2619  1113  6452 .+.-
  639   248  4021  1651  5050 .+.-
  640   786  3155  2189  5916 .+.-
  641  1324  2290   459  6782 .+.-
  642  1862  3692   997  5379 .+.-
  643   132  2826  1535  6245 .+.-
  644   670  4228  2073  4843 .+.-
  645  1208  3362   343  5709 .+.-
  646  1746  2496   881  6575 .+.-
  647    16  3899  1419  5173 .+.-
  648  3033  4435  6038  4636 ++--
  649   554  3569  1957  5502 .+.-
  650  1092  2703   227  6368 .+.-
  651  1630  4106   765  4966 .+.-
  652  2168  3240  1303  5831 .+.-
  653   438  2374  1841  6697 .+.-
  654   976  3776   111  5295 .+.-
  655  1514  2910   649  6161 .+.-
  656  2052  4313  1187  4759 .+.-
  657   322  3447  1725  5624 .+.-
  658  2581  3983  6490  5088 ++--
  659   860  3117  2263  5954 .+.-
  660  1398  4519   533  4552 .+.-
  661  1936  3654  1071  5418 .+.-
  662   206  2788  1609  6283 .+.-
  663   744  4190  2147  4881 .+.-
  664  1282  3324   417  5747 .+.-
  665  1820  2458   955  6613 .+.-
  666    90  3861  1493  5211 .+.-
  667   628  2995  2031  6076 .+.-
  668  1166  4397   301  4674 .+.-
  669  3531  2665  5540  6406 ++--
  670  1704  4068   839  5004 .+.-
  671  2242  3202  1377  5869 .+.-
  672   512  2336  1915  6735 .+.-
  673  1050  3738   185  5333 .+.-
  674  1588  2872   723  6199 .+.-
  675  2126  4274  1261  4797 .+.-
  676   396  3409  1799  5663 .+.-
  677   934  2543    69  6528 .+.-
  678  1472  3945   607  5126 .+.-
  679  2010  3079  1145  5992 .+.-
  680  4481  3616  4590  5456 ++--
  681   280  2750  1683  6321 .+.-
  682   818  4152  2221  4919 .+.-
  683  1356  3286   491  5785 .+.-
  684  1894  2420  1029  6651 .+.-
  685   164  3822  1567  5249 .+.-
  686   702  2957  2105  6114 .+.-
  687  1240  4359   375  4712 .+.-
  688  1778  3493   913  5578 .+.-
  689    48  2627  1451  6444 .+.-
  690  4029  3164  5042  5908 ++--
  691   586  2298  1989  6773 .+.-
  692  1124  3700   259  5371 .+.-
  693  1662  2834   797  6237 .+.-
  694  2200  4236  1335  4835 .+.-
  695   470  3371  1873  5701 .+.-
  696  1008  2505   143  6566 .+.-
  697  1546  3907   681  5164 .+.-
  698  2084  3041  1219  6030 .+.-
  699   354  4443  1757  4628 .+.-
  700   892  3577    27  5494 .+.-
  701  2712  4114  6360  4957 ++--
  702  1430  3248   565  5823 .+.-
  703  1968  2382  1103  6689 .+.-
  704   238  3784  1641  5287 .+.-
  705   776  2919  2179  6153 .+.-
  706  1314  4321   449  4750 .+.-
  707  1852  3455   987  5616 .+.-
  708   122  2589  1525  6482 .+.-
  709   660  3991  2063  5080 .+.-
  710  1198  3126   333  5946 .+.-
  711  4528  3662  4543  5409 ++--
  712  1736  2796   871  6275 .+.-
  713     6  4198  1409  4873 .+.-
  714   544  3332  1947  5739 .+.-
  715  1082  2467   217  6605 .+.-
  716  1620  3869   755  5202 .+.-
  717  2158  3003  1293  6068 .+.-
  718   428  4405  1831  4666 .+.-
  719   966  3539   101  5532 .+.-
  720  1504  2674   639  6398 .+.-
  721  2042  4076  1177  4995 .+.-
  722  3210  2344  5861  6727 ++--
  723   312  3746  1715  5325 .+.-
  724   850  2881  2253  6191 .+.-
  725  1388  4283   523  4788 .+.-
  726  1926  3417  1061  5654 .+.-
  727   196  2551  1599  6520 .+.-
  728   734  3953  2137  5118 .+.-
  729  1272  3087   407  5984 .+.-
  730  1810  4490   945  4582 .+.-
  731    80  3624  1483  5447 .+.-
  732   618  2758  2021  6313 .+.-
  733  4160  3294  4911  5777 ++--
  734  1156  2429   291  6643 .+.-
  735  1694  3831   829  5240 .+.-
  736  2232  2965  1367  6106 .+.-
  737   502  4367  1905  4704 .+.-
  738  1040  3501   175  5570 .+.-
  739  1578  2636   713  6436 .+.-
  740  2116  4038  1251  5033 .+.-
  741   386  3172  1789  5899 .+.-
  742   924  2306    59  6765 .+.-
  743  3708  2842  5363  6229 ++--
  744  1462  4245   597  4827 .+.-
  745  2000  3379  1135  5692 .+.-
  746   270  2513  1673  6558 .+.-
  747   808  3915  2211  5156 .+.-
  748  1346  3049   481  6022 .+.-
  749  1884  4452  1019  4620 .+.-
  750   154  3586  1557  5485 .+.-
  751   692  2720  2095  6351 .+.-
  752  1230  4122   365  4949 .+.-
  753  1768  3256   903  5815 .+.-
  754  2391  3793  6681  5278 ++--
  755    38  2927  1441  6144 .+.-
  756   576  4329  1979  4742 .+.-
  757  1114  3463   249  5608 .+.-
  758  1652  2597   787  6474 .+.-
  759  2190  4000  1325  5072 .+.-
  760   460  3134  1863  5937 .+.-
  761   998  2268   133  6803 .+.-
  762  1536  3670   671  5401 .+.-
  763  2074  2804  1209  6267 .+.-
  764  4207  3341  4865  5730 ++--
  765   344  2475  1747  6596 .+.-
  766   882  3877    17  5194 .+.-
  767  1420  3011   555  6060 .+.-
  768  1958  4413  1093  4658 .+.-
  769   228  3548  1631  5523 .+.-
  770   766  2682  2169  6389 .+.-
  771  1304  4084   439  4987 .+.-
  772  1842  3218   977  5853 .+.-
  773   112  2352  1515  6719 .+.-
  774   650  3755  2053  5317 .+.-
  775  2889  4291  6182  4780 ++--
  776  1188  3425   323  5646 .+.-
  777  1726  2559   861  6512 .+.-
  778  2264  3962  1399  5110 .+.-
  779   534  3096  1937  5975 .+.-
  780  1072  4498   207  4573 .+.-
  781  1610  3632   745  5439 .+.-
  782  2148  2766  1283  6305 .+.-
  783   418  4168  1821  4903 .+.-
  784   956  3303    91  5769 .+.-
  785  1494  2437   629  6634 .+.-
  786  3839  2973  5232  6098 ++--
  787  2032  4375  1167  4696 .+.-
  788   302  3510  1705  5562 .+.-
  789   840  2644  2243  6427 .+.-
  790  1378  4046   513  5025 .+.-
  791  1916  3180  1051  5891 .+.-
  792   186  2314  1589  6757 .+.-
  793   724  3717  2127  5355 .+.-
  794  1262  2851   397  6220 .+.-
  795  1800  4253   935  4818 .+.-
  796  3387  2521  5684  6550 ++--
  797    70  3923  1473  5148 .+.-
  798   608  3058  2011  6014 .+.-
  799  1146  4460   281  4611 .+.-
  800  1684  3594   819  5477 .+.-
  801  2222  2728  1357  6343 .+.-
  802   492  4130  1895  4941 .+.-
  803  1030  3265   165  5807 .+.-
  804  1568  2399   703  6672 .+.-
  805  2106  3801  1241  5270 .+.-
  806   376  2935  1779  6136 .+.-
  807  4337  3472  4734  5600 ++--
  808   914  2606    49  6465 .+.-
  809  1452  4008   587  5063 .+.-
  810  1990  3142  1125  5929 .+.-
  811   260  2276  1663  6795 .+.-
  812   798  3678  2201  5393 .+.-
  813  1336  2813   471  6259 .+.-
  814  1874  4215  1009  4856 .+.-
  815   144  3349  1547  5722 .+.-
  816   682  2483  2085  6588 .+.-
  817  3885  3020  5186  6052 ++--
  818  1220  4422   355  4649 .+.-
  819  1758  3556   893  5515 .+.-
  820    28  2690  1431  6381 .+.-
  821   566  4092  1969  4979 .+.-
  822  1104  3227   239  5845 .+.-
  823  1642  2361   777  6710 .+.-
  824  2180  3763  1315  5308 .+.-
  825   450  2897  1853  6174 .+.-
  826   988  4299   123  4772 .+.-
  827  1526  3433   661  5638 .+.-
  828  2568  3970  6504  5101 ++--
  829  2064  3104  1199  5967 .+.-
  830   334  4506  1737  4565 .+.-
  831   872  3640     7  5431 .+.-
  832  1410  2775   545  6297 .+.-
  833  1948  4177  1083  4894 .+.-
  834   218  3311  1621  5760 .+.-
  835   756  2445  2159  6626 .+.-
  836  1294  3847   429  5224 .+.-
  837  1832  2982   967  6090 .+.-
  838   102  4384  1505  4687 .+.-
  839  3518  2652  5553  6419 ++--
  840   640  4054  2043  5017 .+.-
  841  1178  3188   313  5883 .+.-
  842  1716  2323   851  6749 .+.-
  843  2254  3725  1389  5346 .+.-
  844   524  2859  1927  6212 .+.-
  845  1062  4261   197  4810 .+.-
  846  1600  3395   735  5676 .+.-
  847  2138  2530  1273  6542 .+.-
  848   408  3932  1811  5139 .+.-
  849  3066  4468  6005  4603 ++--
  850   946  3602    81  5469 .+.-
  851  1484  2736   619  6335 .+.-
  852  2022  4139  1157  4932 .+.-
  853   292  3273  1695  5798 .+.-
  854   830  2407  2233  6664 .+.-
  855  1368  3809   503  5262 .+.-
  856  1906  2943  1041  6128 .+.-
  857   176  4346  1579  4726 .+.-
  858   714  3480  2117  5591 .+.-
  859  1252  2614   387  6457 .+.-
  860  4016  3150  5055  5921 ++--
  861  1790  2285   925  6787 .+.-
  862    60  3687  1463  5384 .+.-
  863   598  2821  2001  6250 .+.-
  864  1136  4223   271  4848 .+.-
  865  1674  3357   809  5714 .+.-
  866  2212  2491  1347  6580 .+.-
  867   482  3894  1885  5177 .+.-
  868  1020  3028   155  6043 .+.-
  869  1558  4430   693  4641 .+.-
  870  2096  3564  1231  5507 .+.-
  871  2698  4101  6373  4971 ++--
  872   366  3235  1769  5836 .+.-
  873   904  2369    39  6702 .+.-
  874  1442  3771   577  5300 .+.-
  875  1980  2905  1115  6166 .+.-
  876   250  4308  1653  4764 .+.-
  877   788  3442  2191  5629 .+.-
  878  1326  2576   461  6495 .+.-
  879  1864  3978   999  5093 .+.-
  880   134  3112  1537  5959 .+.-
  881  4514  3649  4557  5423 ++--
  882   672  2783  2075  6288 .+.-
  883  1210  4185   345  4886 .+.-
  884  1748  3319   883  5752 .+.-
  885    18  2453  1421  6618 .+.-
  886   556  3856  1959  5216 .+.-
  887  1094  2990   229  6081 .+.-
  888  1632  4392   767  4679 .+.-
  889  2170  3526  1305  5545 .+.-
  890   440  2660  1843  6411 .+.-
  891   978  4063   113  5009 .+.-
  892  3197  2331  5874  6740 ++--
  893  1516  3733   651  5338 .+.-
  894  2054  2867  1189  6204 .+.-
  895   324  4269  1727  4802 .+.-
  896   862  3404  2265  5668 .+.-
  897  1400  2538   535  6533 .+.-
  898  1938  3940  1073  5131 .+.-
  899   208  3074  1611  5997 .+.-
  900   746  4476  2149  4595 .+.-
  901  1284  3611   419  5461 .+.-
  902  2745  4147  6326  4924 ++--
  903  1822  3281   957  5790 .+.-
  904    92  2415  1495  6656 .+.-
  905   630  3818  2033  5254 .+.-
  906  1168  2952   303  6119 .+.-
  907  1706  4354   841  4717 .+.-
  908  2244  3488  1379  5583 .+.-
  909   514  2622  1917  6449 .+.-
  910  1052  4024   187  5047 .+.-
  911  1590  3159   725  5913 .+.-
  912  2128  2293  1263  6778 .+.-
  913  3695  2829  5376  6242 ++--
  914   398  4231  1801  4840 .+.-
  915   936  3366    71  5706 .+.-
  916  1474  2500   609  6571 .+.-
  917  2012  3902  1147  5169 .+.-
  918   282  3036  1685  6035 .+.-
  919   820  4438  2223  4633 .+.-
  920  1358  3573   493  5499 .+.-
  921  1896  2707  1031  6364 .+.-
  922   166  4109  1569  4962 .+.-
  923   704  3243  2107  5828 .+.-
  924  2377  3779  6694  5292 ++--
  925  1242  2914   377  6158 .+.-
  926  1780  4316   915  4755 .+.-
  927    50  3450  1453  5621 .+.-
  928   588  2584  1991  6487 .+.-
  929  1126  3986   261  5085 .+.-
  930  1664  3121   799  5951 .+.-
  931  2202  4523  1337  4548 .+.-
  932   472  3657  1875  5414 .+.-
  933  1010  2791   145  6280 .+.-
  934  4193  3328  4878  5744 ++--
  935  1548  2462   683  6609 .+.-
  936  2086  3864  1221  5207 .+.-
  937   356  2998  1759  6073 .+.-
  938   894  4400    29  4671 .+.-
  939  1432  3534   567  5537 .+.-
  940  1970  2669  1105  6403 .+.-
  941   240  4071  1643  5000 .+.-
  942   778  3205  2181  5866 .+.-
  943  1316  2339   451  6732 .+.-
  944  1854  3741   989  5330 .+.-
  945  2876  4278  6196  4793 ++--
  946   124  3412  1527  5659 .+.-
  947   662  2546  2065  6525 .+.-
  948  1200  3948   335  5123 .+.-
  949  1738  3082   873  5989 .+.-
  950     8  4485  1411  4586 .+.-
  951   546  3619  1949  5452 .+.-
  952  1084  2753   219  6318 .+.-
  953  1622  4155   757  4916 .+.-
  954  2160  3289  1295  5782 .+.-
  955  2424  3826  6648  5245 ++--
  956   430  2960  1833  6111 .+.-
  957   968  4362   103  4709 .+.-
  958  1506  3496   641  5575 .+.-
  959  2044  2631  1179  6441 .+.-
  960   314  4033  1717  5038 .+.-
  961   852  3167  2255  5904 .+.-
  962  1390  2301   525  6770 .+.-
  963  1928  3703  1063  5368 .+.-
  964   198  2837  1601  6234 .+.-
  965   736  4240  2139  4832 .+.-
  966  3374  2508  5697  6563 ++--
  967  1274  3910   409  5161 .+.-
  968  1812  3044   947  6027 .+.-
  969    82  4447  1485  4625 .+.-
  970   620  3581  2023  5490 .+.-
  971  1158  2715   293  6356 .+.-
  972  1696  4117   831  4954 .+.-
  973  2234  3251  1369  5820 .+.-
  974   504  2386  1907  6686 .+.-
  975  1042  3788   177  5283 .+.-
  976  1580  2922   715  6149 .+.-
  977  4324  3458  4747  5613 ++--
  978  2118  2592  1253  6479 .+.-
  979   388  3995  1791  5077 .+.-
  980   926  3129    61  5942 .+.-
  981  1464  4531   599  4540 .+.-
  982  2002  3665  1137  5406 .+.-
  983   272  2799  1675  6272 .+.-
  984   810  4202  2213  4870 .+.-
  985  1348  3336   483  5735 .+.-
  986  1886  2470  1021  6601 .+.-
  987  3872  3006  5199  6065 ++--
  988   156  4409  1559  4663 .+.-
  989   694  3543  2097  5528 .+.-
  990  1232  2677   367  6394 .+.-
  991  1770  4079   905  4992 .+.-
  992    40  3213  1443  5858 .+.-
  993   578  2347  1981  6724 .+.-
  994  1116  3750   251  5322 .+.-
  995  1654  2884   789  6187 .+.-
  996  2192  4286  1327  4785 .+.-
  997   462  3420  1865  5651 .+.-
  998  2554  3957  6517  5115 ++--
  999  1000  3091   135  5980 .+.-
 1000  1538  4493   673  4578 .+.-
 1001  2076  3627  1211  5444 .+.-
 1002   346  2761  1749  6310 .+.-
 1003   884  4164    19  4908 .+.-
 1004  1422  3298   557  5773 .+.-
 1005  1960  2432  1095  6639 .+.-
 1006   230  3834  1633  5237 .+.-
 1007   768  2968  2171  6103 .+.-
 1008  4370  3505  4701  5567 ++--
 1009  1306  2639   441  6432 .+.-
 1010  1844  4041   979  5030 .+.-
 1011   114  3175  1517  5896 .+.-
 1012   652  2309  2055  6762 .+.-
 1013  1190  3712   325  5360 .+.-
 1014  1728  2846   863  6225 .+.-
 1015  2266  4248  1401  4823 .+.-
 1016   536  3382  1939  5689 .+.-
 1017  1074  2516   209  6555 .+.-
 1018  1612  3919   747  5153 .+.-
 1019  3053  4455  6018  4616 ++--
 1020  2150  3589  1285  5482 .+.-
 1021   420  2723  1823  6348 .+.-
 1022   958  4125    93  4946 .+.-
 1023  1496  3260   631  5812 .+.-
 1024  2034  2394  1169  6677 .+.-
 1025   304  3796  1707  5275 .+.-
 1026   842  2930  2245  6141 .+.-
 1027  1380  4332   515  4739 .+.-
 1028  1918  3467  1053  5605 .+.-
 1029   188  2601  1591  6470 .+.-
 1030  4003  3137  5068  5934 ++--
 1031   726  2271  2129  6800 .+.-
 1032  1264  3673   399  5398 .+.-
 1033  1802  2808   937  6263 .+.-
 1034    72  4210  1475  4861 .+.-
 1035   610  3344  2013  5727 .+.-
 1036  1148  2478   283  6593 .+.-
 1037  1686  3880   821  5191 .+.-
 1038  2224  3015  1359  6057 .+.-
 1039   494  4417  1897  4654 .+.-
 1040  3551  2685  5520  6386 ++--
 1041  1032  4087   167  4984 .+.-
 1042  1570  3222   705  5850 .+.-
 1043  2108  2356  1243  6715 .+.-
 1044   378  3758  1781  5313 .+.-
 1045   916  2892    51  6179 .+.-
 1046  1454  4294   589  4777 .+.-
 1047  1992  3428  1127  5643 .+.-
 1048   262  2563  1665  6508 .+.-
 1049   800  3965  2203  5106 .+.-
 1050  1338  3099   473  5972 .+.-
 1051  4501  3635  4570  5436 ++--
 1052  1876  2770  1011  6302 .+.-
 1053   146  4172  1549  4899 .+.-
 1054   684  3306  2087  5765 .+.-
 1055  1222  2440   357  6631 .+.-
 1056  1760  3842   895  5229 .+.-
 1057    30  2977  1433  6095 .+.-
 1058   568  4379  1971  4692 .+.-
 1059  1106  3513   241  5558 .+.-
 1060  1644  2647   779  6424 .+.-
 1061  2182  4049  1317  5022 .+.-
 1062  3183  2318  5888  6754 ++--
 1063   452  3720  1855  5351 .+.-
 1064   990  2854   125  6217 .+.-
 1065  1528  4256   663  4815 .+.-
 1066  2066  3390  1201  5681 .+.-
 1067   336  2525  1739  6547 .+.-
 1068   874  3927     9  5144 .+.-
 1069  1412  3061   547  6010 .+.-
 1070  1950  4463  1085  4608 .+.-
 1071   220  3597  1623  5474 .+.-
 1072  2732  4134  6340  4937 ++--
 1073   758  3268  2161  5803 .+.-
 1074  1296  2402   431  6669 .+.-
 1075  1834  3804   969  5267 .+.-
 1076   104  2938  1507  6133 .+.-
 1077   642  4341  2045  4731 .+.-
 1078  1180  3475   315  5596 .+.-
 1079  1718  2609   853  6462 .+.-
 1080  2256  4011  1391  5060 .+.-
 1081   526  3145  1929  5926 .+.-
 1082  1064  2280   199  6792 .+.-
 1083  3682  2816  5389  6255 ++--
 1084  1602  4218   737  4853 .+.-
 1085  2140  3352  1275  5719 .+.-
 1086   410  2487  1813  6585 .+.-
 1087   948  3889    83  5182 .+.-
 1088  1486  3023   621  6048 .+.-
 1089  2024  4425  1159  4646 .+.-
 1090   294  3559  1697  5512 .+.-
 1091   832  2693  2235  6378 .+.-
 1092  1370  4096   505  4976 .+.-
 1093  3230  2364  5841  6707 ++--
 1094  1908  3766  1043  5305 .+.-
 1095   178  2900  1581  6171 .+.-
 1096   716  4303  2119  4769 .+.-
 1097  1254  3437   389  5634 .+.-
 1098  1792  2571   927  6500 .+.-
 1099    62  3973  1465  5098 .+.-
 1100   600  3107  2003  5964 .+.-
 1101  1138  4510   273  4562 .+.-
 1102  1676  3644   811  5427 .+.-
 1103  2214  2778  1349  6293 .+.-
 1104  4180  3314  4891  5757 ++--
 1105   484  2448  1887  6623 .+.-
 1106  1022  3851   157  5221 .+.-
 1107  1560  2985   695  6086 .+.-
 1108  2098  4387  1233  4684 .+.-
 1109   368  3521  1771  5550 .+.-
 1110   906  2655    41  6416 .+.-
 1111  1444  4058   579  5014 .+.-
 1112  1982  3192  1117  5879 .+.-
 1113   252  2326  1655  6745 .+.-
 1114   790  3728  2193  5343 .+.-
 1115  2862  4265  6209  4807 ++--
 1116  1328  3399   463  5672 .+.-
 1117  1866  2533  1001  6538 .+.-
 1118   136  3935  1539  5136 .+.-
 1119   674  3069  2077  6002 .+.-
 1120  1212  4471   347  4600 .+.-
 1121  1750  3606   885  5466 .+.-
 1122    20  2740  1423  6331 .+.-
 1123   558  4142  1961  4929 .+.-
 1124  1096  3276   231  5795 .+.-
 1125  2410  3813  6661  5259 ++--
 1126  1634  2947   769  6124 .+.-
 1127  2172  4349  1307  4722 .+.-
 1128   442  3483  1845  5588 .+.-
 1129   980  2617   115  6454 .+.-
 1130  1518  4019   653  5052 .+.-
 1131  2056  3154  1191  5917 .+.-
 1132   326  2288  1729  6783 .+.-
 1133   864  3690  2267  5381 .+.-
 1134  1402  2824   537  6247 .+.-
 1135  1940  4226  1075  4845 .+.-
 1136  3361  2495  5711  6576 ++--
 1137   210  3897  1613  5174 .+.-
 1138   748  3031  2151  6040 .+.-
 1139  1286  4433   421  4638 .+.-
 1140  1824  3568   959  5504 .+.-
 1141    94  2702  1497  6369 .+.-
 1142   632  4104  2035  4967 .+.-
 1143  1170  3238   305  5833 .+.-
 1144  1708  2372   843  6699 .+.-
 1145  2246  3774  1381  5297 .+.-
 1146  2909  4311  6163  4760 ++--
 1147   516  3445  1919  5626 .+.-
 1148  1054  2579   189  6492 .+.-
 1149  1592  3981   727  5090 .+.-
 1150  2130  3116  1265  5956 .+.-
 1151   400  4518  1803  4553 .+.-
 1152   938  3652    73  5419 .+.-
 1153  1476  2786   611  6285 .+.-
 1154  2014  4188  1149  4883 .+.-
 1155   284  3323  1687  5749 .+.-
 1156   822  2457  2225  6614 .+.-
 1157  3859  2993  5212  6078 ++--
 1158  1360  4395   495  4676 .+.-
 1159  1898  3529  1033  5542 .+.-
 1160   168  2664  1571  6408 .+.-
 1161   706  4066  2109  5005 .+.-
 1162  1244  3200   379  5871 .+.-
 1163  1782  2334   917  6737 .+.-
 1164    52  3736  1455  5335 .+.-
 1165   590  2871  1993  6201 .+.-
 1166  1128  4273   263  4798 .+.-
 1167  1666  3407   801  5664 .+.-
 1168  2541  3943  6530  5128 ++--
 1169  2204  3078  1339  5994 .+.-
 1170   474  4480  1877  4591 .+.-
 1171  1012  3614   147  5457 .+.-
 1172  1550  2748   685  6323 .+.-
 1173  2088  4150  1223  4921 .+.-
 1174   358  3284  1761  5787 .+.-
 1175   896  2419    31  6653 .+.-
 1176  1434  3821   569  5250 .+.-
 1177  1972  2955  1107  6116 .+.-
 1178  4357  3491  4714  5580 ++--
 1179   242  2626  1645  6446 .+.-
 1180   780  4028  2183  5043 .+.-
 1181  1318  3162   453  5909 .+.-
 1182  1856  2296   991  6775 .+.-
 1183   126  3698  1529  5373 .+.-
 1184   664  2833  2067  6239 .+.-
 1185  1202  4235   337  4836 .+.-
 1186  1740  3369   875  5702 .+.-
 1187    10  2503  1413  6568 .+.-
 1188   548  3905  1951  5166 .+.-
 1189  3039  4442  6032  4630 ++--
 1190  1086  3576   221  5495 .+.-
 1191  1624  2710   759  6361 .+.-
 1192  2162  4112  1297  4959 .+.-
 1193   432  3246  1835  5825 .+.-
 1194   970  2381   105  6691 .+.-
 1195  1508  3783   643  5288 .+.-
 1196  2046  2917  1181  6154 .+.-
 1197   316  4319  1719  4752 .+.-
 1198   854  3453  2257  5618 .+.-
 1199  2588  3990  6484  5081 ++--
 1200  1392  3124   527  5947 .+.-
 1201  1930  4526  1065  4545 .+.-
 1202   200  3660  1603  5411 .+.-
 1203   738  2794  2141  6277 .+.-
 1204  1276  4197   411  4875 .+.-
 1205  1814  3331   949  5740 .+.-
 1206    84  2465  1487  6606 .+.-
 1207   622  3867  2025  5204 .+.-
 1208  1160  3001   295  6070 .+.-
 1209  1698  4404   833  4668 .+.-
 1210  3538  2672  5533  6399 ++--
 1211  2236  4074  1371  4997 .+.-
 1212   506  3208  1909  5863 .+.-
 1213  1044  2342   179  6729 .+.-
 1214  1582  3745   717  5326 .+.-
 1215  2120  2879  1255  6192 .+.-
 1216   390  4281  1793  4790 .+.-
 1217   928  3415    63  5656 .+.-
 1218  1466  2549   601  6522 .+.-
 1219  2004  3952  1139  5120 .+.-
 1220   274  3086  1677  5985 .+.-
 1221  4488  3622  4583  5449 ++--
 1222   812  2756  2215  6315 .+.-
 1223  1350  4159   485  4913 .+.-
 1224  1888  3293  1023  5778 .+.-
 1225   158  2427  1561  6644 .+.-
 1226   696  3829  2099  5242 .+.-
 1227  1234  2963   369  6108 .+.-
 1228  1772  4365   907  4706 .+.-
 1229    42  3500  1445  5571 .+.-
 1230   580  2634  1983  6437 .+.-
 1231  4036  3170  5035  5901 ++--
 1232  1118  2304   253  6767 .+.-
 1233  1656  3707   791  5365 .+.-
 1234  2194  2841  1329  6230 .+.-
 1235   464  4243  1867  4828 .+.-
 1236  1002  3377   137  5694 .+.-
 1237  1540  2511   675  6560 .+.-
 1238  2078  3914  1213  5158 .+.-
 1239   348  3048  1751  6023 .+.-
 1240   886  4450    21  4621 .+.-
 1241  1424  3584   559  5487 .+.-
 1242  2718  4120  6353  4951 ++--
 1243  1962  3255  1097  5817 .+.-
 1244   232  2389  1635  6682 .+.-
 1245   770  3791  2173  5280 .+.-
 1246  1308  2925   443  6146 .+.-
 1247  1846  4327   981  4744 .+.-
 1248   116  3462  1519  5610 .+.-
 1249   654  2596  2057  6475 .+.-
 1250  1192  3998   327  5073 .+.-
 1251  1730  3132   865  5939 .+.-
Total data plus flush bits=2268, p-parity bits=1370, q-parity=1370, Errors=0, Repetition=0
