R20T2QL4
Channel Interleaving, Puncturing and Mapping to QPSK
Data coding rate = 0.630418 with QPSK, UW coding rate = 0.436445 with BPSK
User data with 32 bit UW =1600, with flush=1604, p-parity=467+22, q-parity=467,  Channel Symbols=1312, Channel Bits=2560
D=1600, FECSy=1312, DF=1604 N=2560, P=467, Puw=22, Q=467, DPQ=2496, dpqstep=1543, S=3.433629, ppstart=1604.500000, qpstart=3210.216797

Symbol   I0    Q0  Pattern= . =data, + =p parity, - =q parity
-------------------------------------------------------------
    0     0     0 R.
    1     1     1 R.
    2     2     2 R.
    3     3     3 R.
    4     4     4 R.
    5     5     5 R.
    6     6     6 R.
    7     7     7 R.
    8     8     8 R.
    9     9     9 R.
   10    10    10 R.
   11    11    11 R.
   12    12    12 R.
   13    13    13 R.
   14    14    14 R.
   15    15    15 R.
   16    16    16 R.
   17    17    17 R.
   18    18    18 R.
   19    19    19 R.
   20    20    20 R.
   21    21    21 R.
   22    22    22 R.
   23    23    23 R.
   24    24    24 R.
   25    25    25 R.
   26    26    26 R.
   27    27    27 R.
   28    28    28 R.
   29    29    29 R.
   30    30    30 R.
   31    31    31 R.
   32  1604  1604 R+
   33  1605  1605 R+
   34  1606  1606 R+
   35  1607  1607 R+
   36  1608  1608 R+
   37  1609  1609 R+
   38  1610  1610 R+
   39  1611  1611 R+
   40    32    87 ..
   41   142   197 ..
   42   252   307 ..
   43   362   417 ..
   44   472   527 ..
   45   582   637 ..
   46   692   747 ..
   47   802   857 ..
   48   912   967 ..
   49  1022  1077 ..
   50  1132  1187 ..
   51  1242  1297 ..
   52  1352  1407 ..
   53  1462  1517 ..
   54  1572  1717 .+
   55  1906  2095 ++
   56  2284  2473 ++
   57  2662  2850 ++
   58  3039  3230 +-
   59  3419  3608 --
   60  3797  3986 --
   61  4175  4363 --
   62  4552  4741 --
   63    66   121 ..
   64   176   231 ..
   65   286   341 ..
   66   396   451 ..
   67   506   561 ..
   68   616   671 ..
   69   726   781 ..
   70   836   891 ..
   71   946  1001 ..
   72  1056  1111 ..
   73  1166  1221 ..
   74  1276  1331 ..
   75  1386  1441 ..
   76  1496  1551 ..
   77  1645  1834 ++
   78  2023  2212 ++
   79  2401  2589 ++
   80  2778  2967 ++
   81  3156  3347 +-
   82  3536  3725 --
   83  3914  4102 --
   84  4291  4480 --
   85  4669    45 -.
   86   100   155 ..
   87   210   265 ..
   88   320   375 ..
   89   430   485 ..
   90   540   595 ..
   91   650   705 ..
   92   760   815 ..
   93   870   925 ..
   94   980  1035 ..
   95  1090  1145 ..
   96  1200  1255 ..
   97  1310  1365 ..
   98  1420  1475 ..
   99  1530  1585 ..
  100  1762  1951 ++
  101  2140  2328 ++
  102  2517  2706 ++
  103  2895  3084 ++
  104  3275  3464 --
  105  3653  3842 --
  106  4030  4219 --
  107  4408  4597 --
  108  4786    79 -.
  109   134   189 ..
  110   244   299 ..
  111   354   409 ..
  112   464   519 ..
  113   574   629 ..
  114   684   739 ..
  115   794   849 ..
  116   904   959 ..
  117  1014  1069 ..
  118  1124  1179 ..
  119  1234  1289 ..
  120  1344  1399 ..
  121  1454  1509 ..
  122  1564  1690 .+
  123  1879  2068 ++
  124  2256  2445 ++
  125  2634  2823 ++
  126  3012  3201 ++
  127  3392  3581 --
  128  3769  3958 --
  129  4147  4336 --
  130  4525  4714 --
  131    58   113 ..
  132   168   223 ..
  133   278   333 ..
  134   388   443 ..
  135   498   553 ..
  136   608   663 ..
  137   718   773 ..
  138   828   883 ..
  139   938   993 ..
  140  1048  1103 ..
  141  1158  1213 ..
  142  1268  1323 ..
  143  1378  1433 ..
  144  1488  1543 ..
  145  1598  1807 .+
  146  1995  2184 ++
  147  2373  2562 ++
  148  2751  2940 ++
  149  3129  3320 +-
  150  3508  3697 --
  151  3886  4075 --
  152  4264  4453 --
  153  4642    37 -.
  154    92   147 ..
  155   202   257 ..
  156   312   367 ..
  157   422   477 ..
  158   532   587 ..
  159   642   697 ..
  160   752   807 ..
  161   862   917 ..
  162   972  1027 ..
  163  1082  1137 ..
  164  1192  1247 ..
  165  1302  1357 ..
  166  1412  1467 ..
  167  1522  1577 ..
  168  1734  1923 ++
  169  2112  2301 ++
  170  2490  2679 ++
  171  2868  3056 ++
  172  3247  3436 --
  173  3625  3814 --
  174  4003  4192 --
  175  4381  4569 --
  176  4758    71 -.
  177   126   181 ..
  178   236   291 ..
  179   346   401 ..
  180   456   511 ..
  181   566   621 ..
  182   676   731 ..
  183   786   841 ..
  184   896   951 ..
  185  1006  1061 ..
  186  1116  1171 ..
  187  1226  1281 ..
  188  1336  1391 ..
  189  1446  1501 ..
  190  1556  1662 .+
  191  1851  2040 ++
  192  2229  2418 ++
  193  2607  2795 ++
  194  2984  3173 ++
  195  3364  3553 --
  196  3742  3931 --
  197  4120  4308 --
  198  4497  4686 --
  199    50   105 ..
  200   160   215 ..
  201   270   325 ..
  202   380   435 ..
  203   490   545 ..
  204   600   655 ..
  205   710   765 ..
  206   820   875 ..
  207   930   985 ..
  208  1040  1095 ..
  209  1150  1205 ..
  210  1260  1315 ..
  211  1370  1425 ..
  212  1480  1535 ..
  213  1590  1779 .+
  214  1968  2157 ++
  215  2346  2535 ++
  216  2723  2912 ++
  217  3101  3292 +-
  218  3481  3670 --
  219  3859  4048 --
  220  4236  4425 --
  221  4614  4803 --
  222    84   139 ..
  223   194   249 ..
  224   304   359 ..
  225   414   469 ..
  226   524   579 ..
  227   634   689 ..
  228   744   799 ..
  229   854   909 ..
  230   964  1019 ..
  231  1074  1129 ..
  232  1184  1239 ..
  233  1294  1349 ..
  234  1404  1459 ..
  235  1514  1569 ..
  236  1707  1896 ++
  237  2085  2274 ++
  238  2462  2651 ++
  239  2840  3029 ++
  240  3220  3409 --
  241  3598  3787 --
  242  3975  4164 --
  243  4353  4542 --
  244  4731    63 -.
  245   118   173 ..
  246   228   283 ..
  247   338   393 ..
  248   448   503 ..
  249   558   613 ..
  250   668   723 ..
  251   778   833 ..
  252   888   943 ..
  253   998  1053 ..
  254  1108  1163 ..
  255  1218  1273 ..
  256  1328  1383 ..
  257  1438  1493 ..
  258  1548  1603 ..
  259  1824  2013 ++
  260  2201  2390 ++
  261  2579  2768 ++
  262  2957  3146 ++
  263  3337  3526 --
  264  3714  3903 --
  265  4092  4281 --
  266  4470  4659 --
  267    42    97 ..
  268   152   207 ..
  269   262   317 ..
  270   372   427 ..
  271   482   537 ..
  272   592   647 ..
  273   702   757 ..
  274   812   867 ..
  275   922   977 ..
  276  1032  1087 ..
  277  1142  1197 ..
  278  1252  1307 ..
  279  1362  1417 ..
  280  1472  1527 ..
  281  1582  1752 .+
  282  1940  2129 ++
  283  2318  2507 ++
  284  2696  2885 ++
  285  3074  3265 +-
  286  3454  3642 --
  287  3831  4020 --
  288  4209  4398 --
  289  4587  4775 --
  290    76   131 ..
  291   186   241 ..
  292   296   351 ..
  293   406   461 ..
  294   516   571 ..
  295   626   681 ..
  296   736   791 ..
  297   846   901 ..
  298   956  1011 ..
  299  1066  1121 ..
  300  1176  1231 ..
  301  1286  1341 ..
  302  1396  1451 ..
  303  1506  1561 ..
  304  1680  1868 ++
  305  2057  2246 ++
  306  2435  2624 ++
  307  2813  3001 ++
  308  3190  3381 +-
  309  3570  3759 --
  310  3948  4137 --
  311  4326  4514 --
  312  4703    55 -.
  313   110   165 ..
  314   220   275 ..
  315   330   385 ..
  316   440   495 ..
  317   550   605 ..
  318   660   715 ..
  319   770   825 ..
  320   880   935 ..
  321   990  1045 ..
  322  1100  1155 ..
  323  1210  1265 ..
  324  1320  1375 ..
  325  1430  1485 ..
  326  1540  1595 ..
  327  1796  1985 ++
  328  2174  2363 ++
  329  2552  2741 ++
  330  2929  3118 ++
  331  3309  3498 --
  332  3687  3876 --
  333  4065  4254 --
  334  4442  4631 --
  335    34    89 ..
  336   144   199 ..
  337   254   309 ..
  338   364   419 ..
  339   474   529 ..
  340   584   639 ..
  341   694   749 ..
  342   804   859 ..
  343   914   969 ..
  344  1024  1079 ..
  345  1134  1189 ..
  346  1244  1299 ..
  347  1354  1409 ..
  348  1464  1519 ..
  349  1574  1724 .+
  350  1913  2102 ++
  351  2291  2480 ++
  352  2668  2857 ++
  353  3046  3237 +-
  354  3426  3615 --
  355  3804  3993 --
  356  4181  4370 --
  357  4559  4748 --
  358    68   123 ..
  359   178   233 ..
  360   288   343 ..
  361   398   453 ..
  362   508   563 ..
  363   618   673 ..
  364   728   783 ..
  365   838   893 ..
  366   948  1003 ..
  367  1058  1113 ..
  368  1168  1223 ..
  369  1278  1333 ..
  370  1388  1443 ..
  371  1498  1553 ..
  372  1652  1841 ++
  373  2030  2219 ++
  374  2407  2596 ++
  375  2785  2974 ++
  376  3163  3354 +-
  377  3543  3732 --
  378  3920  4109 --
  379  4298  4487 --
  380  4676    47 -.
  381   102   157 ..
  382   212   267 ..
  383   322   377 ..
  384   432   487 ..
  385   542   597 ..
  386   652   707 ..
  387   762   817 ..
  388   872   927 ..
  389   982  1037 ..
  390  1092  1147 ..
  391  1202  1257 ..
  392  1312  1367 ..
  393  1422  1477 ..
  394  1532  1587 ..
  395  1769  1958 ++
  396  2147  2335 ++
  397  2524  2713 ++
  398  2902  3091 ++
  399  3282  3471 --
  400  3660  3848 --
  401  4037  4226 --
  402  4415  4604 --
  403  4793    81 -.
  404   136   191 ..
  405   246   301 ..
  406   356   411 ..
  407   466   521 ..
  408   576   631 ..
  409   686   741 ..
  410   796   851 ..
  411   906   961 ..
  412  1016  1071 ..
  413  1126  1181 ..
  414  1236  1291 ..
  415  1346  1401 ..
  416  1456  1511 ..
  417  1566  1697 .+
  418  1886  2074 ++
  419  2263  2452 ++
  420  2641  2830 ++
  421  3019  3210 +-
  422  3399  3587 --
  423  3776  3965 --
  424  4154  4343 --
  425  4532  4721 --
  426    60   115 ..
  427   170   225 ..
  428   280   335 ..
  429   390   445 ..
  430   500   555 ..
  431   610   665 ..
  432   720   775 ..
  433   830   885 ..
  434   940   995 ..
  435  1050  1105 ..
  436  1160  1215 ..
  437  1270  1325 ..
  438  1380  1435 ..
  439  1490  1545 ..
  440  1600  1813 .+
  441  2002  2191 ++
  442  2380  2569 ++
  443  2758  2947 ++
  444  3135  3326 +-
  445  3515  3704 --
  446  3893  4082 --
  447  4271  4460 --
  448  4648    39 -.
  449    94   149 ..
  450   204   259 ..
  451   314   369 ..
  452   424   479 ..
  453   534   589 ..
  454   644   699 ..
  455   754   809 ..
  456   864   919 ..
  457   974  1029 ..
  458  1084  1139 ..
  459  1194  1249 ..
  460  1304  1359 ..
  461  1414  1469 ..
  462  1524  1579 ..
  463  1741  1930 ++
  464  2119  2308 ++
  465  2497  2686 ++
  466  2874  3063 ++
  467  3254  3443 --
  468  3632  3821 --
  469  4010  4199 --
  470  4387  4576 --
  471  4765    73 -.
  472   128   183 ..
  473   238   293 ..
  474   348   403 ..
  475   458   513 ..
  476   568   623 ..
  477   678   733 ..
  478   788   843 ..
  479   898   953 ..
  480  1008  1063 ..
  481  1118  1173 ..
  482  1228  1283 ..
  483  1338  1393 ..
  484  1448  1503 ..
  485  1558  1669 .+
  486  1858  2047 ++
  487  2236  2425 ++
  488  2613  2802 ++
  489  2991  3180 ++
  490  3371  3560 --
  491  3749  3938 --
  492  4126  4315 --
  493  4504  4693 --
  494    52   107 ..
  495   162   217 ..
  496   272   327 ..
  497   382   437 ..
  498   492   547 ..
  499   602   657 ..
  500   712   767 ..
  501   822   877 ..
  502   932   987 ..
  503  1042  1097 ..
  504  1152  1207 ..
  505  1262  1317 ..
  506  1372  1427 ..
  507  1482  1537 ..
  508  1592  1786 .+
  509  1975  2164 ++
  510  2353  2541 ++
  511  2730  2919 ++
  512  3108  3299 +-
  513  3488  3677 --
  514  3866  4054 --
  515  4243  4432 --
  516  4621  4810 --
  517    86   141 ..
  518   196   251 ..
  519   306   361 ..
  520   416   471 ..
  521   526   581 ..
  522   636   691 ..
  523   746   801 ..
  524   856   911 ..
  525   966  1021 ..
  526  1076  1131 ..
  527  1186  1241 ..
  528  1296  1351 ..
  529  1406  1461 ..
  530  1516  1571 ..
  531  1714  1903 ++
  532  2092  2280 ++
  533  2469  2658 ++
  534  2847  3036 ++
  535  3227  3416 --
  536  3605  3793 --
  537  3982  4171 --
  538  4360  4549 --
  539  4738    65 -.
  540   120   175 ..
  541   230   285 ..
  542   340   395 ..
  543   450   505 ..
  544   560   615 ..
  545   670   725 ..
  546   780   835 ..
  547   890   945 ..
  548  1000  1055 ..
  549  1110  1165 ..
  550  1220  1275 ..
  551  1330  1385 ..
  552  1440  1495 ..
  553  1550  1642 .+
  554  1831  2019 ++
  555  2208  2397 ++
  556  2586  2775 ++
  557  2964  3153 ++
  558  3344  3532 --
  559  3721  3910 --
  560  4099  4288 --
  561  4477  4666 --
  562    44    99 ..
  563   154   209 ..
  564   264   319 ..
  565   374   429 ..
  566   484   539 ..
  567   594   649 ..
  568   704   759 ..
  569   814   869 ..
  570   924   979 ..
  571  1034  1089 ..
  572  1144  1199 ..
  573  1254  1309 ..
  574  1364  1419 ..
  575  1474  1529 ..
  576  1584  1759 .+
  577  1947  2136 ++
  578  2325  2514 ++
  579  2703  2892 ++
  580  3080  3272 +-
  581  3460  3649 --
  582  3838  4027 --
  583  4216  4405 --
  584  4593  4782 --
  585    78   133 ..
  586   188   243 ..
  587   298   353 ..
  588   408   463 ..
  589   518   573 ..
  590   628   683 ..
  591   738   793 ..
  592   848   903 ..
  593   958  1013 ..
  594  1068  1123 ..
  595  1178  1233 ..
  596  1288  1343 ..
  597  1398  1453 ..
  598  1508  1563 ..
  599  1686  1875 ++
  600  2064  2253 ++
  601  2442  2631 ++
  602  2820  3008 ++
  603  3197  3388 +-
  604  3577  3766 --
  605  3955  4144 --
  606  4333  4521 --
  607  4710    57 -.
  608   112   167 ..
  609   222   277 ..
  610   332   387 ..
  611   442   497 ..
  612   552   607 ..
  613   662   717 ..
  614   772   827 ..
  615   882   937 ..
  616   992  1047 ..
  617  1102  1157 ..
  618  1212  1267 ..
  619  1322  1377 ..
  620  1432  1487 ..
  621  1542  1597 ..
  622  1803  1992 ++
  623  2181  2370 ++
  624  2559  2747 ++
  625  2936  3125 ++
  626  3316  3505 --
  627  3694  3883 --
  628  4072  4260 --
  629  4449  4638 --
  630    36    91 ..
  631   146   201 ..
  632   256   311 ..
  633   366   421 ..
  634   476   531 ..
  635   586   641 ..
  636   696   751 ..
  637   806   861 ..
  638   916   971 ..
  639  1026  1081 ..
  640  1136  1191 ..
  641  1246  1301 ..
  642  1356  1411 ..
  643  1466  1521 ..
  644  1576  1731 .+
  645  1920  2109 ++
  646  2298  2486 ++
  647  2675  2864 ++
  648  3053  3244 +-
  649  3433  3622 --
  650  3811  3999 --
  651  4188  4377 --
  652  4566  4755 --
  653    70   125 ..
  654   180   235 ..
  655   290   345 ..
  656   400   455 ..
  657   510   565 ..
  658   620   675 ..
  659   730   785 ..
  660   840   895 ..
  661   950  1005 ..
  662  1060  1115 ..
  663  1170  1225 ..
  664  1280  1335 ..
  665  1390  1445 ..
  666  1500  1555 ..
  667  1659  1848 ++
  668  2037  2225 ++
  669  2414  2603 ++
  670  2792  2981 ++
  671  3170  3361 +-
  672  3550  3738 --
  673  3927  4116 --
  674  4305  4494 --
  675  4683    49 -.
  676   104   159 ..
  677   214   269 ..
  678   324   379 ..
  679   434   489 ..
  680   544   599 ..
  681   654   709 ..
  682   764   819 ..
  683   874   929 ..
  684   984  1039 ..
  685  1094  1149 ..
  686  1204  1259 ..
  687  1314  1369 ..
  688  1424  1479 ..
  689  1534  1589 ..
  690  1776  1965 ++
  691  2153  2342 ++
  692  2531  2720 ++
  693  2909  3098 ++
  694  3289  3478 --
  695  3666  3855 --
  696  4044  4233 --
  697  4422  4611 --
  698  4799    83 -.
  699   138   193 ..
  700   248   303 ..
  701   358   413 ..
  702   468   523 ..
  703   578   633 ..
  704   688   743 ..
  705   798   853 ..
  706   908   963 ..
  707  1018  1073 ..
  708  1128  1183 ..
  709  1238  1293 ..
  710  1348  1403 ..
  711  1458  1513 ..
  712  1568  1704 .+
  713  1892  2081 ++
  714  2270  2459 ++
  715  2648  2837 ++
  716  3026  3217 +-
  717  3405  3594 --
  718  3783  3972 --
  719  4161  4350 --
  720  4539  4727 --
  721    62   117 ..
  722   172   227 ..
  723   282   337 ..
  724   392   447 ..
  725   502   557 ..
  726   612   667 ..
  727   722   777 ..
  728   832   887 ..
  729   942   997 ..
  730  1052  1107 ..
  731  1162  1217 ..
  732  1272  1327 ..
  733  1382  1437 ..
  734  1492  1547 ..
  735  1602  1820 .+
  736  2009  2198 ++
  737  2387  2576 ++
  738  2765  2953 ++
  739  3142  3333 +-
  740  3522  3711 --
  741  3900  4089 --
  742  4278  4466 --
  743  4655    41 -.
  744    96   151 ..
  745   206   261 ..
  746   316   371 ..
  747   426   481 ..
  748   536   591 ..
  749   646   701 ..
  750   756   811 ..
  751   866   921 ..
  752   976  1031 ..
  753  1086  1141 ..
  754  1196  1251 ..
  755  1306  1361 ..
  756  1416  1471 ..
  757  1526  1581 ..
  758  1748  1937 ++
  759  2126  2315 ++
  760  2504  2692 ++
  761  2881  3070 ++
  762  3261  3450 --
  763  3639  3828 --
  764  4017  4205 --
  765  4394  4583 --
  766  4772    75 -.
  767   130   185 ..
  768   240   295 ..
  769   350   405 ..
  770   460   515 ..
  771   570   625 ..
  772   680   735 ..
  773   790   845 ..
  774   900   955 ..
  775  1010  1065 ..
  776  1120  1175 ..
  777  1230  1285 ..
  778  1340  1395 ..
  779  1450  1505 ..
  780  1560  1676 .+
  781  1865  2054 ++
  782  2243  2432 ++
  783  2620  2809 ++
  784  2998  3187 ++
  785  3378  3567 --
  786  3756  3945 --
  787  4133  4322 --
  788  4511  4700 --
  789    54   109 ..
  790   164   219 ..
  791   274   329 ..
  792   384   439 ..
  793   494   549 ..
  794   604   659 ..
  795   714   769 ..
  796   824   879 ..
  797   934   989 ..
  798  1044  1099 ..
  799  1154  1209 ..
  800  1264  1319 ..
  801  1374  1429 ..
  802  1484  1539 ..
  803  1594  1793 .+
  804  1982  2171 ++
  805  2359  2548 ++
  806  2737  2926 ++
  807  3115  3306 +-
  808  3495  3684 --
  809  3872  4061 --
  810  4250  4439 --
  811  4628    33 -.
  812    88   143 ..
  813   198   253 ..
  814   308   363 ..
  815   418   473 ..
  816   528   583 ..
  817   638   693 ..
  818   748   803 ..
  819   858   913 ..
  820   968  1023 ..
  821  1078  1133 ..
  822  1188  1243 ..
  823  1298  1353 ..
  824  1408  1463 ..
  825  1518  1573 ..
  826  1721  1910 ++
  827  2098  2287 ++
  828  2476  2665 ++
  829  2854  3043 ++
  830  3234  3423 --
  831  3611  3800 --
  832  3989  4178 --
  833  4367  4556 --
  834  4745    67 -.
  835   122   177 ..
  836   232   287 ..
  837   342   397 ..
  838   452   507 ..
  839   562   617 ..
  840   672   727 ..
  841   782   837 ..
  842   892   947 ..
  843  1002  1057 ..
  844  1112  1167 ..
  845  1222  1277 ..
  846  1332  1387 ..
  847  1442  1497 ..
  848  1552  1649 .+
  849  1837  2026 ++
  850  2215  2404 ++
  851  2593  2782 ++
  852  2971  3159 ++
  853  3350  3539 --
  854  3728  3917 --
  855  4106  4295 --
  856  4484  4672 --
  857    46   101 ..
  858   156   211 ..
  859   266   321 ..
  860   376   431 ..
  861   486   541 ..
  862   596   651 ..
  863   706   761 ..
  864   816   871 ..
  865   926   981 ..
  866  1036  1091 ..
  867  1146  1201 ..
  868  1256  1311 ..
  869  1366  1421 ..
  870  1476  1531 ..
  871  1586  1765 .+
  872  1954  2143 ++
  873  2332  2521 ++
  874  2710  2898 ++
  875  3087  3278 +-
  876  3467  3656 --
  877  3845  4034 --
  878  4223  4411 --
  879  4600  4789 --
  880    80   135 ..
  881   190   245 ..
  882   300   355 ..
  883   410   465 ..
  884   520   575 ..
  885   630   685 ..
  886   740   795 ..
  887   850   905 ..
  888   960  1015 ..
  889  1070  1125 ..
  890  1180  1235 ..
  891  1290  1345 ..
  892  1400  1455 ..
  893  1510  1565 ..
  894  1693  1882 ++
  895  2071  2260 ++
  896  2449  2638 ++
  897  2826  3015 ++
  898  3204  3395 +-
  899  3584  3773 --
  900  3962  4151 --
  901  4339  4528 --
  902  4717    59 -.
  903   114   169 ..
  904   224   279 ..
  905   334   389 ..
  906   444   499 ..
  907   554   609 ..
  908   664   719 ..
  909   774   829 ..
  910   884   939 ..
  911   994  1049 ..
  912  1104  1159 ..
  913  1214  1269 ..
  914  1324  1379 ..
  915  1434  1489 ..
  916  1544  1599 ..
  917  1810  1999 ++
  918  2188  2377 ++
  919  2565  2754 ++
  920  2943  3132 ++
  921  3323  3512 --
  922  3701  3890 --
  923  4078  4267 --
  924  4456  4645 --
  925    38    93 ..
  926   148   203 ..
  927   258   313 ..
  928   368   423 ..
  929   478   533 ..
  930   588   643 ..
  931   698   753 ..
  932   808   863 ..
  933   918   973 ..
  934  1028  1083 ..
  935  1138  1193 ..
  936  1248  1303 ..
  937  1358  1413 ..
  938  1468  1523 ..
  939  1578  1738 .+
  940  1927  2116 ++
  941  2304  2493 ++
  942  2682  2871 ++
  943  3060  3251 +-
  944  3440  3629 --
  945  3817  4006 --
  946  4195  4384 --
  947  4573  4762 --
  948    72   127 ..
  949   182   237 ..
  950   292   347 ..
  951   402   457 ..
  952   512   567 ..
  953   622   677 ..
  954   732   787 ..
  955   842   897 ..
  956   952  1007 ..
  957  1062  1117 ..
  958  1172  1227 ..
  959  1282  1337 ..
  960  1392  1447 ..
  961  1502  1557 ..
  962  1666  1855 ++
  963  2044  2232 ++
  964  2421  2610 ++
  965  2799  2988 ++
  966  3177  3368 +-
  967  3557  3745 --
  968  3934  4123 --
  969  4312  4501 --
  970  4690    51 -.
  971   106   161 ..
  972   216   271 ..
  973   326   381 ..
  974   436   491 ..
  975   546   601 ..
  976   656   711 ..
  977   766   821 ..
  978   876   931 ..
  979   986  1041 ..
  980  1096  1151 ..
  981  1206  1261 ..
  982  1316  1371 ..
  983  1426  1481 ..
  984  1536  1591 ..
  985  1783  1971 ++
  986  2160  2349 ++
  987  2538  2727 ++
  988  2916  3104 ++
  989  3296  3484 --
  990  3673  3862 --
  991  4051  4240 --
  992  4429  4618 --
  993  4806    85 -.
  994   140   195 ..
  995   250   305 ..
  996   360   415 ..
  997   470   525 ..
  998   580   635 ..
  999   690   745 ..
 1000   800   855 ..
 1001   910   965 ..
 1002  1020  1075 ..
 1003  1130  1185 ..
 1004  1240  1295 ..
 1005  1350  1405 ..
 1006  1460  1515 ..
 1007  1570  1710 .+
 1008  1899  2088 ++
 1009  2277  2466 ++
 1010  2655  2844 ++
 1011  3032  3223 +-
 1012  3412  3601 --
 1013  3790  3979 --
 1014  4168  4357 --
 1015  4545  4734 --
 1016    64   119 ..
 1017   174   229 ..
 1018   284   339 ..
 1019   394   449 ..
 1020   504   559 ..
 1021   614   669 ..
 1022   724   779 ..
 1023   834   889 ..
 1024   944   999 ..
 1025  1054  1109 ..
 1026  1164  1219 ..
 1027  1274  1329 ..
 1028  1384  1439 ..
 1029  1494  1549 ..
 1030  1638  1827 ++
 1031  2016  2205 ++
 1032  2394  2583 ++
 1033  2771  2960 ++
 1034  3149  3340 +-
 1035  3529  3718 --
 1036  3907  4096 --
 1037  4284  4473 --
 1038  4662    43 -.
 1039    98   153 ..
 1040   208   263 ..
 1041   318   373 ..
 1042   428   483 ..
 1043   538   593 ..
 1044   648   703 ..
 1045   758   813 ..
 1046   868   923 ..
 1047   978  1033 ..
 1048  1088  1143 ..
 1049  1198  1253 ..
 1050  1308  1363 ..
 1051  1418  1473 ..
 1052  1528  1583 ..
 1053  1755  1944 ++
 1054  2133  2322 ++
 1055  2510  2699 ++
 1056  2888  3077 ++
 1057  3268  3457 --
 1058  3646  3835 --
 1059  4023  4212 --
 1060  4401  4590 --
 1061  4779    77 -.
 1062   132   187 ..
 1063   242   297 ..
 1064   352   407 ..
 1065   462   517 ..
 1066   572   627 ..
 1067   682   737 ..
 1068   792   847 ..
 1069   902   957 ..
 1070  1012  1067 ..
 1071  1122  1177 ..
 1072  1232  1287 ..
 1073  1342  1397 ..
 1074  1452  1507 ..
 1075  1562  1683 .+
 1076  1872  2061 ++
 1077  2250  2438 ++
 1078  2627  2816 ++
 1079  3005  3194 ++
 1080  3385  3574 --
 1081  3763  3951 --
 1082  4140  4329 --
 1083  4518  4707 --
 1084    56   111 ..
 1085   166   221 ..
 1086   276   331 ..
 1087   386   441 ..
 1088   496   551 ..
 1089   606   661 ..
 1090   716   771 ..
 1091   826   881 ..
 1092   936   991 ..
 1093  1046  1101 ..
 1094  1156  1211 ..
 1095  1266  1321 ..
 1096  1376  1431 ..
 1097  1486  1541 ..
 1098  1596  1800 .+
 1099  1989  2177 ++
 1100  2366  2555 ++
 1101  2744  2933 ++
 1102  3122  3313 +-
 1103  3502  3690 --
 1104  3879  4068 --
 1105  4257  4446 --
 1106  4635    35 -.
 1107    90   145 ..
 1108   200   255 ..
 1109   310   365 ..
 1110   420   475 ..
 1111   530   585 ..
 1112   640   695 ..
 1113   750   805 ..
 1114   860   915 ..
 1115   970  1025 ..
 1116  1080  1135 ..
 1117  1190  1245 ..
 1118  1300  1355 ..
 1119  1410  1465 ..
 1120  1520  1575 ..
 1121  1728  1916 ++
 1122  2105  2294 ++
 1123  2483  2672 ++
 1124  2861  3050 ++
 1125  3241  3429 --
 1126  3618  3807 --
 1127  3996  4185 --
 1128  4374  4563 --
 1129  4751    69 -.
 1130   124   179 ..
 1131   234   289 ..
 1132   344   399 ..
 1133   454   509 ..
 1134   564   619 ..
 1135   674   729 ..
 1136   784   839 ..
 1137   894   949 ..
 1138  1004  1059 ..
 1139  1114  1169 ..
 1140  1224  1279 ..
 1141  1334  1389 ..
 1142  1444  1499 ..
 1143  1554  1656 .+
 1144  1844  2033 ++
 1145  2222  2411 ++
 1146  2600  2789 ++
 1147  2977  3166 ++
 1148  3357  3546 --
 1149  3735  3924 --
 1150  4113  4302 --
 1151  4490  4679 --
 1152    48   103 ..
 1153   158   213 ..
 1154   268   323 ..
 1155   378   433 ..
 1156   488   543 ..
 1157   598   653 ..
 1158   708   763 ..
 1159   818   873 ..
 1160   928   983 ..
 1161  1038  1093 ..
 1162  1148  1203 ..
 1163  1258  1313 ..
 1164  1368  1423 ..
 1165  1478  1533 ..
 1166  1588  1772 .+
 1167  1961  2150 ++
 1168  2339  2528 ++
 1169  2716  2905 ++
 1170  3094  3285 +-
 1171  3474  3663 --
 1172  3852  4041 --
 1173  4230  4418 --
 1174  4607  4796 --
 1175    82   137 ..
 1176   192   247 ..
 1177   302   357 ..
 1178   412   467 ..
 1179   522   577 ..
 1180   632   687 ..
 1181   742   797 ..
 1182   852   907 ..
 1183   962  1017 ..
 1184  1072  1127 ..
 1185  1182  1237 ..
 1186  1292  1347 ..
 1187  1402  1457 ..
 1188  1512  1567 ..
 1189  1700  1889 ++
 1190  2078  2267 ++
 1191  2456  2644 ++
 1192  2833  3022 ++
 1193  3213  3402 --
 1194  3591  3780 --
 1195  3969  4157 --
 1196  4346  4535 --
 1197  4724    61 -.
 1198   116   171 ..
 1199   226   281 ..
 1200   336   391 ..
 1201   446   501 ..
 1202   556   611 ..
 1203   666   721 ..
 1204   776   831 ..
 1205   886   941 ..
 1206   996  1051 ..
 1207  1106  1161 ..
 1208  1216  1271 ..
 1209  1326  1381 ..
 1210  1436  1491 ..
 1211  1546  1601 ..
 1212  1817  2006 ++
 1213  2195  2383 ++
 1214  2572  2761 ++
 1215  2950  3139 ++
 1216  3330  3519 --
 1217  3708  3896 --
 1218  4085  4274 --
 1219  4463  4652 --
 1220    40    95 ..
 1221   150   205 ..
 1222   260   315 ..
 1223   370   425 ..
 1224   480   535 ..
 1225   590   645 ..
 1226   700   755 ..
 1227   810   865 ..
 1228   920   975 ..
 1229  1030  1085 ..
 1230  1140  1195 ..
 1231  1250  1305 ..
 1232  1360  1415 ..
 1233  1470  1525 ..
 1234  1580  1745 .+
 1235  1934  2122 ++
 1236  2311  2500 ++
 1237  2689  2878 ++
 1238  3067  3258 +-
 1239  3447  3635 --
 1240  3824  4013 --
 1241  4202  4391 --
 1242  4580  4769 --
 1243    74   129 ..
 1244   184   239 ..
 1245   294   349 ..
 1246   404   459 ..
 1247   514   569 ..
 1248   624   679 ..
 1249   734   789 ..
 1250   844   899 ..
 1251   954  1009 ..
 1252  1064  1119 ..
 1253  1174  1229 ..
 1254  1284  1339 ..
 1255  1394  1449 ..
 1256  1504  1559 ..
 1257  1673  1862 ++
 1258  2050  2239 ++
 1259  2428  2617 ++
 1260  2806  2995 ++
 1261  3183  3375 +-
 1262  3563  3752 --
 1263  3941  4130 --
 1264  4319  4508 --
 1265  4696    53 -.
 1266   108   163 ..
 1267   218   273 ..
 1268   328   383 ..
 1269   438   493 ..
 1270   548   603 ..
 1271   658   713 ..
 1272   768   823 ..
 1273   878   933 ..
 1274   988  1043 ..
 1275  1098  1153 ..
 1276  1208  1263 ..
 1277  1318  1373 ..
 1278  1428  1483 ..
 1279  1538  1593 ..
 1280  1789  1978 ++
 1281  2167  2356 ++
 1282  2545  2734 ++
 1283  2923  3111 ++
 1284  3302  3491 --
 1285  3680  3869 --
 1286  4058  4247 --
 1287  4436  4624 --
 1288  1612  1612 R+
 1289  1613  1613 R+
 1290  1614  1614 R+
 1291  1615  1615 R+
 1292  1616  1616 R+
 1293  1617  1617 R+
 1294  1618  1618 R+
 1295  1619  1619 R+
 1296  1620  1620 R+
 1297  1621  1621 R+
 1298  1622  1622 R+
 1299  1623  1623 R+
 1300  1624  1624 R+
 1301  1625  1625 R+
 1302  1626  1626 R+
 1303  1627  1627 R+
 1304  1628  1628 R+
 1305  1629  1629 R+
 1306  1630  1630 R+
 1307  1631  1631 R+
 1308  1632  1632 R+
 1309  1633  1633 R+
 1310  1634  1634 R+
 1311  1635  1635 R+
Total data plus flush bits=1604, p-parity bits=489, q-parity=467, Errors=0, Repetition=64
