R5T1XH6
Channel Interleaving, Puncturing and Mapping to 16-QAM
User data=376, with flush=380, Channel Symbols=112, Channel Bits=448, Parity=68, p=q=34, Coding Rate=0.839286
D=376, FECSy=112, DF=380, N=448, P=68, p=34, distep=233, dd=0, pistep=21, pp=33, ppstep=11.176471, ppstart=380.500000, qpstart=766.088257, k=-78, mx=1.435897

Symbol   I1    I0    Q1    Q0  Pattern= . =data, + =p parity, - =q parity
-------------------------------------------------------------------------
    0     0    86   233   319 ....
    1   172   749    25   766 .+.-
    2   258   344   111   197 ....
    3    50   136   283   369 ....
    4   222   604    75   911 .+.-
    5   308    14   161   247 ....
    6   100   186   333    39 ....
    7   272   458   125  1056 .+.-
    8   358    64   211   297 ....
    9   150   236     3    89 ....
   10   322   693   175   821 .+.-
   11    28   114   261   347 ....
   12   200   286    53   139 ....
   13   372    78   225   311 ....
   14   164   548    17   967 .+.-
   15   250   336   103   189 ....
   16    42   128   275   361 ....
   17   214   402    67  1112 .+.-
   18   300     6   153   239 ....
   19    92   178   325    31 ....
   20   264   637   117   877 .+.-
   21   350    56   203   289 ....
   22   142   228   375    81 ....
   23   314    20   167   253 ....
   24   106   492   339  1023 .+.-
   25   192   278    45   131 ....
   26   364    70   217   303 ....
   27   156   726     9   788 .+.-
   28   242   328    95   181 ....
   29    34   120   267   353 ....
   30   206   581    59   933 .+.-
   31   292   378   145   231 ....
   32    84   170   317    23 ....
   33   256   436   109  1079 .+.-
   34   342    48   195   281 ....
   35   134   220   367    73 ....
   36   306    12   159   245 ....
   37    98   671   331   844 .+.-
   38   184   270    37   123 ....
   39   356    62   209   295 ....
   40   148   525     1   989 .+.-
   41   234   320    87   173 ....
   42    26   112   259   345 ....
   43   198   380    51  1134 .+.-
   44   284   370   137   223 ....
   45    76   162   309    15 ....
   46   248   334   101   187 ....
   47    40   615   273   900 .+.-
   48   126   212   359    65 ....
   49   298     4   151   237 ....
   50    90   469   323  1045 .+.-
   51   176   262    29   115 ....
   52   348    54   201   287 ....
   53   140   704   373   810 .+.-
   54   226   312    79   165 ....
   55    18   104   251   337 ....
   56   190   559    43   956 .+.-
   57   276   362   129   215 ....
   58    68   154   301     7 ....
   59   240   326    93   179 ....
   60    32   414   265  1101 .+.-
   61   118   204   351    57 ....
   62   290   376   143   229 ....
   63    82   648   315   866 .+.-
   64   168   254    21   107 ....
   65   340    46   193   279 ....
   66   132   503   365  1011 .+.-
   67   218   304    71   157 ....
   68    10    96   243   329 ....
   69   182   268    35   121 ....
   70   354   738   207   777 .+.-
   71    60   146   293   379 ....
   72   232   318    85   171 ....
   73    24   592   257   922 .+.-
   74   110   196   343    49 ....
   75   282   368   135   221 ....
   76    74   447   307  1067 .+.-
   77   160   246    13    99 ....
   78   332    38   185   271 ....
   79   124   210   357    63 ....
   80   296   682   149   833 .+.-
   81     2    88   235   321 ....
   82   174   260    27   113 ....
   83   346   536   199   978 .+.-
   84    52   138   285   371 ....
   85   224   310    77   163 ....
   86    16   391   249  1123 .+.-
   87   102   188   335    41 ....
   88   274   360   127   213 ....
   89    66   626   299   889 .+.-
   90   152   238     5    91 ....
   91   324    30   177   263 ....
   92   116   202   349    55 ....
   93   288   481   141  1034 .+.-
   94   374    80   227   313 ....
   95   166   252    19   105 ....
   96   338   715   191   799 .+.-
   97    44   130   277   363 ....
   98   216   302    69   155 ....
   99     8   570   241   944 .+.-
  100    94   180   327    33 ....
  101   266   352   119   205 ....
  102    58   144   291   377 ....
  103   230   425    83  1090 .+.-
  104   316    22   169   255 ....
  105   108   194   341    47 ....
  106   280   659   133   855 .+.-
  107   366    72   219   305 ....
  108   158   244    11    97 ....
  109   330   514   183  1000 .+.-
  110    36   122   269   355 ....
  111   208   294    61   147 ....
Total data plus flush bits=380, p-parity bits=34, q-parity=34, Errors=0, Repetition=0
