R5T1XL2
Channel Interleaving, Puncturing and Mapping to 16-QAM
User data=168, with flush=172, Channel Symbols=112, Channel Bits=448, Parity=276, p=q=138, Coding Rate=0.375000
D=168, FECSy=112, DF=172, N=448, P=276, p=138, distep=107, dd=0, pistep=85, pp=137, ppstep=1.246377, ppstart=172.500000, qpstart=345.123199, k=26, mx=4.307693

Symbol   I1    I0    Q1    Q0  Pattern= . =data, + =p parity, - =q parity
-------------------------------------------------------------------------
    0   343   277   345   411 ++--
    1     0   211   107   477 .+.-
    2    42   317   149   371 .+.-
    3    84   251    19   437 .+.-
    4   126   184    61   503 .+.-
    5   290   224   397   463 ++--
    6   168   330   103   357 .+.-
    7    38   264   145   423 .+.-
    8    80   198    15   489 .+.-
    9   304   238   383   449 ++--
   10   122   172    57   515 .+.-
   11   164   278    99   409 .+.-
   12    34   212   141   475 .+.-
   13   318   252   370   436 ++--
   14    76   186    11   502 .+.-
   15   118   292    53   396 .+.-
   16   160   226    95   462 .+.-
   17    30   332   137   356 .+.-
   18   265   199   422   488 ++--
   19    72   305     7   382 .+.-
   20   114   239    49   448 .+.-
   21   156   173    91   514 .+.-
   22   279   213   408   474 ++--
   23    26   319   133   368 .+.-
   24    68   253     3   434 .+.-
   25   110   187    45   500 .+.-
   26   293   227   394   461 ++--
   27   152   333    87   355 .+.-
   28    22   267   129   421 .+.-
   29    64   201   171   487 .+.-
   30   106   307    41   381 .+.-
   31   241   174   447   513 ++--
   32   148   280    83   407 .+.-
   33    18   214   125   473 .+.-
   34    60   320   167   367 .+.-
   35   254   188   433   499 ++--
   36   102   294    37   393 .+.-
   37   144   228    79   459 .+.-
   38    14   334   121   353 .+.-
   39   268   202   419   485 ++--
   40    56   308   163   380 .+.-
   41    98   242    33   446 .+.-
   42   140   176    75   512 .+.-
   43    10   282   117   406 .+.-
   44   216   322   472   366 ++--
   45    52   256   159   432 .+.-
   46    94   189    29   498 .+.-
   47   136   295    71   392 .+.-
   48   229   335   458   352 ++--
   49     6   269   113   418 .+.-
   50    48   203   155   484 .+.-
   51    90   309    25   378 .+.-
   52   243   177   444   510 ++--
   53   132   283    67   404 .+.-
   54     2   217   109   471 .+.-
   55    44   323   151   365 .+.-
   56    86   257    21   431 .+.-
   57   191   297   497   391 ++--
   58   128   231    63   457 .+.-
   59   170   337   105   351 .+.-
   60    40   270   147   417 .+.-
   61   204   310   483   377 ++--
   62    82   244    17   443 .+.-
   63   124   178    59   509 .+.-
   64   166   284   101   403 .+.-
   65   218   324   469   363 ++--
   66    36   258   143   429 .+.-
   67    78   192    13   495 .+.-
   68   120   298    55   389 .+.-
   69   232   338   456   350 ++--
   70   162   272    97   416 .+.-
   71    32   206   139   482 .+.-
   72    74   312     9   376 .+.-
   73   116   246    51   442 .+.-
   74   179   285   508   402 ++--
   75   158   219    93   468 .+.-
   76    28   325   135   362 .+.-
   77    70   259     5   428 .+.-
   78   193   299   494   388 ++--
   79   112   233    47   454 .+.-
   80   154   339    89   348 .+.-
   81    24   273   131   414 .+.-
   82   207   313   480   375 ++--
   83    66   247     1   441 .+.-
   84   108   181    43   507 .+.-
   85   150   287    85   401 .+.-
   86    20   221   127   467 .+.-
   87   327   260   361   427 ++--
   88    62   194   169   493 .+.-
   89   104   300    39   387 .+.-
   90   146   234    81   453 .+.-
   91   340   274   347   413 ++--
   92    16   208   123   479 .+.-
   93    58   314   165   373 .+.-
   94   100   248    35   439 .+.-
   95   182   288   505   399 ++--
   96   142   222    77   466 .+.-
   97    12   328   119   360 .+.-
   98    54   262   161   426 .+.-
   99    96   196    31   492 .+.-
  100   302   236   386   452 ++--
  101   138   342    73   346 .+.-
  102     8   275   115   412 .+.-
  103    50   209   157   478 .+.-
  104   315   249   372   438 ++--
  105    92   183    27   504 .+.-
  106   134   289    69   398 .+.-
  107     4   223   111   464 .+.-
  108   329   263   358   424 ++--
  109    46   197   153   490 .+.-
  110    88   303    23   385 .+.-
  111   130   237    65   451 .+.-
Total data plus flush bits=172, p-parity bits=138, q-parity=138, Errors=0, Repetition=0
