R5T1XH5
Channel Interleaving, Puncturing and Mapping to 16-QAM
User data=352, with flush=356, Channel Symbols=112, Channel Bits=448, Parity=92, p=q=46, Coding Rate=0.785714
D=352, FECSy=112, DF=356, N=448, P=92, p=46, distep=221, dd=0, pistep=29, pp=45, ppstep=7.739130, ppstart=356.500000, qpstart=716.369568, k=-66, mx=1.696970

Symbol   I1    I0    Q1    Q0  Pattern= . =data, + =p parity, - =q parity
-------------------------------------------------------------------------
    0     0    86   221   307 ....
    1   172   704    37   716 .+.-
    2   258   344   123   209 ....
    3    74   573   295   847 .+.-
    4   160   246    25   111 ....
    5   332   441   197   979 .+.-
    6    62   148   283    13 ....
    7   234   320    99   185 ....
    8    50   666   271   755 .+.-
    9   136   222     1    87 ....
   10   308   534   173   886 .+.-
   11    38   124   259   345 ....
   12   210   296    75   161 ....
   13    26   402   247  1018 .+.-
   14   112   198   333    63 ....
   15   284   627   149   793 .+.-
   16    14   100   235   321 ....
   17   186   272    51   137 ....
   18     2   495   223   925 .+.-
   19    88   174   309    39 ....
   20   260   364   125  1056 .+.-
   21   346    76   211   297 ....
   22   162   588    27   832 .+.-
   23   248   334   113   199 ....
   24    64   150   285    15 ....
   25   236   457   101   964 .+.-
   26   322    52   187   273 ....
   27   138   681     3   739 .+.-
   28   224   310    89   175 ....
   29    40   126   261   347 ....
   30   212   549    77   871 .+.-
   31   298    28   163   249 ....
   32   114   418   335  1002 .+.-
   33   200   286    65   151 ....
   34    16   102   237   323 ....
   35   188   642    53   778 .+.-
   36   274     4   139   225 ....
   37    90   511   311   909 .+.-
   38   176   262    41   127 ....
   39   348   379   213  1041 .+.-
   40    78   164   299    29 ....
   41   250   336   115   201 ....
   42    66   604   287   816 .+.-
   43   152   238    17   103 ....
   44   324   472   189   948 .+.-
   45    54   140   275     5 ....
   46   226   312    91   177 ....
   47    42   697   263   724 .+.-
   48   128   214   349    79 ....
   49   300   565   165   855 .+.-
   50    30   116   251   337 ....
   51   202   288    67   153 ....
   52    18   433   239   987 .+.-
   53   104   190   325    55 ....
   54   276   658   141   762 .+.-
   55     6    92   227   313 ....
   56   178   526    43   894 .+.-
   57   264   350   129   215 ....
   58    80   166   301    31 ....
   59   252   395   117  1025 .+.-
   60   338    68   203   289 ....
   61   154   619    19   801 .+.-
   62   240   326   105   191 ....
   63    56   142   277     7 ....
   64   228   488    93   933 .+.-
   65   314    44   179   265 ....
   66   130   356   351  1064 .+.-
   67   216   302    81   167 ....
   68    32   118   253   339 ....
   69   204   580    69   840 .+.-
   70   290    20   155   241 ....
   71   106   449   327   971 .+.-
   72   192   278    57   143 ....
   73     8    94   229   315 ....
   74   180   673    45   747 .+.-
   75   266   352   131   217 ....
   76    82   542   303   878 .+.-
   77   168   254    33   119 ....
   78   340   410   205  1010 .+.-
   79    70   156   291    21 ....
   80   242   328   107   193 ....
   81    58   635   279   786 .+.-
   82   144   230     9    95 ....
   83   316   503   181   917 .+.-
   84    46   132   267   353 ....
   85   218   304    83   169 ....
   86    34   371   255  1049 .+.-
   87   120   206   341    71 ....
   88   292   596   157   824 .+.-
   89    22   108   243   329 ....
   90   194   280    59   145 ....
   91    10   464   231   956 .+.-
   92    96   182   317    47 ....
   93   268   689   133   731 .+.-
   94   354    84   219   305 ....
   95   170   557    35   863 .+.-
   96   256   342   121   207 ....
   97    72   158   293    23 ....
   98   244   426   109   994 .+.-
   99   330    60   195   281 ....
  100   146   650    11   770 .+.-
  101   232   318    97   183 ....
  102    48   134   269   355 ....
  103   220   519    85   902 .+.-
  104   306    36   171   257 ....
  105   122   387   343  1033 .+.-
  106   208   294    73   159 ....
  107    24   110   245   331 ....
  108   196   611    61   809 .+.-
  109   282    12   147   233 ....
  110    98   480   319   940 .+.-
  111   184   270    49   135 ....
Total data plus flush bits=356, p-parity bits=46, q-parity=46, Errors=0, Repetition=0
