R5T1XH1
Channel Interleaving, Puncturing and Mapping to 16-QAM
User data=248, with flush=252, Channel Symbols=112, Channel Bits=448, Parity=196, p=q=98, Coding Rate=0.553571
D=248, FECSy=112, DF=252, N=448, P=196, p=98, distep=155, dd=0, pistep=61, pp=97, ppstep=2.571429, ppstart=252.500000, qpstart=505.785706, k=-14, mx=8.000000

Symbol   I1    I0    Q1    Q0  Pattern= . =data, + =p parity, - =q parity
-------------------------------------------------------------------------
    0     0    58   155   213 ....
    1   116   501    19   505 .+.-
    2   174   406    77   600 .+.-
    3   232   311   135   696 .+.-
    4    38   468   193   539 .+.-
    5    96   373   251   634 .+.-
    6   154   278    57   729 .+.-
    7   212   435   115   572 .+.-
    8    18    76   173   231 ....
    9   134   339    37   667 .+.-
   10   192   496    95   510 .+.-
   11   250   401   153   606 .+.-
   12    56   306   211   701 .+.-
   13   114   463    17   544 .+.-
   14   172   368    75   639 .+.-
   15   230   273   133   734 .+.-
   16    36    94   191   249 ....
   17   152   429    55   577 .+.-
   18   210   334   113   672 .+.-
   19    16   491   171   516 .+.-
   20    74   396   229   611 .+.-
   21   132   301    35   706 .+.-
   22   190   458    93   549 .+.-
   23   248   363   151   644 .+.-
   24    54   112   209    15 ....
   25   170   267    73   739 .+.-
   26   228   424   131   582 .+.-
   27    34   329   189   678 .+.-
   28    92   486   247   521 .+.-
   29   150   391    53   616 .+.-
   30   208   296   111   711 .+.-
   31    14   453   169   554 .+.-
   32    72   130   227    33 ....
   33   188   357    91   649 .+.-
   34   246   262   149   744 .+.-
   35    52   419   207   588 .+.-
   36   110   324    13   683 .+.-
   37   168   481    71   526 .+.-
   38   226   386   129   621 .+.-
   39    32   291   187   716 .+.-
   40    90   148   245    51 ....
   41   206   447   109   559 .+.-
   42    12   352   167   654 .+.-
   43    70   257   225   750 .+.-
   44   128   414    31   593 .+.-
   45   186   319    89   688 .+.-
   46   244   476   147   531 .+.-
   47    50   381   205   626 .+.-
   48   108   166    11    69 ....
   49   224   285   127   721 .+.-
   50    30   442   185   564 .+.-
   51    88   347   243   660 .+.-
   52   146   252    49   755 .+.-
   53   204   409   107   598 .+.-
   54    10   314   165   693 .+.-
   55    68   471   223   536 .+.-
   56   126   184    29    87 ....
   57   242   375   145   631 .+.-
   58    48   280   203   726 .+.-
   59   106   437     9   570 .+.-
   60   164   342    67   665 .+.-
   61   222   499   125   508 .+.-
   62    28   404   183   603 .+.-
   63    86   309   241   698 .+.-
   64   144   202    47   105 ....
   65     8   465   163   541 .+.-
   66    66   370   221   636 .+.-
   67   124   275    27   732 .+.-
   68   182   432    85   575 .+.-
   69   240   337   143   670 .+.-
   70    46   494   201   513 .+.-
   71   104   399     7   608 .+.-
   72   162   220    65   123 ....
   73    26   303   181   703 .+.-
   74    84   460   239   546 .+.-
   75   142   365    45   642 .+.-
   76   200   270   103   737 .+.-
   77     6   427   161   580 .+.-
   78    64   332   219   675 .+.-
   79   122   489    25   518 .+.-
   80   180   238    83   141 ....
   81    44   393   199   613 .+.-
   82   102   298     5   708 .+.-
   83   160   455    63   552 .+.-
   84   218   360   121   647 .+.-
   85    24   265   179   742 .+.-
   86    82   422   237   585 .+.-
   87   140   327    43   680 .+.-
   88   198     4   101   159 ....
   89    62   483   217   523 .+.-
   90   120   388    23   618 .+.-
   91   178   293    81   714 .+.-
   92   236   450   139   557 .+.-
   93    42   355   197   652 .+.-
   94   100   260     3   747 .+.-
   95   158   417    61   590 .+.-
   96   216    22   119   177 ....
   97    80   321   235   685 .+.-
   98   138   478    41   528 .+.-
   99   196   383    99   624 .+.-
  100     2   288   157   719 .+.-
  101    60   445   215   562 .+.-
  102   118   350    21   657 .+.-
  103   176   255    79   752 .+.-
  104   234    40   137   195 ....
  105    98   411     1   595 .+.-
  106   156   316    59   690 .+.-
  107   214   473   117   534 .+.-
  108    20   378   175   629 .+.-
  109    78   283   233   724 .+.-
  110   136   440    39   567 .+.-
  111   194   345    97   662 .+.-
Total data plus flush bits=252, p-parity bits=98, q-parity=98, Errors=0, Repetition=0
