R5T1XRE
Channel Interleaving, Puncturing and Mapping to 16-QAM
User data=224, with flush=228, Channel Symbols=112, Channel Bits=448, Parity=220, p=q=110, Coding Rate=0.500000
D=224, FECSy=112, DF=228, N=448, P=220, p=110, distep=139, dd=0, pistep=67, pp=109, ppstep=2.072727, ppstart=228.500000, qpstart=457.536377, k=-2, mx=56.000000

Symbol   I1    I0    Q1    Q0  Pattern= . =data, + =p parity, - =q parity
-------------------------------------------------------------------------
    0     0    50   139   189 ....
    1   100   454    11   457 .+.-
    2   150   365    61   546 .+.-
    3   200   276   111   635 .+.-
    4    22   415   161   496 .+.-
    5    72   325   211   586 .+.-
    6   122   236    33   675 .+.-
    7   172   375    83   536 .+.-
    8   222   286   133   625 .+.-
    9    44   425   183   486 .+.-
   10    94   336     5   575 .+.-
   11   144   247    55   664 .+.-
   12   194   386   105   525 .+.-
   13    16   296   155   615 .+.-
   14    66   435   205   476 .+.-
   15   116   346    27   565 .+.-
   16   166   257    77   654 .+.-
   17   216   396   127   515 .+.-
   18    38   307   177   604 .+.-
   19    88   446   227   465 .+.-
   20   138   357    49   554 .+.-
   21   188   267    99   644 .+.-
   22    10   406   149   505 .+.-
   23    60   317   199   594 .+.-
   24   110   228    21   683 .+.-
   25   160   367    71   544 .+.-
   26   210   278   121   633 .+.-
   27    32   417   171   494 .+.-
   28    82   327   221   583 .+.-
   29   132   238    43   673 .+.-
   30   182   377    93   534 .+.-
   31     4   288   143   623 .+.-
   32    54   427   193   484 .+.-
   33   104   338    15   573 .+.-
   34   154   249    65   662 .+.-
   35   204   388   115   523 .+.-
   36    26   298   165   612 .+.-
   37    76   437   215   474 .+.-
   38   126   348    37   563 .+.-
   39   176   259    87   652 .+.-
   40   226   398   137   513 .+.-
   41    48   309   187   602 .+.-
   42    98   448     9   463 .+.-
   43   148   359    59   552 .+.-
   44   198   269   109   642 .+.-
   45    20   408   159   503 .+.-
   46    70   319   209   592 .+.-
   47   120   230    31   681 .+.-
   48   170   369    81   542 .+.-
   49   220   280   131   631 .+.-
   50    42   419   181   492 .+.-
   51    92   330     3   581 .+.-
   52   142   240    53   671 .+.-
   53   192   379   103   532 .+.-
   54    14   290   153   621 .+.-
   55    64   429   203   482 .+.-
   56   114   164    25    75 ....
   57   214   340   125   571 .+.-
   58    36   251   175   660 .+.-
   59    86   390   225   521 .+.-
   60   136   301    47   610 .+.-
   61   186   439    97   472 .+.-
   62     8   350   147   561 .+.-
   63    58   261   197   650 .+.-
   64   108   400    19   511 .+.-
   65   158   311    69   600 .+.-
   66   208   450   119   461 .+.-
   67    30   361   169   550 .+.-
   68    80   272   219   639 .+.-
   69   130   410    41   501 .+.-
   70   180   321    91   590 .+.-
   71     2   232   141   679 .+.-
   72    52   371   191   540 .+.-
   73   102   282    13   629 .+.-
   74   152   421    63   490 .+.-
   75   202   332   113   579 .+.-
   76    24   243   163   668 .+.-
   77    74   381   213   530 .+.-
   78   124   292    35   619 .+.-
   79   174   431    85   480 .+.-
   80   224   342   135   569 .+.-
   81    46   253   185   658 .+.-
   82    96   392     7   519 .+.-
   83   146   303    57   608 .+.-
   84   196   441   107   469 .+.-
   85    18   352   157   559 .+.-
   86    68   263   207   648 .+.-
   87   118   402    29   509 .+.-
   88   168   313    79   598 .+.-
   89   218   452   129   459 .+.-
   90    40   363   179   548 .+.-
   91    90   274     1   637 .+.-
   92   140   412    51   498 .+.-
   93   190   323   101   588 .+.-
   94    12   234   151   677 .+.-
   95    62   373   201   538 .+.-
   96   112   284    23   627 .+.-
   97   162   423    73   488 .+.-
   98   212   334   123   577 .+.-
   99    34   245   173   666 .+.-
  100    84   383   223   528 .+.-
  101   134   294    45   617 .+.-
  102   184   433    95   478 .+.-
  103     6   344   145   567 .+.-
  104    56   255   195   656 .+.-
  105   106   394    17   517 .+.-
  106   156   305    67   606 .+.-
  107   206   444   117   467 .+.-
  108    28   354   167   557 .+.-
  109    78   265   217   646 .+.-
  110   128   404    39   507 .+.-
  111   178   315    89   596 .+.-
Total data plus flush bits=228, p-parity bits=110, q-parity=110, Errors=0, Repetition=0
