R5T1XL1
Channel Interleaving, Puncturing and Mapping to 16-QAM
User data=192, with flush=196, Channel Symbols=112, Channel Bits=448, Parity=252, p=q=126, Coding Rate=0.428571
D=192, FECSy=112, DF=196, N=448, P=252, p=126, distep=121, dd=0, pistep=79, pp=125, ppstep=1.555556, ppstart=196.500000, qpstart=393.277771, k=14, mx=8.000000

Symbol   I1    I0    Q1    Q0  Pattern= . =data, + =p parity, - =q parity
-------------------------------------------------------------------------
    0   390   317   393   466 ++--
    1     0   244   121   539 .+.-
    2    46   367   167   416 .+.-
    3    92   294    17   489 .+.-
    4   138   221    63   562 .+.-
    5   184   344   109   439 .+.-
    6    34   271   155   513 .+.-
    7    80   198     5   586 .+.-
    8   320   247   463   536 ++--
    9   126   370    51   413 .+.-
   10   172   297    97   486 .+.-
   11    22   224   143   559 .+.-
   12    68   347   189   436 .+.-
   13   114   274    39   509 .+.-
   14   160   201    85   583 .+.-
   15    10   324   131   460 .+.-
   16   250   373   533   410 ++--
   17    56   300   177   483 .+.-
   18   102   227    27   556 .+.-
   19   148   350    73   433 .+.-
   20   194   277   119   506 .+.-
   21    44   204   165   579 .+.-
   22    90   327    15   457 .+.-
   23   136   254    61   530 .+.-
   24   376   303   407   480 ++--
   25   182   230   107   553 .+.-
   26    32   353   153   430 .+.-
   27    78   280     3   503 .+.-
   28   124   207    49   576 .+.-
   29   170   330    95   453 .+.-
   30    20   257   141   527 .+.-
   31    66   380   187   404 .+.-
   32   306   233   477   550 ++--
   33   112   356    37   427 .+.-
   34   158   283    83   500 .+.-
   35     8   210   129   573 .+.-
   36    54   333   175   450 .+.-
   37   100   260    25   523 .+.-
   38   146   383    71   401 .+.-
   39   192   310   117   474 .+.-
   40   236   359   547   424 ++--
   41    42   286   163   497 .+.-
   42    88   213    13   570 .+.-
   43   134   336    59   447 .+.-
   44   180   263   105   520 .+.-
   45    30   386   151   397 .+.-
   46    76   313     1   471 .+.-
   47   122   240    47   544 .+.-
   48   362   289   421   494 ++--
   49   168   216    93   567 .+.-
   50    18   339   139   444 .+.-
   51    64   266   185   517 .+.-
   52   110   389    35   394 .+.-
   53   156   316    81   467 .+.-
   54     6   243   127   541 .+.-
   55    52   366   173   418 .+.-
   56   292   219   491   564 ++--
   57    98   342    23   441 .+.-
   58   144   269    69   514 .+.-
   59   190   196   115   587 .+.-
   60    40   319   161   464 .+.-
   61    86   246    11   537 .+.-
   62   132   369    57   415 .+.-
   63   178   296   103   488 .+.-
   64   222   345   561   438 ++--
   65    28   272   149   511 .+.-
   66    74   199   195   584 .+.-
   67   120   322    45   461 .+.-
   68   166   249    91   534 .+.-
   69    16   372   137   411 .+.-
   70    62   299   183   485 .+.-
   71   108   226    33   558 .+.-
   72   348   275   435   508 ++--
   73   154   202    79   581 .+.-
   74     4   325   125   458 .+.-
   75    50   252   171   531 .+.-
   76    96   375    21   408 .+.-
   77   142   302    67   481 .+.-
   78   188   229   113   555 .+.-
   79    38   352   159   432 .+.-
   80   278   205   505   578 ++--
   81    84   328     9   455 .+.-
   82   130   255    55   528 .+.-
   83   176   378   101   405 .+.-
   84    26   305   147   478 .+.-
   85    72   232   193   551 .+.-
   86   118   355    43   429 .+.-
   87   164   282    89   502 .+.-
   88   208   331   575   452 ++--
   89    14   258   135   525 .+.-
   90    60   381   181   402 .+.-
   91   106   308    31   475 .+.-
   92   152   235    77   548 .+.-
   93     2   358   123   425 .+.-
   94    48   285   169   499 .+.-
   95    94   212    19   572 .+.-
   96   334   261   449   522 ++--
   97   140   384    65   399 .+.-
   98   186   311   111   472 .+.-
   99    36   238   157   545 .+.-
  100    82   361     7   422 .+.-
  101   128   288    53   495 .+.-
  102   174   215    99   569 .+.-
  103    24   338   145   446 .+.-
  104   264   387   519   396 ++--
  105    70   314   191   469 .+.-
  106   116   241    41   542 .+.-
  107   162   364    87   419 .+.-
  108    12   291   133   492 .+.-
  109    58   218   179   565 .+.-
  110   104   341    29   443 .+.-
  111   150   268    75   516 .+.-
Total data plus flush bits=196, p-parity bits=126, q-parity=126, Errors=0, Repetition=0
