R5T2QL4
Channel Interleaving, Puncturing and Mapping to QPSK
Data coding rate = 0.676923 with QPSK, UW coding rate = 0.448298 with BPSK
User data with 32 bit UW =352, with flush=356, p-parity=82+24, q-parity=82,  Channel Symbols=304, Channel Bits=544
D=352, FECSy=304, DF=356 N=544, P=82, Puw=24, Q=82, DPQ=480, dpqstep=299, S=4.335374, ppstart=356.500000, qpstart=714.667664

Symbol   I0    Q0  Pattern= . =data, + =p parity, - =q parity
-------------------------------------------------------------
    0     0     0 R.
    1     1     1 R.
    2     2     2 R.
    3     3     3 R.
    4     4     4 R.
    5     5     5 R.
    6     6     6 R.
    7     7     7 R.
    8     8     8 R.
    9     9     9 R.
   10    10    10 R.
   11    11    11 R.
   12    12    12 R.
   13    13    13 R.
   14    14    14 R.
   15    15    15 R.
   16    16    16 R.
   17    17    17 R.
   18    18    18 R.
   19    19    19 R.
   20    20    20 R.
   21    21    21 R.
   22    22    22 R.
   23    23    23 R.
   24    24    24 R.
   25    25    25 R.
   26    26    26 R.
   27    27    27 R.
   28    28    28 R.
   29    29    29 R.
   30    30    30 R.
   31    31    31 R.
   32   356   356 R+
   33   357   357 R+
   34   358   358 R+
   35   359   359 R+
   36   360   360 R+
   37   361   361 R+
   38   362   362 R+
   39   363   363 R+
   40    32   805 .-
   41   538   329 +.
   42   268   207 ..
   43   146    85 ..
   44  1035   771 --
   45   503   321 +.
   46   260   199 ..
   47   138    77 ..
   48  1000   736 --
   49   469   313 +.
   50   252   191 ..
   51   130    69 ..
   52   966   698 -+
   53   434   305 +.
   54   244   183 ..
   55   122    61 ..
   56   931   664 -+
   57   399   297 +.
   58   236   175 ..
   59   114    53 ..
   60   896   629 -+
   61   350   289 ..
   62   228   167 ..
   63   106    45 ..
   64   862   594 -+
   65   342   281 ..
   66   220   159 ..
   67    98    37 ..
   68   827   560 -+
   69   334   273 ..
   70   212   151 ..
   71    90  1057 .-
   72   792   525 -+
   73   326   265 ..
   74   204   143 ..
   75    82  1022 .-
   76   758   490 -+
   77   318   257 ..
   78   196   135 ..
   79    74   987 .-
   80   723   456 -+
   81   310   249 ..
   82   188   127 ..
   83    66   953 .-
   84   685   421 ++
   85   302   241 ..
   86   180   119 ..
   87    58   918 .-
   88   651   355 +.
   89   294   233 ..
   90   172   111 ..
   91    50   883 .-
   92   616   347 +.
   93   286   225 ..
   94   164   103 ..
   95    42   849 .-
   96   581   339 +.
   97   278   217 ..
   98   156    95 ..
   99    34   814 .-
  100   547   331 +.
  101   270   209 ..
  102   148    87 ..
  103  1044   779 --
  104   512   323 +.
  105   262   201 ..
  106   140    79 ..
  107  1009   745 --
  108   477   315 +.
  109   254   193 ..
  110   132    71 ..
  111   974   707 -+
  112   443   307 +.
  113   246   185 ..
  114   124    63 ..
  115   940   672 -+
  116   408   299 +.
  117   238   177 ..
  118   116    55 ..
  119   905   638 -+
  120   352   291 ..
  121   230   169 ..
  122   108    47 ..
  123   870   603 -+
  124   344   283 ..
  125   222   161 ..
  126   100    39 ..
  127   836   568 -+
  128   336   275 ..
  129   214   153 ..
  130    92  1065 .-
  131   801   534 -+
  132   328   267 ..
  133   206   145 ..
  134    84  1031 .-
  135   766   499 -+
  136   320   259 ..
  137   198   137 ..
  138    76   996 .-
  139   732   464 -+
  140   312   251 ..
  141   190   129 ..
  142    68   961 .-
  143   694   430 ++
  144   304   243 ..
  145   182   121 ..
  146    60   927 .-
  147   659   395 ++
  148   296   235 ..
  149   174   113 ..
  150    52   892 .-
  151   625   349 +.
  152   288   227 ..
  153   166   105 ..
  154    44   857 .-
  155   590   341 +.
  156   280   219 ..
  157   158    97 ..
  158    36   823 .-
  159   555   333 +.
  160   272   211 ..
  161   150    89 ..
  162  1052   788 --
  163   521   325 +.
  164   264   203 ..
  165   142    81 ..
  166  1018   753 --
  167   486   317 +.
  168   256   195 ..
  169   134    73 ..
  170   983   719 --
  171   451   309 +.
  172   248   187 ..
  173   126    65 ..
  174   948   681 -+
  175   417   301 +.
  176   240   179 ..
  177   118    57 ..
  178   914   646 -+
  179   354   293 ..
  180   232   171 ..
  181   110    49 ..
  182   879   612 -+
  183   346   285 ..
  184   224   163 ..
  185   102    41 ..
  186   844   577 -+
  187   338   277 ..
  188   216   155 ..
  189    94    33 ..
  190   810   542 -+
  191   330   269 ..
  192   208   147 ..
  193    86  1039 .-
  194   775   508 -+
  195   322   261 ..
  196   200   139 ..
  197    78  1005 .-
  198   740   473 -+
  199   314   253 ..
  200   192   131 ..
  201    70   970 .-
  202   703   438 ++
  203   306   245 ..
  204   184   123 ..
  205    62   935 .-
  206   668   404 ++
  207   298   237 ..
  208   176   115 ..
  209    54   901 .-
  210   633   351 +.
  211   290   229 ..
  212   168   107 ..
  213    46   866 .-
  214   599   343 +.
  215   282   221 ..
  216   160    99 ..
  217    38   831 .-
  218   564   335 +.
  219   274   213 ..
  220   152    91 ..
  221  1061   797 --
  222   529   327 +.
  223   266   205 ..
  224   144    83 ..
  225  1026   762 --
  226   495   319 +.
  227   258   197 ..
  228   136    75 ..
  229   992   727 --
  230   460   311 +.
  231   250   189 ..
  232   128    67 ..
  233   957   690 -+
  234   425   303 +.
  235   242   181 ..
  236   120    59 ..
  237   922   655 -+
  238   391   295 +.
  239   234   173 ..
  240   112    51 ..
  241   888   620 -+
  242   348   287 ..
  243   226   165 ..
  244   104    43 ..
  245   853   586 -+
  246   340   279 ..
  247   218   157 ..
  248    96    35 ..
  249   818   551 -+
  250   332   271 ..
  251   210   149 ..
  252    88  1048 .-
  253   784   516 -+
  254   324   263 ..
  255   202   141 ..
  256    80  1013 .-
  257   749   482 -+
  258   316   255 ..
  259   194   133 ..
  260    72   979 .-
  261   714   447 -+
  262   308   247 ..
  263   186   125 ..
  264    64   944 .-
  265   677   412 ++
  266   300   239 ..
  267   178   117 ..
  268    56   909 .-
  269   642   353 +.
  270   292   231 ..
  271   170   109 ..
  272    48   875 .-
  273   607   345 +.
  274   284   223 ..
  275   162   101 ..
  276    40   840 .-
  277   573   337 +.
  278   276   215 ..
  279   154    93 ..
  280   364   364 R+
  281   365   365 R+
  282   366   366 R+
  283   367   367 R+
  284   368   368 R+
  285   369   369 R+
  286   370   370 R+
  287   371   371 R+
  288   372   372 R+
  289   373   373 R+
  290   374   374 R+
  291   375   375 R+
  292   376   376 R+
  293   377   377 R+
  294   378   378 R+
  295   379   379 R+
  296   380   380 R+
  297   381   381 R+
  298   382   382 R+
  299   383   383 R+
  300   384   384 R+
  301   385   385 R+
  302   386   386 R+
  303   387   387 R+
Total data plus flush bits=356, p-parity bits=106, q-parity=82, Errors=0, Repetition=64
