R5T2XL2
Channel Interleaving, Puncturing and Mapping to 16-QAM
User data=368, with flush=372, Channel Symbols=264, Channel Bits=1056, Parity=684, p=q=342, Coding Rate=0.348485
D=368, FECSy=264, DF=372, N=1056, P=684, p=342, distep=229, dd=0, pistep=211, pp=341, ppstep=1.087719, ppstart=372.500000, qpstart=745.043884, k=78, mx=3.384615

Symbol   I1    I0    Q1    Q0  Pattern= . =data, + =p parity, - =q parity
-------------------------------------------------------------------------
    0   743   600   745   887 ++--
    1     0   458   229  1030 .+.-
    2    86   687   315   800 .+.-
    3   172   545    29   943 .+.-
    4   402   632  1085   855 ++--
    5   258   489   115   998 .+.-
    6   344   719   201   768 .+.-
    7   576   434   911  1053 ++--
    8    58   664   287   824 .+.-
    9   144   521     1   966 .+.-
   10   230   379    87  1109 .+.-
   11   608   466   879  1022 ++--
   12   316   695   173   792 .+.-
   13    30   553   259   935 .+.-
   14   410   640  1077   848 ++--
   15   116   497   345   990 .+.-
   16   202   727    59   761 .+.-
   17   584   442   903  1046 ++--
   18   288   671   145   816 .+.-
   19     2   529   231   959 .+.-
   20    88   386   317  1101 .+.-
   21   616   473   872  1014 ++--
   22   174   703    31   785 .+.-
   23   260   560   117   927 .+.-
   24   418   647  1070   840 ++--
   25   346   505   203   983 .+.-
   26    60   734   289   753 .+.-
   27   146   592     3   896 .+.-
   28   449   679  1038   809 ++--
   29   232   536    89   951 .+.-
   30   318   394   175  1094 .+.-
   31   623   481   864  1007 ++--
   32    32   710   261   777 .+.-
   33   118   568   347   920 .+.-
   34   425   655  1062   833 ++--
   35   204   512    61   975 .+.-
   36   290   742   147   746 .+.-
   37     4   599   233   888 .+.-
   38   457   686  1031   801 ++--
   39    90   544   319   944 .+.-
   40   176   401    33  1086 .+.-
   41   631   488   857   999 ++--
   42   262   718   119   770 .+.-
   43   348   575   205   912 .+.-
   44    62   433   291  1055 .+.-
   45   662   520   825   968 ++--
   46   148   377     5  1110 .+.-
   47   234   607    91   881 .+.-
   48   464   694  1023   793 ++--
   49   320   551   177   936 .+.-
   50    34   409   263  1078 .+.-
   51   638   496   849   991 ++--
   52   120   726   349   762 .+.-
   53   206   583    63   904 .+.-
   54   292   441   149  1047 .+.-
   55   670   528   817   960 ++--
   56     6   385   235  1102 .+.-
   57    92   615   321   873 .+.-
   58   472   702  1015   786 ++--
   59   178   559    35   928 .+.-
   60   264   417   121  1071 .+.-
   61   646   504   841   984 ++--
   62   350   733   207   754 .+.-
   63    64   591   293   897 .+.-
   64   150   448     7  1039 .+.-
   65   678   535   810   952 ++--
   66   236   393    93  1095 .+.-
   67   322   622   179   865 .+.-
   68   480   709  1008   778 ++--
   69    36   567   265   921 .+.-
   70   122   424   351  1063 .+.-
   71   208   654    65   834 .+.-
   72   511   741   976   747 ++--
   73   294   598   151   889 .+.-
   74     8   456   237  1032 .+.-
   75   685   543   802   945 ++--
   76    94   400   323  1087 .+.-
   77   180   630    37   858 .+.-
   78   487   717  1000   771 ++--
   79   266   574   123   913 .+.-
   80   352   432   209  1056 .+.-
   81    66   661   295   826 .+.-
   82   519   376   969  1111 ++--
   83   152   606     9   882 .+.-
   84   238   463    95  1024 .+.-
   85   693   550   795   937 ++--
   86   324   408   181  1080 .+.-
   87    38   637   267   850 .+.-
   88   124   495   353   993 .+.-
   89   724   582   763   906 ++--
   90   210   439    67  1048 .+.-
   91   296   669   153   819 .+.-
   92   526   384   961  1103 ++--
   93    10   613   239   874 .+.-
   94    96   471   325  1016 .+.-
   95   700   558   787   929 ++--
   96   182   416    39  1072 .+.-
   97   268   645   125   842 .+.-
   98   354   503   211   985 .+.-
   99   732   590   755   898 ++--
  100    68   447   297  1040 .+.-
  101   154   677    11   811 .+.-
  102   534   392   953  1096 ++--
  103   240   621    97   866 .+.-
  104   326   479   183  1009 .+.-
  105   708   566   779   922 ++--
  106    40   423   269  1064 .+.-
  107   126   653   355   835 .+.-
  108   212   510    69   977 .+.-
  109   740   597   748   890 ++--
  110   298   455   155  1033 .+.-
  111    12   684   241   803 .+.-
  112   542   399   946  1088 ++--
  113    98   629   327   859 .+.-
  114   184   486    41  1001 .+.-
  115   270   716   127   772 .+.-
  116   573   431   914  1057 ++--
  117   356   660   213   827 .+.-
  118    70   518   299   970 .+.-
  119   375   605  1112   883 ++--
  120   156   462    13  1025 .+.-
  121   242   692    99   796 .+.-
  122   549   407   938  1081 ++--
  123   328   636   185   851 .+.-
  124    42   494   271   994 .+.-
  125   128   723   357   764 .+.-
  126   581   438   907  1049 ++--
  127   214   668    71   820 .+.-
  128   300   525   157   962 .+.-
  129   383   612  1105   875 ++--
  130    14   470   243  1018 .+.-
  131   100   699   329   788 .+.-
  132   186   557    43   931 .+.-
  133   414   644  1073   844 ++--
  134   272   501   129   986 .+.-
  135   358   731   215   757 .+.-
  136   588   446   899  1041 ++--
  137    72   675   301   812 .+.-
  138   158   533    15   954 .+.-
  139   390   620  1097   867 ++--
  140   244   478   101  1010 .+.-
  141   330   707   187   780 .+.-
  142    44   565   273   923 .+.-
  143   422   652  1065   836 ++--
  144   130   509   359   978 .+.-
  145   216   739    73   749 .+.-
  146   596   454   891  1034 ++--
  147   302   683   159   804 .+.-
  148    16   541   245   947 .+.-
  149   398   628  1089   860 ++--
  150   102   485   331  1002 .+.-
  151   188   715    45   773 .+.-
  152   274   572   131   915 .+.-
  153   430   659  1058   828 ++--
  154   360   517   217   971 .+.-
  155    74   374   303  1113 .+.-
  156   604   461   884  1026 ++--
  157   160   691    17   797 .+.-
  158   246   548   103   939 .+.-
  159   332   406   189  1082 .+.-
  160   635   493   852   995 ++--
  161    46   722   275   765 .+.-
  162   132   580   361   908 .+.-
  163   437   667  1050   821 ++--
  164   218   524    75   963 .+.-
  165   304   382   161  1106 .+.-
  166   611   469   876  1019 ++--
  167    18   698   247   789 .+.-
  168   104   556   333   932 .+.-
  169   190   413    47  1074 .+.-
  170   643   500   845   987 ++--
  171   276   730   133   758 .+.-
  172   362   587   219   900 .+.-
  173   445   674  1043   813 ++--
  174    76   532   305   956 .+.-
  175   162   389    19  1098 .+.-
  176   248   619   105   869 .+.-
  177   476   706  1011   782 ++--
  178   334   563   191   924 .+.-
  179    48   421   277  1067 .+.-
  180   650   508   837   979 ++--
  181   134   737   363   750 .+.-
  182   220   595    77   892 .+.-
  183   452   682  1035   805 ++--
  184   306   540   163   948 .+.-
  185    20   397   249  1090 .+.-
  186   106   627   335   861 .+.-
  187   484   714  1003   774 ++--
  188   192   571    49   916 .+.-
  189   278   429   135  1059 .+.-
  190   658   516   829   972 ++--
  191   364   373   221  1114 .+.-
  192    78   603   307   885 .+.-
  193   460   690  1027   798 ++--
  194   164   547    21   940 .+.-
  195   250   405   107  1083 .+.-
  196   336   634   193   853 .+.-
  197   492   721   996   766 ++--
  198    50   579   279   909 .+.-
  199   136   436   365  1051 .+.-
  200   666   523   822   964 ++--
  201   222   381    79  1107 .+.-
  202   308   610   165   877 .+.-
  203    22   468   251  1020 .+.-
  204   697   555   790   933 ++--
  205   108   412   337  1075 .+.-
  206   194   642    51   846 .+.-
  207   499   729   988   759 ++--
  208   280   586   137   901 .+.-
  209   366   444   223  1044 .+.-
  210   673   531   814   957 ++--
  211    80   388   309  1099 .+.-
  212   166   618    23   870 .+.-
  213   252   475   109  1012 .+.-
  214   705   562   783   925 ++--
  215   338   420   195  1068 .+.-
  216    52   649   281   838 .+.-
  217   507   736   981   751 ++--
  218   138   594   367   894 .+.-
  219   224   451    81  1036 .+.-
  220   310   681   167   807 .+.-
  221   538   396   949  1092 ++--
  222    24   625   253   862 .+.-
  223   110   483   339  1005 .+.-
  224   712   570   775   917 ++--
  225   196   427    53  1060 .+.-
  226   282   657   139   830 .+.-
  227   514   372   973  1115 ++--
  228   368   602   225   886 .+.-
  229    82   459   311  1028 .+.-
  230   168   689    25   799 .+.-
  231   546   404   941  1084 ++--
  232   254   633   111   854 .+.-
  233   340   491   197   997 .+.-
  234   720   578   767   910 ++--
  235    54   435   283  1052 .+.-
  236   140   665   369   823 .+.-
  237   522   380   965  1108 ++--
  238   226   609    83   878 .+.-
  239   312   467   169  1021 .+.-
  240    26   696   255   791 .+.-
  241   554   411   934  1076 ++--
  242   112   641   341   847 .+.-
  243   198   498    55   989 .+.-
  244   728   585   760   902 ++--
  245   284   443   141  1045 .+.-
  246   370   672   227   815 .+.-
  247    84   530   313   958 .+.-
  248   387   617  1100   871 ++--
  249   170   474    27  1013 .+.-
  250   256   704   113   784 .+.-
  251   561   419   926  1069 ++--
  252   342   648   199   839 .+.-
  253    56   506   285   982 .+.-
  254   735   593   752   895 ++--
  255   142   450   371  1037 .+.-
  256   228   680    85   808 .+.-
  257   314   537   171   950 .+.-
  258   395   624  1093   863 ++--
  259    28   482   257  1006 .+.-
  260   114   711   343   776 .+.-
  261   569   426   919  1061 ++--
  262   200   656    57   832 .+.-
  263   286   513   143   974 .+.-
Total data plus flush bits=372, p-parity bits=342, q-parity=342, Errors=0, Repetition=0
