R5T2QL1
Channel Interleaving, Puncturing and Mapping to QPSK
Data coding rate = 0.854369 with QPSK, UW coding rate = 0.480759 with BPSK
User data with 32 bit UW =440, with flush=444, p-parity=36+29, q-parity=35,  Channel Symbols=304, Channel Bits=544
D=440, FECSy=304, DF=444 N=544, P=36, Puw=29, Q=35, DPQ=480, dpqstep=299, S=12.492960, ppstart=444.500000, qpstart=894.746460

Symbol   I0    Q0  Pattern= . =data, + =p parity, - =q parity
-------------------------------------------------------------
    0     0     0 R.
    1     1     1 R.
    2     2     2 R.
    3     3     3 R.
    4     4     4 R.
    5     5     5 R.
    6     6     6 R.
    7     7     7 R.
    8     8     8 R.
    9     9     9 R.
   10    10    10 R.
   11    11    11 R.
   12    12    12 R.
   13    13    13 R.
   14    14    14 R.
   15    15    15 R.
   16    16    16 R.
   17    17    17 R.
   18    18    18 R.
   19    19    19 R.
   20    20    20 R.
   21    21    21 R.
   22    22    22 R.
   23    23    23 R.
   24    24    24 R.
   25    25    25 R.
   26    26    26 R.
   27    27    27 R.
   28    28    28 R.
   29    29    29 R.
   30    30    30 R.
   31    31    31 R.
   32   444   444 R+
   33   445   445 R+
   34   446   446 R+
   35   447   447 R+
   36   448   448 R+
   37   449   449 R+
   38   450   450 R+
   39   451   451 R+
   40    32   569 .+
   41   390   329 ..
   42   268   207 ..
   43   146    85 ..
   44  1232   443 -.
   45   382   321 ..
   46   260   199 ..
   47   138    77 ..
   48  1132   435 -.
   49   374   313 ..
   50   252   191 ..
   51   130    69 ..
   52  1032   427 -.
   53   366   305 ..
   54   244   183 ..
   55   122    61 ..
   56   932   419 -.
   57   358   297 ..
   58   236   175 ..
   59   114    53 ..
   60   831   411 +.
   61   350   289 ..
   62   228   167 ..
   63   106    45 ..
   64   731   403 +.
   65   342   281 ..
   66   220   159 ..
   67    98    37 ..
   68   631   395 +.
   69   334   273 ..
   70   212   151 ..
   71    90  1294 .-
   72   531   387 +.
   73   326   265 ..
   74   204   143 ..
   75    82  1194 .-
   76   440   379 ..
   77   318   257 ..
   78   196   135 ..
   79    74  1094 .-
   80   432   371 ..
   81   310   249 ..
   82   188   127 ..
   83    66   994 .-
   84   424   363 ..
   85   302   241 ..
   86   180   119 ..
   87    58   894 .-
   88   416   355 ..
   89   294   233 ..
   90   172   111 ..
   91    50   794 .+
   92   408   347 ..
   93   286   225 ..
   94   164   103 ..
   95    42   694 .+
   96   400   339 ..
   97   278   217 ..
   98   156    95 ..
   99    34   594 .+
  100   392   331 ..
  101   270   209 ..
  102   148    87 ..
  103  1257   494 -+
  104   384   323 ..
  105   262   201 ..
  106   140    79 ..
  107  1157   437 -.
  108   376   315 ..
  109   254   193 ..
  110   132    71 ..
  111  1057   429 -.
  112   368   307 ..
  113   246   185 ..
  114   124    63 ..
  115   957   421 -.
  116   360   299 ..
  117   238   177 ..
  118   116    55 ..
  119   856   413 +.
  120   352   291 ..
  121   230   169 ..
  122   108    47 ..
  123   756   405 +.
  124   344   283 ..
  125   222   161 ..
  126   100    39 ..
  127   656   397 +.
  128   336   275 ..
  129   214   153 ..
  130    92  1319 .-
  131   556   389 +.
  132   328   267 ..
  133   206   145 ..
  134    84  1219 .-
  135   442   381 ..
  136   320   259 ..
  137   198   137 ..
  138    76  1119 .-
  139   434   373 ..
  140   312   251 ..
  141   190   129 ..
  142    68  1019 .-
  143   426   365 ..
  144   304   243 ..
  145   182   121 ..
  146    60   919 .-
  147   418   357 ..
  148   296   235 ..
  149   174   113 ..
  150    52   819 .+
  151   410   349 ..
  152   288   227 ..
  153   166   105 ..
  154    44   719 .+
  155   402   341 ..
  156   280   219 ..
  157   158    97 ..
  158    36   619 .+
  159   394   333 ..
  160   272   211 ..
  161   150    89 ..
  162  1282   519 -+
  163   386   325 ..
  164   264   203 ..
  165   142    81 ..
  166  1182   439 -.
  167   378   317 ..
  168   256   195 ..
  169   134    73 ..
  170  1082   431 -.
  171   370   309 ..
  172   248   187 ..
  173   126    65 ..
  174   982   423 -.
  175   362   301 ..
  176   240   179 ..
  177   118    57 ..
  178   881   415 +.
  179   354   293 ..
  180   232   171 ..
  181   110    49 ..
  182   781   407 +.
  183   346   285 ..
  184   224   163 ..
  185   102    41 ..
  186   681   399 +.
  187   338   277 ..
  188   216   155 ..
  189    94    33 ..
  190   581   391 +.
  191   330   269 ..
  192   208   147 ..
  193    86  1244 .-
  194   481   383 +.
  195   322   261 ..
  196   200   139 ..
  197    78  1144 .-
  198   436   375 ..
  199   314   253 ..
  200   192   131 ..
  201    70  1044 .-
  202   428   367 ..
  203   306   245 ..
  204   184   123 ..
  205    62   944 .-
  206   420   359 ..
  207   298   237 ..
  208   176   115 ..
  209    54   844 .+
  210   412   351 ..
  211   290   229 ..
  212   168   107 ..
  213    46   744 .+
  214   404   343 ..
  215   282   221 ..
  216   160    99 ..
  217    38   644 .+
  218   396   335 ..
  219   274   213 ..
  220   152    91 ..
  221  1307   544 -+
  222   388   327 ..
  223   266   205 ..
  224   144    83 ..
  225  1207   441 -.
  226   380   319 ..
  227   258   197 ..
  228   136    75 ..
  229  1107   433 -.
  230   372   311 ..
  231   250   189 ..
  232   128    67 ..
  233  1007   425 -.
  234   364   303 ..
  235   242   181 ..
  236   120    59 ..
  237   907   417 -.
  238   356   295 ..
  239   234   173 ..
  240   112    51 ..
  241   806   409 +.
  242   348   287 ..
  243   226   165 ..
  244   104    43 ..
  245   706   401 +.
  246   340   279 ..
  247   218   157 ..
  248    96    35 ..
  249   606   393 +.
  250   332   271 ..
  251   210   149 ..
  252    88  1269 .-
  253   506   385 +.
  254   324   263 ..
  255   202   141 ..
  256    80  1169 .-
  257   438   377 ..
  258   316   255 ..
  259   194   133 ..
  260    72  1069 .-
  261   430   369 ..
  262   308   247 ..
  263   186   125 ..
  264    64   969 .-
  265   422   361 ..
  266   300   239 ..
  267   178   117 ..
  268    56   869 .+
  269   414   353 ..
  270   292   231 ..
  271   170   109 ..
  272    48   769 .+
  273   406   345 ..
  274   284   223 ..
  275   162   101 ..
  276    40   669 .+
  277   398   337 ..
  278   276   215 ..
  279   154    93 ..
  280   452   452 R+
  281   453   453 R+
  282   454   454 R+
  283   455   455 R+
  284   456   456 R+
  285   457   457 R+
  286   458   458 R+
  287   459   459 R+
  288   460   460 R+
  289   461   461 R+
  290   462   462 R+
  291   463   463 R+
  292   464   464 R+
  293   465   465 R+
  294   466   466 R+
  295   467   467 R+
  296   468   468 R+
  297   469   469 R+
  298   470   470 R+
  299   471   471 R+
  300   472   472 R+
  301   473   473 R+
  302   474   474 R+
  303   475   475 R+
Total data plus flush bits=444, p-parity bits=65, q-parity=35, Errors=0, Repetition=64
