R5T2XH6
Channel Interleaving, Puncturing and Mapping to 16-QAM
User data=872, with flush=876, Channel Symbols=264, Channel Bits=1056, Parity=180, p=q=90, Coding Rate=0.825758
D=872, FECSy=264, DF=876, N=1056, P=180, p=90, distep=541, dd=0, pistep=53, pp=89, ppstep=9.733334, ppstart=876.500000, qpstart=1757.366699, k=-174, mx=1.517241

Symbol   I1    I0    Q1    Q0  Pattern= . =data, + =p parity, - =q parity
-------------------------------------------------------------------------
    0     0   206   541   747 ....
    1   412  1742    77  1757 .+.-
    2   618   824   283   489 ....
    3   154  1382   695  2117 .+.-
    4   360   566    25   231 ....
    5   772   102   437   643 ....
    6   308  1022   849  2477 .+.-
    7   514   720   179   385 ....
    8    50   256   591   797 ....
    9   462  1538   127  1961 .+.-
   10   668   874   333   539 ....
   11   204   410   745    75 ....
   12   616  1178   281  2321 .+.-
   13   822   152   487   693 ....
   14   358   564    23   229 ....
   15   770  1694   435  1806 .+.-
   16   100   306   641   847 ....
   17   512   718   177   383 ....
   18    48  1333   589  2166 .+.-
   19   254   460   795   125 ....
   20   666   872   331   537 ....
   21   202   973   743  2526 .+.-
   22   408   614    73   279 ....
   23   820   150   485   691 ....
   24   356  1489    21  2010 .+.-
   25   562   768   227   433 ....
   26    98   304   639   845 ....
   27   510  1129   175  2370 .+.-
   28   716    46   381   587 ....
   29   252   458   793   123 ....
   30   664  1645   329  1854 .+.-
   31   870   200   535   741 ....
   32   406   612    71   277 ....
   33   818  1285   483  2214 .+.-
   34   148   354   689    19 ....
   35   560   766   225   431 ....
   36    96   925   637  2574 .+.-
   37   302   508   843   173 ....
   38   714    44   379   585 ....
   39   250  1441   791  2059 .+.-
   40   456   662   121   327 ....
   41   868   198   533   739 ....
   42   404  1080    69  2419 .+.-
   43   610   816   275   481 ....
   44   146   352   687    17 ....
   45   558  1596   223  1903 .+.-
   46   764    94   429   635 ....
   47   300  1236   841  2263 .+.-
   48   506   712   171   377 ....
   49    42   248   583   789 ....
   50   454   876   119  2623 .+.-
   51   660   866   325   531 ....
   52   196   402   737    67 ....
   53   608  1392   273  2107 .+.-
   54   814   144   479   685 ....
   55   350   556    15   221 ....
   56   762  1032   427  2467 .+.-
   57    92   298   633   839 ....
   58   504   710   169   375 ....
   59    40  1548   581  1952 .+.-
   60   246   452   787   117 ....
   61   658   864   323   529 ....
   62   194  1187   735  2312 .+.-
   63   400   606    65   271 ....
   64   812   142   477   683 ....
   65   348  1703    13  1796 .+.-
   66   554   760   219   425 ....
   67    90   296   631   837 ....
   68   502  1343   167  2156 .+.-
   69   708    38   373   579 ....
   70   244   450   785   115 ....
   71   656   983   321  2516 .+.-
   72   862   192   527   733 ....
   73   398   604    63   269 ....
   74   810  1499   475  2000 .+.-
   75   140   346   681    11 ....
   76   552   758   217   423 ....
   77    88  1139   629  2360 .+.-
   78   294   500   835   165 ....
   79   706    36   371   577 ....
   80   242  1655   783  1844 .+.-
   81   448   654   113   319 ....
   82   860   190   525   731 ....
   83   396  1295    61  2205 .+.-
   84   602   808   267   473 ....
   85   138   344   679     9 ....
   86   550   934   215  2565 .+.-
   87   756    86   421   627 ....
   88   292   498   833   163 ....
   89   704  1450   369  2049 .+.-
   90    34   240   575   781 ....
   91   446  1090   111  2409 .+.-
   92   652   858   317   523 ....
   93   188   394   729    59 ....
   94   600  1606   265  1893 .+.-
   95   806   136   471   677 ....
   96   342   548     7   213 ....
   97   754  1246   419  2253 .+.-
   98    84   290   625   831 ....
   99   496   702   161   367 ....
  100    32   886   573  2613 .+.-
  101   238   444   779   109 ....
  102   650   856   315   521 ....
  103   186  1402   727  2098 .+.-
  104   392   598    57   263 ....
  105   804   134   469   675 ....
  106   340  1041     5  2458 .+.-
  107   546   752   211   417 ....
  108    82   288   623   829 ....
  109   494  1557   159  1942 .+.-
  110   700    30   365   571 ....
  111   236   442   777   107 ....
  112   648  1197   313  2302 .+.-
  113   854   184   519   725 ....
  114   390   596    55   261 ....
  115   802  1713   467  1786 .+.-
  116   132   338   673     3 ....
  117   544   750   209   415 ....
  118    80  1353   621  2146 .+.-
  119   286   492   827   157 ....
  120   698    28   363   569 ....
  121   234   993   775  2506 .+.-
  122   440   646   105   311 ....
  123   852   182   517   723 ....
  124   388  1509    53  1990 .+.-
  125   594   800   259   465 ....
  126   130   336   671     1 ....
  127   542  1149   207  2351 .+.-
  128   748    78   413   619 ....
  129   284   490   825   155 ....
  130   696  1664   361  1835 .+.-
  131    26   232   567   773 ....
  132   438   644   103   309 ....
  133   850  1304   515  2195 .+.-
  134   180   386   721    51 ....
  135   592   944   257  2555 .+.-
  136   798   128   463   669 ....
  137   334   540   875   205 ....
  138   746  1460   411  2039 .+.-
  139    76   282   617   823 ....
  140   488   694   153   359 ....
  141    24  1100   565  2399 .+.-
  142   230   436   771   101 ....
  143   642   848   307   513 ....
  144   178  1616   719  1883 .+.-
  145   384   590    49   255 ....
  146   796   126   461   667 ....
  147   332  1256   873  2244 .+.-
  148   538   744   203   409 ....
  149    74   280   615   821 ....
  150   486   895   151  2604 .+.-
  151   692    22   357   563 ....
  152   228   434   769    99 ....
  153   640  1411   305  2088 .+.-
  154   846   176   511   717 ....
  155   382   588    47   253 ....
  156   794  1051   459  2448 .+.-
  157   124   330   665   871 ....
  158   536   742   201   407 ....
  159    72  1567   613  1932 .+.-
  160   278   484   819   149 ....
  161   690    20   355   561 ....
  162   226  1207   767  2292 .+.-
  163   432   638    97   303 ....
  164   844   174   509   715 ....
  165   380  1723    45  1776 .+.-
  166   586   792   251   457 ....
  167   122   328   663   869 ....
  168   534  1363   199  2136 .+.-
  169   740    70   405   611 ....
  170   276   482   817   147 ....
  171   688  1003   353  2497 .+.-
  172    18   224   559   765 ....
  173   430   636    95   301 ....
  174   842  1518   507  1981 .+.-
  175   172   378   713    43 ....
  176   584   790   249   455 ....
  177   120  1158   661  2341 .+.-
  178   326   532   867   197 ....
  179   738  1674   403  1825 .+.-
  180    68   274   609   815 ....
  181   480   686   145   351 ....
  182    16  1314   557  2185 .+.-
  183   222   428   763    93 ....
  184   634   840   299   505 ....
  185   170   954   711  2545 .+.-
  186   376   582    41   247 ....
  187   788   118   453   659 ....
  188   324  1470   865  2029 .+.-
  189   530   736   195   401 ....
  190    66   272   607   813 ....
  191   478  1110   143  2390 .+.-
  192   684    14   349   555 ....
  193   220   426   761    91 ....
  194   632  1625   297  1874 .+.-
  195   838   168   503   709 ....
  196   374   580    39   245 ....
  197   786  1265   451  2234 .+.-
  198   116   322   657   863 ....
  199   528   734   193   399 ....
  200    64   905   605  2594 .+.-
  201   270   476   811   141 ....
  202   682    12   347   553 ....
  203   218  1421   759  2078 .+.-
  204   424   630    89   295 ....
  205   836   166   501   707 ....
  206   372  1061    37  2438 .+.-
  207   578   784   243   449 ....
  208   114   320   655   861 ....
  209   526  1577   191  1922 .+.-
  210   732    62   397   603 ....
  211   268   474   809   139 ....
  212   680  1217   345  2282 .+.-
  213    10   216   551   757 ....
  214   422   628    87   293 ....
  215   834  1733   499  1767 .+.-
  216   164   370   705    35 ....
  217   576   782   241   447 ....
  218   112  1372   653  2127 .+.-
  219   318   524   859   189 ....
  220   730    60   395   601 ....
  221   266  1012   807  2487 .+.-
  222   472   678   137   343 ....
  223     8  1528   549  1971 .+.-
  224   214   420   755    85 ....
  225   626   832   291   497 ....
  226   162  1168   703  2331 .+.-
  227   368   574    33   239 ....
  228   780   110   445   651 ....
  229   316  1684   857  1815 .+.-
  230   522   728   187   393 ....
  231    58   264   599   805 ....
  232   470  1324   135  2175 .+.-
  233   676     6   341   547 ....
  234   212   418   753    83 ....
  235   624   964   289  2536 .+.-
  236   830   160   495   701 ....
  237   366   572    31   237 ....
  238   778  1479   443  2020 .+.-
  239   108   314   649   855 ....
  240   520   726   185   391 ....
  241    56  1119   597  2380 .+.-
  242   262   468   803   133 ....
  243   674     4   339   545 ....
  244   210  1635   751  1864 .+.-
  245   416   622    81   287 ....
  246   828   158   493   699 ....
  247   364  1275    29  2224 .+.-
  248   570   776   235   441 ....
  249   106   312   647   853 ....
  250   518   915   183  2584 .+.-
  251   724    54   389   595 ....
  252   260   466   801   131 ....
  253   672  1431   337  2068 .+.-
  254     2   208   543   749 ....
  255   414   620    79   285 ....
  256   826  1071   491  2428 .+.-
  257   156   362   697    27 ....
  258   568   774   233   439 ....
  259   104  1587   645  1913 .+.-
  260   310   516   851   181 ....
  261   722    52   387   593 ....
  262   258  1226   799  2273 .+.-
  263   464   670   129   335 ....
Total data plus flush bits=876, p-parity bits=90, q-parity=90, Errors=0, Repetition=0
