R5T2XRE
Channel Interleaving, Puncturing and Mapping to 16-QAM
User data=496, with flush=500, Channel Symbols=264, Channel Bits=1056, Parity=556, p=q=278, Coding Rate=0.469697
D=496, FECSy=264, DF=500, N=1056, P=556, p=278, distep=309, dd=0, pistep=171, pp=277, ppstep=1.798561, ppstart=500.500000, qpstart=1001.399292, k=14, mx=18.857143

Symbol   I1    I0    Q1    Q0  Pattern= . =data, + =p parity, - =q parity
-------------------------------------------------------------------------
    0   998   806  1001  1193 ++--
    1     0   613   309  1386 .+.-
    2   118   921   427  1078 .+.-
    3   236   728    45  1271 .+.-
    4   354   536   163  1463 .+.-
    5   472   844   281  1156 .+.-
    6    90   651   399  1348 .+.-
    7   208   959    17  1040 .+.-
    8   326   766   135  1233 .+.-
    9   444   574   253  1425 .+.-
   10    62   881   371  1118 .+.-
   11   180   689   489  1310 .+.-
   12   298   996   107  1003 .+.-
   13   416   804   225  1195 .+.-
   14    34   612   343  1388 .+.-
   15   152   919   461  1080 .+.-
   16   270   727    79  1272 .+.-
   17   388   534   197  1465 .+.-
   18     6   842   315  1157 .+.-
   19   649   957  1350  1042 ++--
   20   124   764   433  1235 .+.-
   21   242   572    51  1427 .+.-
   22   360   879   169  1120 .+.-
   23   478   687   287  1312 .+.-
   24    96   995   405  1004 .+.-
   25   214   802    23  1197 .+.-
   26   332   610   141  1389 .+.-
   27   450   917   259  1082 .+.-
   28    68   725   377  1274 .+.-
   29   186   532   495  1467 .+.-
   30   304   840   113  1159 .+.-
   31   422   647   231  1352 .+.-
   32    40   955   349  1044 .+.-
   33   158   763   467  1237 .+.-
   34   276   570    85  1429 .+.-
   35   394   878   203  1121 .+.-
   36    12   685   321  1314 .+.-
   37   130   993   439  1006 .+.-
   38   800   608  1199  1391 ++--
   39   248   915    57  1084 .+.-
   40   366   723   175  1276 .+.-
   41   484   531   293  1469 .+.-
   42   102   838   411  1161 .+.-
   43   220   646    29  1353 .+.-
   44   338   953   147  1046 .+.-
   45   456   761   265  1238 .+.-
   46    74   568   383  1431 .+.-
   47   192   876     1  1123 .+.-
   48   310   683   119  1316 .+.-
   49   428   991   237  1008 .+.-
   50    46   799   355  1201 .+.-
   51   164   606   473  1393 .+.-
   52   282   914    91  1085 .+.-
   53   400   721   209  1278 .+.-
   54    18   529   327  1470 .+.-
   55   136   836   445  1163 .+.-
   56   254   644    63  1355 .+.-
   57   951   759  1048  1240 ++--
   58   372   567   181  1433 .+.-
   59   490   874   299  1125 .+.-
   60   108   682   417  1317 .+.-
   61   226   989    35  1010 .+.-
   62   344   797   153  1202 .+.-
   63   462   604   271  1395 .+.-
   64    80   912   389  1087 .+.-
   65   198   719     7  1280 .+.-
   66   316   527   125  1472 .+.-
   67   434   835   243  1165 .+.-
   68    52   642   361  1357 .+.-
   69   170   950   479  1049 .+.-
   70   288   757    97  1242 .+.-
   71   406   565   215  1434 .+.-
   72    24   872   333  1127 .+.-
   73   142   680   451  1319 .+.-
   74   260   987    69  1012 .+.-
   75   378   795   187  1204 .+.-
   76   603   910  1397  1089 ++--
   77   496   718   305  1281 .+.-
   78   114   525   423  1474 .+.-
   79   232   833    41  1166 .+.-
   80   350   640   159  1359 .+.-
   81   468   948   277  1051 .+.-
   82    86   755   395  1244 .+.-
   83   204   563    13  1436 .+.-
   84   322   871   131  1129 .+.-
   85   440   678   249  1321 .+.-
   86    58   986   367  1013 .+.-
   87   176   793   485  1206 .+.-
   88   294   601   103  1398 .+.-
   89   412   908   221  1091 .+.-
   90    30   716   339  1283 .+.-
   91   148   523   457  1476 .+.-
   92   266   831    75  1168 .+.-
   93   384   638   193  1361 .+.-
   94     2   946   311  1053 .+.-
   95   754   561  1246  1438 ++--
   96   120   869   429  1130 .+.-
   97   238   676    47  1323 .+.-
   98   356   984   165  1015 .+.-
   99   474   791   283  1208 .+.-
  100    92   599   401  1400 .+.-
  101   210   906    19  1093 .+.-
  102   328   714   137  1285 .+.-
  103   446   522   255  1478 .+.-
  104    64   829   373  1170 .+.-
  105   182   637   491  1362 .+.-
  106   300   944   109  1055 .+.-
  107   418   752   227  1247 .+.-
  108    36   559   345  1440 .+.-
  109   154   867   463  1132 .+.-
  110   272   674    81  1325 .+.-
  111   390   982   199  1017 .+.-
  112     8   790   317  1210 .+.-
  113   126   597   435  1402 .+.-
  114   905   712  1094  1287 ++--
  115   244   520    53  1479 .+.-
  116   362   827   171  1172 .+.-
  117   480   635   289  1364 .+.-
  118    98   942   407  1057 .+.-
  119   216   750    25  1249 .+.-
  120   334   558   143  1442 .+.-
  121   452   865   261  1134 .+.-
  122    70   673   379  1326 .+.-
  123   188   980   497  1019 .+.-
  124   306   788   115  1211 .+.-
  125   424   595   233  1404 .+.-
  126    42   903   351  1096 .+.-
  127   160   710   469  1289 .+.-
  128   278   518    87  1481 .+.-
  129   396   826   205  1174 .+.-
  130    14   633   323  1366 .+.-
  131   132   941   441  1058 .+.-
  132   250   748    59  1251 .+.-
  133   556   863  1443  1136 ++--
  134   368   671   177  1328 .+.-
  135   486   978   295  1021 .+.-
  136   104   786   413  1213 .+.-
  137   222   594    31  1406 .+.-
  138   340   901   149  1098 .+.-
  139   458   709   267  1290 .+.-
  140    76   516   385  1483 .+.-
  141   194   824     3  1175 .+.-
  142   312   631   121  1368 .+.-
  143   430   939   239  1060 .+.-
  144    48   746   357  1253 .+.-
  145   166   554   475  1445 .+.-
  146   284   862    93  1138 .+.-
  147   402   669   211  1330 .+.-
  148    20   977   329  1022 .+.-
  149   138   784   447  1215 .+.-
  150   256   592    65  1407 .+.-
  151   899   707  1100  1292 ++--
  152   374   514   183  1485 .+.-
  153   492   822   301  1177 .+.-
  154   110   629   419  1370 .+.-
  155   228   937    37  1062 .+.-
  156   346   745   155  1254 .+.-
  157   464   552   273  1447 .+.-
  158    82   860   391  1139 .+.-
  159   200   667     9  1332 .+.-
  160   318   975   127  1024 .+.-
  161   436   782   245  1217 .+.-
  162    54   590   363  1409 .+.-
  163   172   897   481  1102 .+.-
  164   290   705    99  1294 .+.-
  165   408   513   217  1487 .+.-
  166    26   820   335  1179 .+.-
  167   144   628   453  1371 .+.-
  168   262   935    71  1064 .+.-
  169   380   743   189  1256 .+.-
  170   550   858  1449  1141 ++--
  171   498   665   307  1334 .+.-
  172   116   973   425  1026 .+.-
  173   234   781    43  1219 .+.-
  174   352   588   161  1411 .+.-
  175   470   896   279  1103 .+.-
  176    88   703   397  1296 .+.-
  177   206   511    15  1488 .+.-
  178   324   818   133  1181 .+.-
  179   442   626   251  1373 .+.-
  180    60   933   369  1066 .+.-
  181   178   741   487  1258 .+.-
  182   296   549   105  1451 .+.-
  183   414   856   223  1143 .+.-
  184    32   664   341  1335 .+.-
  185   150   971   459  1028 .+.-
  186   268   779    77  1220 .+.-
  187   386   586   195  1413 .+.-
  188     4   894   313  1105 .+.-
  189   701   509  1298  1490 ++--
  190   122   817   431  1183 .+.-
  191   240   624    49  1375 .+.-
  192   358   932   167  1067 .+.-
  193   476   739   285  1260 .+.-
  194    94   547   403  1452 .+.-
  195   212   854    21  1145 .+.-
  196   330   662   139  1337 .+.-
  197   448   969   257  1030 .+.-
  198    66   777   375  1222 .+.-
  199   184   585   493  1415 .+.-
  200   302   892   111  1107 .+.-
  201   420   700   229  1299 .+.-
  202    38   507   347  1492 .+.-
  203   156   815   465  1184 .+.-
  204   274   622    83  1377 .+.-
  205   392   930   201  1069 .+.-
  206    10   737   319  1262 .+.-
  207   128   545   437  1454 .+.-
  208   853   660  1147  1339 ++--
  209   246   968    55  1031 .+.-
  210   364   775   173  1224 .+.-
  211   482   583   291  1416 .+.-
  212   100   890   409  1109 .+.-
  213   218   698    27  1301 .+.-
  214   336   505   145  1494 .+.-
  215   454   813   263  1186 .+.-
  216    72   621   381  1379 .+.-
  217   190   928   499  1071 .+.-
  218   308   736   117  1263 .+.-
  219   426   543   235  1456 .+.-
  220    44   851   353  1148 .+.-
  221   162   658   471  1341 .+.-
  222   280   966    89  1033 .+.-
  223   398   773   207  1226 .+.-
  224    16   581   325  1418 .+.-
  225   134   888   443  1111 .+.-
  226   252   696    61  1303 .+.-
  227   504   811  1496  1188 ++--
  228   370   619   179  1380 .+.-
  229   488   926   297  1073 .+.-
  230   106   734   415  1265 .+.-
  231   224   541    33  1458 .+.-
  232   342   849   151  1150 .+.-
  233   460   656   269  1343 .+.-
  234    78   964   387  1035 .+.-
  235   196   772     5  1228 .+.-
  236   314   579   123  1420 .+.-
  237   432   887   241  1112 .+.-
  238    50   694   359  1305 .+.-
  239   168   502   477  1497 .+.-
  240   286   809    95  1190 .+.-
  241   404   617   213  1382 .+.-
  242    22   924   331  1075 .+.-
  243   140   732   449  1267 .+.-
  244   258   540    67  1460 .+.-
  245   376   847   185  1152 .+.-
  246   655   962  1344  1037 ++--
  247   494   770   303  1229 .+.-
  248   112   577   421  1422 .+.-
  249   230   885    39  1114 .+.-
  250   348   692   157  1307 .+.-
  251   466   500   275  1499 .+.-
  252    84   808   393  1192 .+.-
  253   202   615    11  1384 .+.-
  254   320   923   129  1076 .+.-
  255   438   730   247  1269 .+.-
  256    56   538   365  1461 .+.-
  257   174   845   483  1154 .+.-
  258   292   653   101  1346 .+.-
  259   410   960   219  1039 .+.-
  260    28   768   337  1231 .+.-
  261   146   576   455  1424 .+.-
  262   264   883    73  1116 .+.-
  263   382   691   191  1308 .+.-
Total data plus flush bits=500, p-parity bits=278, q-parity=278, Errors=0, Repetition=0
