R5T45XH3
Channel Interleaving, Puncturing and Mapping to 16-QAM
User data=1792, with flush=1796, Channel Symbols=644, Channel Bits=2576, Parity=780, p=q=390, Coding Rate=0.695652
D=1792, FECSy=644, DF=1796, N=2576, P=780, p=390, distep=1109, dd=0, pistep=241, pp=389, ppstep=4.605128, ppstart=1796.500000, qpstart=3594.802490, k=-254, mx=2.535433

Symbol   I1    I0    Q1    Q0  Pattern= . =data, + =p parity, - =q parity
-------------------------------------------------------------------------
    0     0   422  1109  1531 ....
    1   844  3587   157  3594 .+.-
    2  1266  2901   579  4280 .+.-
    3  1688   314  1001  1423 ....
    4   736  2215    49  4967 .+.-
    5  1158  3325   471  3857 .+.-
    6  1580   206   893  1315 ....
    7   628  2639  1737  4543 .+.-
    8  1050  1472   363   785 ....
    9    98  1953  1207  5229 .+.-
   10   520  3062  1629  4119 .+.-
   11   942  1364   255   677 ....
   12  1786  2376  1099  4805 .+.-
   13   412   834  1521   147 ....
   14  1256  3486   569  3696 .+.-
   15  1678  2800   991  4382 .+.-
   16   304   726  1413    39 ....
   17  1148  2114   461  5068 .+.-
   18  1570   196   883  1305 ....
   19   618  3224  1727  3958 .+.-
   20  1040  2537   353  4644 .+.-
   21  1462    88   775  1197 ....
   22   510  1851  1619  5330 .+.-
   23   932  1354   245   667 ....
   24  1776  2961  1089  4221 .+.-
   25   402  2275  1511  4907 .+.-
   26   824  1246   137   559 ....
   27  1668  3385   981  3797 .+.-
   28   294   716  1403    29 ....
   29  1138  2699   451  4483 .+.-
   30  1560  2012   873  5169 .+.-
   31   186   608  1295  1717 ....
   32  1030  3122   343  4059 .+.-
   33  1452    78   765  1187 ....
   34   500  2436  1609  4746 .+.-
   35   922  3546   235  3636 .+.-
   36  1344  1766   657  1079 ....
   37   392  2860  1501  4322 .+.-
   38   814  2174   127  5008 .+.-
   39  1236  1658   549   971 ....
   40   284  3283  1393  3898 .+.-
   41   706  1128    19   441 ....
   42  1550  2597   863  4584 .+.-
   43   176  1911  1285  5271 .+.-
   44   598  1020  1707   333 ....
   45  1442  3021   755  4161 .+.-
   46    68   490  1177  1599 ....
   47   912  2335   225  4847 .+.-
   48  1334  3445   647  3737 .+.-
   49  1756   382  1069  1491 ....
   50   804  2758   117  4423 .+.-
   51  1226  1648   539   961 ....
   52   274  2072  1383  5109 .+.-
   53   696  3182     9  4000 .+.-
   54  1118  1540   431   853 ....
   55   166  2496  1275  4686 .+.-
   56   588  1010  1697   323 ....
   57  1432  1810   745  5372 .+.-
   58    58  2920  1167  4262 .+.-
   59   480   902  1589   215 ....
   60  1324  2233   637  4948 .+.-
   61  1746   372  1059  1481 ....
   62   794  3343   107  3838 .+.-
   63  1216  2657   529  4525 .+.-
   64  1638   264   951  1373 ....
   65   686  1971  1795  5211 .+.-
   66  1108  1530   421   843 ....
   67   156  3081  1265  4101 .+.-
   68   578  2395  1687  4787 .+.-
   69  1000  1422   313   735 ....
   70    48  3505  1157  3677 .+.-
   71   470   892  1579   205 ....
   72  1314  2818   627  4363 .+.-
   73  1736  2132  1049  5050 .+.-
   74   362   784  1471    97 ....
   75  1206  3242   519  3940 .+.-
   76  1628  2556   941  4626 .+.-
   77   254   676  1363  1785 ....
   78  1098  1870   411  5312 .+.-
   79  1520   146   833  1255 ....
   80   568  2980  1677  4202 .+.-
   81   990  2293   303  4888 .+.-
   82  1412    38   725  1147 ....
   83   460  3403  1569  3779 .+.-
   84   882  1304   195   617 ....
   85  1726  2717  1039  4465 .+.-
   86   352  2031  1461  5151 .+.-
   87   774  1196    87   509 ....
   88  1618  3141   931  4041 .+.-
   89   244   666  1353  1775 ....
   90  1088  2455   401  4727 .+.-
   91  1510  3564   823  3617 .+.-
   92   136   558  1245  1667 ....
   93   980  2878   293  4303 .+.-
   94  1402    28   715  1137 ....
   95   450  2192  1559  4990 .+.-
   96   872  3302   185  3880 .+.-
   97  1294  1716   607  1029 ....
   98   342  2616  1451  4566 .+.-
   99   764  1186    77   499 ....
  100  1608  1930   921  5252 .+.-
  101   234  3039  1343  4142 .+.-
  102   656  1078  1765   391 ....
  103  1500  2353   813  4828 .+.-
  104   126   548  1235  1657 ....
  105   970  3463   283  3719 .+.-
  106  1392  2777   705  4405 .+.-
  107    18   440  1127  1549 ....
  108   862  2091   175  5091 .+.-
  109  1284  3201   597  3981 .+.-
  110  1706   332  1019  1441 ....
  111   754  2514    67  4667 .+.-
  112  1176  1598   489   911 ....
  113   224  1828  1333  5353 .+.-
  114   646  2938  1755  4244 .+.-
  115  1068  1490   381   803 ....
  116   116  2252  1225  4930 .+.-
  117   538   960  1647   273 ....
  118  1382  3362   695  3820 .+.-
  119     8  2676  1117  4506 .+.-
  120   430   852  1539   165 ....
  121  1274  1989   587  5192 .+.-
  122  1696   322  1009  1431 ....
  123   744  3099    57  4082 .+.-
  124  1166  2413   479  4769 .+.-
  125  1588   214   901  1323 ....
  126   636  3523  1745  3659 .+.-
  127  1058  1480   371   793 ....
  128   106  2837  1215  4345 .+.-
  129   528  2151  1637  5031 .+.-
  130   950  1372   263   685 ....
  131  1794  3260  1107  3921 .+.-
  132   420   842  1529   155 ....
  133  1264  2574   577  4607 .+.-
  134  1686  1888   999  5294 .+.-
  135   312   734  1421    47 ....
  136  1156  2998   469  4184 .+.-
  137  1578   204   891  1313 ....
  138   626  2312  1735  4870 .+.-
  139  1048  3422   361  3760 .+.-
  140  1470    96   783  1205 ....
  141   518  2735  1627  4446 .+.-
  142   940  1362   253   675 ....
  143  1784  2049  1097  5132 .+.-
  144   410  3159  1519  4023 .+.-
  145   832  1254   145   567 ....
  146  1676  2473   989  4709 .+.-
  147   302  3583  1411  3599 .+.-
  148   724  1146    37   459 ....
  149  1568  2897   881  4285 .+.-
  150   194   616  1303  1725 ....
  151  1038  2210   351  4971 .+.-
  152  1460  3320   773  3861 .+.-
  153    86   508  1195  1617 ....
  154   930  2634   243  4548 .+.-
  155  1352  1774   665  1087 ....
  156   400  1948  1509  5234 .+.-
  157   822  3058   135  4124 .+.-
  158  1244  1666   557   979 ....
  159   292  2372  1401  4810 .+.-
  160   714  1136    27   449 ....
  161  1558  3481   871  3700 .+.-
  162   184  2795  1293  4386 .+.-
  163   606  1028  1715   341 ....
  164  1450  2109   763  5073 .+.-
  165    76   498  1185  1607 ....
  166   920  3219   233  3963 .+.-
  167  1342  2533   655  4649 .+.-
  168  1764   390  1077  1499 ....
  169   812  1847   125  5335 .+.-
  170  1234  1656   547   969 ....
  171   282  2956  1391  4225 .+.-
  172   704  2270    17  4911 .+.-
  173  1126  1548   439   861 ....
  174   174  3380  1283  3802 .+.-
  175   596  1018  1705   331 ....
  176  1440  2694   753  4488 .+.-
  177    66  2008  1175  5174 .+.-
  178   488   910  1597   223 ....
  179  1332  3118   645  4064 .+.-
  180  1754  2432  1067  4750 .+.-
  181   380   802  1489   115 ....
  182  1224  3541   537  3640 .+.-
  183  1646   272   959  1381 ....
  184   694  2855     7  4327 .+.-
  185  1116  2169   429  5013 .+.-
  186  1538   164   851  1273 ....
  187   586  3279  1695  3903 .+.-
  188  1008  1430   321   743 ....
  189    56  2593  1165  4589 .+.-
  190   478  1907  1587  5275 .+.-
  191   900  1322   213   635 ....
  192  1744  3016  1057  4165 .+.-
  193   370   792  1479   105 ....
  194  1214  2330   527  4852 .+.-
  195  1636  3440   949  3742 .+.-
  196   262   684  1371  1793 ....
  197  1106  2754   419  4428 .+.-
  198  1528   154   841  1263 ....
  199   576  2068  1685  5114 .+.-
  200   998  3178   311  4004 .+.-
  201  1420    46   733  1155 ....
  202   468  2491  1577  4690 .+.-
  203   890  1312   203   625 ....
  204  1734  1805  1047  5376 .+.-
  205   360  2915  1469  4267 .+.-
  206   782  1204    95   517 ....
  207  1626  2229   939  4953 .+.-
  208   252   674  1361  1783 ....
  209  1096  3339   409  3843 .+.-
  210  1518  2653   831  4529 .+.-
  211   144   566  1253  1675 ....
  212   988  1966   301  5215 .+.-
  213  1410    36   723  1145 ....
  214   458  3076  1567  4105 .+.-
  215   880  2390   193  4792 .+.-
  216  1302  1724   615  1037 ....
  217   350  3500  1459  3682 .+.-
  218   772  2814    85  4368 .+.-
  219  1194  1616   507   929 ....
  220   242  2128  1351  5054 .+.-
  221   664  1086  1773   399 ....
  222  1508  3237   821  3944 .+.-
  223   134  2551  1243  4630 .+.-
  224   556   978  1665   291 ....
  225  1400  1865   713  5317 .+.-
  226    26   448  1135  1557 ....
  227   870  2975   183  4207 .+.-
  228  1292  2289   605  4893 .+.-
  229  1714   340  1027  1449 ....
  230   762  3399    75  3783 .+.-
  231  1184  1606   497   919 ....
  232   232  2712  1341  4469 .+.-
  233   654  2026  1763  5155 .+.-
  234  1076  1498   389   811 ....
  235   124  3136  1233  4046 .+.-
  236   546   968  1655   281 ....
  237  1390  2450   703  4732 .+.-
  238    16  3560  1125  3622 .+.-
  239   438   860  1547   173 ....
  240  1282  2874   595  4308 .+.-
  241  1704   330  1017  1439 ....
  242   752  2187    65  4994 .+.-
  243  1174  3297   487  3884 .+.-
  244  1596   222   909  1331 ....
  245   644  2611  1753  4571 .+.-
  246  1066  1488   379   801 ....
  247   114  1925  1223  5257 .+.-
  248   536  3035  1645  4147 .+.-
  249   958  1380   271   693 ....
  250     6  2349  1115  4833 .+.-
  251   428  3458  1537  3723 .+.-
  252   850  1272   163   585 ....
  253  1694  2772  1007  4409 .+.-
  254   320   742  1429    55 ....
  255  1164  2086   477  5096 .+.-
  256  1586  3196   899  3986 .+.-
  257   212   634  1321  1743 ....
  258  1056  2510   369  4672 .+.-
  259  1478   104   791  1213 ....
  260   526  1824  1635  5358 .+.-
  261   948  2933   261  4248 .+.-
  262  1370  1792   683  1105 ....
  263   418  2247  1527  4934 .+.-
  264   840  1262   153   575 ....
  265  1684  3357   997  3825 .+.-
  266   310  2671  1419  4511 .+.-
  267   732  1154    45   467 ....
  268  1576  1985   889  5197 .+.-
  269   202   624  1311  1733 ....
  270  1046  3095   359  4087 .+.-
  271  1468  2408   781  4773 .+.-
  272    94   516  1203  1625 ....
  273   938  3518   251  3663 .+.-
  274  1360  1782   673  1095 ....
  275   408  2832  1517  4350 .+.-
  276   830  2146   143  5036 .+.-
  277  1252  1674   565   987 ....
  278   300  3256  1409  3926 .+.-
  279   722  1144    35   457 ....
  280  1566  2570   879  4612 .+.-
  281   192  1883  1301  5298 .+.-
  282   614  1036  1723   349 ....
  283  1458  2993   771  4188 .+.-
  284    84   506  1193  1615 ....
  285   928  2307   241  4875 .+.-
  286  1350  3417   663  3765 .+.-
  287  1772   398  1085  1507 ....
  288   820  2731   133  4451 .+.-
  289  1242  2045   555  5137 .+.-
  290  1664   290   977  1399 ....
  291   712  3155    25  4027 .+.-
  292  1134  1556   447   869 ....
  293   182  2468  1291  4713 .+.-
  294   604  3578  1713  3604 .+.-
  295  1026  1448   339   761 ....
  296    74  2892  1183  4290 .+.-
  297   496   918  1605   231 ....
  298  1340  2206   653  4976 .+.-
  299  1762  3316  1075  3866 .+.-
  300   388   810  1497   123 ....
  301  1232  2630   545  4552 .+.-
  302  1654   280   967  1389 ....
  303   702  1943    15  5238 .+.-
  304  1124  3053   437  4128 .+.-
  305  1546   172   859  1281 ....
  306   594  2367  1703  4815 .+.-
  307  1016  1438   329   751 ....
  308    64  3477  1173  3705 .+.-
  309   486  2791  1595  4391 .+.-
  310   908  1330   221   643 ....
  311  1752  2105  1065  5077 .+.-
  312   378   800  1487   113 ....
  313  1222  3214   535  3967 .+.-
  314  1644  2528   957  4653 .+.-
  315   270   692  1379     5 ....
  316  1114  1842   427  5340 .+.-
  317  1536   162   849  1271 ....
  318   584  2952  1693  4230 .+.-
  319  1006  2266   319  4916 .+.-
  320  1428    54   741  1163 ....
  321   476  3376  1585  3806 .+.-
  322   898  1320   211   633 ....
  323  1742  2689  1055  4492 .+.-
  324   368  2003  1477  5178 .+.-
  325   790  1212   103   525 ....
  326  1634  3113   947  4069 .+.-
  327   260  2427  1369  4755 .+.-
  328   682  1104  1791   417 ....
  329  1526  3537   839  3645 .+.-
  330   152   574  1261  1683 ....
  331   996  2851   309  4331 .+.-
  332  1418  2164   731  5017 .+.-
  333    44   466  1153  1575 ....
  334   888  3274   201  3907 .+.-
  335  1310  1732   623  1045 ....
  336   358  2588  1467  4594 .+.-
  337   780  1902    93  5280 .+.-
  338  1202  1624   515   937 ....
  339   250  3012  1359  4170 .+.-
  340   672  1094  1781   407 ....
  341  1516  2326   829  4856 .+.-
  342   142  3435  1251  3746 .+.-
  343   564   986  1673   299 ....
  344  1408  2749   721  4432 .+.-
  345    34   456  1143  1565 ....
  346   878  2063   191  5119 .+.-
  347  1300  3173   613  4009 .+.-
  348  1722   348  1035  1457 ....
  349   770  2487    83  4695 .+.-
  350  1192  1614   505   927 ....
  351   240  1801  1349  5381 .+.-
  352   662  2910  1771  4271 .+.-
  353  1084  1506   397   819 ....
  354   132  2224  1241  4957 .+.-
  355   554   976  1663   289 ....
  356  1398  3334   711  3848 .+.-
  357    24  2648  1133  4534 .+.-
  358   446   868  1555   181 ....
  359  1290  1962   603  5220 .+.-
  360  1712  3072  1025  4110 .+.-
  361   338   760  1447    73 ....
  362  1182  2385   495  4796 .+.-
  363  1604   230   917  1339 ....
  364   652  3495  1761  3686 .+.-
  365  1074  2809   387  4373 .+.-
  366  1496   122   809  1231 ....
  367   544  2123  1653  5059 .+.-
  368   966  1388   279   701 ....
  369    14  3233  1123  3949 .+.-
  370   436  2547  1545  4635 .+.-
  371   858  1280   171   593 ....
  372  1702  1860  1015  5321 .+.-
  373   328   750  1437    63 ....
  374  1172  2970   485  4211 .+.-
  375  1594  2284   907  4898 .+.-
  376   220   642  1329  1751 ....
  377  1064  3394   377  3788 .+.-
  378  1486   112   799  1221 ....
  379   534  2708  1643  4474 .+.-
  380   956  2022   269  5160 .+.-
  381  1378     4   691  1113 ....
  382   426  3131  1535  4050 .+.-
  383   848  1270   161   583 ....
  384  1692  2445  1005  4736 .+.-
  385   318  3555  1427  3627 .+.-
  386   740  1162    53   475 ....
  387  1584  2869   897  4313 .+.-
  388   210   632  1319  1741 ....
  389  1054  2183   367  4999 .+.-
  390  1476  3293   789  3889 .+.-
  391   102   524  1211  1633 ....
  392   946  2607   259  4575 .+.-
  393  1368  1790   681  1103 ....
  394   416  1920  1525  5261 .+.-
  395   838  3030   151  4152 .+.-
  396  1260  1682   573   995 ....
  397   308  2344  1417  4838 .+.-
  398   730  3454    43  3728 .+.-
  399  1152  1574   465   887 ....
  400   200  2768  1309  4414 .+.-
  401   622  1044  1731   357 ....
  402  1466  2082   779  5100 .+.-
  403    92  3191  1201  3990 .+.-
  404   514   936  1623   249 ....
  405  1358  2505   671  4677 .+.-
  406  1780   406  1093  1515 ....
  407   828  1819   141  5363 .+.-
  408  1250  2929   563  4253 .+.-
  409  1672   298   985  1407 ....
  410   720  2243    33  4939 .+.-
  411  1142  1564   455   877 ....
  412   190  3353  1299  3829 .+.-
  413   612  2666  1721  4515 .+.-
  414  1034  1456   347   769 ....
  415    82  1980  1191  5201 .+.-
  416   504   926  1613   239 ....
  417  1348  3090   661  4092 .+.-
  418  1770  2404  1083  4778 .+.-
  419   396   818  1505   131 ....
  420  1240  3514   553  3668 .+.-
  421  1662   288   975  1397 ....
  422   710  2828    23  4354 .+.-
  423  1132  2141   445  5040 .+.-
  424  1554   180   867  1289 ....
  425   602  3251  1711  3930 .+.-
  426  1024  1446   337   759 ....
  427    72  2565  1181  4617 .+.-
  428   494  1879  1603  5303 .+.-
  429   916  1338   229   651 ....
  430  1760  2989  1073  4193 .+.-
  431   386  2303  1495  4879 .+.-
  432   808  1230   121   543 ....
  433  1652  3412   965  3769 .+.-
  434   278   700  1387    13 ....
  435  1122  2726   435  4455 .+.-
  436  1544  2040   857  5142 .+.-
  437   170   592  1279  1701 ....
  438  1014  3150   327  4032 .+.-
  439  1436    62   749  1171 ....
  440   484  2464  1593  4718 .+.-
  441   906  3574   219  3608 .+.-
  442  1328  1750   641  1063 ....
  443   376  2887  1485  4294 .+.-
  444   798  1220   111   533 ....
  445  1642  2201   955  4980 .+.-
  446   268  3311  1377  3871 .+.-
  447   690  1112     3   425 ....
  448  1534  2625   847  4557 .+.-
  449   160   582  1269  1691 ....
  450  1004  1939   317  5243 .+.-
  451  1426  3049   739  4133 .+.-
  452    52   474  1161  1583 ....
  453   896  2362   209  4819 .+.-
  454  1318  1740   631  1053 ....
  455   366  3472  1475  3709 .+.-
  456   788  2786   101  4396 .+.-
  457  1210  1632   523   945 ....
  458   258  2100  1367  5082 .+.-
  459   680  1102  1789   415 ....
  460  1524  3210   837  3972 .+.-
  461   150  2524  1259  4658 .+.-
  462   572   994  1681   307 ....
  463  1416  1837   729  5344 .+.-
  464    42   464  1151  1573 ....
  465   886  2947   199  4234 .+.-
  466  1308  2261   621  4921 .+.-
  467  1730   356  1043  1465 ....
  468   778  3371    91  3811 .+.-
  469  1200  2685   513  4497 .+.-
  470  1622   248   935  1357 ....
  471   670  1999  1779  5183 .+.-
  472  1092  1514   405   827 ....
  473   140  3108  1249  4073 .+.-
  474   562  2422  1671  4759 .+.-
  475   984  1406   297   719 ....
  476    32  3532  1141  3650 .+.-
  477   454   876  1563   189 ....
  478  1298  2846   611  4336 .+.-
  479  1720  2160  1033  5022 .+.-
  480   346   768  1455    81 ....
  481  1190  3270   503  3912 .+.-
  482  1612   238   925  1347 ....
  483   660  2583  1769  4598 .+.-
  484  1082  1897   395  5284 .+.-
  485  1504   130   817  1239 ....
  486   552  3007  1661  4175 .+.-
  487   974  1396   287   709 ....
  488    22  2321  1131  4861 .+.-
  489   444  3431  1553  3751 .+.-
  490   866  1288   179   601 ....
  491  1710  2745  1023  4437 .+.-
  492   336   758  1445    71 ....
  493  1180  2058   493  5123 .+.-
  494  1602  3168   915  4013 .+.-
  495   228   650  1337  1759 ....
  496  1072  2482   385  4700 .+.-
  497  1494   120   807  1229 ....
  498   542  1796  1651  5386 .+.-
  499   964  2906   277  4276 .+.-
  500  1386    12   699  1121 ....
  501   434  2220  1543  4962 .+.-
  502   856  3330   169  3852 .+.-
  503  1278  1700   591  1013 ....
  504   326  2643  1435  4538 .+.-
  505   748  1170    61   483 ....
  506  1592  1957   905  5225 .+.-
  507   218  3067  1327  4115 .+.-
  508   640  1062  1749   375 ....
  509  1484  2381   797  4801 .+.-
  510   110   532  1219  1641 ....
  511   954  3491   267  3691 .+.-
  512  1376  2805   689  4377 .+.-
  513     2   424  1111  1533 ....
  514   846  2118   159  5063 .+.-
  515  1268  1690   581  1003 ....
  516   316  3228  1425  3954 .+.-
  517   738  2542    51  4640 .+.-
  518  1160  1582   473   895 ....
  519   208  1856  1317  5326 .+.-
  520   630  1052  1739   365 ....
  521  1474  2966   787  4216 .+.-
  522   100  2280  1209  4902 .+.-
  523   522   944  1631   257 ....
  524  1366  3389   679  3792 .+.-
  525  1788   414  1101  1523 ....
  526   836  2703   149  4478 .+.-
  527  1258  2017   571  5165 .+.-
  528  1680   306   993  1415 ....
  529   728  3127    41  4055 .+.-
  530  1150  1572   463   885 ....
  531   198  2441  1307  4741 .+.-
  532   620  3551  1729  3631 .+.-
  533  1042  1464   355   777 ....
  534    90  2864  1199  4317 .+.-
  535   512   934  1621   247 ....
  536  1356  2178   669  5003 .+.-
  537  1778  3288  1091  3894 .+.-
  538   404   826  1513   139 ....
  539  1248  2602   561  4580 .+.-
  540  1670  1916   983  5266 .+.-
  541   296   718  1405    31 ....
  542  1140  3026   453  4156 .+.-
  543  1562   188   875  1297 ....
  544   610  2339  1719  4842 .+.-
  545  1032  3449   345  3732 .+.-
  546  1454    80   767  1189 ....
  547   502  2763  1611  4419 .+.-
  548   924  1346   237   659 ....
  549  1768  2077  1081  5105 .+.-
  550   394  3187  1503  3995 .+.-
  551   816  1238   129   551 ....
  552  1660  2501   973  4681 .+.-
  553   286   708  1395    21 ....
  554  1130  1814   443  5367 .+.-
  555  1552  2924   865  4257 .+.-
  556   178   600  1287  1709 ....
  557  1022  2238   335  4944 .+.-
  558  1444    70   757  1179 ....
  559   492  3348  1601  3834 .+.-
  560   914  2662   227  4520 .+.-
  561  1336  1758   649  1071 ....
  562   384  1976  1493  5206 .+.-
  563   806  1228   119   541 ....
  564  1650  3085   963  4096 .+.-
  565   276  2399  1385  4782 .+.-
  566   698  1120    11   433 ....
  567  1542  3509   855  3673 .+.-
  568   168   590  1277  1699 ....
  569  1012  2823   325  4359 .+.-
  570  1434  2137   747  5045 .+.-
  571    60   482  1169  1591 ....
  572   904  3247   217  3935 .+.-
  573  1326  2560   639  4621 .+.-
  574  1748   374  1061  1483 ....
  575   796  1874   109  5307 .+.-
  576  1218  1640   531   953 ....
  577   266  2984  1375  4198 .+.-
  578   688  2298     1  4884 .+.-
  579  1110  1532   423   845 ....
  580   158  3408  1267  3774 .+.-
  581   580  1002  1689   315 ....
  582  1424  2722   737  4460 .+.-
  583    50  2035  1159  5146 .+.-
  584   472   894  1581   207 ....
  585  1316  3145   629  4036 .+.-
  586  1738   364  1051  1473 ....
  587   786  2459    99  4723 .+.-
  588  1208  3569   521  3613 .+.-
  589  1630   256   943  1365 ....
  590   678  2883  1787  4299 .+.-
  591  1100  1522   413   835 ....
  592   148  2197  1257  4985 .+.-
  593   570  3306  1679  3875 .+.-
  594   992  1414   305   727 ....
  595    40  2620  1149  4561 .+.-
  596   462   884  1571   197 ....
  597  1306  1934   619  5248 .+.-
  598  1728  3044  1041  4138 .+.-
  599   354   776  1463    89 ....
  600  1198  2358   511  4824 .+.-
  601  1620   246   933  1355 ....
  602   668  3468  1777  3714 .+.-
  603  1090  2781   403  4400 .+.-
  604  1512   138   825  1247 ....
  605   560  2095  1669  5086 .+.-
  606   982  1404   295   717 ....
  607    30  3205  1139  3977 .+.-
  608   452  2519  1561  4663 .+.-
  609   874  1296   187   609 ....
  610  1718  1833  1031  5349 .+.-
  611   344  2943  1453  4239 .+.-
  612   766  1188    79   501 ....
  613  1610  2257   923  4925 .+.-
  614   236   658  1345  1767 ....
  615  1080  3366   393  3815 .+.-
  616  1502  2680   815  4502 .+.-
  617   128   550  1237  1659 ....
  618   972  1994   285  5188 .+.-
  619  1394    20   707  1129 ....
  620   442  3104  1551  4078 .+.-
  621   864  2418   177  4764 .+.-
  622  1286  1708   599  1021 ....
  623   334  3528  1443  3654 .+.-
  624   756  1178    69   491 ....
  625  1600  2841   913  4340 .+.-
  626   226  2155  1335  5026 .+.-
  627   648  1070  1757   383 ....
  628  1492  3265   805  3917 .+.-
  629   118   540  1227  1649 ....
  630   962  2579   275  4603 .+.-
  631  1384  1893   697  5289 .+.-
  632    10   432  1119  1541 ....
  633   854  3003   167  4179 .+.-
  634  1276  1698   589  1011 ....
  635   324  2316  1433  4865 .+.-
  636   746  3426    59  3755 .+.-
  637  1168  1590   481   903 ....
  638   216  2740  1325  4442 .+.-
  639   638  1060  1747   373 ....
  640  1482  2054   795  5128 .+.-
  641   108  3164  1217  4018 .+.-
  642   530   952  1639   265 ....
  643  1374  2478   687  4704 .+.-
Total data plus flush bits=1796, p-parity bits=390, q-parity=390, Errors=0, Repetition=0
