R5T45XH2
Channel Interleaving, Puncturing and Mapping to 16-QAM
User data=1632, with flush=1636, Channel Symbols=644, Channel Bits=2576, Parity=940, p=q=470, Coding Rate=0.633540
D=1632, FECSy=644, DF=1636, N=2576, P=940, p=470, distep=1011, dd=0, pistep=291, pp=469, ppstep=3.480851, ppstart=1636.500000, qpstart=3274.240479, k=-174, mx=3.701149

Symbol   I1    I0    Q1    Q0  Pattern= . =data, + =p parity, - =q parity
-------------------------------------------------------------------------
    0     0   386  1011  1397 ....
    1   772  3269   147  3274 .+.-
    2  1158  2645   533  3897 .+.-
    3  1544  2022   919  4520 .+.-
    4   294   680  1305    55 ....
    5  1066  3035   441  3507 .+.-
    6  1452  2412   827  4130 .+.-
    7   202  1789  1213  4753 .+.-
    8   588   974  1599   349 ....
    9  1360  2802   735  3740 .+.-
   10   110  2179  1121  4363 .+.-
   11   496  3192  1507  3350 .+.-
   12   882  1268   257   643 ....
   13    18  2569  1029  3973 .+.-
   14   404  1946  1415  4596 .+.-
   15   790  1176   165   551 ....
   16  1562  2959   937  3584 .+.-
   17   312  2336  1323  4207 .+.-
   18   698  1713    73  4830 .+.-
   19  1084  1470   459   845 ....
   20   220  2726  1231  3817 .+.-
   21   606  2102  1617  4440 .+.-
   22   992  3115   367  3427 .+.-
   23  1378   128   753  1139 ....
   24   514  2492  1525  4050 .+.-
   25   900  1869   275  4673 .+.-
   26  1286    36   661  1047 ....
   27   422  2882  1433  3660 .+.-
   28   808  2259   183  4283 .+.-
   29  1194  1636   569  4906 .+.-
   30  1580   330   955  1341 ....
   31   716  2649    91  3893 .+.-
   32  1102  2026   477  4516 .+.-
   33  1488  3039   863  3503 .+.-
   34   238   624  1249  1635 ....
   35  1010  2416   385  4127 .+.-
   36  1396  1793   771  4750 .+.-
   37   146  2806  1157  3737 .+.-
   38   532   918  1543   293 ....
   39  1304  2182   679  4360 .+.-
   40    54  3195  1065  3347 .+.-
   41   440   826  1451   201 ....
   42  1212  2572   587  3970 .+.-
   43  1598  1949   973  4593 .+.-
   44   348  2962  1359  3580 .+.-
   45   734  1120   109   495 ....
   46  1506  2339   881  4203 .+.-
   47   256  1716  1267  4826 .+.-
   48   642  2729    17  3813 .+.-
   49  1028  1414   403   789 ....
   50   164  2106  1175  4436 .+.-
   51   550  3119  1561  3423 .+.-
   52   936  1322   311   697 ....
   53    72  2496  1083  4046 .+.-
   54   458  1873  1469  4670 .+.-
   55   844  2886   219  3657 .+.-
   56  1230  1616   605   991 ....
   57   366  2263  1377  4280 .+.-
   58   752  1639   127  4903 .+.-
   59  1138  2652   513  3890 .+.-
   60  1524   274   899  1285 ....
   61   660  2029    35  4513 .+.-
   62  1046  3042   421  3500 .+.-
   63  1432   182   807  1193 ....
   64   568  2419  1579  4123 .+.-
   65   954  1796   329  4746 .+.-
   66  1340  2809   715  3733 .+.-
   67    90   476  1101  1487 ....
   68   862  2186   237  4356 .+.-
   69  1248  3199   623  3343 .+.-
   70  1634  2576  1009  3966 .+.-
   71   384   770  1395   145 ....
   72  1156  1953   531  4590 .+.-
   73  1542  2966   917  3577 .+.-
   74   292  2343  1303  4200 .+.-
   75   678  1064    53   439 ....
   76  1450  1720   825  4823 .+.-
   77   200  2732  1211  3810 .+.-
   78   586   972  1597   347 ....
   79  1358  2109   733  4433 .+.-
   80   108  3122  1119  3420 .+.-
   81   494  2499  1505  4043 .+.-
   82   880  1266   255   641 ....
   83    16  1876  1027  4666 .+.-
   84   402  2889  1413  3653 .+.-
   85   788  2266   163  4276 .+.-
   86  1174  1560   549   935 ....
   87   310  1643  1321  4899 .+.-
   88   696  2656    71  3886 .+.-
   89  1082  1468   457   843 ....
   90   218  2033  1229  4509 .+.-
   91   604  3046  1615  3497 .+.-
   92   990  2423   365  4120 .+.-
   93  1376   126   751  1137 ....
   94   512  1800  1523  4743 .+.-
   95   898  2813   273  3730 .+.-
   96  1284  2189   659  4353 .+.-
   97    34   420  1045  1431 ....
   98   806  3202   181  3340 .+.-
   99  1192  2579   567  3963 .+.-
  100  1578   328   953  1339 ....
  101   714  1956    89  4586 .+.-
  102  1100  2969   475  3573 .+.-
  103  1486  2346   861  4196 .+.-
  104   236   622  1247  1633 ....
  105  1008  1723   383  4819 .+.-
  106  1394  2736   769  3806 .+.-
  107   144  2113  1155  4429 .+.-
  108   530   916  1541   291 ....
  109  1302  3126   677  3416 .+.-
  110    52  2503  1063  4040 .+.-
  111   438  1880  1449  4663 .+.-
  112   824  1210   199   585 ....
  113  1596  2893   971  3650 .+.-
  114   346  2270  1357  4273 .+.-
  115   732  1118   107   493 ....
  116  1504  1646   879  4896 .+.-
  117   254  2659  1265  3883 .+.-
  118   640  2036    15  4506 .+.-
  119  1026  1412   401   787 ....
  120   162  3049  1173  3493 .+.-
  121   548  2426  1559  4116 .+.-
  122   934  1803   309  4739 .+.-
  123  1320    70   695  1081 ....
  124   456  2816  1467  3726 .+.-
  125   842  2193   217  4349 .+.-
  126  1228  1614   603   989 ....
  127   364  3206  1375  3336 .+.-
  128   750  2583   125  3959 .+.-
  129  1136  1960   511  4583 .+.-
  130  1522   272   897  1283 ....
  131   658  2973    33  3570 .+.-
  132  1044  2350   419  4193 .+.-
  133  1430  1727   805  4816 .+.-
  134   180   566  1191  1577 ....
  135   952  2739   327  3803 .+.-
  136  1338  2116   713  4426 .+.-
  137    88   474  1099  1485 ....
  138   860  3129   235  3413 .+.-
  139  1246  2506   621  4036 .+.-
  140  1632  1883  1007  4659 .+.-
  141   382   768  1393   143 ....
  142  1154  2896   529  3646 .+.-
  143  1540  2273   915  4269 .+.-
  144   290  1650  1301  4892 .+.-
  145   676  1062    51   437 ....
  146  1448  2663   823  3879 .+.-
  147   198  2040  1209  4502 .+.-
  148   584  3053  1595  3490 .+.-
  149   970  1356   345   731 ....
  150   106  2430  1117  4113 .+.-
  151   492  1807  1503  4736 .+.-
  152   878  1264   253   639 ....
  153    14  2819  1025  3723 .+.-
  154   400  2196  1411  4346 .+.-
  155   786  3209   161  3333 .+.-
  156  1172  1558   547   933 ....
  157   308  2586  1319  3956 .+.-
  158   694  1963    69  4579 .+.-
  159  1080  2976   455  3566 .+.-
  160  1466   216   841  1227 ....
  161   602  2353  1613  4189 .+.-
  162   988  1730   363  4812 .+.-
  163  1374   124   749  1135 ....
  164   510  2743  1521  3799 .+.-
  165   896  2120   271  4422 .+.-
  166  1282  3133   657  3409 .+.-
  167    32   418  1043  1429 ....
  168   804  2510   179  4033 .+.-
  169  1190  1887   565  4656 .+.-
  170  1576  2900   951  3643 .+.-
  171   326   712  1337    87 ....
  172  1098  2276   473  4266 .+.-
  173  1484  1653   859  4889 .+.-
  174   234   620  1245  1631 ....
  175  1006  2666   381  3876 .+.-
  176  1392  2043   767  4499 .+.-
  177   142  3056  1153  3486 .+.-
  178   528   914  1539   289 ....
  179  1300  2433   675  4109 .+.-
  180    50  1810  1061  4732 .+.-
  181   436  2823  1447  3719 .+.-
  182   822  1208   197   583 ....
  183  1594  2200   969  4342 .+.-
  184   344  3213  1355  3329 .+.-
  185   730  2590   105  3953 .+.-
  186  1116  1502   491   877 ....
  187   252  1967  1263  4576 .+.-
  188   638  2980    13  3563 .+.-
  189  1024  1410   399   785 ....
  190   160  2357  1171  4186 .+.-
  191   546  1733  1557  4809 .+.-
  192   932  2746   307  3796 .+.-
  193  1318    68   693  1079 ....
  194   454  2123  1465  4419 .+.-
  195   840  3136   215  3406 .+.-
  196  1226  2513   601  4029 .+.-
  197  1612   362   987  1373 ....
  198   748  1890   123  4652 .+.-
  199  1134  2903   509  3639 .+.-
  200  1520   270   895  1281 ....
  201   656  2280    31  4262 .+.-
  202  1042  1657   417  4885 .+.-
  203  1428  2670   803  3872 .+.-
  204   178   564  1189  1575 ....
  205   950  2047   325  4496 .+.-
  206  1336  3060   711  3483 .+.-
  207    86  2437  1097  4106 .+.-
  208   472   858  1483   233 ....
  209  1244  1814   619  4729 .+.-
  210  1630  2826  1005  3716 .+.-
  211   380   766  1391   141 ....
  212  1152  2203   527  4339 .+.-
  213  1538  3216   913  3326 .+.-
  214   288  2593  1299  3949 .+.-
  215   674  1060    49   435 ....
  216  1446  1970   821  4572 .+.-
  217   196  2983  1207  3559 .+.-
  218   582  2360  1593  4182 .+.-
  219   968  1354   343   729 ....
  220   104  1737  1115  4805 .+.-
  221   490  2750  1501  3792 .+.-
  222   876  2127   251  4415 .+.-
  223  1262    12   637  1023 ....
  224   398  3140  1409  3403 .+.-
  225   784  2517   159  4026 .+.-
  226  1170  1556   545   931 ....
  227   306  1894  1317  4649 .+.-
  228   692  2907    67  3636 .+.-
  229  1078  2283   453  4259 .+.-
  230  1464   214   839  1225 ....
  231   600  1660  1611  4882 .+.-
  232   986  2673   361  3869 .+.-
  233  1372  2050   747  4492 .+.-
  234   122   508  1133  1519 ....
  235   894  3063   269  3479 .+.-
  236  1280  2440   655  4102 .+.-
  237    30   416  1041  1427 ....
  238   802  1817   177  4725 .+.-
  239  1188  2830   563  3712 .+.-
  240  1574  2207   949  4335 .+.-
  241   324   710  1335    85 ....
  242  1096  3220   471  3322 .+.-
  243  1482  2597   857  3946 .+.-
  244   232  1974  1243  4569 .+.-
  245   618  1004  1629   379 ....
  246  1390  2987   765  3556 .+.-
  247   140  2363  1151  4179 .+.-
  248   526   912  1537   287 ....
  249  1298  1740   673  4802 .+.-
  250    48  2753  1059  3789 .+.-
  251   434  2130  1445  4412 .+.-
  252   820  1206   195   581 ....
  253  1592  3143   967  3399 .+.-
  254   342  2520  1353  4022 .+.-
  255   728  1897   103  4645 .+.-
  256  1114  1500   489   875 ....
  257   250  2910  1261  3632 .+.-
  258   636  2287    11  4255 .+.-
  259  1022  1664   397  4878 .+.-
  260  1408   158   783  1169 ....
  261   544  2677  1555  3865 .+.-
  262   930  2054   305  4489 .+.-
  263  1316    66   691  1077 ....
  264   452  3067  1463  3476 .+.-
  265   838  2444   213  4099 .+.-
  266  1224  1820   599  4722 .+.-
  267  1610   360   985  1371 ....
  268   746  2833   121  3709 .+.-
  269  1132  2210   507  4332 .+.-
  270  1518  3223   893  3319 .+.-
  271   268   654  1279    29 ....
  272  1040  2600   415  3942 .+.-
  273  1426  1977   801  4565 .+.-
  274   176   562  1187  1573 ....
  275   948  2990   323  3552 .+.-
  276  1334  2367   709  4175 .+.-
  277    84  1744  1095  4798 .+.-
  278   470   856  1481   231 ....
  279  1242  2757   617  3785 .+.-
  280  1628  2134  1003  4408 .+.-
  281   378  3147  1389  3396 .+.-
  282   764  1150   139   525 ....
  283  1536  2524   911  4019 .+.-
  284   286  1901  1297  4642 .+.-
  285   672  1058    47   433 ....
  286  1444  2913   819  3629 .+.-
  287   194  2290  1205  4252 .+.-
  288   580  1667  1591  4875 .+.-
  289   966  1352   341   727 ....
  290   102  2680  1113  3862 .+.-
  291   488  2057  1499  4485 .+.-
  292   874  3070   249  3472 .+.-
  293  1260    10   635  1021 ....
  294   396  2447  1407  4095 .+.-
  295   782  1824   157  4718 .+.-
  296  1168  2837   543  3705 .+.-
  297  1554   304   929  1315 ....
  298   690  2214    65  4328 .+.-
  299  1076  3227   451  3316 .+.-
  300  1462   212   837  1223 ....
  301   598  2604  1609  3939 .+.-
  302   984  1981   359  4562 .+.-
  303  1370  2994   745  3549 .+.-
  304   120   506  1131  1517 ....
  305   892  2370   267  4172 .+.-
  306  1278  1747   653  4795 .+.-
  307    28  2760  1039  3782 .+.-
  308   414   800  1425   175 ....
  309  1186  2137   561  4405 .+.-
  310  1572  3150   947  3392 .+.-
  311   322   708  1333    83 ....
  312  1094  2527   469  4015 .+.-
  313  1480  1904   855  4638 .+.-
  314   230  2917  1241  3625 .+.-
  315   616  1002  1627   377 ....
  316  1388  2294   763  4248 .+.-
  317   138  1671  1149  4871 .+.-
  318   524  2684  1535  3859 .+.-
  319   910  1296   285   671 ....
  320    46  2061  1057  4482 .+.-
  321   432  3074  1443  3469 .+.-
  322   818  2451   193  4092 .+.-
  323  1204  1590   579   965 ....
  324   340  1827  1351  4715 .+.-
  325   726  2840   101  3702 .+.-
  326  1112  1498   487   873 ....
  327   248  2217  1259  4325 .+.-
  328   634  3230     9  3312 .+.-
  329  1020  2607   395  3935 .+.-
  330  1406   156   781  1167 ....
  331   542  1984  1553  4558 .+.-
  332   928  2997   303  3545 .+.-
  333  1314  2374   689  4168 .+.-
  334    64   450  1075  1461 ....
  335   836  1751   211  4791 .+.-
  336  1222  2764   597  3778 .+.-
  337  1608   358   983  1369 ....
  338   744  2141   119  4402 .+.-
  339  1130  3154   505  3389 .+.-
  340  1516  2531   891  4012 .+.-
  341   266   652  1277    27 ....
  342  1038  1908   413  4635 .+.-
  343  1424  2920   799  3622 .+.-
  344   174  2297  1185  4245 .+.-
  345   560   946  1571   321 ....
  346  1332  1674   707  4868 .+.-
  347    82  2687  1093  3855 .+.-
  348   468   854  1479   229 ....
  349  1240  2064   615  4478 .+.-
  350  1626  3077  1001  3465 .+.-
  351   376  2454  1387  4088 .+.-
  352   762  1148   137   523 ....
  353  1534  1831   909  4711 .+.-
  354   284  2844  1295  3698 .+.-
  355   670  2221    45  4321 .+.-
  356  1056  1442   431   817 ....
  357   192  3234  1203  3309 .+.-
  358   578  2611  1589  3932 .+.-
  359   964  1988   339  4555 .+.-
  360  1350   100   725  1111 ....
  361   486  3000  1497  3542 .+.-
  362   872  2377   247  4165 .+.-
  363  1258     8   633  1019 ....
  364   394  1754  1405  4788 .+.-
  365   780  2767   155  3775 .+.-
  366  1166  2144   541  4398 .+.-
  367  1552   302   927  1313 ....
  368   688  3157    63  3385 .+.-
  369  1074  2534   449  4008 .+.-
  370  1460  1911   835  4631 .+.-
  371   210   596  1221  1607 ....
  372   982  2924   357  3618 .+.-
  373  1368  2301   743  4241 .+.-
  374   118   504  1129  1515 ....
  375   890  1678   265  4864 .+.-
  376  1276  2691   651  3852 .+.-
  377    26  2068  1037  4475 .+.-
  378   412   798  1423   173 ....
  379  1184  3081   559  3462 .+.-
  380  1570  2457   945  4085 .+.-
  381   320  1834  1331  4708 .+.-
  382   706  1092    81   467 ....
  383  1478  2847   853  3695 .+.-
  384   228  2224  1239  4318 .+.-
  385   614  1000  1625   375 ....
  386  1386  3237   761  3305 .+.-
  387   136  2614  1147  3928 .+.-
  388   522  1991  1533  4551 .+.-
  389   908  1294   283   669 ....
  390    44  3004  1055  3538 .+.-
  391   430  2381  1441  4161 .+.-
  392   816  1758   191  4784 .+.-
  393  1202  1588   577   963 ....
  394   338  2771  1349  3772 .+.-
  395   724  2148    99  4395 .+.-
  396  1110  3161   485  3382 .+.-
  397  1496   246   871  1257 ....
  398   632  2538     7  4005 .+.-
  399  1018  1914   393  4628 .+.-
  400  1404   154   779  1165 ....
  401   540  2927  1551  3615 .+.-
  402   926  2304   301  4238 .+.-
  403  1312  1681   687  4861 .+.-
  404    62   448  1073  1459 ....
  405   834  2694   209  3848 .+.-
  406  1220  2071   595  4471 .+.-
  407  1606  3084   981  3458 .+.-
  408   356   742  1367   117 ....
  409  1128  2461   503  4081 .+.-
  410  1514  1838   889  4704 .+.-
  411   264   650  1275    25 ....
  412  1036  2851   411  3691 .+.-
  413  1422  2228   797  4315 .+.-
  414   172  3241  1183  3302 .+.-
  415   558   944  1569   319 ....
  416  1330  2618   705  3925 .+.-
  417    80  1995  1091  4548 .+.-
  418   466  3007  1477  3535 .+.-
  419   852  1238   227   613 ....
  420  1624  2384   999  4158 .+.-
  421   374  1761  1385  4781 .+.-
  422   760  1146   135   521 ....
  423  1532  2774   907  3768 .+.-
  424   282  2151  1293  4391 .+.-
  425   668  3164    43  3378 .+.-
  426  1054  1440   429   815 ....
  427   190  2541  1201  4001 .+.-
  428   576  1918  1587  4624 .+.-
  429   962  2931   337  3611 .+.-
  430  1348    98   723  1109 ....
  431   484  2308  1495  4234 .+.-
  432   870  1685   245  4858 .+.-
  433  1256  2698   631  3845 .+.-
  434     6   392  1017  1403 ....
  435   778  2075   153  4468 .+.-
  436  1164  3088   539  3455 .+.-
  437  1550   300   925  1311 ....
  438   686  2464    61  4078 .+.-
  439  1072  1841   447  4701 .+.-
  440  1458  2854   833  3688 .+.-
  441   208   594  1219  1605 ....
  442   980  2231   355  4311 .+.-
  443  1366  3244   741  3298 .+.-
  444   116  2621  1127  3921 .+.-
  445   502   888  1513   263 ....
  446  1274  1998   649  4544 .+.-
  447    24  3011  1035  3531 .+.-
  448   410   796  1421   171 ....
  449  1182  2388   557  4154 .+.-
  450  1568  1765   943  4777 .+.-
  451   318  2778  1329  3765 .+.-
  452   704  1090    79   465 ....
  453  1476  2155   851  4388 .+.-
  454   226  3168  1237  3375 .+.-
  455   612  2545  1623  3998 .+.-
  456   998  1384   373   759 ....
  457   134  1921  1145  4621 .+.-
  458   520  2934  1531  3608 .+.-
  459   906  1292   281   667 ....
  460    42  2311  1053  4231 .+.-
  461   428  1688  1439  4854 .+.-
  462   814  2701   189  3841 .+.-
  463  1200  1586   575   961 ....
  464   336  2078  1347  4464 .+.-
  465   722  3091    97  3451 .+.-
  466  1108  2468   483  4074 .+.-
  467  1494   244   869  1255 ....
  468   630  1845     5  4697 .+.-
  469  1016  2858   391  3684 .+.-
  470  1402  2235   777  4308 .+.-
  471   152   538  1163  1549 ....
  472   924  3248   299  3295 .+.-
  473  1310  2625   685  3918 .+.-
  474    60   446  1071  1457 ....
  475   832  2001   207  4541 .+.-
  476  1218  3014   593  3528 .+.-
  477  1604  2391   979  4151 .+.-
  478   354   740  1365   115 ....
  479  1126  1768   501  4774 .+.-
  480  1512  2781   887  3761 .+.-
  481   262  2158  1273  4384 .+.-
  482   648  1034    23   409 ....
  483  1420  3171   795  3371 .+.-
  484   170  2548  1181  3994 .+.-
  485   556   942  1567   317 ....
  486  1328  1925   703  4617 .+.-
  487    78  2938  1089  3604 .+.-
  488   464  2315  1475  4227 .+.-
  489   850  1236   225   611 ....
  490  1622  1692   997  4851 .+.-
  491   372  2705  1383  3838 .+.-
  492   758  2082   133  4461 .+.-
  493  1144  1530   519   905 ....
  494   280  3094  1291  3448 .+.-
  495   666  2471    41  4071 .+.-
  496  1052  1438   427   813 ....
  497   188  1848  1199  4694 .+.-
  498   574  2861  1585  3681 .+.-
  499   960  2238   335  4304 .+.-
  500  1346    96   721  1107 ....
  501   482  3251  1493  3291 .+.-
  502   868  2628   243  3914 .+.-
  503  1254  2005   629  4537 .+.-
  504     4   390  1015  1401 ....
  505   776  3018   151  3524 .+.-
  506  1162  2395   537  4147 .+.-
  507  1548  1772   923  4771 .+.-
  508   298   684  1309    59 ....
  509  1070  2785   445  3758 .+.-
  510  1456  2162   831  4381 .+.-
  511   206   592  1217  1603 ....
  512   978  3175   353  3368 .+.-
  513  1364  2551   739  3991 .+.-
  514   114  1928  1125  4614 .+.-
  515   500   886  1511   261 ....
  516  1272  2941   647  3601 .+.-
  517    22  2318  1033  4224 .+.-
  518   408  1695  1419  4847 .+.-
  519   794  1180   169   555 ....
  520  1566  2708   941  3834 .+.-
  521   316  2085  1327  4457 .+.-
  522   702  1088    77   463 ....
  523  1474  3098   849  3444 .+.-
  524   224  2475  1235  4067 .+.-
  525   610  1852  1621  4690 .+.-
  526   996  1382   371   757 ....
  527   132  2865  1143  3678 .+.-
  528   518  2242  1529  4301 .+.-
  529   904  3255   279  3288 .+.-
  530  1290    40   665  1051 ....
  531   426  2632  1437  3911 .+.-
  532   812  2008   187  4534 .+.-
  533  1198  1584   573   959 ....
  534   334  3021  1345  3521 .+.-
  535   720  2398    95  4144 .+.-
  536  1106  1775   481  4767 .+.-
  537  1492   242   867  1253 ....
  538   628  2788     3  3754 .+.-
  539  1014  2165   389  4377 .+.-
  540  1400  3178   775  3364 .+.-
  541   150   536  1161  1547 ....
  542   922  2555   297  3987 .+.-
  543  1308  1932   683  4610 .+.-
  544    58  2945  1069  3597 .+.-
  545   444   830  1455   205 ....
  546  1216  2322   591  4221 .+.-
  547  1602  1699   977  4844 .+.-
  548   352   738  1363   113 ....
  549  1124  2712   499  3831 .+.-
  550  1510  2089   885  4454 .+.-
  551   260  3101  1271  3441 .+.-
  552   646  1032    21   407 ....
  553  1418  2478   793  4064 .+.-
  554   168  1855  1179  4687 .+.-
  555   554  2868  1565  3674 .+.-
  556   940  1326   315   701 ....
  557    76  2245  1087  4297 .+.-
  558   462  3258  1473  3284 .+.-
  559   848  1234   223   609 ....
  560  1620  2635   995  3907 .+.-
  561   370  2012  1381  4530 .+.-
  562   756  3025   131  3517 .+.-
  563  1142  1528   517   903 ....
  564   278  2402  1289  4140 .+.-
  565   664  1779    39  4764 .+.-
  566  1050  2792   425  3751 .+.-
  567  1436   186   811  1197 ....
  568   572  2169  1583  4374 .+.-
  569   958  3181   333  3361 .+.-
  570  1344    94   719  1105 ....
  571   480  2558  1491  3984 .+.-
  572   866  1935   241  4607 .+.-
  573  1252  2948   627  3594 .+.-
  574     2   388  1013  1399 ....
  575   774  2325   149  4217 .+.-
  576  1160  1702   535  4840 .+.-
  577  1546  2715   921  3827 .+.-
  578   296   682  1307    57 ....
  579  1068  2092   443  4450 .+.-
  580  1454  3105   829  3437 .+.-
  581   204  2482  1215  4060 .+.-
  582   590   976  1601   351 ....
  583  1362  1859   737  4683 .+.-
  584   112  2872  1123  3671 .+.-
  585   498   884  1509   259 ....
  586  1270  2249   645  4294 .+.-
  587    20  3262  1031  3281 .+.-
  588   406  2638  1417  3904 .+.-
  589   792  1178   167   553 ....
  590  1564  2015   939  4527 .+.-
  591   314  3028  1325  3514 .+.-
  592   700  2405    75  4137 .+.-
  593  1086  1472   461   847 ....
  594   222  1782  1233  4760 .+.-
  595   608  2795  1619  3747 .+.-
  596   994  1380   369   755 ....
  597   130  2172  1141  4370 .+.-
  598   516  3185  1527  3357 .+.-
  599   902  2562   277  3980 .+.-
  600  1288    38   663  1049 ....
  601   424  1939  1435  4603 .+.-
  602   810  2952   185  3590 .+.-
  603  1196  2329   571  4214 .+.-
  604  1582   332   957  1343 ....
  605   718  1706    93  4837 .+.-
  606  1104  2719   479  3824 .+.-
  607  1490   240   865  1251 ....
  608   626  2095     1  4447 .+.-
  609  1012  3108   387  3434 .+.-
  610  1398  2485   773  4057 .+.-
  611   148   534  1159  1545 ....
  612   920  1862   295  4680 .+.-
  613  1306  2875   681  3667 .+.-
  614    56  2252  1067  4290 .+.-
  615   442   828  1453   203 ....
  616  1214  3265   589  3277 .+.-
  617  1600  2642   975  3900 .+.-
  618   350  2019  1361  4523 .+.-
  619   736  1122   111   497 ....
  620  1508  3032   883  3510 .+.-
  621   258  2409  1269  4134 .+.-
  622   644  1030    19   405 ....
  623  1416  1786   791  4757 .+.-
  624   166  2799  1177  3744 .+.-
  625   552  2176  1563  4367 .+.-
  626   938  1324   313   699 ....
  627    74  3188  1085  3354 .+.-
  628   460  2565  1471  3977 .+.-
  629   846  1942   221  4600 .+.-
  630  1232  1618   607   993 ....
  631   368  2955  1379  3587 .+.-
  632   754  2332   129  4210 .+.-
  633  1140  1526   515   901 ....
  634   276  1709  1287  4833 .+.-
  635   662  2722    37  3820 .+.-
  636  1048  2099   423  4443 .+.-
  637  1434   184   809  1195 ....
  638   570  3112  1581  3430 .+.-
  639   956  2489   331  4053 .+.-
  640  1342  1866   717  4677 .+.-
  641    92   478  1103  1489 ....
  642   864  2879   239  3664 .+.-
  643  1250  2256   625  4287 .+.-
Total data plus flush bits=1636, p-parity bits=470, q-parity=470, Errors=0, Repetition=0
