R5T45XRE
Channel Interleaving, Puncturing and Mapping to 16-QAM
User data=1280, with flush=1284, Channel Symbols=644, Channel Bits=2576, Parity=1292, p=q=646, Coding Rate=0.496894
D=1280, FECSy=644, DF=1284, N=2576, P=1292, p=646, distep=793, dd=0, pistep=401, pp=645, ppstep=1.987616, ppstart=1284.500000, qpstart=2569.493896, k=2, mx=322.000000

Symbol   I1    I0    Q1    Q0  Pattern= . =data, + =p parity, - =q parity
-------------------------------------------------------------------------
    0  2566  2079  2569  3056 ++--
    1     0  1592   793  3543 .+.-
    2   302  2389  1095  2746 .+.-
    3   604  1902   113  3233 .+.-
    4   906  1415   415  3720 .+.-
    5  1208  2212   717  2923 .+.-
    6   226  1725  1019  3410 .+.-
    7   528  2522    37  2613 .+.-
    8   830  2035   339  3100 .+.-
    9  1132  1548   641  3587 .+.-
   10   150  2345   943  2790 .+.-
   11   452  1858  1245  3277 .+.-
   12   754  1371   263  3764 .+.-
   13  1056  2168   565  2967 .+.-
   14    74  1682   867  3453 .+.-
   15   376  2479  1169  2656 .+.-
   16   678  1992   187  3143 .+.-
   17   980  1505   489  3630 .+.-
   18  1282  2302   791  2833 .+.-
   19   300  1815  1093  3320 .+.-
   20   602  1328   111  3807 .+.-
   21   904  2125   413  3010 .+.-
   22  1206  1638   715  3497 .+.-
   23   224  2435  1017  2700 .+.-
   24   526  1948    35  3187 .+.-
   25   828  1461   337  3674 .+.-
   26  1130  2258   639  2877 .+.-
   27   148  1771   941  3364 .+.-
   28   450  1284  1243  3851 .+.-
   29   752  2081   261  3054 .+.-
   30  1054  1594   563  3541 .+.-
   31    72  2391   865  2744 .+.-
   32   374  1904  1167  3231 .+.-
   33   676  1417   185  3718 .+.-
   34   978  2214   487  2921 .+.-
   35  1280  1727   789  3408 .+.-
   36   298  2524  1091  2611 .+.-
   37   600  2037   109  3098 .+.-
   38   902  1550   411  3585 .+.-
   39  1204  2347   713  2788 .+.-
   40   222  1860  1015  3275 .+.-
   41   524  1373    33  3762 .+.-
   42   826  2170   335  2965 .+.-
   43  1128  1684   637  3451 .+.-
   44   146  2481   939  2654 .+.-
   45   448  1994  1241  3141 .+.-
   46   750  1507   259  3628 .+.-
   47  1052  2304   561  2831 .+.-
   48    70  1817   863  3318 .+.-
   49   372  1330  1165  3805 .+.-
   50   674  2127   183  3008 .+.-
   51   976  1640   485  3495 .+.-
   52  1278  2437   787  2698 .+.-
   53   296  1950  1089  3185 .+.-
   54   598  1463   107  3672 .+.-
   55   900  2260   409  2875 .+.-
   56  1202  1773   711  3362 .+.-
   57   220  1286  1013  3849 .+.-
   58   522  2083    31  3052 .+.-
   59   824  1596   333  3539 .+.-
   60  1126  2393   635  2742 .+.-
   61   144  1906   937  3229 .+.-
   62   446  1419  1239  3716 .+.-
   63   748  2216   257  2919 .+.-
   64  1050  1729   559  3406 .+.-
   65    68  2526   861  2609 .+.-
   66   370  2039  1163  3096 .+.-
   67   672  1552   181  3583 .+.-
   68   974  2349   483  2786 .+.-
   69  1276  1862   785  3273 .+.-
   70   294  1375  1087  3760 .+.-
   71   596  2172   105  2963 .+.-
   72   898  1685   407  3450 .+.-
   73  1200  2483   709  2652 .+.-
   74   218  1996  1011  3139 .+.-
   75   520  1509    29  3626 .+.-
   76   822  2306   331  2829 .+.-
   77  1124  1819   633  3316 .+.-
   78   142  1332   935  3803 .+.-
   79   444  2129  1237  3006 .+.-
   80   746  1642   255  3493 .+.-
   81  1048  2439   557  2696 .+.-
   82    66  1952   859  3183 .+.-
   83   368  1465  1161  3670 .+.-
   84   670  2262   179  2873 .+.-
   85   972  1775   481  3360 .+.-
   86  1274  1288   783  3847 .+.-
   87   292  2085  1085  3050 .+.-
   88   594  1598   103  3537 .+.-
   89   896  2395   405  2740 .+.-
   90  1198  1908   707  3227 .+.-
   91   216  1421  1009  3714 .+.-
   92   518  2218    27  2917 .+.-
   93   820  1731   329  3404 .+.-
   94  1122  2528   631  2607 .+.-
   95   140  2041   933  3094 .+.-
   96   442  1554  1235  3581 .+.-
   97   744  2351   253  2784 .+.-
   98  1046  1864   555  3271 .+.-
   99    64  1377   857  3758 .+.-
  100   366  2174  1159  2961 .+.-
  101   668  1687   177  3448 .+.-
  102   970  2485   479  2650 .+.-
  103  1272  1998   781  3137 .+.-
  104   290  1511  1083  3624 .+.-
  105   592  2308   101  2827 .+.-
  106   894  1821   403  3314 .+.-
  107  1196  1334   705  3801 .+.-
  108   214  2131  1007  3004 .+.-
  109   516  1644    25  3491 .+.-
  110   818  2441   327  2694 .+.-
  111  1120  1954   629  3181 .+.-
  112   138  1467   931  3668 .+.-
  113   440  2264  1233  2871 .+.-
  114   742  1777   251  3358 .+.-
  115  1044  1290   553  3845 .+.-
  116    62  2087   855  3048 .+.-
  117   364  1600  1157  3535 .+.-
  118   666  2397   175  2738 .+.-
  119   968  1910   477  3225 .+.-
  120  1270  1423   779  3712 .+.-
  121   288  2220  1081  2915 .+.-
  122   590  1733    99  3402 .+.-
  123   892  2530   401  2605 .+.-
  124  1194  2043   703  3092 .+.-
  125   212  1556  1005  3579 .+.-
  126   514  2353    23  2782 .+.-
  127   816  1866   325  3269 .+.-
  128  1118  1379   627  3756 .+.-
  129   136  2176   929  2959 .+.-
  130   438  1689  1231  3446 .+.-
  131   740  2487   249  2648 .+.-
  132  1042  2000   551  3135 .+.-
  133    60  1513   853  3622 .+.-
  134   362  2310  1155  2825 .+.-
  135   664  1823   173  3312 .+.-
  136   966  1336   475  3799 .+.-
  137  1268  2133   777  3002 .+.-
  138   286  1646  1079  3489 .+.-
  139   588  2443    97  2692 .+.-
  140   890  1956   399  3179 .+.-
  141  1192  1469   701  3666 .+.-
  142   210  2266  1003  2869 .+.-
  143   512  1779    21  3356 .+.-
  144   814  1292   323  3843 .+.-
  145  1116  2089   625  3046 .+.-
  146   134  1602   927  3533 .+.-
  147   436  2399  1229  2736 .+.-
  148   738  1912   247  3223 .+.-
  149  1040  1425   549  3710 .+.-
  150    58  2222   851  2913 .+.-
  151   360  1735  1153  3400 .+.-
  152   662  2532   171  2603 .+.-
  153   964  2045   473  3090 .+.-
  154  1266  1558   775  3577 .+.-
  155   284  2355  1077  2780 .+.-
  156   586  1868    95  3267 .+.-
  157   888  1381   397  3754 .+.-
  158  1190  2178   699  2957 .+.-
  159   208  1691  1001  3444 .+.-
  160   510  2488    19  2647 .+.-
  161   812  2002   321  3133 .+.-
  162  1114  1515   623  3620 .+.-
  163   132  2312   925  2823 .+.-
  164   434  1825  1227  3310 .+.-
  165   736  1338   245  3797 .+.-
  166  1038  2135   547  3000 .+.-
  167    56  1648   849  3487 .+.-
  168   358  2445  1151  2690 .+.-
  169   660  1958   169  3177 .+.-
  170   962  1471   471  3664 .+.-
  171  1264  2268   773  2867 .+.-
  172   282  1781  1075  3354 .+.-
  173   584  1294    93  3841 .+.-
  174   886  2091   395  3044 .+.-
  175  1188  1604   697  3531 .+.-
  176   206  2401   999  2734 .+.-
  177   508  1914    17  3221 .+.-
  178   810  1427   319  3708 .+.-
  179  1112  2224   621  2911 .+.-
  180   130  1737   923  3398 .+.-
  181   432  2534  1225  2601 .+.-
  182   734  2047   243  3088 .+.-
  183  1036  1560   545  3575 .+.-
  184    54  2357   847  2778 .+.-
  185   356  1870  1149  3265 .+.-
  186   658  1383   167  3752 .+.-
  187   960  2180   469  2955 .+.-
  188  1262  1693   771  3442 .+.-
  189   280  2490  1073  2645 .+.-
  190   582  2004    91  3131 .+.-
  191   884  1517   393  3618 .+.-
  192  1186  2314   695  2821 .+.-
  193   204  1827   997  3308 .+.-
  194   506  1340    15  3795 .+.-
  195   808  2137   317  2998 .+.-
  196  1110  1650   619  3485 .+.-
  197   128  2447   921  2688 .+.-
  198   430  1960  1223  3175 .+.-
  199   732  1473   241  3662 .+.-
  200  1034  2270   543  2865 .+.-
  201    52  1783   845  3352 .+.-
  202   354  1296  1147  3839 .+.-
  203   656  2093   165  3042 .+.-
  204   958  1606   467  3529 .+.-
  205  1260  2403   769  2732 .+.-
  206   278  1916  1071  3219 .+.-
  207   580  1429    89  3706 .+.-
  208   882  2226   391  2909 .+.-
  209  1184  1739   693  3396 .+.-
  210   202  2536   995  2599 .+.-
  211   504  2049    13  3086 .+.-
  212   806  1562   315  3573 .+.-
  213  1108  2359   617  2776 .+.-
  214   126  1872   919  3263 .+.-
  215   428  1385  1221  3750 .+.-
  216   730  2182   239  2953 .+.-
  217  1032  1695   541  3440 .+.-
  218    50  2492   843  2643 .+.-
  219   352  2006  1145  3130 .+.-
  220   654  1519   163  3616 .+.-
  221   956  2316   465  2819 .+.-
  222  1258  1829   767  3306 .+.-
  223   276  1342  1069  3793 .+.-
  224   578  2139    87  2996 .+.-
  225   880  1652   389  3483 .+.-
  226  1182  2449   691  2686 .+.-
  227   200  1962   993  3173 .+.-
  228   502  1475    11  3660 .+.-
  229   804  2272   313  2863 .+.-
  230  1106  1785   615  3350 .+.-
  231   124  1298   917  3837 .+.-
  232   426  2095  1219  3040 .+.-
  233   728  1608   237  3527 .+.-
  234  1030  2405   539  2730 .+.-
  235    48  1918   841  3217 .+.-
  236   350  1431  1143  3704 .+.-
  237   652  2228   161  2907 .+.-
  238   954  1741   463  3394 .+.-
  239  1256  2538   765  2597 .+.-
  240   274  2051  1067  3084 .+.-
  241   576  1564    85  3571 .+.-
  242   878  2361   387  2774 .+.-
  243  1180  1874   689  3261 .+.-
  244   198  1387   991  3748 .+.-
  245   500  2184     9  2951 .+.-
  246   802  1697   311  3438 .+.-
  247  1104  2494   613  2641 .+.-
  248   122  2007   915  3128 .+.-
  249   424  1521  1217  3614 .+.-
  250   726  2318   235  2817 .+.-
  251  1028  1831   537  3304 .+.-
  252    46  1344   839  3791 .+.-
  253   348  2141  1141  2994 .+.-
  254   650  1654   159  3481 .+.-
  255   952  2451   461  2684 .+.-
  256  1254  1964   763  3171 .+.-
  257   272  1477  1065  3658 .+.-
  258   574  2274    83  2861 .+.-
  259   876  1787   385  3348 .+.-
  260  1178  1300   687  3835 .+.-
  261   196  2097   989  3038 .+.-
  262   498  1610     7  3525 .+.-
  263   800  2407   309  2728 .+.-
  264  1102  1920   611  3215 .+.-
  265   120  1433   913  3702 .+.-
  266   422  2230  1215  2905 .+.-
  267   724  1743   233  3392 .+.-
  268  1026  2540   535  2595 .+.-
  269    44  2053   837  3082 .+.-
  270   346  1566  1139  3569 .+.-
  271   648  2363   157  2772 .+.-
  272   950  1876   459  3259 .+.-
  273  1252  1389   761  3746 .+.-
  274   270  2186  1063  2949 .+.-
  275   572  1699    81  3436 .+.-
  276   874  2496   383  2639 .+.-
  277  1176  2009   685  3126 .+.-
  278   194  1523   987  3612 .+.-
  279   496  2320     5  2815 .+.-
  280   798  1833   307  3302 .+.-
  281  1100  1346   609  3789 .+.-
  282   118  2143   911  2992 .+.-
  283   420  1656  1213  3479 .+.-
  284   722  2453   231  2682 .+.-
  285  1024  1966   533  3169 .+.-
  286    42  1479   835  3656 .+.-
  287   344  2276  1137  2859 .+.-
  288   646  1789   155  3346 .+.-
  289   948  1302   457  3833 .+.-
  290  1250  2099   759  3036 .+.-
  291   268  1612  1061  3523 .+.-
  292   570  2409    79  2726 .+.-
  293   872  1922   381  3213 .+.-
  294  1174  1435   683  3700 .+.-
  295   192  2232   985  2903 .+.-
  296   494  1745     3  3390 .+.-
  297   796  2542   305  2593 .+.-
  298  1098  2055   607  3080 .+.-
  299   116  1568   909  3567 .+.-
  300   418  2365  1211  2770 .+.-
  301   720  1878   229  3257 .+.-
  302  1022  1391   531  3744 .+.-
  303    40  2188   833  2947 .+.-
  304   342  1701  1135  3434 .+.-
  305   644  2498   153  2637 .+.-
  306   946  2011   455  3124 .+.-
  307  1248  1525   757  3611 .+.-
  308   266  2322  1059  2813 .+.-
  309   568  1835    77  3300 .+.-
  310   870  1348   379  3787 .+.-
  311  1172  2145   681  2990 .+.-
  312   190  1658   983  3477 .+.-
  313   492  2455     1  2680 .+.-
  314   794  1968   303  3167 .+.-
  315  1096  1481   605  3654 .+.-
  316   114  2278   907  2857 .+.-
  317   416  1791  1209  3344 .+.-
  318   718  1304   227  3831 .+.-
  319  1020  2101   529  3034 .+.-
  320    38  1614   831  3521 .+.-
  321   340  2411  1133  2724 .+.-
  322  1924  1437  3211  3698 ++--
  323   642  2234   151  2901 .+.-
  324   944  1747   453  3388 .+.-
  325  1246  2544   755  2591 .+.-
  326   264  2057  1057  3078 .+.-
  327   566  1570    75  3565 .+.-
  328   868  2367   377  2768 .+.-
  329  1170  1880   679  3255 .+.-
  330   188  1393   981  3742 .+.-
  331   490  2190  1283  2945 .+.-
  332   792  1703   301  3432 .+.-
  333  1094  2500   603  2635 .+.-
  334   112  2013   905  3122 .+.-
  335   414  1526  1207  3609 .+.-
  336   716  2324   225  2811 .+.-
  337  1018  1837   527  3298 .+.-
  338    36  1350   829  3785 .+.-
  339   338  2147  1131  2988 .+.-
  340   640  1660   149  3475 .+.-
  341   942  2457   451  2678 .+.-
  342  1244  1970   753  3165 .+.-
  343   262  1483  1055  3652 .+.-
  344   564  2280    73  2855 .+.-
  345   866  1793   375  3342 .+.-
  346  1168  1306   677  3829 .+.-
  347   186  2103   979  3032 .+.-
  348   488  1616  1281  3519 .+.-
  349   790  2413   299  2722 .+.-
  350  1092  1926   601  3209 .+.-
  351   110  1439   903  3696 .+.-
  352   412  2236  1205  2899 .+.-
  353   714  1749   223  3386 .+.-
  354  1016  2546   525  2589 .+.-
  355    34  2059   827  3076 .+.-
  356   336  1572  1129  3563 .+.-
  357   638  2369   147  2766 .+.-
  358   940  1882   449  3253 .+.-
  359  1242  1395   751  3740 .+.-
  360   260  2192  1053  2943 .+.-
  361   562  1705    71  3430 .+.-
  362   864  2502   373  2633 .+.-
  363  1166  2015   675  3120 .+.-
  364   184  1528   977  3607 .+.-
  365   486  2326  1279  2809 .+.-
  366   788  1839   297  3296 .+.-
  367  1090  1352   599  3783 .+.-
  368   108  2149   901  2986 .+.-
  369   410  1662  1203  3473 .+.-
  370   712  2459   221  2676 .+.-
  371  1014  1972   523  3163 .+.-
  372    32  1485   825  3650 .+.-
  373   334  2282  1127  2853 .+.-
  374   636  1795   145  3340 .+.-
  375   938  1308   447  3827 .+.-
  376  1240  2105   749  3030 .+.-
  377   258  1618  1051  3517 .+.-
  378   560  2415    69  2720 .+.-
  379   862  1928   371  3207 .+.-
  380  1164  1441   673  3694 .+.-
  381   182  2238   975  2897 .+.-
  382   484  1751  1277  3384 .+.-
  383   786  2548   295  2587 .+.-
  384  1088  2061   597  3074 .+.-
  385   106  1574   899  3561 .+.-
  386   408  2371  1201  2764 .+.-
  387   710  1884   219  3251 .+.-
  388  1012  1397   521  3738 .+.-
  389    30  2194   823  2941 .+.-
  390   332  1707  1125  3428 .+.-
  391   634  2504   143  2631 .+.-
  392   936  2017   445  3118 .+.-
  393  1238  1530   747  3605 .+.-
  394   256  2327  1049  2808 .+.-
  395   558  1841    67  3294 .+.-
  396   860  1354   369  3781 .+.-
  397  1162  2151   671  2984 .+.-
  398   180  1664   973  3471 .+.-
  399   482  2461  1275  2674 .+.-
  400   784  1974   293  3161 .+.-
  401  1086  1487   595  3648 .+.-
  402   104  2284   897  2851 .+.-
  403   406  1797  1199  3338 .+.-
  404   708  1310   217  3825 .+.-
  405  1010  2107   519  3028 .+.-
  406    28  1620   821  3515 .+.-
  407   330  2417  1123  2718 .+.-
  408   632  1930   141  3205 .+.-
  409   934  1443   443  3692 .+.-
  410  1236  2240   745  2895 .+.-
  411   254  1753  1047  3382 .+.-
  412   556  2550    65  2585 .+.-
  413   858  2063   367  3072 .+.-
  414  1160  1576   669  3559 .+.-
  415   178  2373   971  2762 .+.-
  416   480  1886  1273  3249 .+.-
  417   782  1399   291  3736 .+.-
  418  1084  2196   593  2939 .+.-
  419   102  1709   895  3426 .+.-
  420   404  2506  1197  2629 .+.-
  421   706  2019   215  3116 .+.-
  422  1008  1532   517  3603 .+.-
  423    26  2329   819  2806 .+.-
  424   328  1843  1121  3292 .+.-
  425   630  1356   139  3779 .+.-
  426   932  2153   441  2982 .+.-
  427  1234  1666   743  3469 .+.-
  428   252  2463  1045  2672 .+.-
  429   554  1976    63  3159 .+.-
  430   856  1489   365  3646 .+.-
  431  1158  2286   667  2849 .+.-
  432   176  1799   969  3336 .+.-
  433   478  1312  1271  3823 .+.-
  434   780  2109   289  3026 .+.-
  435  1082  1622   591  3513 .+.-
  436   100  2419   893  2716 .+.-
  437   402  1932  1195  3203 .+.-
  438   704  1445   213  3690 .+.-
  439  1006  2242   515  2893 .+.-
  440    24  1755   817  3380 .+.-
  441   326  2552  1119  2583 .+.-
  442   628  2065   137  3070 .+.-
  443   930  1578   439  3557 .+.-
  444  1232  2375   741  2760 .+.-
  445   250  1888  1043  3247 .+.-
  446   552  1401    61  3734 .+.-
  447   854  2198   363  2937 .+.-
  448  1156  1711   665  3424 .+.-
  449   174  2508   967  2627 .+.-
  450   476  2021  1269  3114 .+.-
  451   778  1534   287  3601 .+.-
  452  1080  2331   589  2804 .+.-
  453    98  1845   891  3290 .+.-
  454   400  1358  1193  3777 .+.-
  455   702  2155   211  2980 .+.-
  456  1004  1668   513  3467 .+.-
  457    22  2465   815  2670 .+.-
  458   324  1978  1117  3157 .+.-
  459   626  1491   135  3644 .+.-
  460   928  2288   437  2847 .+.-
  461  1230  1801   739  3334 .+.-
  462   248  1314  1041  3821 .+.-
  463   550  2111    59  3024 .+.-
  464   852  1624   361  3511 .+.-
  465  1154  2421   663  2714 .+.-
  466   172  1934   965  3201 .+.-
  467   474  1447  1267  3688 .+.-
  468   776  2244   285  2891 .+.-
  469  1078  1757   587  3378 .+.-
  470    96  2554   889  2581 .+.-
  471   398  2067  1191  3068 .+.-
  472   700  1580   209  3555 .+.-
  473  1002  2377   511  2758 .+.-
  474    20  1890   813  3245 .+.-
  475   322  1403  1115  3732 .+.-
  476   624  2200   133  2935 .+.-
  477   926  1713   435  3422 .+.-
  478  1228  2510   737  2625 .+.-
  479   246  2023  1039  3112 .+.-
  480   548  1536    57  3599 .+.-
  481   850  2333   359  2802 .+.-
  482  1152  1846   661  3289 .+.-
  483   170  1360   963  3775 .+.-
  484   472  2157  1265  2978 .+.-
  485   774  1670   283  3465 .+.-
  486  1076  2467   585  2668 .+.-
  487    94  1980   887  3155 .+.-
  488   396  1493  1189  3642 .+.-
  489   698  2290   207  2845 .+.-
  490  1000  1803   509  3332 .+.-
  491    18  1316   811  3819 .+.-
  492   320  2113  1113  3022 .+.-
  493   622  1626   131  3509 .+.-
  494   924  2423   433  2712 .+.-
  495  1226  1936   735  3199 .+.-
  496   244  1449  1037  3686 .+.-
  497   546  2246    55  2889 .+.-
  498   848  1759   357  3376 .+.-
  499  1150  2556   659  2579 .+.-
  500   168  2069   961  3066 .+.-
  501   470  1582  1263  3553 .+.-
  502   772  2379   281  2756 .+.-
  503  1074  1892   583  3243 .+.-
  504    92  1405   885  3730 .+.-
  505   394  2202  1187  2933 .+.-
  506   696  1715   205  3420 .+.-
  507   998  2512   507  2623 .+.-
  508    16  2025   809  3110 .+.-
  509   318  1538  1111  3597 .+.-
  510   620  2335   129  2800 .+.-
  511   922  1848   431  3287 .+.-
  512  1224  1362   733  3773 .+.-
  513   242  2159  1035  2976 .+.-
  514   544  1672    53  3463 .+.-
  515   846  2469   355  2666 .+.-
  516  1148  1982   657  3153 .+.-
  517   166  1495   959  3640 .+.-
  518   468  2292  1261  2843 .+.-
  519   770  1805   279  3330 .+.-
  520  1072  1318   581  3817 .+.-
  521    90  2115   883  3020 .+.-
  522   392  1628  1185  3507 .+.-
  523   694  2425   203  2710 .+.-
  524   996  1938   505  3197 .+.-
  525    14  1451   807  3684 .+.-
  526   316  2248  1109  2887 .+.-
  527   618  1761   127  3374 .+.-
  528   920  2558   429  2577 .+.-
  529  1222  2071   731  3064 .+.-
  530   240  1584  1033  3551 .+.-
  531   542  2381    51  2754 .+.-
  532   844  1894   353  3241 .+.-
  533  1146  1407   655  3728 .+.-
  534   164  2204   957  2931 .+.-
  535   466  1717  1259  3418 .+.-
  536   768  2514   277  2621 .+.-
  537  1070  2027   579  3108 .+.-
  538    88  1540   881  3595 .+.-
  539   390  2337  1183  2798 .+.-
  540   692  1850   201  3285 .+.-
  541   994  1364   503  3772 .+.-
  542    12  2161   805  2974 .+.-
  543   314  1674  1107  3461 .+.-
  544   616  2471   125  2664 .+.-
  545   918  1984   427  3151 .+.-
  546  1220  1497   729  3638 .+.-
  547   238  2294  1031  2841 .+.-
  548   540  1807    49  3328 .+.-
  549   842  1320   351  3815 .+.-
  550  1144  2117   653  3018 .+.-
  551   162  1630   955  3505 .+.-
  552   464  2427  1257  2708 .+.-
  553   766  1940   275  3195 .+.-
  554  1068  1453   577  3682 .+.-
  555    86  2250   879  2885 .+.-
  556   388  1763  1181  3372 .+.-
  557   690  2560   199  2575 .+.-
  558   992  2073   501  3062 .+.-
  559    10  1586   803  3549 .+.-
  560   312  2383  1105  2752 .+.-
  561   614  1896   123  3239 .+.-
  562   916  1409   425  3726 .+.-
  563  1218  2206   727  2929 .+.-
  564   236  1719  1029  3416 .+.-
  565   538  2516    47  2619 .+.-
  566   840  2029   349  3106 .+.-
  567  1142  1542   651  3593 .+.-
  568   160  2339   953  2796 .+.-
  569   462  1852  1255  3283 .+.-
  570   764  1365   273  3770 .+.-
  571  1066  2163   575  2972 .+.-
  572    84  1676   877  3459 .+.-
  573   386  2473  1179  2662 .+.-
  574   688  1986   197  3149 .+.-
  575   990  1499   499  3636 .+.-
  576     8  2296   801  2839 .+.-
  577   310  1809  1103  3326 .+.-
  578   612  1322   121  3813 .+.-
  579   914  2119   423  3016 .+.-
  580  1216  1632   725  3503 .+.-
  581   234  2429  1027  2706 .+.-
  582   536  1942    45  3193 .+.-
  583   838  1455   347  3680 .+.-
  584  1140  2252   649  2883 .+.-
  585   158  1765   951  3370 .+.-
  586   460  2562  1253  2573 .+.-
  587   762  2075   271  3060 .+.-
  588  1064  1588   573  3547 .+.-
  589    82  2385   875  2750 .+.-
  590   384  1898  1177  3237 .+.-
  591   686  1411   195  3724 .+.-
  592   988  2208   497  2927 .+.-
  593     6  1721   799  3414 .+.-
  594   308  2518  1101  2617 .+.-
  595   610  2031   119  3104 .+.-
  596   912  1544   421  3591 .+.-
  597  1214  2341   723  2794 .+.-
  598   232  1854  1025  3281 .+.-
  599   534  1367    43  3768 .+.-
  600   836  2165   345  2970 .+.-
  601  1138  1678   647  3457 .+.-
  602   156  2475   949  2660 .+.-
  603   458  1988  1251  3147 .+.-
  604   760  1501   269  3634 .+.-
  605  1062  2298   571  2837 .+.-
  606    80  1811   873  3324 .+.-
  607   382  1324  1175  3811 .+.-
  608   684  2121   193  3014 .+.-
  609   986  1634   495  3501 .+.-
  610     4  2431   797  2704 .+.-
  611   306  1944  1099  3191 .+.-
  612   608  1457   117  3678 .+.-
  613   910  2254   419  2881 .+.-
  614  1212  1767   721  3368 .+.-
  615   230  2564  1023  2571 .+.-
  616   532  2077    41  3058 .+.-
  617   834  1590   343  3545 .+.-
  618  1136  2387   645  2748 .+.-
  619   154  1900   947  3235 .+.-
  620   456  1413  1249  3722 .+.-
  621   758  2210   267  2925 .+.-
  622  1060  1723   569  3412 .+.-
  623    78  2520   871  2615 .+.-
  624   380  2033  1173  3102 .+.-
  625   682  1546   191  3589 .+.-
  626   984  2343   493  2792 .+.-
  627     2  1856   795  3279 .+.-
  628   304  1369  1097  3766 .+.-
  629   606  2167   115  2969 .+.-
  630   908  1680   417  3455 .+.-
  631  1210  2477   719  2658 .+.-
  632   228  1990  1021  3145 .+.-
  633   530  1503    39  3632 .+.-
  634   832  2300   341  2835 .+.-
  635  1134  1813   643  3322 .+.-
  636   152  1326   945  3809 .+.-
  637   454  2123  1247  3012 .+.-
  638   756  1636   265  3499 .+.-
  639  1058  2433   567  2702 .+.-
  640    76  1946   869  3189 .+.-
  641   378  1459  1171  3676 .+.-
  642   680  2256   189  2879 .+.-
  643   982  1769   491  3366 .+.-
Total data plus flush bits=1284, p-parity bits=646, q-parity=646, Errors=0, Repetition=0
