R5T45QL5
Channel Interleaving, Puncturing and Mapping to QPSK
Data coding rate = 0.509317 with QPSK, UW coding rate = 0.403858 with BPSK
User data with 32 bit UW =656, with flush=660, p-parity=314+16, q-parity=314,  Channel Symbols=684, Channel Bits=1304
D=656, FECSy=684, DF=660 N=1304, P=314, Puw=16, Q=314, DPQ=1240, dpqstep=767, S=2.100319, ppstart=660.500000, qpstart=1321.550171

Symbol   I0    Q0  Pattern= . =data, + =p parity, - =q parity
-------------------------------------------------------------
    0     0     0 R.
    1     1     1 R.
    2     2     2 R.
    3     3     3 R.
    4     4     4 R.
    5     5     5 R.
    6     6     6 R.
    7     7     7 R.
    8     8     8 R.
    9     9     9 R.
   10    10    10 R.
   11    11    11 R.
   12    12    12 R.
   13    13    13 R.
   14    14    14 R.
   15    15    15 R.
   16    16    16 R.
   17    17    17 R.
   18    18    18 R.
   19    19    19 R.
   20    20    20 R.
   21    21    21 R.
   22    22    22 R.
   23    23    23 R.
   24    24    24 R.
   25    25    25 R.
   26    26    26 R.
   27    27    27 R.
   28    28    28 R.
   29    29    29 R.
   30    30    30 R.
   31    31    31 R.
   32   660   660 R+
   33   661   661 R+
   34   662   662 R+
   35   663   663 R+
   36   664   664 R+
   37   665   665 R+
   38   666   666 R+
   39   667   667 R+
   40    32  1777 .-
   41  1573  1369 --
   42  1164   960 ++
   43   757   593 +.
   44   496   399 ..
   45   302   205 ..
   46   108  1936 .-
   47  1733  1529 --
   48  1325  1120 -+
   49   916   713 ++
   50   572   475 ..
   51   378   281 ..
   52   184    87 ..
   53  1892  1689 --
   54  1485  1280 -+
   55  1076   872 ++
   56   648   551 ..
   57   454   357 ..
   58   260   163 ..
   59    66  1848 .-
   60  1644  1441 --
   61  1235  1032 ++
   62   828   627 +.
   63   530   433 ..
   64   336   239 ..
   65   142    45 ..
   66  1804  1600 --
   67  1397  1191 -+
   68   988   784 ++
   69   606   509 ..
   70   412   315 ..
   71   218   121 ..
   72  1964  1760 --
   73  1556  1353 --
   74  1147   944 ++
   75   740   585 +.
   76   488   391 ..
   77   294   197 ..
   78   100  1920 .-
   79  1716  1512 --
   80  1307  1103 ++
   81   899   696 ++
   82   564   467 ..
   83   370   273 ..
   84   176    79 ..
   85  1876  1672 --
   86  1468  1263 -+
   87  1059   855 ++
   88   640   543 ..
   89   446   349 ..
   90   252   155 ..
   91    58  1831 .-
   92  1628  1424 --
   93  1219  1015 ++
   94   811   619 +.
   95   522   425 ..
   96   328   231 ..
   97   134    37 ..
   98  1787  1584 --
   99  1380  1175 -+
  100   971   767 ++
  101   598   501 ..
  102   404   307 ..
  103   210   113 ..
  104  1947  1743 --
  105  1539  1336 --
  106  1130   927 ++
  107   723   577 +.
  108   480   383 ..
  109   286   189 ..
  110    92  1903 .-
  111  1699  1495 --
  112  1290  1086 ++
  113   883   653 +.
  114   556   459 ..
  115   362   265 ..
  116   168    71 ..
  117  1859  1655 --
  118  1451  1246 -+
  119  1042   839 ++
  120   632   535 ..
  121   438   341 ..
  122   244   147 ..
  123    50  1815 .-
  124  1611  1407 --
  125  1202   998 ++
  126   794   611 +.
  127   514   417 ..
  128   320   223 ..
  129   126  1974 .-
  130  1771  1567 --
  131  1363  1158 -+
  132   954   750 ++
  133   590   493 ..
  134   396   299 ..
  135   202   105 ..
  136  1930  1726 --
  137  1523  1317 -+
  138  1114   910 ++
  139   706   569 +.
  140   472   375 ..
  141   278   181 ..
  142    84  1886 .-
  143  1682  1479 --
  144  1273  1070 ++
  145   866   645 +.
  146   548   451 ..
  147   354   257 ..
  148   160    63 ..
  149  1842  1638 --
  150  1434  1229 -+
  151  1025   822 ++
  152   624   527 ..
  153   430   333 ..
  154   236   139 ..
  155    42  1798 .-
  156  1594  1390 --
  157  1185   981 ++
  158   778   603 +.
  159   506   409 ..
  160   312   215 ..
  161   118  1957 .-
  162  1754  1550 --
  163  1346  1141 -+
  164   937   734 ++
  165   582   485 ..
  166   388   291 ..
  167   194    97 ..
  168  1913  1710 --
  169  1506  1301 -+
  170  1097   893 ++
  171   658   561 ..
  172   464   367 ..
  173   270   173 ..
  174    76  1869 .-
  175  1666  1462 --
  176  1256  1053 ++
  177   849   637 +.
  178   540   443 ..
  179   346   249 ..
  180   152    55 ..
  181  1825  1621 --
  182  1418  1212 -+
  183  1009   805 ++
  184   616   519 ..
  185   422   325 ..
  186   228   131 ..
  187    34  1781 .-
  188  1577  1374 --
  189  1168   965 ++
  190   761   595 +.
  191   498   401 ..
  192   304   207 ..
  193   110  1941 .-
  194  1737  1533 --
  195  1329  1124 -+
  196   920   717 ++
  197   574   477 ..
  198   380   283 ..
  199   186    89 ..
  200  1897  1693 --
  201  1489  1284 -+
  202  1080   876 ++
  203   650   553 ..
  204   456   359 ..
  205   262   165 ..
  206    68  1852 .-
  207  1649  1445 --
  208  1240  1036 ++
  209   832   629 +.
  210   532   435 ..
  211   338   241 ..
  212   144    47 ..
  213  1808  1605 --
  214  1401  1196 -+
  215   992   788 ++
  216   608   511 ..
  217   414   317 ..
  218   220   123 ..
  219  1968  1764 --
  220  1560  1357 --
  221  1151   948 ++
  222   744   587 +.
  223   490   393 ..
  224   296   199 ..
  225   102  1924 .-
  226  1720  1516 --
  227  1311  1107 ++
  228   904   700 ++
  229   566   469 ..
  230   372   275 ..
  231   178    81 ..
  232  1880  1676 --
  233  1472  1267 -+
  234  1063   860 ++
  235   642   545 ..
  236   448   351 ..
  237   254   157 ..
  238    60  1836 .-
  239  1632  1428 --
  240  1223  1019 ++
  241   815   621 +.
  242   524   427 ..
  243   330   233 ..
  244   136    39 ..
  245  1792  1588 --
  246  1384  1179 -+
  247   975   771 ++
  248   600   503 ..
  249   406   309 ..
  250   212   115 ..
  251  1951  1747 --
  252  1544  1340 --
  253  1135   931 ++
  254   727   579 +.
  255   482   385 ..
  256   288   191 ..
  257    94  1907 .-
  258  1703  1500 --
  259  1294  1091 ++
  260   887   655 +.
  261   558   461 ..
  262   364   267 ..
  263   170    73 ..
  264  1863  1659 --
  265  1455  1250 -+
  266  1046   843 ++
  267   634   537 ..
  268   440   343 ..
  269   246   149 ..
  270    52  1819 .-
  271  1615  1411 --
  272  1206  1002 ++
  273   799   613 +.
  274   516   419 ..
  275   322   225 ..
  276   128  1978 .-
  277  1775  1571 --
  278  1367  1162 -+
  279   958   755 ++
  280   592   495 ..
  281   398   301 ..
  282   204   107 ..
  283  1934  1731 --
  284  1527  1323 --
  285  1118   914 ++
  286   710   571 +.
  287   474   377 ..
  288   280   183 ..
  289    86  1890 .-
  290  1687  1483 --
  291  1277  1074 ++
  292   870   647 +.
  293   550   453 ..
  294   356   259 ..
  295   162    65 ..
  296  1846  1642 --
  297  1439  1233 -+
  298  1030   826 ++
  299   626   529 ..
  300   432   335 ..
  301   238   141 ..
  302    44  1802 .-
  303  1598  1395 --
  304  1189   986 ++
  305   782   605 +.
  306   508   411 ..
  307   314   217 ..
  308   120  1962 .-
  309  1758  1554 --
  310  1350  1145 -+
  311   941   738 ++
  312   584   487 ..
  313   390   293 ..
  314   196    99 ..
  315  1918  1714 --
  316  1510  1305 -+
  317  1101   897 ++
  318   694   563 +.
  319   466   369 ..
  320   272   175 ..
  321    78  1873 .-
  322  1670  1466 --
  323  1261  1057 ++
  324   853   639 +.
  325   542   445 ..
  326   348   251 ..
  327   154    57 ..
  328  1829  1626 --
  329  1422  1217 -+
  330  1013   809 ++
  331   618   521 ..
  332   424   327 ..
  333   230   133 ..
  334    36  1785 .-
  335  1581  1378 --
  336  1172   969 ++
  337   765   597 +.
  338   500   403 ..
  339   306   209 ..
  340   112  1945 .-
  341  1741  1537 --
  342  1334  1128 -+
  343   925   721 ++
  344   576   479 ..
  345   382   285 ..
  346   188    91 ..
  347  1901  1697 --
  348  1493  1288 -+
  349  1084   881 ++
  350   652   555 ..
  351   458   361 ..
  352   264   167 ..
  353    70  1857 .-
  354  1653  1449 --
  355  1244  1040 ++
  356   836   631 +.
  357   534   437 ..
  358   340   243 ..
  359   146    49 ..
  360  1813  1609 --
  361  1405  1200 -+
  362   996   792 ++
  363   610   513 ..
  364   416   319 ..
  365   222   125 ..
  366  1972  1768 --
  367  1565  1361 --
  368  1156   952 ++
  369   748   589 +.
  370   492   395 ..
  371   298   201 ..
  372   104  1928 .-
  373  1724  1521 --
  374  1315  1112 ++
  375   908   704 ++
  376   568   471 ..
  377   374   277 ..
  378   180    83 ..
  379  1884  1680 --
  380  1476  1271 -+
  381  1067   864 ++
  382   644   547 ..
  383   450   353 ..
  384   256   159 ..
  385    62  1840 .-
  386  1636  1432 --
  387  1227  1023 ++
  388   820   623 +.
  389   526   429 ..
  390   332   235 ..
  391   138    41 ..
  392  1796  1592 --
  393  1388  1183 -+
  394   979   776 ++
  395   602   505 ..
  396   408   311 ..
  397   214   117 ..
  398  1955  1752 --
  399  1548  1344 --
  400  1139   935 ++
  401   731   581 +.
  402   484   387 ..
  403   290   193 ..
  404    96  1911 .-
  405  1708  1504 --
  406  1298  1095 ++
  407   891   657 +.
  408   560   463 ..
  409   366   269 ..
  410   172    75 ..
  411  1867  1663 --
  412  1460  1254 -+
  413  1051   847 ++
  414   636   539 ..
  415   442   345 ..
  416   248   151 ..
  417    54  1823 .-
  418  1619  1416 --
  419  1210  1007 ++
  420   803   615 +.
  421   518   421 ..
  422   324   227 ..
  423   130    33 ..
  424  1779  1575 --
  425  1371  1166 -+
  426   962   759 ++
  427   594   497 ..
  428   400   303 ..
  429   206   109 ..
  430  1939  1735 --
  431  1531  1327 --
  432  1122   918 ++
  433   715   573 +.
  434   476   379 ..
  435   282   185 ..
  436    88  1894 .-
  437  1691  1487 --
  438  1282  1078 ++
  439   874   649 +.
  440   552   455 ..
  441   358   261 ..
  442   164    67 ..
  443  1850  1647 --
  444  1443  1238 -+
  445  1034   830 ++
  446   628   531 ..
  447   434   337 ..
  448   240   143 ..
  449    46  1806 .-
  450  1602  1399 --
  451  1193   990 ++
  452   786   607 +.
  453   510   413 ..
  454   316   219 ..
  455   122  1966 .-
  456  1762  1558 --
  457  1355  1149 -+
  458   946   742 ++
  459   586   489 ..
  460   392   295 ..
  461   198   101 ..
  462  1922  1718 --
  463  1514  1309 -+
  464  1105   902 ++
  465   698   565 +.
  466   468   371 ..
  467   274   177 ..
  468    80  1878 .-
  469  1674  1470 --
  470  1265  1061 ++
  471   857   641 +.
  472   544   447 ..
  473   350   253 ..
  474   156    59 ..
  475  1834  1630 --
  476  1426  1221 -+
  477  1017   813 ++
  478   620   523 ..
  479   426   329 ..
  480   232   135 ..
  481    38  1789 .-
  482  1586  1382 --
  483  1177   973 ++
  484   769   599 +.
  485   502   405 ..
  486   308   211 ..
  487   114  1949 .-
  488  1745  1542 --
  489  1338  1133 -+
  490   929   725 ++
  491   578   481 ..
  492   384   287 ..
  493   190    93 ..
  494  1905  1701 --
  495  1497  1292 -+
  496  1088   885 ++
  497   654   557 ..
  498   460   363 ..
  499   266   169 ..
  500    72  1861 .-
  501  1657  1453 --
  502  1248  1044 ++
  503   841   633 +.
  504   536   439 ..
  505   342   245 ..
  506   148    51 ..
  507  1817  1613 --
  508  1409  1204 -+
  509  1000   797 ++
  510   612   515 ..
  511   418   321 ..
  512   224   127 ..
  513  1976  1773 --
  514  1569  1365 --
  515  1160   956 ++
  516   752   591 +.
  517   494   397 ..
  518   300   203 ..
  519   106  1932 .-
  520  1729  1525 --
  521  1321  1116 -+
  522   912   708 ++
  523   570   473 ..
  524   376   279 ..
  525   182    85 ..
  526  1888  1684 --
  527  1481  1275 -+
  528  1072   868 ++
  529   646   549 ..
  530   452   355 ..
  531   258   161 ..
  532    64  1844 .-
  533  1640  1437 --
  534  1231  1028 ++
  535   824   625 +.
  536   528   431 ..
  537   334   237 ..
  538   140    43 ..
  539  1800  1596 --
  540  1392  1187 -+
  541   983   780 ++
  542   604   507 ..
  543   410   313 ..
  544   216   119 ..
  545  1960  1756 --
  546  1552  1348 --
  547  1143   939 ++
  548   736   583 +.
  549   486   389 ..
  550   292   195 ..
  551    98  1915 .-
  552  1712  1508 --
  553  1303  1099 ++
  554   895   659 +.
  555   562   465 ..
  556   368   271 ..
  557   174    77 ..
  558  1871  1668 --
  559  1464  1259 -+
  560  1055   851 ++
  561   638   541 ..
  562   444   347 ..
  563   250   153 ..
  564    56  1827 .-
  565  1623  1420 --
  566  1214  1011 ++
  567   807   617 +.
  568   520   423 ..
  569   326   229 ..
  570   132    35 ..
  571  1783  1579 --
  572  1376  1170 -+
  573   967   763 ++
  574   596   499 ..
  575   402   305 ..
  576   208   111 ..
  577  1943  1739 --
  578  1535  1332 --
  579  1126   923 ++
  580   719   575 +.
  581   478   381 ..
  582   284   187 ..
  583    90  1899 .-
  584  1695  1491 --
  585  1286  1082 ++
  586   878   651 +.
  587   554   457 ..
  588   360   263 ..
  589   166    69 ..
  590  1855  1651 --
  591  1447  1242 -+
  592  1038   834 ++
  593   630   533 ..
  594   436   339 ..
  595   242   145 ..
  596    48  1810 .-
  597  1607  1403 --
  598  1198   994 ++
  599   790   609 +.
  600   512   415 ..
  601   318   221 ..
  602   124  1970 .-
  603  1766  1563 --
  604  1359  1154 -+
  605   950   746 ++
  606   588   491 ..
  607   394   297 ..
  608   200   103 ..
  609  1926  1722 --
  610  1518  1313 -+
  611  1109   906 ++
  612   702   567 +.
  613   470   373 ..
  614   276   179 ..
  615    82  1882 .-
  616  1678  1474 --
  617  1269  1065 ++
  618   862   643 +.
  619   546   449 ..
  620   352   255 ..
  621   158    61 ..
  622  1838  1634 --
  623  1430  1225 -+
  624  1021   818 ++
  625   622   525 ..
  626   428   331 ..
  627   234   137 ..
  628    40  1794 .-
  629  1590  1386 --
  630  1181   977 ++
  631   773   601 +.
  632   504   407 ..
  633   310   213 ..
  634   116  1953 .-
  635  1750  1546 --
  636  1342  1137 -+
  637   933   729 ++
  638   580   483 ..
  639   386   289 ..
  640   192    95 ..
  641  1909  1705 --
  642  1502  1296 -+
  643  1093   889 ++
  644   656   559 ..
  645   462   365 ..
  646   268   171 ..
  647    74  1865 .-
  648  1661  1458 --
  649  1252  1049 ++
  650   845   635 +.
  651   538   441 ..
  652   344   247 ..
  653   150    53 ..
  654  1821  1617 --
  655  1413  1208 -+
  656  1004   801 ++
  657   614   517 ..
  658   420   323 ..
  659   226   129 ..
  660   668   668 R+
  661   669   669 R+
  662   670   670 R+
  663   671   671 R+
  664   672   672 R+
  665   673   673 R+
  666   674   674 R+
  667   675   675 R+
  668   676   676 R+
  669   677   677 R+
  670   678   678 R+
  671   679   679 R+
  672   680   680 R+
  673   681   681 R+
  674   682   682 R+
  675   683   683 R+
  676   684   684 R+
  677   685   685 R+
  678   686   686 R+
  679   687   687 R+
  680   688   688 R+
  681   689   689 R+
  682   690   690 R+
  683   691   691 R+
Total data plus flush bits=660, p-parity bits=330, q-parity=314, Errors=0, Repetition=64
