R5T45QL8
Channel Interleaving, Puncturing and Mapping to QPSK
Data coding rate = 0.337682 with QPSK, UW coding rate = 0.336878 with BPSK
User data with 32 bit UW =440, with flush=444, p-parity=430+1, q-parity=429,  Channel Symbols=684, Channel Bits=1304
D=440, FECSy=684, DF=444 N=1304, P=430, Puw=1, Q=429, DPQ=1240, dpqstep=767, S=1.032598, ppstart=444.500000, qpstart=889.016296

Symbol   I0    Q0  Pattern= . =data, + =p parity, - =q parity
-------------------------------------------------------------
    0     0     0 R.
    1     1     1 R.
    2     2     2 R.
    3     3     3 R.
    4     4     4 R.
    5     5     5 R.
    6     6     6 R.
    7     7     7 R.
    8     8     8 R.
    9     9     9 R.
   10    10    10 R.
   11    11    11 R.
   12    12    12 R.
   13    13    13 R.
   14    14    14 R.
   15    15    15 R.
   16    16    16 R.
   17    17    17 R.
   18    18    18 R.
   19    19    19 R.
   20    20    20 R.
   21    21    21 R.
   22    22    22 R.
   23    23    23 R.
   24    24    24 R.
   25    25    25 R.
   26    26    26 R.
   27    27    27 R.
   28    28    28 R.
   29    29    29 R.
   30    30    30 R.
   31    31    31 R.
   32   444   444 R+
   33   445   445 R+
   34   446   446 R+
   35   447   447 R+
   36   448   448 R+
   37   449   449 R+
   38   450   450 R+
   39   451   451 R+
   40    32  1231 .-
   41  1131  1031 --
   42   931   830 -+
   43   730   630 ++
   44   530   399 +.
   45   302   205 ..
   46   108  1310 .-
   47  1210  1109 --
   48  1009   909 --
   49   809   708 ++
   50   608   508 ++
   51   378   281 ..
   52   184    87 ..
   53  1288  1188 --
   54  1088   988 --
   55   887   787 ++
   56   687   586 ++
   57   486   357 +.
   58   260   163 ..
   59    66  1266 .-
   60  1166  1066 --
   61   966   865 -+
   62   765   665 ++
   63   565   433 +.
   64   336   239 ..
   65   142    45 ..
   66  1245  1145 --
   67  1044   944 --
   68   844   743 ++
   69   643   543 ++
   70   412   315 ..
   71   218   121 ..
   72  1323  1223 --
   73  1123  1023 --
   74   923   822 -+
   75   722   622 ++
   76   521   391 +.
   77   294   197 ..
   78   100  1302 .-
   79  1201  1101 --
   80  1001   901 --
   81   800   700 ++
   82   600   500 ++
   83   370   273 ..
   84   176    79 ..
   85  1280  1180 --
   86  1080   979 --
   87   879   779 ++
   88   678   578 ++
   89   478   349 +.
   90   252   155 ..
   91    58  1258 .-
   92  1158  1058 --
   93   958   857 -+
   94   757   657 ++
   95   557   425 +.
   96   328   231 ..
   97   134    37 ..
   98  1237  1136 --
   99  1036   936 --
  100   835   735 ++
  101   635   535 ++
  102   404   307 ..
  103   210   113 ..
  104  1315  1215 --
  105  1115  1014 --
  106   914   814 -+
  107   714   613 ++
  108   513   383 +.
  109   286   189 ..
  110    92  1293 .-
  111  1193  1093 --
  112   993   893 --
  113   792   692 ++
  114   592   491 ++
  115   362   265 ..
  116   168    71 ..
  117  1272  1171 --
  118  1071   971 --
  119   870   770 ++
  120   670   570 ++
  121   438   341 ..
  122   244   147 ..
  123    50  1250 .-
  124  1150  1050 --
  125   949   849 -+
  126   749   648 ++
  127   548   417 +.
  128   320   223 ..
  129   126  1328 .-
  130  1228  1128 --
  131  1028   928 --
  132   827   727 ++
  133   627   527 ++
  134   396   299 ..
  135   202   105 ..
  136  1307  1207 --
  137  1106  1006 --
  138   906   805 -+
  139   705   605 ++
  140   505   375 +.
  141   278   181 ..
  142    84  1285 .-
  143  1185  1085 --
  144   985   884 -+
  145   784   684 ++
  146   583   483 ++
  147   354   257 ..
  148   160    63 ..
  149  1263  1163 --
  150  1063   963 --
  151   862   762 ++
  152   662   562 ++
  153   430   333 ..
  154   236   139 ..
  155    42  1242 .-
  156  1142  1041 --
  157   941   841 -+
  158   740   640 ++
  159   540   409 +.
  160   312   215 ..
  161   118  1320 .-
  162  1220  1120 --
  163  1020   919 --
  164   819   719 ++
  165   619   518 ++
  166   388   291 ..
  167   194    97 ..
  168  1298  1198 --
  169  1098   998 --
  170   898   797 -+
  171   697   597 ++
  172   497   367 +.
  173   270   173 ..
  174    76  1277 .-
  175  1177  1076 --
  176   976   876 -+
  177   775   675 ++
  178   575   443 +.
  179   346   249 ..
  180   152    55 ..
  181  1255  1155 --
  182  1055   955 --
  183   854   754 ++
  184   654   553 ++
  185   422   325 ..
  186   228   131 ..
  187    34  1233 .-
  188  1133  1033 --
  189   933   832 -+
  190   732   632 ++
  191   532   401 +.
  192   304   207 ..
  193   110  1312 .-
  194  1212  1112 --
  195  1011   911 --
  196   811   710 ++
  197   610   510 ++
  198   380   283 ..
  199   186    89 ..
  200  1290  1190 --
  201  1090   990 --
  202   890   789 -+
  203   689   589 ++
  204   488   359 +.
  205   262   165 ..
  206    68  1269 .-
  207  1168  1068 --
  208   968   867 -+
  209   767   667 ++
  210   567   435 +.
  211   338   241 ..
  212   144    47 ..
  213  1247  1147 --
  214  1047   946 --
  215   846   746 ++
  216   645   545 ++
  217   414   317 ..
  218   220   123 ..
  219  1325  1225 --
  220  1125  1025 --
  221   925   824 -+
  222   724   624 ++
  223   524   393 +.
  224   296   199 ..
  225   102  1304 .-
  226  1203  1103 --
  227  1003   903 --
  228   802   702 ++
  229   602   502 ++
  230   372   275 ..
  231   178    81 ..
  232  1282  1182 --
  233  1082   981 --
  234   881   781 ++
  235   680   580 ++
  236   480   351 +.
  237   254   157 ..
  238    60  1260 .-
  239  1160  1060 --
  240   960   859 -+
  241   759   659 ++
  242   559   427 +.
  243   330   233 ..
  244   136    39 ..
  245  1239  1138 --
  246  1038   938 --
  247   837   737 ++
  248   637   537 ++
  249   406   309 ..
  250   212   115 ..
  251  1317  1217 --
  252  1117  1017 --
  253   916   816 -+
  254   716   615 ++
  255   515   385 +.
  256   288   191 ..
  257    94  1295 .-
  258  1195  1095 --
  259   995   895 --
  260   794   694 ++
  261   594   494 ++
  262   364   267 ..
  263   170    73 ..
  264  1274  1174 --
  265  1073   973 --
  266   873   772 ++
  267   672   572 ++
  268   440   343 ..
  269   246   149 ..
  270    52  1252 .-
  271  1152  1052 --
  272   952   851 -+
  273   751   651 ++
  274   550   419 +.
  275   322   225 ..
  276   128  1330 .-
  277  1230  1130 --
  278  1030   930 --
  279   829   729 ++
  280   629   529 ++
  281   398   301 ..
  282   204   107 ..
  283  1309  1209 --
  284  1108  1008 --
  285   908   807 -+
  286   707   607 ++
  287   507   377 +.
  288   280   183 ..
  289    86  1287 .-
  290  1187  1087 --
  291   987   886 -+
  292   786   686 ++
  293   585   485 ++
  294   356   259 ..
  295   162    65 ..
  296  1265  1165 --
  297  1065   965 --
  298   864   764 ++
  299   664   564 ++
  300   432   335 ..
  301   238   141 ..
  302    44  1244 .-
  303  1144  1043 --
  304   943   843 -+
  305   742   642 ++
  306   542   411 +.
  307   314   217 ..
  308   120  1322 .-
  309  1222  1122 --
  310  1022   922 --
  311   821   721 ++
  312   621   520 ++
  313   390   293 ..
  314   196    99 ..
  315  1301  1200 --
  316  1100  1000 --
  317   900   799 -+
  318   699   599 ++
  319   499   369 +.
  320   272   175 ..
  321    78  1279 .-
  322  1179  1079 --
  323   978   878 -+
  324   778   677 ++
  325   577   477 ++
  326   348   251 ..
  327   154    57 ..
  328  1257  1157 --
  329  1057   957 --
  330   856   756 ++
  331   656   556 ++
  332   424   327 ..
  333   230   133 ..
  334    36  1235 .-
  335  1135  1035 --
  336   935   834 -+
  337   734   634 ++
  338   534   403 +.
  339   306   209 ..
  340   112  1314 .-
  341  1214  1114 --
  342  1013   913 --
  343   813   712 ++
  344   612   512 ++
  345   382   285 ..
  346   188    91 ..
  347  1292  1192 --
  348  1092   992 --
  349   892   791 -+
  350   691   591 ++
  351   490   361 +.
  352   264   167 ..
  353    70  1271 .-
  354  1170  1070 --
  355   970   869 -+
  356   769   669 ++
  357   569   437 +.
  358   340   243 ..
  359   146    49 ..
  360  1249  1149 --
  361  1049   948 --
  362   848   748 ++
  363   647   547 ++
  364   416   319 ..
  365   222   125 ..
  366  1327  1227 --
  367  1127  1027 --
  368   927   826 -+
  369   726   626 ++
  370   526   395 +.
  371   298   201 ..
  372   104  1306 .-
  373  1206  1105 --
  374  1005   905 --
  375   804   704 ++
  376   604   504 ++
  377   374   277 ..
  378   180    83 ..
  379  1284  1184 --
  380  1084   984 --
  381   883   783 ++
  382   683   582 ++
  383   482   353 +.
  384   256   159 ..
  385    62  1262 .-
  386  1162  1062 --
  387   962   861 -+
  388   761   661 ++
  389   561   429 +.
  390   332   235 ..
  391   138    41 ..
  392  1241  1140 --
  393  1040   940 --
  394   839   739 ++
  395   639   539 ++
  396   408   311 ..
  397   214   117 ..
  398  1319  1219 --
  399  1119  1019 --
  400   918   818 -+
  401   718   617 ++
  402   517   387 +.
  403   290   193 ..
  404    96  1297 .-
  405  1197  1097 --
  406   997   897 --
  407   796   696 ++
  408   596   496 ++
  409   366   269 ..
  410   172    75 ..
  411  1276  1176 --
  412  1075   975 --
  413   875   774 ++
  414   674   574 ++
  415   442   345 ..
  416   248   151 ..
  417    54  1254 .-
  418  1154  1054 --
  419   954   853 -+
  420   753   653 ++
  421   552   421 +.
  422   324   227 ..
  423   130    33 ..
  424  1232  1132 --
  425  1032   932 --
  426   831   731 ++
  427   631   531 ++
  428   400   303 ..
  429   206   109 ..
  430  1311  1211 --
  431  1111  1010 --
  432   910   810 -+
  433   709   609 ++
  434   509   379 +.
  435   282   185 ..
  436    88  1289 .-
  437  1189  1089 --
  438   989   889 --
  439   788   688 ++
  440   588   487 ++
  441   358   261 ..
  442   164    67 ..
  443  1267  1167 --
  444  1067   967 --
  445   866   766 ++
  446   666   566 ++
  447   434   337 ..
  448   240   143 ..
  449    46  1246 .-
  450  1146  1045 --
  451   945   845 -+
  452   744   644 ++
  453   544   413 +.
  454   316   219 ..
  455   122  1324 .-
  456  1224  1124 --
  457  1024   924 --
  458   823   723 ++
  459   623   522 ++
  460   392   295 ..
  461   198   101 ..
  462  1303  1202 --
  463  1102  1002 --
  464   902   801 -+
  465   701   601 ++
  466   501   371 +.
  467   274   177 ..
  468    80  1281 .-
  469  1181  1081 --
  470   980   880 -+
  471   780   679 ++
  472   579   479 ++
  473   350   253 ..
  474   156    59 ..
  475  1259  1159 --
  476  1059   959 --
  477   858   758 ++
  478   658   558 ++
  479   426   329 ..
  480   232   135 ..
  481    38  1238 .-
  482  1137  1037 --
  483   937   836 -+
  484   736   636 ++
  485   536   405 +.
  486   308   211 ..
  487   114  1316 .-
  488  1216  1116 --
  489  1016   915 --
  490   815   715 ++
  491   614   514 ++
  492   384   287 ..
  493   190    93 ..
  494  1294  1194 --
  495  1094   994 --
  496   894   793 -+
  497   693   593 ++
  498   493   363 +.
  499   266   169 ..
  500    72  1273 .-
  501  1172  1072 --
  502   972   871 -+
  503   771   671 ++
  504   571   439 +.
  505   342   245 ..
  506   148    51 ..
  507  1251  1151 --
  508  1051   950 --
  509   850   750 ++
  510   649   549 ++
  511   418   321 ..
  512   224   127 ..
  513  1329  1229 --
  514  1129  1029 --
  515   929   828 -+
  516   728   628 ++
  517   528   397 +.
  518   300   203 ..
  519   106  1308 .-
  520  1208  1107 --
  521  1007   907 --
  522   806   706 ++
  523   606   506 ++
  524   376   279 ..
  525   182    85 ..
  526  1286  1186 --
  527  1086   986 --
  528   885   785 ++
  529   685   584 ++
  530   484   355 +.
  531   258   161 ..
  532    64  1264 .-
  533  1164  1064 --
  534   964   863 -+
  535   763   663 ++
  536   563   431 +.
  537   334   237 ..
  538   140    43 ..
  539  1243  1143 --
  540  1042   942 --
  541   842   741 ++
  542   641   541 ++
  543   410   313 ..
  544   216   119 ..
  545  1321  1221 --
  546  1121  1021 --
  547   921   820 -+
  548   720   620 ++
  549   519   389 +.
  550   292   195 ..
  551    98  1299 .-
  552  1199  1099 --
  553   999   899 --
  554   798   698 ++
  555   598   498 ++
  556   368   271 ..
  557   174    77 ..
  558  1278  1178 --
  559  1077   977 --
  560   877   776 ++
  561   676   576 ++
  562   476   347 +.
  563   250   153 ..
  564    56  1256 .-
  565  1156  1056 --
  566   956   855 -+
  567   755   655 ++
  568   554   423 +.
  569   326   229 ..
  570   132    35 ..
  571  1234  1134 --
  572  1034   934 --
  573   833   733 ++
  574   633   533 ++
  575   402   305 ..
  576   208   111 ..
  577  1313  1213 --
  578  1113  1012 --
  579   912   812 -+
  580   711   611 ++
  581   511   381 +.
  582   284   187 ..
  583    90  1291 .-
  584  1191  1091 --
  585   991   891 --
  586   790   690 ++
  587   590   489 ++
  588   360   263 ..
  589   166    69 ..
  590  1270  1169 --
  591  1069   969 --
  592   868   768 ++
  593   668   568 ++
  594   436   339 ..
  595   242   145 ..
  596    48  1248 .-
  597  1148  1048 --
  598   947   847 -+
  599   747   646 ++
  600   546   415 +.
  601   318   221 ..
  602   124  1326 .-
  603  1226  1126 --
  604  1026   926 --
  605   825   725 ++
  606   625   525 ++
  607   394   297 ..
  608   200   103 ..
  609  1305  1204 --
  610  1104  1004 --
  611   904   803 -+
  612   703   603 ++
  613   503   373 +.
  614   276   179 ..
  615    82  1283 .-
  616  1183  1083 --
  617   982   882 -+
  618   782   681 ++
  619   581   481 ++
  620   352   255 ..
  621   158    61 ..
  622  1261  1161 --
  623  1061   961 --
  624   860   760 ++
  625   660   560 ++
  626   428   331 ..
  627   234   137 ..
  628    40  1240 .-
  629  1139  1039 --
  630   939   838 -+
  631   738   638 ++
  632   538   407 +.
  633   310   213 ..
  634   116  1318 .-
  635  1218  1118 --
  636  1018   917 --
  637   817   717 ++
  638   616   516 ++
  639   386   289 ..
  640   192    95 ..
  641  1296  1196 --
  642  1096   996 --
  643   896   795 -+
  644   695   595 ++
  645   495   365 +.
  646   268   171 ..
  647    74  1275 .-
  648  1175  1074 --
  649   974   874 -+
  650   773   673 ++
  651   573   441 +.
  652   344   247 ..
  653   150    53 ..
  654  1253  1153 --
  655  1053   953 --
  656   852   752 ++
  657   652   551 ++
  658   420   323 ..
  659   226   129 ..
  660   452   452 R+
  661   453   453 R+
  662   454   454 R+
  663   455   455 R+
  664   456   456 R+
  665   457   457 R+
  666   458   458 R+
  667   459   459 R+
  668   460   460 R+
  669   461   461 R+
  670   462   462 R+
  671   463   463 R+
  672   464   464 R+
  673   465   465 R+
  674   466   466 R+
  675   467   467 R+
  676   468   468 R+
  677   469   469 R+
  678   470   470 R+
  679   471   471 R+
  680   472   472 R+
  681   473   473 R+
  682   474   474 R+
  683   475   475 R+
Total data plus flush bits=444, p-parity bits=431, q-parity=429, Errors=0, Repetition=64
