R5T45XL2
Channel Interleaving, Puncturing and Mapping to 16-QAM
User data=1000, with flush=1004, Channel Symbols=644, Channel Bits=2576, Parity=1572, p=q=786, Coding Rate=0.388199
D=1000, FECSy=644, DF=1004, N=2576, P=1572, p=786, distep=621, dd=0, pistep=485, pp=785, ppstep=1.277354, ppstart=1004.500000, qpstart=2009.138672, k=142, mx=4.535211

Symbol   I1    I0    Q1    Q0  Pattern= . =data, + =p parity, - =q parity
-------------------------------------------------------------------------
    0  2007  1622  2009  2393 ++--
    1     0  1238   621  2778 .+.-
    2   238  1857   859  2158 .+.-
    3   476  1473    93  2543 .+.-
    4   714  1088   331  2927 .+.-
    5  1708  1323  2308  2692 ++--
    6   952  1943   569  2073 .+.-
    7   186  1558   807  2457 .+.-
    8   424  1174    41  2841 .+.-
    9   662  1793   279  2222 .+.-
   10  1409  1024  2606  2991 ++--
   11   900  1644   517  2371 .+.-
   12   134  1259   755  2756 .+.-
   13   372  1879   993  2136 .+.-
   14  1495  1110  2521  2905 ++--
   15   610  1730   227  2286 .+.-
   16   848  1345   465  2670 .+.-
   17    82  1965   703  2051 .+.-
   18   320  1580   941  2435 .+.-
   19  1196  1815  2820  2200 ++--
   20   558  1431   175  2585 .+.-
   21   796  1046   413  2969 .+.-
   22    30  1666   651  2350 .+.-
   23  1281  1901  2734  2115 ++--
   24   268  1516   889  2499 .+.-
   25   506  1132   123  2884 .+.-
   26   744  1751   361  2264 .+.-
   27   982  1367   599  2649 .+.-
   28  1986  1602  2029  2414 ++--
   29   216  1217   837  2798 .+.-
   30   454  1837    71  2179 .+.-
   31   692  1452   309  2563 .+.-
   32  1068  1687  2947  2328 ++--
   33   930  1303   547  2712 .+.-
   34   164  1922   785  2093 .+.-
   35   402  1538    19  2477 .+.-
   36   640  1153   257  2862 .+.-
   37  1773  1388  2242  2627 ++--
   38   878  1004   495  3011 .+.-
   39   112  1624   733  2392 .+.-
   40   350  1239   971  2776 .+.-
   41  1859  1474  2157  2541 ++--
   42   588  1090   205  2926 .+.-
   43   826  1709   443  2306 .+.-
   44    60  1325   681  2691 .+.-
   45   298  1944   919  2071 .+.-
   46  1560  1175  2456  2840 ++--
   47   536  1795   153  2221 .+.-
   48   774  1410   391  2605 .+.-
   49     8  1026   629  2990 .+.-
   50  1645  1261  2370  2755 ++--
   51   246  1880   867  2135 .+.-
   52   484  1496   101  2520 .+.-
   53   722  1111   339  2904 .+.-
   54   960  1731   577  2285 .+.-
   55  1346  1966  2669  2050 ++--
   56   194  1581   815  2434 .+.-
   57   432  1197    49  2818 .+.-
   58   670  1816   287  2199 .+.-
   59  1432  1047  2583  2968 ++--
   60   908  1667   525  2348 .+.-
   61   142  1282   763  2733 .+.-
   62   380  1902  1001  2113 .+.-
   63   618  1517   235  2498 .+.-
   64  1133  1753  2882  2263 ++--
   65   856  1368   473  2647 .+.-
   66    90  1988   711  2028 .+.-
   67   328  1603   949  2412 .+.-
   68   566  1219   183  2797 .+.-
   69  1838  1454  2177  2562 ++--
   70   804  1069   421  2946 .+.-
   71    38  1689   659  2327 .+.-
   72   276  1304   897  2711 .+.-
   73  1924  1539  2092  2476 ++--
   74   514  1155   131  2861 .+.-
   75   752  1774   369  2241 .+.-
   76   990  1390   607  2626 .+.-
   77   224  1005   845  3010 .+.-
   78  1625  1240  2391  2775 ++--
   79   462  1860    79  2156 .+.-
   80   700  1475   317  2540 .+.-
   81   938  1091   555  2925 .+.-
   82  1710  1326  2305  2689 ++--
   83   172  1945   793  2070 .+.-
   84   410  1561    27  2454 .+.-
   85   648  1176   265  2839 .+.-
   86   886  1796   503  2219 .+.-
   87  1411  1027  2604  2988 ++--
   88   120  1647   741  2369 .+.-
   89   358  1262   979  2753 .+.-
   90   596  1882   213  2134 .+.-
   91  1497  1113  2518  2903 ++--
   92   834  1732   451  2283 .+.-
   93    68  1348   689  2668 .+.-
   94   306  1967   927  2048 .+.-
   95   544  1583   161  2433 .+.-
   96  1198  1818  2817  2198 ++--
   97   782  1433   399  2582 .+.-
   98    16  1049   637  2967 .+.-
   99   254  1668   875  2347 .+.-
  100  1284  1903  2732  2112 ++--
  101   492  1519   109  2497 .+.-
  102   730  1134   347  2881 .+.-
  103   968  1754   585  2262 .+.-
  104   202  1369   823  2646 .+.-
  105  1989  1604  2027  2411 ++--
  106   440  1220    57  2795 .+.-
  107   678  1839   295  2176 .+.-
  108   916  1455   533  2560 .+.-
  109  1070  1690  2945  2325 ++--
  110   150  1305   771  2710 .+.-
  111   388  1925     5  2090 .+.-
  112   626  1540   243  2475 .+.-
  113   864  1156   481  2859 .+.-
  114  1776  1391  2240  2624 ++--
  115    98  1007   719  3009 .+.-
  116   336  1626   957  2389 .+.-
  117   574  1242   191  2774 .+.-
  118  1861  1477  2154  2539 ++--
  119   812  1092   429  2923 .+.-
  120    46  1712   667  2304 .+.-
  121   284  1327   905  2688 .+.-
  122   522  1947   139  2069 .+.-
  123  1562  1178  2453  2838 ++--
  124   760  1797   377  2218 .+.-
  125   998  1413   615  2603 .+.-
  126   232  1028   853  2987 .+.-
  127  1648  1263  2368  2752 ++--
  128   470  1883    87  2133 .+.-
  129   708  1498   325  2517 .+.-
  130   946  1114   563  2902 .+.-
  131   180  1733   801  2282 .+.-
  132  1349  1968  2666  2047 ++--
  133   418  1584    35  2431 .+.-
  134   656  1199   273  2816 .+.-
  135   894  1819   511  2196 .+.-
  136   128  1434   749  2581 .+.-
  137  1050  1670  2965  2346 ++--
  138   366  1285   987  2730 .+.-
  139   604  1905   221  2111 .+.-
  140   842  1520   459  2495 .+.-
  141  1136  1755  2880  2260 ++--
  142    76  1371   697  2645 .+.-
  143   314  1990   935  2025 .+.-
  144   552  1606   169  2410 .+.-
  145   790  1221   407  2794 .+.-
  146  1841  1456  2175  2559 ++--
  147    24  1072   645  2944 .+.-
  148   262  1691   883  2324 .+.-
  149   500  1307   117  2709 .+.-
  150  1926  1542  2089  2474 ++--
  151   738  1157   355  2858 .+.-
  152   976  1777   593  2239 .+.-
  153   210  1392   831  2623 .+.-
  154   448  1008    65  3008 .+.-
  155  1627  1243  2388  2772 ++--
  156   686  1862   303  2153 .+.-
  157   924  1478   541  2537 .+.-
  158   158  1093   779  2922 .+.-
  159  1713  1328  2302  2687 ++--
  160   396  1948    13  2067 .+.-
  161   634  1563   251  2452 .+.-
  162   872  1179   489  2836 .+.-
  163   106  1799   727  2217 .+.-
  164  1414  1030  2601  2986 ++--
  165   344  1649   965  2366 .+.-
  166   582  1265   199  2751 .+.-
  167   820  1884   437  2131 .+.-
  168  1500  1115  2516  2900 ++--
  169    54  1735   675  2281 .+.-
  170   292  1350   913  2665 .+.-
  171   530  1970   147  2046 .+.-
  172   768  1585   385  2430 .+.-
  173  1201  1820  2815  2195 ++--
  174     2  1436   623  2580 .+.-
  175   240  1051   861  2964 .+.-
  176   478  1671    95  2345 .+.-
  177  1286  1906  2729  2110 ++--
  178   716  1521   333  2494 .+.-
  179   954  1137   571  2879 .+.-
  180   188  1756   809  2259 .+.-
  181   426  1372    43  2643 .+.-
  182  1991  1607  2024  2408 ++--
  183   664  1222   281  2793 .+.-
  184   902  1842   519  2173 .+.-
  185   136  1457   757  2558 .+.-
  186  1073  1692  2942  2323 ++--
  187   374  1308   995  2707 .+.-
  188   612  1928   229  2088 .+.-
  189   850  1543   467  2472 .+.-
  190    84  1159   705  2857 .+.-
  191  1778  1394  2237  2622 ++--
  192   322  1009   943  3006 .+.-
  193   560  1629   177  2387 .+.-
  194   798  1244   415  2771 .+.-
  195    32  1864   653  2152 .+.-
  196  1479  1095  2536  2921 ++--
  197   270  1714   891  2301 .+.-
  198   508  1330   125  2686 .+.-
  199   746  1949   363  2066 .+.-
  200  1565  1180  2451  2835 ++--
  201   984  1800   601  2216 .+.-
  202   218  1415   839  2600 .+.-
  203   456  1031    73  2985 .+.-
  204   694  1650   311  2365 .+.-
  205  1266  1885  2750  2130 ++--
  206   932  1501   549  2514 .+.-
  207   166  1116   787  2899 .+.-
  208   404  1736    21  2279 .+.-
  209  1351  1971  2664  2044 ++--
  210   642  1586   259  2429 .+.-
  211   880  1202   497  2813 .+.-
  212   114  1822   735  2194 .+.-
  213   352  1437   973  2578 .+.-
  214  1053  1672  2963  2343 ++--
  215   590  1288   207  2728 .+.-
  216   828  1907   445  2108 .+.-
  217    62  1523   683  2493 .+.-
  218  1138  1758  2877  2258 ++--
  219   300  1373   921  2642 .+.-
  220   538  1993   155  2023 .+.-
  221   776  1608   393  2407 .+.-
  222    10  1224   631  2792 .+.-
  223  1843  1459  2172  2557 ++--
  224   248  1074   869  2941 .+.-
  225   486  1694   103  2322 .+.-
  226   724  1309   341  2706 .+.-
  227  1929  1544  2087  2471 ++--
  228   962  1160   579  2856 .+.-
  229   196  1779   817  2236 .+.-
  230   434  1395    51  2620 .+.-
  231   672  1010   289  3005 .+.-
  232  1630  1245  2385  2770 ++--
  233   910  1865   527  2150 .+.-
  234   144  1480   765  2535 .+.-
  235   382  1096  1003  2919 .+.-
  236  1715  1331  2300  2684 ++--
  237   620  1951   237  2065 .+.-
  238   858  1566   475  2449 .+.-
  239    92  1182   713  2834 .+.-
  240   330  1801   951  2214 .+.-
  241  1417  1032  2599  2983 ++--
  242   568  1652   185  2364 .+.-
  243   806  1267   423  2748 .+.-
  244    40  1887   661  2129 .+.-
  245  1502  1118  2513  2898 ++--
  246   278  1737   899  2278 .+.-
  247   516  1353   133  2663 .+.-
  248   754  1972   371  2043 .+.-
  249   992  1588   609  2428 .+.-
  250  1203  1823  2812  2193 ++--
  251   226  1438   847  2577 .+.-
  252   464  1054    81  2962 .+.-
  253   702  1673   319  2342 .+.-
  254  1289  1908  2727  2107 ++--
  255   940  1524   557  2491 .+.-
  256   174  1139   795  2876 .+.-
  257   412  1759    29  2256 .+.-
  258   650  1374   267  2641 .+.-
  259  1994  1609  2021  2406 ++--
  260   888  1225   505  2790 .+.-
  261   122  1844   743  2171 .+.-
  262   360  1460   981  2555 .+.-
  263   598  1076   215  2940 .+.-
  264  1695  1311  2320  2705 ++--
  265   836  1930   453  2085 .+.-
  266    70  1546   691  2470 .+.-
  267   308  1161   929  2854 .+.-
  268  1781  1396  2235  2619 ++--
  269   546  1012   163  3004 .+.-
  270   784  1631   401  2384 .+.-
  271    18  1247   639  2769 .+.-
  272   256  1866   877  2149 .+.-
  273  1482  1097  2534  2918 ++--
  274   494  1717   111  2299 .+.-
  275   732  1332   349  2683 .+.-
  276   970  1952   587  2064 .+.-
  277  1567  1183  2448  2833 ++--
  278   204  1802   825  2213 .+.-
  279   442  1418    59  2597 .+.-
  280   680  1033   297  2982 .+.-
  281   918  1653   535  2362 .+.-
  282  1268  1888  2747  2127 ++--
  283   152  1503   773  2512 .+.-
  284   390  1119     7  2896 .+.-
  285   628  1738   245  2277 .+.-
  286  1354  1974  2661  2042 ++--
  287   866  1589   483  2426 .+.-
  288   100  1205   721  2811 .+.-
  289   338  1824   959  2191 .+.-
  290   576  1440   193  2576 .+.-
  291  1055  1675  2960  2341 ++--
  292   814  1290   431  2725 .+.-
  293    48  1910   669  2106 .+.-
  294   286  1525   907  2490 .+.-
  295  1141  1760  2875  2255 ++--
  296   524  1376   141  2640 .+.-
  297   762  1995   379  2020 .+.-
  298  1000  1611   617  2405 .+.-
  299   234  1226   855  2789 .+.-
  300  1846  1461  2170  2554 ++--
  301   472  1077    89  2939 .+.-
  302   710  1696   327  2319 .+.-
  303   948  1312   565  2704 .+.-
  304  1931  1547  2084  2468 ++--
  305   182  1162   803  2853 .+.-
  306   420  1782    37  2233 .+.-
  307   658  1397   275  2618 .+.-
  308   896  1013   513  3002 .+.-
  309  1632  1248  2383  2767 ++--
  310   130  1867   751  2148 .+.-
  311   368  1483   989  2532 .+.-
  312   606  1099   223  2917 .+.-
  313  1718  1334  2297  2682 ++--
  314   844  1953   461  2062 .+.-
  315    78  1569   699  2447 .+.-
  316   316  1184   937  2831 .+.-
  317   554  1804   171  2212 .+.-
  318  1419  1035  2596  2981 ++--
  319   792  1654   409  2361 .+.-
  320    26  1270   647  2746 .+.-
  321   264  1889   885  2126 .+.-
  322  1505  1120  2511  2895 ++--
  323   502  1740   119  2276 .+.-
  324   740  1355   357  2660 .+.-
  325   978  1975   595  2041 .+.-
  326   212  1590   833  2425 .+.-
  327  1206  1825  2810  2190 ++--
  328   450  1441    67  2575 .+.-
  329   688  1056   305  2959 .+.-
  330   926  1676   543  2339 .+.-
  331   160  1291   781  2724 .+.-
  332  1911  1526  2104  2489 ++--
  333   398  1142    15  2873 .+.-
  334   636  1761   253  2254 .+.-
  335   874  1377   491  2638 .+.-
  336  1997  1612  2019  2403 ++--
  337   108  1228   729  2788 .+.-
  338   346  1847   967  2168 .+.-
  339   584  1463   201  2553 .+.-
  340   822  1078   439  2937 .+.-
  341  1698  1313  2318  2702 ++--
  342    56  1933   677  2083 .+.-
  343   294  1548   915  2467 .+.-
  344   532  1164   149  2852 .+.-
  345  1783  1399  2232  2617 ++--
  346   770  1014   387  3001 .+.-
  347     4  1634   625  2382 .+.-
  348   242  1249   863  2766 .+.-
  349   480  1869    97  2147 .+.-
  350  1484  1100  2531  2916 ++--
  351   718  1719   335  2296 .+.-
  352   956  1335   573  2681 .+.-
  353   190  1954   811  2061 .+.-
  354  1570  1185  2445  2830 ++--
  355   428  1805    45  2210 .+.-
  356   666  1420   283  2595 .+.-
  357   904  1036   521  2979 .+.-
  358   138  1655   759  2360 .+.-
  359  1271  1890  2744  2125 ++--
  360   376  1506   997  2509 .+.-
  361   614  1122   231  2894 .+.-
  362   852  1741   469  2274 .+.-
  363  1357  1976  2659  2039 ++--
  364    86  1592   707  2424 .+.-
  365   324  1207   945  2808 .+.-
  366   562  1827   179  2189 .+.-
  367   800  1442   417  2573 .+.-
  368  1058  1677  2958  2338 ++--
  369    34  1293   655  2723 .+.-
  370   272  1912   893  2103 .+.-
  371   510  1528   127  2488 .+.-
  372  1143  1763  2872  2253 ++--
  373   748  1378   365  2637 .+.-
  374   986  1998   603  2018 .+.-
  375   220  1613   841  2402 .+.-
  376   458  1229    75  2787 .+.-
  377  1848  1464  2167  2552 ++--
  378   696  1079   313  2936 .+.-
  379   934  1699   551  2316 .+.-
  380   168  1314   789  2701 .+.-
  381  1934  1549  2081  2466 ++--
  382   406  1165    23  2850 .+.-
  383   644  1784   261  2231 .+.-
  384   882  1400   499  2615 .+.-
  385   116  1015   737  3000 .+.-
  386  1635  1251  2380  2765 ++--
  387   354  1870   975  2145 .+.-
  388   592  1486   209  2530 .+.-
  389   830  1101   447  2914 .+.-
  390    64  1721   685  2295 .+.-
  391  1336  1956  2679  2060 ++--
  392   302  1571   923  2444 .+.-
  393   540  1187   157  2829 .+.-
  394   778  1806   395  2209 .+.-
  395  1422  1037  2594  2978 ++--
  396    12  1657   633  2359 .+.-
  397   250  1272   871  2743 .+.-
  398   488  1892   105  2124 .+.-
  399   726  1507   343  2508 .+.-
  400  1123  1742  2893  2273 ++--
  401   964  1358   581  2658 .+.-
  402   198  1977   819  2038 .+.-
  403   436  1593    53  2423 .+.-
  404  1208  1828  2807  2187 ++--
  405   674  1443   291  2572 .+.-
  406   912  1059   529  2956 .+.-
  407   146  1678   767  2337 .+.-
  408   384  1294     1  2721 .+.-
  409  1913  1529  2102  2486 ++--
  410   622  1145   239  2871 .+.-
  411   860  1764   477  2251 .+.-
  412    94  1380   715  2636 .+.-
  413  1999  1615  2016  2401 ++--
  414   332  1230   953  2785 .+.-
  415   570  1850   187  2166 .+.-
  416   808  1465   425  2550 .+.-
  417    42  1081   663  2935 .+.-
  418  1700  1316  2315  2700 ++--
  419   280  1935   901  2080 .+.-
  420   518  1551   135  2465 .+.-
  421   756  1166   373  2849 .+.-
  422  1786  1401  2230  2614 ++--
  423   994  1017   611  2999 .+.-
  424   228  1636   849  2379 .+.-
  425   466  1252    83  2764 .+.-
  426   704  1871   321  2144 .+.-
  427  1487  1102  2529  2913 ++--
  428   942  1722   559  2293 .+.-
  429   176  1337   797  2678 .+.-
  430   414  1957    31  2058 .+.-
  431  1572  1188  2443  2827 ++--
  432   652  1807   269  2208 .+.-
  433   890  1423   507  2592 .+.-
  434   124  1038   745  2977 .+.-
  435   362  1658   983  2357 .+.-
  436  1274  1893  2742  2122 ++--
  437   600  1509   217  2507 .+.-
  438   838  1124   455  2891 .+.-
  439    72  1744   693  2272 .+.-
  440  1359  1979  2656  2037 ++--
  441   310  1594   931  2421 .+.-
  442   548  1210   165  2806 .+.-
  443   786  1829   403  2186 .+.-
  444    20  1445   641  2571 .+.-
  445  1060  1680  2955  2336 ++--
  446   258  1295   879  2720 .+.-
  447   496  1915   113  2101 .+.-
  448   734  1530   351  2485 .+.-
  449  1146  1765  2870  2250 ++--
  450   972  1381   589  2635 .+.-
  451   206  2000   827  2015 .+.-
  452   444  1616    61  2400 .+.-
  453   682  1231   299  2784 .+.-
  454  1851  1466  2164  2549 ++--
  455   920  1082   537  2933 .+.-
  456   154  1701   775  2314 .+.-
  457   392  1317     9  2698 .+.-
  458   630  1936   247  2079 .+.-
  459  1552  1168  2463  2848 ++--
  460   868  1787   485  2228 .+.-
  461   102  1403   723  2613 .+.-
  462   340  1018   961  2997 .+.-
  463  1638  1253  2378  2762 ++--
  464   578  1873   195  2143 .+.-
  465   816  1488   433  2527 .+.-
  466    50  1104   671  2912 .+.-
  467   288  1723   909  2292 .+.-
  468  1339  1958  2677  2057 ++--
  469   526  1574   143  2442 .+.-
  470   764  1189   381  2826 .+.-
  471  1002  1809   619  2207 .+.-
  472  1424  1040  2591  2976 ++--
  473   236  1659   857  2356 .+.-
  474   474  1275    91  2741 .+.-
  475   712  1894   329  2121 .+.-
  476   950  1510   567  2506 .+.-
  477  1125  1745  2890  2270 ++--
  478   184  1360   805  2655 .+.-
  479   422  1980    39  2035 .+.-
  480   660  1595   277  2420 .+.-
  481  1211  1830  2804  2185 ++--
  482   898  1446   515  2569 .+.-
  483   132  1061   753  2954 .+.-
  484   370  1681   991  2334 .+.-
  485   608  1297   225  2719 .+.-
  486  1916  1532  2099  2484 ++--
  487   846  1147   463  2868 .+.-
  488    80  1767   701  2249 .+.-
  489   318  1382   939  2633 .+.-
  490  2002  1617  2014  2398 ++--
  491   556  1233   173  2783 .+.-
  492   794  1852   411  2163 .+.-
  493    28  1468   649  2548 .+.-
  494   266  1083   887  2932 .+.-
  495  1703  1318  2313  2697 ++--
  496   504  1938   121  2078 .+.-
  497   742  1553   359  2462 .+.-
  498   980  1169   597  2847 .+.-
  499  1788  1404  2227  2612 ++--
  500   214  1019   835  2996 .+.-
  501   452  1639    69  2377 .+.-
  502   690  1254   307  2761 .+.-
  503   928  1874   545  2141 .+.-
  504  1489  1105  2526  2910 ++--
  505   162  1724   783  2291 .+.-
  506   400  1340    17  2675 .+.-
  507   638  1959   255  2056 .+.-
  508  1575  1190  2440  2825 ++--
  509   876  1810   493  2205 .+.-
  510   110  1426   731  2590 .+.-
  511   348  1041   969  2974 .+.-
  512   586  1661   203  2355 .+.-
  513  1276  1896  2739  2120 ++--
  514   824  1511   441  2504 .+.-
  515    58  1127   679  2889 .+.-
  516   296  1746   917  2269 .+.-
  517   534  1362   151  2654 .+.-
  518  1981  1597  2034  2419 ++--
  519   772  1212   389  2803 .+.-
  520     6  1832   627  2184 .+.-
  521   244  1447   865  2568 .+.-
  522  1063  1682  2953  2333 ++--
  523   482  1298    99  2718 .+.-
  524   720  1917   337  2098 .+.-
  525   958  1533   575  2483 .+.-
  526   192  1148   813  2867 .+.-
  527  1768  1383  2248  2632 ++--
  528   430  2003    47  2012 .+.-
  529   668  1618   285  2397 .+.-
  530   906  1234   523  2781 .+.-
  531  1853  1469  2162  2546 ++--
  532   140  1084   761  2931 .+.-
  533   378  1704   999  2311 .+.-
  534   616  1320   233  2696 .+.-
  535   854  1939   471  2076 .+.-
  536  1555  1170  2461  2845 ++--
  537    88  1790   709  2226 .+.-
  538   326  1405   947  2610 .+.-
  539   564  1021   181  2995 .+.-
  540  1640  1256  2375  2760 ++--
  541   802  1875   419  2140 .+.-
  542    36  1491   657  2525 .+.-
  543   274  1106   895  2909 .+.-
  544   512  1726   129  2290 .+.-
  545  1341  1961  2674  2055 ++--
  546   750  1576   367  2439 .+.-
  547   988  1192   605  2824 .+.-
  548   222  1811   843  2204 .+.-
  549  1427  1042  2589  2973 ++--
  550   460  1662    77  2354 .+.-
  551   698  1277   315  2738 .+.-
  552   936  1897   553  2118 .+.-
  553   170  1512   791  2503 .+.-
  554  1128  1747  2887  2268 ++--
  555   408  1363    25  2652 .+.-
  556   646  1982   263  2033 .+.-
  557   884  1598   501  2417 .+.-
  558  1213  1833  2802  2182 ++--
  559   118  1449   739  2567 .+.-
  560   356  1064   977  2951 .+.-
  561   594  1684   211  2332 .+.-
  562   832  1299   449  2716 .+.-
  563  1919  1534  2097  2481 ++--
  564    66  1150   687  2866 .+.-
  565   304  1769   925  2246 .+.-
  566   542  1385   159  2631 .+.-
  567  2004  1620  2011  2396 ++--
  568   780  1235   397  2780 .+.-
  569    14  1855   635  2161 .+.-
  570   252  1470   873  2545 .+.-
  571   490  1086   107  2930 .+.-
  572  1705  1321  2310  2695 ++--
  573   728  1940   345  2075 .+.-
  574   966  1556   583  2460 .+.-
  575   200  1171   821  2844 .+.-
  576  1791  1406  2225  2609 ++--
  577   438  1022    55  2993 .+.-
  578   676  1641   293  2374 .+.-
  579   914  1257   531  2758 .+.-
  580   148  1876   769  2139 .+.-
  581  1492  1107  2523  2908 ++--
  582   386  1727     3  2288 .+.-
  583   624  1342   241  2673 .+.-
  584   862  1962   479  2053 .+.-
  585    96  1578   717  2438 .+.-
  586  1193  1813  2822  2203 ++--
  587   334  1428   955  2587 .+.-
  588   572  1044   189  2972 .+.-
  589   810  1663   427  2352 .+.-
  590  1279  1898  2737  2117 ++--
  591    44  1514   665  2502 .+.-
  592   282  1129   903  2886 .+.-
  593   520  1749   137  2267 .+.-
  594   758  1364   375  2651 .+.-
  595  1984  1599  2032  2416 ++--
  596   996  1215   613  2801 .+.-
  597   230  1834   851  2181 .+.-
  598   468  1450    85  2566 .+.-
  599  1065  1685  2950  2331 ++--
  600   706  1300   323  2715 .+.-
  601   944  1920   561  2095 .+.-
  602   178  1535   799  2480 .+.-
  603   416  1151    33  2864 .+.-
  604  1770  1386  2245  2629 ++--
  605   654  2005   271  2010 .+.-
  606   892  1621   509  2394 .+.-
  607   126  1236   747  2779 .+.-
  608  1856  1472  2159  2544 ++--
  609   364  1087   985  2928 .+.-
  610   602  1707   219  2309 .+.-
  611   840  1322   457  2693 .+.-
  612    74  1942   695  2074 .+.-
  613  1557  1173  2458  2843 ++--
  614   312  1792   933  2223 .+.-
  615   550  1408   167  2608 .+.-
  616   788  1023   405  2992 .+.-
  617  1643  1258  2373  2757 ++--
  618    22  1878   643  2138 .+.-
  619   260  1493   881  2522 .+.-
  620   498  1109   115  2907 .+.-
  621   736  1728   353  2287 .+.-
  622  1344  1963  2672  2052 ++--
  623   974  1579   591  2437 .+.-
  624   208  1194   829  2821 .+.-
  625   446  1814    63  2202 .+.-
  626  1429  1045  2586  2970 ++--
  627   684  1664   301  2351 .+.-
  628   922  1280   539  2735 .+.-
  629   156  1899   777  2116 .+.-
  630   394  1515    11  2500 .+.-
  631  1130  1750  2885  2265 ++--
  632   632  1365   249  2650 .+.-
  633   870  1985   487  2030 .+.-
  634   104  1601   725  2415 .+.-
  635  1216  1836  2799  2180 ++--
  636   342  1451   963  2564 .+.-
  637   580  1067   197  2949 .+.-
  638   818  1686   435  2329 .+.-
  639    52  1302   673  2714 .+.-
  640  1921  1537  2094  2479 ++--
  641   290  1152   911  2863 .+.-
  642   528  1772   145  2244 .+.-
  643   766  1387   383  2628 .+.-
Total data plus flush bits=1004, p-parity bits=786, q-parity=786, Errors=0, Repetition=0
