R5T45QL2
Channel Interleaving, Puncturing and Mapping to QPSK
Data coding rate = 0.770556 with QPSK, UW coding rate = 0.465912 with BPSK
User data with 32 bit UW =984, with flush=988, p-parity=145+27, q-parity=144,  Channel Symbols=684, Channel Bits=1304
D=984, FECSy=684, DF=988 N=1304, P=145, Puw=27, Q=144, DPQ=1240, dpqstep=767, S=6.833915, ppstart=988.500000, qpstart=1979.916992

Symbol   I0    Q0  Pattern= . =data, + =p parity, - =q parity
-------------------------------------------------------------
    0     0     0 R.
    1     1     1 R.
    2     2     2 R.
    3     3     3 R.
    4     4     4 R.
    5     5     5 R.
    6     6     6 R.
    7     7     7 R.
    8     8     8 R.
    9     9     9 R.
   10    10    10 R.
   11    11    11 R.
   12    12    12 R.
   13    13    13 R.
   14    14    14 R.
   15    15    15 R.
   16    16    16 R.
   17    17    17 R.
   18    18    18 R.
   19    19    19 R.
   20    20    20 R.
   21    21    21 R.
   22    22    22 R.
   23    23    23 R.
   24    24    24 R.
   25    25    25 R.
   26    26    26 R.
   27    27    27 R.
   28    28    28 R.
   29    29    29 R.
   30    30    30 R.
   31    31    31 R.
   32   988   988 R+
   33   989   989 R+
   34   990   990 R+
   35   991   991 R+
   36   992   992 R+
   37   993   993 R+
   38   994   994 R+
   39   995   995 R+
   40    32  2301 .-
   41  1637   981 +.
   42   884   787 ..
   43   690   593 ..
   44   496   399 ..
   45   302   205 ..
   46   108  2820 .-
   47  2157  1494 -+
   48   960   863 ..
   49   766   669 ..
   50   572   475 ..
   51   378   281 ..
   52   184    87 ..
   53  2676  2014 --
   54  1350   939 +.
   55   842   745 ..
   56   648   551 ..
   57   454   357 ..
   58   260   163 ..
   59    66  2533 .-
   60  1870  1207 ++
   61   918   821 ..
   62   724   627 ..
   63   530   433 ..
   64   336   239 ..
   65   142    45 ..
   66  2389  1726 -+
   67  1063   897 +.
   68   800   703 ..
   69   606   509 ..
   70   412   315 ..
   71   218   121 ..
   72  2909  2246 --
   73  1583   973 +.
   74   876   779 ..
   75   682   585 ..
   76   488   391 ..
   77   294   197 ..
   78   100  2765 .-
   79  2102  1439 -+
   80   952   855 ..
   81   758   661 ..
   82   564   467 ..
   83   370   273 ..
   84   176    79 ..
   85  2622  1958 -+
   86  1296   931 +.
   87   834   737 ..
   88   640   543 ..
   89   446   349 ..
   90   252   155 ..
   91    58  2478 .-
   92  1815  1152 ++
   93   910   813 ..
   94   716   619 ..
   95   522   425 ..
   96   328   231 ..
   97   134    37 ..
   98  2335  1671 -+
   99   986   889 ..
  100   792   695 ..
  101   598   501 ..
  102   404   307 ..
  103   210   113 ..
  104  2854  2191 --
  105  1528   965 +.
  106   868   771 ..
  107   674   577 ..
  108   480   383 ..
  109   286   189 ..
  110    92  2711 .-
  111  2048  1384 -+
  112   944   847 ..
  113   750   653 ..
  114   556   459 ..
  115   362   265 ..
  116   168    71 ..
  117  2567  1904 -+
  118  1241   923 +.
  119   826   729 ..
  120   632   535 ..
  121   438   341 ..
  122   244   147 ..
  123    50  2424 .-
  124  1760  1097 ++
  125   902   805 ..
  126   708   611 ..
  127   514   417 ..
  128   320   223 ..
  129   126  2943 .-
  130  2280  1617 -+
  131   978   881 ..
  132   784   687 ..
  133   590   493 ..
  134   396   299 ..
  135   202   105 ..
  136  2799  2137 --
  137  1473   957 +.
  138   860   763 ..
  139   666   569 ..
  140   472   375 ..
  141   278   181 ..
  142    84  2656 .-
  143  1993  1330 -+
  144   936   839 ..
  145   742   645 ..
  146   548   451 ..
  147   354   257 ..
  148   160    63 ..
  149  2512  1849 -+
  150  1186   915 +.
  151   818   721 ..
  152   624   527 ..
  153   430   333 ..
  154   236   139 ..
  155    42  2369 .-
  156  1706  1043 ++
  157   894   797 ..
  158   700   603 ..
  159   506   409 ..
  160   312   215 ..
  161   118  2888 .-
  162  2225  1562 -+
  163   970   873 ..
  164   776   679 ..
  165   582   485 ..
  166   388   291 ..
  167   194    97 ..
  168  2745  2082 --
  169  1419   949 +.
  170   852   755 ..
  171   658   561 ..
  172   464   367 ..
  173   270   173 ..
  174    76  2601 .-
  175  1938  1275 ++
  176   928   831 ..
  177   734   637 ..
  178   540   443 ..
  179   346   249 ..
  180   152    55 ..
  181  2458  1794 -+
  182  1132   907 +.
  183   810   713 ..
  184   616   519 ..
  185   422   325 ..
  186   228   131 ..
  187    34  2314 .-
  188  1651   983 +.
  189   886   789 ..
  190   692   595 ..
  191   498   401 ..
  192   304   207 ..
  193   110  2834 .-
  194  2171  1507 -+
  195   962   865 ..
  196   768   671 ..
  197   574   477 ..
  198   380   283 ..
  199   186    89 ..
  200  2690  2027 --
  201  1364   941 +.
  202   844   747 ..
  203   650   553 ..
  204   456   359 ..
  205   262   165 ..
  206    68  2547 .-
  207  1883  1220 ++
  208   920   823 ..
  209   726   629 ..
  210   532   435 ..
  211   338   241 ..
  212   144    47 ..
  213  2403  1740 -+
  214  1077   899 +.
  215   802   705 ..
  216   608   511 ..
  217   414   317 ..
  218   220   123 ..
  219  2922  2260 --
  220  1596   975 +.
  221   878   781 ..
  222   684   587 ..
  223   490   393 ..
  224   296   199 ..
  225   102  2779 .-
  226  2116  1453 -+
  227   954   857 ..
  228   760   663 ..
  229   566   469 ..
  230   372   275 ..
  231   178    81 ..
  232  2635  1972 -+
  233  1309   933 +.
  234   836   739 ..
  235   642   545 ..
  236   448   351 ..
  237   254   157 ..
  238    60  2492 .-
  239  1829  1166 ++
  240   912   815 ..
  241   718   621 ..
  242   524   427 ..
  243   330   233 ..
  244   136    39 ..
  245  2348  1685 -+
  246  1022   891 +.
  247   794   697 ..
  248   600   503 ..
  249   406   309 ..
  250   212   115 ..
  251  2868  2205 --
  252  1542   967 +.
  253   870   773 ..
  254   676   579 ..
  255   482   385 ..
  256   288   191 ..
  257    94  2724 .-
  258  2061  1398 -+
  259   946   849 ..
  260   752   655 ..
  261   558   461 ..
  262   364   267 ..
  263   170    73 ..
  264  2581  1917 -+
  265  1255   925 +.
  266   828   731 ..
  267   634   537 ..
  268   440   343 ..
  269   246   149 ..
  270    52  2437 .-
  271  1774  1111 ++
  272   904   807 ..
  273   710   613 ..
  274   516   419 ..
  275   322   225 ..
  276   128  2957 .-
  277  2294  1630 -+
  278   980   883 ..
  279   786   689 ..
  280   592   495 ..
  281   398   301 ..
  282   204   107 ..
  283  2813  2150 --
  284  1487   959 +.
  285   862   765 ..
  286   668   571 ..
  287   474   377 ..
  288   280   183 ..
  289    86  2670 .-
  290  2007  1343 -+
  291   938   841 ..
  292   744   647 ..
  293   550   453 ..
  294   356   259 ..
  295   162    65 ..
  296  2526  1863 -+
  297  1200   917 +.
  298   820   723 ..
  299   626   529 ..
  300   432   335 ..
  301   238   141 ..
  302    44  2383 .-
  303  1719  1056 ++
  304   896   799 ..
  305   702   605 ..
  306   508   411 ..
  307   314   217 ..
  308   120  2902 .-
  309  2239  1576 -+
  310   972   875 ..
  311   778   681 ..
  312   584   487 ..
  313   390   293 ..
  314   196    99 ..
  315  2758  2096 --
  316  1432   951 +.
  317   854   757 ..
  318   660   563 ..
  319   466   369 ..
  320   272   175 ..
  321    78  2615 .-
  322  1952  1289 ++
  323   930   833 ..
  324   736   639 ..
  325   542   445 ..
  326   348   251 ..
  327   154    57 ..
  328  2471  1808 -+
  329  1145   909 +.
  330   812   715 ..
  331   618   521 ..
  332   424   327 ..
  333   230   133 ..
  334    36  2328 .-
  335  1665   985 +.
  336   888   791 ..
  337   694   597 ..
  338   500   403 ..
  339   306   209 ..
  340   112  2847 .-
  341  2184  1521 -+
  342   964   867 ..
  343   770   673 ..
  344   576   479 ..
  345   382   285 ..
  346   188    91 ..
  347  2704  2041 --
  348  1378   943 +.
  349   846   749 ..
  350   652   555 ..
  351   458   361 ..
  352   264   167 ..
  353    70  2560 .-
  354  1897  1234 ++
  355   922   825 ..
  356   728   631 ..
  357   534   437 ..
  358   340   243 ..
  359   146    49 ..
  360  2417  1753 -+
  361  1091   901 +.
  362   804   707 ..
  363   610   513 ..
  364   416   319 ..
  365   222   125 ..
  366  2936  2273 --
  367  1610   977 +.
  368   880   783 ..
  369   686   589 ..
  370   492   395 ..
  371   298   201 ..
  372   104  2793 .-
  373  2130  1466 -+
  374   956   859 ..
  375   762   665 ..
  376   568   471 ..
  377   374   277 ..
  378   180    83 ..
  379  2649  1986 --
  380  1323   935 +.
  381   838   741 ..
  382   644   547 ..
  383   450   353 ..
  384   256   159 ..
  385    62  2506 .-
  386  1842  1179 ++
  387   914   817 ..
  388   720   623 ..
  389   526   429 ..
  390   332   235 ..
  391   138    41 ..
  392  2362  1699 -+
  393  1036   893 +.
  394   796   699 ..
  395   602   505 ..
  396   408   311 ..
  397   214   117 ..
  398  2881  2219 --
  399  1555   969 +.
  400   872   775 ..
  401   678   581 ..
  402   484   387 ..
  403   290   193 ..
  404    96  2738 .-
  405  2075  1412 -+
  406   948   851 ..
  407   754   657 ..
  408   560   463 ..
  409   366   269 ..
  410   172    75 ..
  411  2594  1931 -+
  412  1268   927 +.
  413   830   733 ..
  414   636   539 ..
  415   442   345 ..
  416   248   151 ..
  417    54  2451 .-
  418  1788  1125 ++
  419   906   809 ..
  420   712   615 ..
  421   518   421 ..
  422   324   227 ..
  423   130    33 ..
  424  2307  1644 -+
  425   982   885 ..
  426   788   691 ..
  427   594   497 ..
  428   400   303 ..
  429   206   109 ..
  430  2827  2164 --
  431  1501   961 +.
  432   864   767 ..
  433   670   573 ..
  434   476   379 ..
  435   282   185 ..
  436    88  2683 .-
  437  2020  1357 -+
  438   940   843 ..
  439   746   649 ..
  440   552   455 ..
  441   358   261 ..
  442   164    67 ..
  443  2540  1876 -+
  444  1214   919 +.
  445   822   725 ..
  446   628   531 ..
  447   434   337 ..
  448   240   143 ..
  449    46  2396 .-
  450  1733  1070 ++
  451   898   801 ..
  452   704   607 ..
  453   510   413 ..
  454   316   219 ..
  455   122  2916 .-
  456  2253  1589 -+
  457   974   877 ..
  458   780   683 ..
  459   586   489 ..
  460   392   295 ..
  461   198   101 ..
  462  2772  2109 --
  463  1446   953 +.
  464   856   759 ..
  465   662   565 ..
  466   468   371 ..
  467   274   177 ..
  468    80  2629 .-
  469  1965  1302 ++
  470   932   835 ..
  471   738   641 ..
  472   544   447 ..
  473   350   253 ..
  474   156    59 ..
  475  2485  1822 -+
  476  1159   911 +.
  477   814   717 ..
  478   620   523 ..
  479   426   329 ..
  480   232   135 ..
  481    38  2342 .-
  482  1678   987 +.
  483   890   793 ..
  484   696   599 ..
  485   502   405 ..
  486   308   211 ..
  487   114  2861 .-
  488  2198  1535 -+
  489   966   869 ..
  490   772   675 ..
  491   578   481 ..
  492   384   287 ..
  493   190    93 ..
  494  2717  2055 --
  495  1391   945 +.
  496   848   751 ..
  497   654   557 ..
  498   460   363 ..
  499   266   169 ..
  500    72  2574 .-
  501  1911  1248 ++
  502   924   827 ..
  503   730   633 ..
  504   536   439 ..
  505   342   245 ..
  506   148    51 ..
  507  2430  1767 -+
  508  1104   903 +.
  509   806   709 ..
  510   612   515 ..
  511   418   321 ..
  512   224   127 ..
  513  2950  2287 --
  514  1624   979 +.
  515   882   785 ..
  516   688   591 ..
  517   494   397 ..
  518   300   203 ..
  519   106  2806 .-
  520  2143  1480 -+
  521   958   861 ..
  522   764   667 ..
  523   570   473 ..
  524   376   279 ..
  525   182    85 ..
  526  2663  2000 --
  527  1337   937 +.
  528   840   743 ..
  529   646   549 ..
  530   452   355 ..
  531   258   161 ..
  532    64  2519 .-
  533  1856  1193 ++
  534   916   819 ..
  535   722   625 ..
  536   528   431 ..
  537   334   237 ..
  538   140    43 ..
  539  2376  1712 -+
  540  1050   895 +.
  541   798   701 ..
  542   604   507 ..
  543   410   313 ..
  544   216   119 ..
  545  2895  2232 --
  546  1569   971 +.
  547   874   777 ..
  548   680   583 ..
  549   486   389 ..
  550   292   195 ..
  551    98  2752 .-
  552  2089  1425 -+
  553   950   853 ..
  554   756   659 ..
  555   562   465 ..
  556   368   271 ..
  557   174    77 ..
  558  2608  1945 -+
  559  1282   929 +.
  560   832   735 ..
  561   638   541 ..
  562   444   347 ..
  563   250   153 ..
  564    56  2465 .-
  565  1801  1138 ++
  566   908   811 ..
  567   714   617 ..
  568   520   423 ..
  569   326   229 ..
  570   132    35 ..
  571  2321  1658 -+
  572   984   887 ..
  573   790   693 ..
  574   596   499 ..
  575   402   305 ..
  576   208   111 ..
  577  2840  2178 --
  578  1514   963 +.
  579   866   769 ..
  580   672   575 ..
  581   478   381 ..
  582   284   187 ..
  583    90  2697 .-
  584  2034  1371 -+
  585   942   845 ..
  586   748   651 ..
  587   554   457 ..
  588   360   263 ..
  589   166    69 ..
  590  2553  1890 -+
  591  1227   921 +.
  592   824   727 ..
  593   630   533 ..
  594   436   339 ..
  595   242   145 ..
  596    48  2410 .-
  597  1747  1084 ++
  598   900   803 ..
  599   706   609 ..
  600   512   415 ..
  601   318   221 ..
  602   124  2929 .-
  603  2266  1603 -+
  604   976   879 ..
  605   782   685 ..
  606   588   491 ..
  607   394   297 ..
  608   200   103 ..
  609  2786  2123 --
  610  1460   955 +.
  611   858   761 ..
  612   664   567 ..
  613   470   373 ..
  614   276   179 ..
  615    82  2642 .-
  616  1979  1316 -+
  617   934   837 ..
  618   740   643 ..
  619   546   449 ..
  620   352   255 ..
  621   158    61 ..
  622  2499  1835 -+
  623  1173   913 +.
  624   816   719 ..
  625   622   525 ..
  626   428   331 ..
  627   234   137 ..
  628    40  2355 .-
  629  1692  1029 ++
  630   892   795 ..
  631   698   601 ..
  632   504   407 ..
  633   310   213 ..
  634   116  2875 .-
  635  2212  1548 -+
  636   968   871 ..
  637   774   677 ..
  638   580   483 ..
  639   386   289 ..
  640   192    95 ..
  641  2731  2068 --
  642  1405   947 +.
  643   850   753 ..
  644   656   559 ..
  645   462   365 ..
  646   268   171 ..
  647    74  2588 .-
  648  1924  1261 ++
  649   926   829 ..
  650   732   635 ..
  651   538   441 ..
  652   344   247 ..
  653   150    53 ..
  654  2444  1781 -+
  655  1118   905 +.
  656   808   711 ..
  657   614   517 ..
  658   420   323 ..
  659   226   129 ..
  660   996   996 R+
  661   997   997 R+
  662   998   998 R+
  663   999   999 R+
  664  1000  1000 R+
  665  1001  1001 R+
  666  1002  1002 R+
  667  1003  1003 R+
  668  1004  1004 R+
  669  1005  1005 R+
  670  1006  1006 R+
  671  1007  1007 R+
  672  1008  1008 R+
  673  1009  1009 R+
  674  1010  1010 R+
  675  1011  1011 R+
  676  1012  1012 R+
  677  1013  1013 R+
  678  1014  1014 R+
  679  1015  1015 R+
  680  1016  1016 R+
  681  1017  1017 R+
  682  1018  1018 R+
  683  1019  1019 R+
Total data plus flush bits=988, p-parity bits=172, q-parity=144, Errors=0, Repetition=64
