R5T45XH6
Channel Interleaving, Puncturing and Mapping to 16-QAM
User data=2200, with flush=2204, Channel Symbols=644, Channel Bits=2576, Parity=372, p=q=186, Coding Rate=0.854037
D=2200, FECSy=644, DF=2204, N=2576, P=372, p=186, distep=1361, dd=0, pistep=115, pp=185, ppstep=11.849463, ppstart=2204.500000, qpstart=4414.424805, k=-458, mx=1.406114

Symbol   I1    I0    Q1    Q0  Pattern= . =data, + =p parity, - =q parity
-------------------------------------------------------------------------
    0     0   518  1361  1879 ....
    1  1036  4396   193  4414 .+.-
    2  1554  2072   711  1229 ....
    3   386   904  1747    61 ....
    4  1422  3555   579  5255 .+.-
    5  1940   254  1097  1615 ....
    6   772  1290  2133   447 ....
    7  1808  2714   965  6097 .+.-
    8   122   640  1483  2001 ....
    9  1158  1676   315   833 ....
   10  2194   508  1351  1869 ....
   11  1026  4076   183  4734 .+.-
   12  1544  2062   701  1219 ....
   13   376   894  1737    51 ....
   14  1412  3235   569  5575 .+.-
   15  1930   244  1087  1605 ....
   16   762  1280  2123   437 ....
   17  1798   112   955  1473 ....
   18   630  2394  1991  6416 .+.-
   19  1148  1666   305   823 ....
   20  2184   498  1341  1859 ....
   21  1016  3756   173  5054 .+.-
   22  1534  2052   691  1209 ....
   23   366   884  1727    41 ....
   24  1402  1920   559  1077 ....
   25   234  2915  1595  5895 .+.-
   26   752  1270  2113   427 ....
   27  1788   102   945  1463 ....
   28   620  4278  1981  4532 .+.-
   29  1138  1656   295   813 ....
   30  2174   488  1331  1849 ....
   31  1006  1524   163   681 ....
   32  2042  3436  1199  5374 .+.-
   33   356   874  1717    31 ....
   34  1392  1910   549  1067 ....
   35   224  2595  1585  6215 .+.-
   36   742  1260  2103   417 ....
   37  1778    92   935  1453 ....
   38   610  1128  1971   285 ....
   39  1646  3958   803  4852 .+.-
   40  2164   478  1321  1839 ....
   41   996  1514   153   671 ....
   42  2032  3116  1189  5694 .+.-
   43   346   864  1707    21 ....
   44  1382  1900   539  1057 ....
   45   214   732  1575  2093 ....
   46  1250  2275   407  6535 .+.-
   47  1768    82   925  1443 ....
   48   600  1118  1961   275 ....
   49  1636  3638   793  5172 .+.-
   50  2154   468  1311  1829 ....
   51   986  1504   143   661 ....
   52  2022  2796  1179  6014 .+.-
   53   336   854  1697    11 ....
   54  1372  1890   529  1047 ....
   55   204   722  1565  2083 ....
   56  1240  4159   397  4651 .+.-
   57  1758    72   915  1433 ....
   58   590  1108  1951   265 ....
   59  1626  3318   783  5492 .+.-
   60  2144   458  1301  1819 ....
   61   976  1494   133   651 ....
   62  2012   326  1169  1687 ....
   63   844  2477     1  6334 .+.-
   64  1362  1880   519  1037 ....
   65   194   712  1555  2073 ....
   66  1230  3839   387  4971 .+.-
   67  1748    62   905  1423 ....
   68   580  1098  1941   255 ....
   69  1616  2134   773  1291 ....
   70   448  2998  1809  5812 .+.-
   71   966  1484   123   641 ....
   72  2002   316  1159  1677 ....
   73   834  4361  2195  4449 .+.-
   74  1352  1870   509  1027 ....
   75   184   702  1545  2063 ....
   76  1220  1738   377   895 ....
   77    52  3519  1413  5291 .+.-
   78   570  1088  1931   245 ....
   79  1606  2124   763  1281 ....
   80   438  2678  1799  6132 .+.-
   81   956  1474   113   631 ....
   82  1992   306  1149  1667 ....
   83   824  1342  2185   499 ....
   84  1860  4041  1017  4769 .+.-
   85   174   692  1535  2053 ....
   86  1210  1728   367   885 ....
   87    42  3199  1403  5611 .+.-
   88   560  1078  1921   235 ....
   89  1596  2114   753  1271 ....
   90   428   946  1789   103 ....
   91  1464  2358   621  6452 .+.-
   92  1982   296  1139  1657 ....
   93   814  1332  2175   489 ....
   94  1850  3721  1007  5089 .+.-
   95   164   682  1525  2043 ....
   96  1200  1718   357   875 ....
   97    32  2879  1393  5931 .+.-
   98   550  1068  1911   225 ....
   99  1586  2104   743  1261 ....
  100   418   936  1779    93 ....
  101  1454  4242   611  4568 .+.-
  102  1972   286  1129  1647 ....
  103   804  1322  2165   479 ....
  104  1840  3401   997  5409 .+.-
  105   154   672  1515  2033 ....
  106  1190  1708   347   865 ....
  107    22   540  1383  1901 ....
  108  1058  2559   215  6251 .+.-
  109  1576  2094   733  1251 ....
  110   408   926  1769    83 ....
  111  1444  3922   601  4888 .+.-
  112  1962   276  1119  1637 ....
  113   794  1312  2155   469 ....
  114  1830   144   987  1505 ....
  115   662  3081  2023  5729 .+.-
  116  1180  1698   337   855 ....
  117    12   530  1373  1891 ....
  118  1048  2240   205  6571 .+.-
  119  1566  2084   723  1241 ....
  120   398   916  1759    73 ....
  121  1434  1952   591  1109 ....
  122   266  3602  1627  5208 .+.-
  123   784  1302  2145   459 ....
  124  1820   134   977  1495 ....
  125   652  2761  2013  6049 .+.-
  126  1170  1688   327   845 ....
  127     2   520  1363  1881 ....
  128  1038  1556   195   713 ....
  129  2074  4124  1231  4686 .+.-
  130   388   906  1749    63 ....
  131  1424  1942   581  1099 ....
  132   256  3282  1617  5528 .+.-
  133   774  1292  2135   449 ....
  134  1810   124   967  1485 ....
  135   642  1160  2003   317 ....
  136  1678  2441   835  6369 .+.-
  137  2196   510  1353  1871 ....
  138  1028  1546   185   703 ....
  139  2064  3804  1221  5006 .+.-
  140   378   896  1739    53 ....
  141  1414  1932   571  1089 ....
  142   246  2962  1607  5848 .+.-
  143   764  1282  2125   439 ....
  144  1800   114   957  1475 ....
  145   632  1150  1993   307 ....
  146  1668  4325   825  4485 .+.-
  147  2186   500  1343  1861 ....
  148  1018  1536   175   693 ....
  149  2054  3484  1211  5326 .+.-
  150   368   886  1729    43 ....
  151  1404  1922   561  1079 ....
  152   236   754  1597  2115 ....
  153  1272  2642   429  6168 .+.-
  154  1790   104   947  1465 ....
  155   622  1140  1983   297 ....
  156  1658  4005   815  4805 .+.-
  157  2176   490  1333  1851 ....
  158  1008  1526   165   683 ....
  159  2044   358  1201  1719 ....
  160   876  3164    33  5646 .+.-
  161  1394  1912   551  1069 ....
  162   226   744  1587  2105 ....
  163  1262  2322   419  6488 .+.-
  164  1780    94   937  1455 ....
  165   612  1130  1973   287 ....
  166  1648  2166   805  1323 ....
  167   480  3685  1841  5125 .+.-
  168   998  1516   155   673 ....
  169  2034   348  1191  1709 ....
  170   866  2844    23  5966 .+.-
  171  1384  1902   541  1059 ....
  172   216   734  1577  2095 ....
  173  1252  1770   409   927 ....
  174    84  4207  1445  4604 .+.-
  175   602  1120  1963   277 ....
  176  1638  2156   795  1313 ....
  177   470  3365  1831  5445 .+.-
  178   988  1506   145   663 ....
  179  2024   338  1181  1699 ....
  180   856  1374    13   531 ....
  181  1892  2524  1049  6286 .+.-
  182   206   724  1567  2085 ....
  183  1242  1760   399   917 ....
  184    74  3887  1435  4923 .+.-
  185   592  1110  1953   267 ....
  186  1628  2146   785  1303 ....
  187   460  3045  1821  5765 .+.-
  188   978  1496   135   653 ....
  189  2014   328  1171  1689 ....
  190   846  1364     3   521 ....
  191  1882  2204  1039  6606 .+.-
  192   196   714  1557  2075 ....
  193  1232  1750   389   907 ....
  194    64  3567  1425  5243 .+.-
  195   582  1100  1943   257 ....
  196  1618  2136   775  1293 ....
  197   450   968  1811   125 ....
  198  1486  2725   643  6085 .+.-
  199  2004   318  1161  1679 ....
  200   836  1354  2197   511 ....
  201  1872  4088  1029  4722 .+.-
  202   186   704  1547  2065 ....
  203  1222  1740   379   897 ....
  204    54   572  1415  1933 ....
  205  1090  3247   247  5563 .+.-
  206  1608  2126   765  1283 ....
  207   440   958  1801   115 ....
  208  1476  2405   633  6405 .+.-
  209  1994   308  1151  1669 ....
  210   826  1344  2187   501 ....
  211  1862   176  1019  1537 ....
  212   694  3768  2055  5042 .+.-
  213  1212  1730   369   887 ....
  214    44   562  1405  1923 ....
  215  1080  2927   237  5883 .+.-
  216  1598  2116   755  1273 ....
  217   430   948  1791   105 ....
  218  1466  1984   623  1141 ....
  219   298  4290  1659  4521 .+.-
  220   816  1334  2177   491 ....
  221  1852   166  1009  1527 ....
  222   684  3448  2045  5362 .+.-
  223  1202  1720   359   877 ....
  224    34   552  1395  1913 ....
  225  1070  1588   227   745 ....
  226  2106  2607  1263  6203 .+.-
  227   420   938  1781    95 ....
  228  1456  1974   613  1131 ....
  229   288  3970  1649  4841 .+.-
  230   806  1324  2167   481 ....
  231  1842   156   999  1517 ....
  232   674  3128  2035  5682 .+.-
  233  1192  1710   349   867 ....
  234    24   542  1385  1903 ....
  235  1060  1578   217   735 ....
  236  2096  2287  1253  6523 .+.-
  237   410   928  1771    85 ....
  238  1446  1964   603  1121 ....
  239   278  3650  1639  5160 .+.-
  240   796  1314  2157   471 ....
  241  1832   146   989  1507 ....
  242   664  1182  2025   339 ....
  243  1700  2808   857  6002 .+.-
  244    14   532  1375  1893 ....
  245  1050  1568   207   725 ....
  246  2086  4171  1243  4639 .+.-
  247   400   918  1761    75 ....
  248  1436  1954   593  1111 ....
  249   268   786  1629  2147 ....
  250  1304  3330   461  5480 .+.-
  251  1822   136   979  1497 ....
  252   654  1172  2015   329 ....
  253  1690  2488   847  6322 .+.-
  254     4   522  1365  1883 ....
  255  1040  1558   197   715 ....
  256  2076   390  1233  1751 ....
  257   908  3851    65  4959 .+.-
  258  1426  1944   583  1101 ....
  259   258   776  1619  2137 ....
  260  1294  3010   451  5800 .+.-
  261  1812   126   969  1487 ....
  262   644  1162  2005   319 ....
  263  1680  2198   837  1355 ....
  264   512  4372  1873  4438 .+.-
  265  1030  1548   187   705 ....
  266  2066   380  1223  1741 ....
  267   898  3531    55  5279 .+.-
  268  1416  1934   573  1091 ....
  269   248   766  1609  2127 ....
  270  1284  1802   441   959 ....
  271   116  2690  1477  6120 .+.-
  272   634  1152  1995   309 ....
  273  1670  2188   827  1345 ....
  274   502  4053  1863  4758 .+.-
  275  1020  1538   177   695 ....
  276  2056   370  1213  1731 ....
  277   888  3211    45  5599 .+.-
  278  1406  1924   563  1081 ....
  279   238   756  1599  2117 ....
  280  1274  1792   431   949 ....
  281   106  2370  1467  6440 .+.-
  282   624  1142  1985   299 ....
  283  1660  2178   817  1335 ....
  284   492  3733  1853  5077 .+.-
  285  1010  1528   167   685 ....
  286  2046   360  1203  1721 ....
  287   878  1396    35   553 ....
  288  1914  2891  1071  5919 .+.-
  289   228   746  1589  2107 ....
  290  1264  1782   421   939 ....
  291    96  4254  1457  4556 .+.-
  292   614  1132  1975   289 ....
  293  1650  2168   807  1325 ....
  294   482  1000  1843   157 ....
  295  1518  3413   675  5397 .+.-
  296  2036   350  1193  1711 ....
  297   868  1386    25   543 ....
  298  1904  2571  1061  6239 .+.-
  299   218   736  1579  2097 ....
  300  1254  1772   411   929 ....
  301    86   604  1447  1965 ....
  302  1122  3934   279  4876 .+.-
  303  1640  2158   797  1315 ....
  304   472   990  1833   147 ....
  305  1508  3093   665  5717 .+.-
  306  2026   340  1183  1701 ....
  307   858  1376    15   533 ....
  308  1894   208  1051  1569 ....
  309   726  2251  2087  6559 .+.-
  310  1244  1762   401   919 ....
  311    76   594  1437  1955 ....
  312  1112  3614   269  5196 .+.-
  313  1630  2148   787  1305 ....
  314   462   980  1823   137 ....
  315  1498  2016   655  1173 ....
  316   330  2773  1691  6037 .+.-
  317   848  1366     5   523 ....
  318  1884   198  1041  1559 ....
  319   716  4135  2077  4675 .+.-
  320  1234  1752   391   909 ....
  321    66   584  1427  1945 ....
  322  1102  1620   259   777 ....
  323  2138  3294  1295  5516 .+.-
  324   452   970  1813   127 ....
  325  1488  2006   645  1163 ....
  326   320  2453  1681  6357 .+.-
  327   838  1356  2199   513 ....
  328  1874   188  1031  1549 ....
  329   706  3816  2067  4995 .+.-
  330  1224  1742   381   899 ....
  331    56   574  1417  1935 ....
  332  1092  1610   249   767 ....
  333  2128  2974  1285  5836 .+.-
  334   442   960  1803   117 ....
  335  1478  1996   635  1153 ....
  336   310  4337  1671  4473 .+.-
  337   828  1346  2189   503 ....
  338  1864   178  1021  1539 ....
  339   696  1214  2057   371 ....
  340  1732  3496   889  5314 .+.-
  341    46   564  1407  1925 ....
  342  1082  1600   239   757 ....
  343  2118  2654  1275  6156 .+.-
  344   432   950  1793   107 ....
  345  1468  1986   625  1143 ....
  346   300   818  1661  2179 ....
  347  1336  4017   493  4793 .+.-
  348  1854   168  1011  1529 ....
  349   686  1204  2047   361 ....
  350  1722  3176   879  5634 .+.-
  351    36   554  1397  1915 ....
  352  1072  1590   229   747 ....
  353  2108   422  1265  1783 ....
  354   940  2334    97  6476 .+.-
  355  1458  1976   615  1133 ....
  356   290   808  1651  2169 ....
  357  1326  3697   483  5113 .+.-
  358  1844   158  1001  1519 ....
  359   676  1194  2037   351 ....
  360  1712    26   869  1387 ....
  361   544  2856  1905  5954 .+.-
  362  1062  1580   219   737 ....
  363  2098   412  1255  1773 ....
  364   930  4218    87  4592 .+.-
  365  1448  1966   605  1123 ....
  366   280   798  1641  2159 ....
  367  1316  1834   473   991 ....
  368   148  3377  1509  5433 .+.-
  369   666  1184  2027   341 ....
  370  1702    16   859  1377 ....
  371   534  2536  1895  6274 .+.-
  372  1052  1570   209   727 ....
  373  2088   402  1245  1763 ....
  374   920  3898    77  4912 .+.-
  375  1438  1956   595  1113 ....
  376   270   788  1631  2149 ....
  377  1306  1824   463   981 ....
  378   138  3057  1499  5753 .+.-
  379   656  1174  2017   331 ....
  380  1692     6   849  1367 ....
  381   524  2216  1885  6594 .+.-
  382  1042  1560   199   717 ....
  383  2078   392  1235  1753 ....
  384   910  1428    67   585 ....
  385  1946  3579  1103  5232 .+.-
  386   260   778  1621  2139 ....
  387  1296  1814   453   971 ....
  388   128  2737  1489  6073 .+.-
  389   646  1164  2007   321 ....
  390  1682  2200   839  1357 ....
  391   514  1032  1875   189 ....
  392  1550  4100   707  4710 .+.-
  393  2068   382  1225  1743 ....
  394   900  1418    57   575 ....
  395  1936  3259  1093  5551 .+.-
  396   250   768  1611  2129 ....
  397  1286  1804   443   961 ....
  398   118   636  1479  1997 ....
  399  1154  2417   311  6393 .+.-
  400  1672  2190   829  1347 ....
  401   504  1022  1865   179 ....
  402  1540  3780   697  5030 .+.-
  403  2058   372  1215  1733 ....
  404   890  1408    47   565 ....
  405  1926   240  1083  1601 ....
  406   758  2939  2119  5871 .+.-
  407  1276  1794   433   951 ....
  408   108   626  1469  1987 ....
  409  1144  4301   301  4509 .+.-
  410  1662  2180   819  1337 ....
  411   494  1012  1855   169 ....
  412  1530  2048   687  1205 ....
  413   362  3460  1723  5350 .+.-
  414   880  1398    37   555 ....
  415  1916   230  1073  1591 ....
  416   748  2619  2109  6191 .+.-
  417  1266  1784   423   941 ....
  418    98   616  1459  1977 ....
  419  1134  3981   291  4829 .+.-
  420  1652  2170   809  1327 ....
  421   484  1002  1845   159 ....
  422  1520  2038   677  1195 ....
  423   352  3140  1713  5670 .+.-
  424   870  1388    27   545 ....
  425  1906   220  1063  1581 ....
  426   738  2299  2099  6511 .+.-
  427  1256  1774   413   931 ....
  428    88   606  1449  1967 ....
  429  1124  1642   281   799 ....
  430  2160  3661  1317  5149 .+.-
  431   474   992  1835   149 ....
  432  1510  2028   667  1185 ....
  433   342  2820  1703  5990 .+.-
  434   860  1378    17   535 ....
  435  1896   210  1053  1571 ....
  436   728  1246  2089   403 ....
  437  1764  4183   921  4627 .+.-
  438    78   596  1439  1957 ....
  439  1114  1632   271   789 ....
  440  2150  3342  1307  5469 .+.-
  441   464   982  1825   139 ....
  442  1500  2018   657  1175 ....
  443   332   850  1693     7 ....
  444  1368  2500   525  6310 .+.-
  445  1886   200  1043  1561 ....
  446   718  1236  2079   393 ....
  447  1754  3863   911  4947 .+.-
  448    68   586  1429  1947 ....
  449  1104  1622   261   779 ....
  450  2140   454  1297  1815 ....
  451   972  3022   129  5788 .+.-
  452  1490  2008   647  1165 ....
  453   322   840  1683  2201 ....
  454  1358  4384   515  4426 .+.-
  455  1876   190  1033  1551 ....
  456   708  1226  2069   383 ....
  457  1744    58   901  1419 ....
  458   576  3543  1937  5267 .+.-
  459  1094  1612   251   769 ....
  460  2130   444  1287  1805 ....
  461   962  2702   119  6108 .+.-
  462  1480  1998   637  1155 ....
  463   312   830  1673  2191 ....
  464  1348  4064   505  4746 .+.-
  465  1866   180  1023  1541 ....
  466   698  1216  2059   373 ....
  467  1734    48   891  1409 ....
  468   566  3223  1927  5587 .+.-
  469  1084  1602   241   759 ....
  470  2120   434  1277  1795 ....
  471   952  2382   109  6428 .+.-
  472  1470  1988   627  1145 ....
  473   302   820  1663  2181 ....
  474  1338  1856   495  1013 ....
  475   170  3744  1531  5066 .+.-
  476   688  1206  2049   363 ....
  477  1724    38   881  1399 ....
  478   556  2903  1917  5907 .+.-
  479  1074  1592   231   749 ....
  480  2110   424  1267  1785 ....
  481   942  1460    99   617 ....
  482  1978  4266  1135  4544 .+.-
  483   292   810  1653  2171 ....
  484  1328  1846   485  1003 ....
  485   160  3424  1521  5386 .+.-
  486   678  1196  2039   353 ....
  487  1714    28   871  1389 ....
  488   546  1064  1907   221 ....
  489  1582  2583   739  6227 .+.-
  490  2100   414  1257  1775 ....
  491   932  1450    89   607 ....
  492  1968  3946  1125  4864 .+.-
  493   282   800  1643  2161 ....
  494  1318  1836   475   993 ....
  495   150   668  1511  2029 ....
  496  1186  3105   343  5706 .+.-
  497  1704    18   861  1379 ....
  498   536  1054  1897   211 ....
  499  1572  2263   729  6547 .+.-
  500  2090   404  1247  1765 ....
  501   922  1440    79   597 ....
  502  1958   272  1115  1633 ....
  503   790  3626  2151  5184 .+.-
  504  1308  1826   465   983 ....
  505   140   658  1501  2019 ....
  506  1176  2785   333  6025 .+.-
  507  1694     8   851  1369 ....
  508   526  1044  1887   201 ....
  509  1562  4147   719  4663 .+.-
  510  2080   394  1237  1755 ....
  511   912  1430    69   587 ....
  512  1948   262  1105  1623 ....
  513   780  3306  2141  5504 .+.-
  514  1298  1816   455   973 ....
  515   130   648  1491  2009 ....
  516  1166  2465   323  6345 .+.-
  517  1684  2202   841  1359 ....
  518   516  1034  1877   191 ....
  519  1552  2070   709  1227 ....
  520   384  3827  1745  4983 .+.-
  521   902  1420    59   577 ....
  522  1938   252  1095  1613 ....
  523   770  2986  2131  5824 .+.-
  524  1288  1806   445   963 ....
  525   120   638  1481  1999 ....
  526  1156  1674   313   831 ....
  527  2192  4349  1349  4461 .+.-
  528   506  1024  1867   181 ....
  529  1542  2060   699  1217 ....
  530   374  3507  1735  5303 .+.-
  531   892  1410    49   567 ....
  532  1928   242  1085  1603 ....
  533   760  1278  2121   435 ....
  534  1796  2666   953  6144 .+.-
  535   110   628  1471  1989 ....
  536  1146  1664   303   821 ....
  537  2182  4029  1339  4781 .+.-
  538   496  1014  1857   171 ....
  539  1532  2050   689  1207 ....
  540   364   882  1725    39 ....
  541  1400  3188   557  5623 .+.-
  542  1918   232  1075  1593 ....
  543   750  1268  2111   425 ....
  544  1786  2346   943  6464 .+.-
  545   100   618  1461  1979 ....
  546  1136  1654   293   811 ....
  547  2172   486  1329  1847 ....
  548  1004  3709   161  5101 .+.-
  549  1522  2040   679  1197 ....
  550   354   872  1715    29 ....
  551  1390  2868   547  5943 .+.-
  552  1908   222  1065  1583 ....
  553   740  1258  2101   415 ....
  554  1776  4230   933  4580 .+.-
  555    90   608  1451  1969 ....
  556  1126  1644   283   801 ....
  557  2162   476  1319  1837 ....
  558   994  3389   151  5421 .+.-
  559  1512  2030   669  1187 ....
  560   344   862  1705    19 ....
  561  1380  2548   537  6262 .+.-
  562  1898   212  1055  1573 ....
  563   730  1248  2091   405 ....
  564  1766    80   923  1441 ....
  565   598  3910  1959  4900 .+.-
  566  1116  1634   273   791 ....
  567  2152   466  1309  1827 ....
  568   984  3069   141  5741 .+.-
  569  1502  2020   659  1177 ....
  570   334   852  1695     9 ....
  571  1370  1888   527  1045 ....
  572   202  2228  1563  6582 .+.-
  573   720  1238  2081   395 ....
  574  1756    70   913  1431 ....
  575   588  3590  1949  5220 .+.-
  576  1106  1624   263   781 ....
  577  2142   456  1299  1817 ....
  578   974  1492   131   649 ....
  579  2010  2749  1167  6061 .+.-
  580   324   842  1685  2203 ....
  581  1360  1878   517  1035 ....
  582   192  4112  1553  4698 .+.-
  583   710  1228  2071   385 ....
  584  1746    60   903  1421 ....
  585   578  1096  1939   253 ....
  586  1614  3270   771  5540 .+.-
  587  2132   446  1289  1807 ....
  588   964  1482   121   639 ....
  589  2000  2429  1157  6381 .+.-
  590   314   832  1675  2193 ....
  591  1350  1868   507  1025 ....
  592   182   700  1543  2061 ....
  593  1218  3792   375  5018 .+.-
  594  1736    50   893  1411 ....
  595   568  1086  1929   243 ....
  596  1604  2951   761  5860 .+.-
  597  2122   436  1279  1797 ....
  598   954  1472   111   629 ....
  599  1990  4313  1147  4497 .+.-
  600   304   822  1665  2183 ....
  601  1340  1858   497  1015 ....
  602   172   690  1533  2051 ....
  603  1208  3472   365  5338 .+.-
  604  1726    40   883  1401 ....
  605   558  1076  1919   233 ....
  606  1594  2631   751  6179 .+.-
  607  2112   426  1269  1787 ....
  608   944  1462   101   619 ....
  609  1980   294  1137  1655 ....
  610   812  3993  2173  4817 .+.-
  611  1330  1848   487  1005 ....
  612   162   680  1523  2041 ....
  613  1198  3152   355  5658 .+.-
  614  1716    30   873  1391 ....
  615   548  1066  1909   223 ....
  616  1584  2102   741  1259 ....
  617   416  2311  1777  6499 .+.-
  618   934  1452    91   609 ....
  619  1970   284  1127  1645 ....
  620   802  3673  2163  5137 .+.-
  621  1320  1838   477   995 ....
  622   152   670  1513  2031 ....
  623  1188  1706   345   863 ....
  624    20  2832  1381  5978 .+.-
  625   538  1056  1899   213 ....
  626  1574  2092   731  1249 ....
  627   406  4195  1767  4615 .+.-
  628   924  1442    81   599 ....
  629  1960   274  1117  1635 ....
  630   792  1310  2153   467 ....
  631  1828  3353   985  5457 .+.-
  632   142   660  1503  2021 ....
  633  1178  1696   335   853 ....
  634    10  2512  1371  6298 .+.-
  635   528  1046  1889   203 ....
  636  1564  2082   721  1239 ....
  637   396   914  1757    71 ....
  638  1432  3875   589  4935 .+.-
  639  1950   264  1107  1625 ....
  640   782  1300  2143   457 ....
  641  1818  3033   975  5777 .+.-
  642   132   650  1493  2011 ....
  643  1168  1686   325   843 ....
Total data plus flush bits=2204, p-parity bits=186, q-parity=186, Errors=0, Repetition=0
