R80T05QL10
Channel Interleaving, Puncturing and Mapping to QPSK

Symbol	b1 	b0 
    0     0   686
    1  2479  1372
    2   265   951
    3  2744  1637
    4   530  2323
    5  1216   109
    6   795  2588
    7  1481   374
    8  1060  2853
    9   639  2432
   10  1325   218
   11   904  2697
   12  1590   483
   13  1169    62
   14   748  2541
   15  1434   327
   16  1013  2806
   17  1699   592
   18  2385  1278
   19   171   857
   20  2650  1543
   21   436  1122
   22    15   701
   23  2494  1387
   24   280   966
   25  2759  1652
   26   545  2338
   27  1231   124
   28   810  2603
   29  1496   389
   30  1075  2868
   31  1761   654
   32  2447  1340
   33   233   919
   34  2712  1605
   35   498  2291
   36  1184    77
   37  1870   763
   38  2556  1449
   39   342  1028
   40  2821  1714
   41   607  2400
   42  1293   186
   43   872  2665
   44  1558   451
   45  1137    30
   46   716  2509
   47  1402   295
   48   981  2774
   49  1667   560
   50  2353  1246
   51   139   825
   52  2618  1511
   53   404  1090
   54  2883   669
   55  2462  1355
   56   248   934
   57  2727  1620
   58   513  1199
   59    92   778
   60  2571  1464
   61   357  1043
   62  2836  1729
   63   622  2415
   64  1308   201
   65   887  2680
   66  1573   466
   67  1152    45
   68   731  2524
   69  1417   310
   70   996  2789
   71  1682   575
   72  2368  1261
   73   154   840
   74  2633  1526
   75   419  1105
   76  2898   684
   77  2477  1370
   78   263   949
   79  2742  1635
   80   528  2321
   81  1214   107
   82   793  2586
   83  1479   372
   84  2165  1058
   85  2851  1744
   86   637  2430
   87  1323   216
   88   902  2695
   89  1588   481
   90  2274  1167
   91    60  1853
   92   746  2539
   93  1432   325
   94  1011  2804
   95  1697   590
   96  2383  1276
   97   169   855
   98  2648  1541
   99   434  1120
  100    13   699
  101  2492  1385
  102   278   964
  103  2757  1650
  104   543  2336
  105  1229   122
  106   808  2601
  107  1494   387
  108  1073  2866
  109   652  2445
  110  1338   231
  111   917  2710
  112  1603   496
  113  1182    75
  114   761  2554
  115  1447   340
  116  1026  2819
  117  1712   605
  118  2398  1291
  119   184   870
  120  2663  1556
  121   449  1135
  122    28   714
  123  2507  1400
  124   293   979
  125  2772  1665
  126   558  2351
  127  1244   137
  128   823  2616
  129  1509   402
  130  1088  2881
  131   667  2460
  132  1353   246
  133   932  2725
  134  1618   511
  135  1197    90
  136   776  2569
  137  1462   355
  138  2148  1041
  139  2834  1727
  140   620  2413
  141  1306   199
  142   885  2678
  143  1571   464
  144  2257  1150
  145    43   729
  146  2522  1415
  147   308   994
  148  2787  1680
  149   573  2366
  150  1259   152
  151   838  2631
  152  1524   417
  153  1103  2896
  154   682  2475
  155  1368   261
  156   947  2740
  157  1633   526
  158  1212   105
  159   791  2584
  160  1477   370
  161  1056  2849
  162   635  2428
  163  1321   214
  164   900  2693
  165  1586   479
  166  1165    58
  167   744  2537
  168  1430   323
  169  1009  2802
  170  1695   588
  171  2381  1274
  172   167   853
  173  2646  1539
  174   432  1118
  175    11   697
  176  2490  1383
  177   276   962
  178  2755  1648
  179   541  2334
  180  1227   120
  181   806  2599
  182  1492   385
  183  1071  2864
  184   650  2443
  185  1336   229
  186  2022   915
  187  2708  1601
  188   494  1180
  189    73   759
  190  2552  1445
  191   338  2131
  192  1024  2817
  193  1710   603
  194  2396  1289
  195   182   868
  196  2661  1554
  197   447  2240
  198  1133    26
  199   712  2505
  200  1398   291
  201   977  2770
  202  1663   556
  203  2349  1242
  204   135   821
  205  2614  1507
  206   400  1086
  207  2879   665
  208  2458  1351
  209   244   930
  210  2723  1616
  211   509  1195
  212    88   774
  213  2567  1460
  214   353  1039
  215  2832  1725
  216   618  2411
  217  1304   197
  218   883  2676
  219  1569   462
  220  1148    41
  221   727  2520
  222  1413   306
  223   992  2785
  224  1678   571
  225  2364  1257
  226   150   836
  227  2629  1522
  228   415  1101
  229  2894   680
  230  2473  1366
  231   259   945
  232  2738  1631
  233   524  1210
  234   103  1896
  235   789  2582
  236  1475   368
  237  1054  2847
  238  1740   633
  239  2426  1319
  240   212  2005
  241   898  2691
  242  1584   477
  243  1163    56
  244   742  2535
  245  1428   321
  246  2114  1007
  247  2800  1693
  248   586  2379
  249  1272   165
  250   851  2644
  251  1537   430
  252  2223  1116
  253     9   695
  254  2488  1381
  255   274   960
  256  2753  1646
  257   539  2332
  258  1225   118
  259   804  2597
  260  1490   383
  261  1069  2862
  262   648  2441
  263  1334   227
  264   913  2706
  265  1599   492
  266  1178    71
  267   757  2550
  268  1443   336
  269  1022  2815
  270  1708   601
  271  2394  1287
  272   180   866
  273  2659  1552
  274   445  1131
  275    24   710
  276  2503  1396
  277   289   975
  278  2768  1661
  279   554  2347
  280  1240   133
  281   819  2612
  282  1505   398
  283  1084  2877
  284   663  2456
  285  1349   242
  286   928  2721
  287  1614   507
  288  1193    86
  289  1879   772
  290  2565  1458
  291   351  1037
  292  2830  1723
  293   616  2409
  294  1302   195
  295  1988   881
  296  2674  1567
  297   460  1146
  298    39   725
  299  2518  1411
  300   304  2097
  301   990  2783
  302  1676   569
  303  2362  1255
  304   148   834
  305  2627  1520
  306   413  1099
  307  2892   678
  308  2471  1364
  309   257   943
  310  2736  1629
  311   522  1208
  312   101   787
  313  2580  1473
  314   366  1052
  315  2845  1738
  316   631  2424
  317  1317   210
  318   896  2689
  319  1582   475
  320  1161    54
  321   740  2533
  322  1426   319
  323  1005  2798
  324  1691   584
  325  2377  1270
  326   163   849
  327  2642  1535
  328   428  1114
  329     7   693
  330  2486  1379
  331   272   958
  332  2751  1644
  333   537  2330
  334  1223   116
  335   802  2595
  336  1488   381
  337  1067  2860
  338  1753   646
  339  2439  1332
  340   225   911
  341  2704  1597
  342   490  1176
  343    69  1862
  344   755  2548
  345  1441   334
  346  1020  2813
  347  1706   599
  348  2392  1285
  349   178  1971
  350   864  2657
  351  1550   443
  352  1129    22
  353   708  2501
  354  1394   287
  355  2080   973
  356  2766  1659
  357   552  2345
  358  1238   131
  359   817  2610
  360  1503   396
  361  1082  2875
  362   661  2454
  363  1347   240
  364   926  2719
  365  1612   505
  366  1191    84
  367   770  2563
  368  1456   349
  369  1035  2828
  370  1721   614
  371  2407  1300
  372   193   879
  373  2672  1565
  374   458  1144
  375    37   723
  376  2516  1409
  377   302   988
  378  2781  1674
  379   567  2360
  380  1253   146
  381   832  2625
  382  1518   411
  383  1097  2890
  384   676  2469
  385  1362   255
  386   941  2734
  387  1627   520
  388  1206    99
  389   785  2578
  390  1471   364
  391  1050  2843
  392  1736   629
  393  2422  1315
  394   208   894
  395  2687  1580
  396   473  1159
  397    52  1845
  398   738  2531
  399  1424   317
  400  1003  2796
  401  1689   582
  402  2375  1268
  403   161  1954
  404   847  2640
  405  1533   426
  406  1112     5
  407   691  2484
  408  1377   270
  409   956  2749
  410  1642   535
  411  2328  1221
  412   114   800
  413  2593  1486
  414   379  1065
  415  2858   644
  416  2437  1330
  417   223   909
  418  2702  1595
  419   488  1174
  420    67   753
  421  2546  1439
  422   332  1018
  423  2811  1704
  424   597  2390
  425  1283   176
  426   862  2655
  427  1548   441
  428  1127    20
  429   706  2499
  430  1392   285
  431   971  2764
  432  1657   550
  433  2343  1236
  434   129   815
  435  2608  1501
  436   394  1080
  437  2873   659
  438  2452  1345
  439   238   924
  440  2717  1610
  441   503  1189
  442    82   768
  443  2561  1454
  444   347  1033
  445  2826  1719
  446   612  2405
  447  1298   191
  448   877  2670
  449  1563   456
  450  2249  1142
  451    35  1828
  452   721  2514
  453  1407   300
  454   986  2779
  455  1672   565
  456  2358  1251
  457   144   830
  458  2623  1516
  459   409  1095
  460  2888   674
  461  2467  1360
  462   253   939
  463  2732  1625
  464   518  1204
  465    97   783
  466  2576  1469
  467   362  1048
  468  2841  1734
  469   627  2420
  470  1313   206
  471   892  2685
  472  1578   471
  473  1157    50
  474   736  2529
  475  1422   315
  476  1001  2794
  477  1687   580
  478  2373  1266
  479   159   845
  480  2638  1531
  481   424  1110
  482     3   689
  483  2482  1375
  484   268   954
  485  2747  1640
  486   533  2326
  487  1219   112
  488   798  2591
  489  1484   377
  490  1063  2856
  491   642  2435
  492  1328   221
  493   907  2700
  494  1593   486
  495  1172    65
  496   751  2544
  497  1437   330
  498  2123  1016
  499  2809  1702
  500   595  2388
  501  1281   174
  502   860  2653
  503  1546   439
  504  2232  1125
  505    18  1811
  506   704  2497
  507  1390   283
  508   969  2762
  509  1655   548
  510  2341  1234
  511   127   813
  512  2606  1499
  513   392  1078
  514  2871   657
  515  2450  1343
  516   236   922
  517  2715  1608
  518   501  1187
  519    80   766
  520  2559  1452
  521   345  1031
  522  2824  1717
  523   610  2403
  524  1296   189
  525   875  2668
  526  1561   454
  527  1140    33
  528   719  2512
  529  1405   298
  530   984  2777
  531  1670   563
  532  2356  1249
  533   142   828
  534  2621  1514
  535   407  1093
  536  2886   672
  537  2465  1358
  538   251   937
  539  2730  1623
  540   516  1202
  541    95   781
  542  2574  1467
  543   360  1046
  544  2839  1732
  545   625  2418
  546  1311   204
  547   890  2683
  548  1576   469
  549  1155    48
  550   734  2527
  551  1420   313
  552  2106   999
  553  2792  1685
  554   578  2371
  555  1264   157
  556   843  2636
  557  1529   422
  558  2215  1108
  559     1   687
  560  2480  1373
  561   266   952
  562  2745  1638
  563   531  2324
  564  1217   110
  565   796  2589
  566  1482   375
  567  1061  2854
  568   640  2433
  569  1326   219
  570   905  2698
  571  1591   484
  572  1170    63
  573   749  2542
  574  1435   328
  575  1014  2807
  576  1700   593
  577  2386  1279
  578   172   858
  579  2651  1544
  580   437  1123
  581    16   702
  582  2495  1388
  583   281   967
  584  2760  1653
  585   546  2339
  586  1232   125
  587   811  2604
  588  1497   390
  589  1076  2869
  590   655  2448
  591  1341   234
  592   920  2713
  593  1606   499
  594  1185    78
  595   764  2557
  596  1450   343
  597  1029  2822
  598  1715   608
  599  2401  1294
  600   187  1980
  601   873  2666
  602  1559   452
  603  1138    31
  604   717  2510
  605  1403   296
  606  2089   982
  607  2775  1668
  608   561  2354
  609  1247   140
  610   826  2619
  611  1512   405
  612  2198  1091
  613  2884   670
  614  2463  1356
  615   249   935
  616  2728  1621
  617   514  2307
  618  1200    93
  619   779  2572
  620  1465   358
  621  1044  2837
  622  1730   623
  623  2416  1309
  624   202   888
  625  2681  1574
  626   467  1153
  627    46   732
  628  2525  1418
  629   311   997
  630  2790  1683
  631   576  2369
  632  1262   155
  633   841  2634
  634  1527   420
  635  1106  2899
  636   685  2478
  637  1371   264
  638   950  2743
  639  1636   529
  640  2322  1215
  641   108   794
  642  2587  1480
  643   373  1059
  644  2852   638
  645  2431  1324
  646   217   903
  647  2696  1589
  648   482  1168
  649    61   747
  650  2540  1433
  651   326  1012
  652  2805  1698
  653   591  2384
  654  1277   170
  655  1963   856
  656  2649  1542
  657   435  1121
  658    14   700
  659  2493  1386
  660   279  2072
  661   965  2758
  662  1651   544
  663  2337  1230
  664   123   809
  665  2602  1495
  666   388  2181
  667  1074  2867
  668   653  2446
  669  1339   232
  670   918  2711
  671  1604   497
  672  1183    76
  673   762  2555
  674  1448   341
  675  1027  2820
  676  1713   606
  677  2399  1292
  678   185   871
  679  2664  1557
  680   450  1136
  681    29   715
  682  2508  1401
  683   294   980
  684  2773  1666
  685   559  2352
  686  1245   138
  687   824  2617
  688  1510   403
  689  1089  2882
  690   668  2461
  691  1354   247
  692   933  2726
  693  1619   512
  694  1198    91
  695   777  2570
  696  1463   356
  697  1042  2835
  698  1728   621
  699  2414  1307
  700   200   886
  701  2679  1572
  702   465  1151
  703    44  1837
  704   730  2523
  705  1416   309
  706   995  2788
  707  1681   574
  708  2367  1260
  709   153  1946
  710   839  2632
  711  1525   418
  712  1104  2897
  713   683  2476
  714  1369   262
  715  2055   948
  716  2741  1634
  717   527  2320
  718  1213   106
  719   792  2585
  720  1478   371
  721  1057  2850
  722   636  2429
  723  1322   215
  724   901  2694
  725  1587   480
  726  1166    59
  727   745  2538
  728  1431   324
  729  1010  2803
  730  1696   589
  731  2382  1275
  732   168   854
  733  2647  1540
  734   433  1119
  735    12   698
  736  2491  1384
  737   277   963
  738  2756  1649
  739   542  2335
  740  1228   121
  741   807  2600
  742  1493   386
  743  1072  2865
  744   651  2444
  745  1337   230
  746   916  2709
  747  1602   495
  748  1181    74
  749   760  2553
  750  1446   339
  751  1025  2818
  752  1711   604
  753  2397  1290
  754   183   869
  755  2662  1555
  756   448  1134
  757    27  1820
  758   713  2506
  759  1399   292
  760   978  2771
  761  1664   557
  762  2350  1243
  763   136  1929
  764   822  2615
  765  1508   401
  766  1087  2880
  767   666  2459
  768  1352   245
  769  2038   931
  770  2724  1617
  771   510  1196
  772    89   775
  773  2568  1461
  774   354  1040
  775  2833  1726
  776   619  2412
  777  1305   198
  778   884  2677
  779  1570   463
  780  1149    42
  781   728  2521
  782  1414   307
  783   993  2786
  784  1679   572
  785  2365  1258
  786   151   837
  787  2630  1523
  788   416  1102
  789  2895   681
  790  2474  1367
  791   260   946
  792  2739  1632
  793   525  1211
  794   104   790
  795  2583  1476
  796   369  1055
  797  2848   634
  798  2427  1320
  799   213   899
  800  2692  1585
  801   478  1164
  802    57   743
  803  2536  1429
  804   322  1008
  805  2801  1694
  806   587  2380
  807  1273   166
  808   852  2645
  809  1538   431
  810  1117    10
  811  1803   696
  812  2489  1382
  813   275   961
  814  2754  1647
  815   540  2333
  816  1226   119
  817  1912   805
  818  2598  1491
  819   384  1070
  820  2863   649
  821  2442  1335
  822   228   914
  823  2707  1600
  824   493  1179
  825    72   758
  826  2551  1444
  827   337  1023
  828  2816  1709
  829   602  2395
  830  1288   181
  831   867  2660
  832  1553   446
  833  1132    25
  834   711  2504
  835  1397   290
  836   976  2769
  837  1662   555
  838  2348  1241
  839   134   820
  840  2613  1506
  841   399  1085
  842  2878   664
  843  2457  1350
  844   243   929
  845  2722  1615
  846   508  1194
  847    87   773
  848  2566  1459
  849   352  1038
  850  2831  1724
  851   617  2410
  852  1303   196
  853   882  2675
  854  1568   461
  855  1147    40
  856   726  2519
  857  1412   305
  858   991  2784
  859  1677   570
  860  2363  1256
  861   149   835
  862  2628  1521
  863   414  2207
  864  1100  2893
  865  1786   679
  866  2472  1365
  867   258   944
  868  2737  1630
  869   523  2316
  870  1209   102
  871   788  2581
  872  1474   367
  873  1053  2846
  874  1739   632
  875  2425  1318
  876   211   897
  877  2690  1583
  878   476  1162
  879    55   741
  880  2534  1427
  881   320  1006
  882  2799  1692
  883   585  2378
  884  1271   164
  885   850  2643
  886  1536   429
  887  1115     8
  888   694  2487
  889  1380   273
  890   959  2752
  891  1645   538
  892  2331  1224
  893   117   803
  894  2596  1489
  895   382  1068
  896  2861   647
  897  2440  1333
  898   226   912
  899  2705  1598
  900   491  1177
  901    70   756
  902  2549  1442
  903   335  1021
  904  2814  1707
  905   600  2393
  906  1286   179
  907   865  2658
  908  1551   444
  909  1130    23
  910   709  2502
  911  1395   288
  912   974  2767
  913  1660   553
  914  2346  1239
  915   132   818
  916  2611  1504
  917   397  2190
  918  1083  2876
  919  1769   662
  920  2455  1348
  921   241   927
  922  2720  1613
  923   506  2299
  924  1192    85
  925   771  2564
  926  1457   350
  927  1036  2829
  928  1722   615
  929  2408  1301
  930   194   880
  931  2673  1566
  932   459  1145
  933    38   724
  934  2517  1410
  935   303   989
  936  2782  1675
  937   568  2361
  938  1254   147
  939   833  2626
  940  1519   412
  941  1098  2891
  942   677  2470
  943  1363   256
  944   942  2735
  945  1628   521
  946  1207   100
  947   786  2579
  948  1472   365
  949  1051  2844
  950  1737   630
  951  2423  1316
  952   209   895
  953  2688  1581
  954   474  1160
  955    53   739
  956  2532  1425
  957   318  1004
  958  2797  1690
  959   583  2376
  960  1269   162
  961   848  2641
  962  1534   427
  963  1113     6
  964   692  2485
  965  1378   271
  966  2064   957
  967  2750  1643
  968   536  2329
  969  1222   115
  970   801  2594
  971  1487   380
  972  2173  1066
  973  2859   645
  974  2438  1331
  975   224   910
  976  2703  1596
  977   489  2282
  978  1175    68
  979   754  2547
  980  1440   333
  981  1019  2812
  982  1705   598
  983  2391  1284
  984   177   863
  985  2656  1549
  986   442  1128
  987    21   707
  988  2500  1393
  989   286   972
  990  2765  1658
  991   551  2344
  992  1237   130
  993   816  2609
  994  1502   395
  995  1081  2874
  996   660  2453
  997  1346   239
  998   925  2718
  999  1611   504
 1000  1190    83
 1001   769  2562
 1002  1455   348
 1003  1034  2827
 1004  1720   613
 1005  2406  1299
 1006   192   878
 1007  2671  1564
 1008   457  1143
 1009    36   722
 1010  2515  1408
 1011   301   987
 1012  2780  1673
 1013   566  2359
 1014  1252   145
 1015  1938   831
 1016  2624  1517
 1017   410  1096
 1018  2889   675
 1019  2468  1361
 1020   254  2047
 1021   940  2733
 1022  1626   519
 1023  1205    98
 1024   784  2577
 1025  1470   363
 1026  2156  1049
 1027  2842  1735
 1028   628  2421
 1029  1314   207
 1030   893  2686
 1031  1579   472
 1032  2265  1158
 1033    51   737
 1034  2530  1423
 1035   316  1002
 1036  2795  1688
 1037   581  2374
 1038  1267   160
 1039   846  2639
 1040  1532   425
 1041  1111     4
 1042   690  2483
 1043  1376   269
 1044   955  2748
 1045  1641   534
 1046  2327  1220
 1047   113   799
 1048  2592  1485
 1049   378  1064
 1050  2857   643
 1051  2436  1329
 1052   222   908
 1053  2701  1594
 1054   487  1173
 1055    66   752
 1056  2545  1438
 1057   331  1017
 1058  2810  1703
 1059   596  2389
 1060  1282   175
 1061   861  2654
 1062  1547   440
 1063  1126    19
 1064   705  2498
 1065  1391   284
 1066   970  2763
 1067  1656   549
 1068  2342  1235
 1069   128  1921
 1070   814  2607
 1071  1500   393
 1072  1079  2872
 1073   658  2451
 1074  1344   237
 1075  2030   923
 1076  2716  1609
 1077   502  1188
 1078    81   767
 1079  2560  1453
 1080   346  2139
 1081  1032  2825
 1082  1718   611
 1083  2404  1297
 1084   190   876
 1085  2669  1562
 1086   455  1141
 1087    34   720
 1088  2513  1406
 1089   299   985
 1090  2778  1671
 1091   564  2357
 1092  1250   143
 1093   829  2622
 1094  1515   408
 1095  1094  2887
 1096   673  2466
 1097  1359   252
 1098   938  2731
 1099  1624   517
 1100  1203    96
 1101   782  2575
 1102  1468   361
 1103  1047  2840
 1104  1733   626
 1105  2419  1312
 1106   205   891
 1107  2684  1577
 1108   470  1156
 1109    49   735
 1110  2528  1421
 1111   314  1000
 1112  2793  1686
 1113   579  2372
 1114  1265   158
 1115   844  2637
 1116  1530   423
 1117  1109     2
 1118  1795   688
 1119  2481  1374
 1120   267   953
 1121  2746  1639
 1122   532  2325
 1123  1218   111
 1124  1904   797
 1125  2590  1483
 1126   376  1062
 1127  2855   641
 1128  2434  1327
 1129   220  2013
 1130   906  2699
 1131  1592   485
 1132  1171    64
 1133   750  2543
 1134  1436   329
 1135  1015  2808
 1136  1701   594
 1137  2387  1280
 1138   173   859
 1139  2652  1545
 1140   438  1124
 1141    17   703
 1142  2496  1389
 1143   282   968
 1144  2761  1654
 1145   547  2340
 1146  1233   126
 1147   812  2605
 1148  1498   391
 1149  1077  2870
 1150   656  2449
 1151  1342   235
 1152   921  2714
 1153  1607   500
 1154  1186    79
 1155   765  2558
 1156  1451   344
 1157  1030  2823
 1158  1716   609
 1159  2402  1295
 1160   188   874
 1161  2667  1560
 1162   453  1139
 1163    32   718
 1164  2511  1404
 1165   297   983
 1166  2776  1669
 1167   562  2355
 1168  1248   141
 1169   827  2620
 1170  1513   406
 1171  1092  2885
 1172  1778   671
 1173  2464  1357
 1174   250   936
 1175  2729  1622
 1176   515  1201
 1177    94  1887
 1178   780  2573
 1179  1466   359
 1180  1045  2838
 1181  1731   624
 1182  2417  1310
 1183   203  1996
 1184   889  2682
 1185  1575   468
 1186  1154    47
 1187   733  2526
 1188  1419   312
 1189   998  2791
 1190  1684   577
 1191  2370  1263
 1192   156   842
 1193  2635  1528
 1194   421  1107
