R80T05QH1
Channel Interleaving, Puncturing and Mapping to QPSK

Symbol	b1 	b0 
    0     0  1646
    1   629  2275
    2  3921  1258
    3   241  1887
    4  3533   870
    5  1499   482
    6  2128  1111
    7    94  1740
    8   723  1352
    9   335  1981
   10   964  5273
   11  6919  1593
   12   576  2222
   13  1205   188
   14  1834   817
   15  1446   429
   16  2075  1058
   17    41  1687
   18   670  2316
   19  3962  1299
   20   282  1928
   21  3574   911
   22  1540  3186
   23   523  2169
   24  1152   135
   25  1781   764
   26  1393   376
   27  2022  1005
   28  5314  1634
   29  5943   617
   30  2263  1246
   31   229  1875
   32   858  1487
   33   470  2116
   34  1099    82
   35  1728   711
   36  4003  1340
   37   323  1969
   38  3615   952
   39  1581  3227
   40   564  2210
   41  1193  2839
   42   176  1822
   43   805  1434
   44   417  2063
   45  1046    29
   46  1675  5984
   47   658  2304
   48  1287   270
   49  1916   899
   50  1528   511
   51  2157  1140
   52   123  1769
   53   752  4044
   54  1381   364
   55  2010  3656
   56   993  1622
   57  3268   605
   58  2251  1234
   59  2880   217
   60  1863   846
   61  2492  1475
   62   458  2104
   63  1087    70
   64  1716  6025
   65   699  1328
   66   311  1957
   67   940  1569
   68   552  2198
   69  1181   164
   70  1810   793
   71  4085  1422
   72   405  2051
   73  3697  1034
   74    17  1663
   75  3309   646
   76  2292  1275
   77  2921   258
   78  1904   887
   79  2533  1516
   80   499  2145
   81  1128   111
   82  1757   740
   83  5049  6695
   84  1369   352
   85  1998   981
   86  1610   593
   87  2239  1222
   88   205  1851
   89   834  1463
   90   446  2092
   91  3738  1075
   92    58  1704
   93  3350   687
   94  1316  2962
   95   299  1945
   96   928  2574
   97  1557   540
   98  2186  1169
   99   152  1798
  100   781  5090
  101  6736  1410
  102   393  2039
  103  1022     5
  104  1651   634
  105  2280  1263
  106   246  1892
  107   875  1504
  108   487  2133
  109  1116    99
  110  1745  3391
  111   728  1357
  112  3003   340
  113  1986   969
  114  2615  1598
  115   581  2227
  116  1210   193
  117  1839   822
  118  5131  6777
  119  1451   434
  120  2080  1063
  121    46  1692
  122   675  2321
  123  1304   287
  124  1933   916
  125  1545   528
  126  2174  1157
  127   140  1786
  128   769  1398
  129  3044   381
  130  2027  1010
  131  2656  1639
  132   622  2268
  133  1251   234
  134  1880   863
  135  1492  5801
  136   475  2121
  137  1104    87
  138  1733   716
  139  1345   328
  140  1974   957
  141  1586   569
  142  2215  1198
  143   181  1827
  144   810  1439
  145   422  2068
  146  1051  2697
  147    34  1680
  148   663  2309
  149  1292   275
  150  1921   904
  151  1533  5842
  152   516  2162
  153  1145   128
  154  1774   757
  155  1386   369
  156  2015   998
  157  1627   610
  158  2256  1239
  159   222  1868
  160   851  1480
  161   463  2109
  162  1092    75
  163  1721   704
  164  2350  1333
  165   316  1962
  166   945  1574
  167   557  4866
  168  2203  6512
  169  1186   169
  170  1815   798
  171  1427   410
  172  2056  1039
  173    22  1668
  174   651  2297
  175  1280   263
  176  4572  1909
  177   892  1521
  178   504  2150
  179  1133   116
  180  1762   745
  181  1374   357
  182  2003   986
  183  1615   598
  184  4907  2244
  185  6553  1227
  186   210  1856
  187   839  1468
  188   451  2097
  189  1080    63
  190  1709   692
  191  1321   304
  192  4613  1950
  193   933  1562
  194   545  2191
  195  1174   157
  196  1803   786
  197  1415   398
  198  2044  1027
  199    10  1656
  200   639  4948
  201  2285  6594
  202  1268   251
  203  1897   880
  204  1509   492
  205  2138  1121
  206   104  1750
  207   733  1362
  208   345  1991
  209   974  1603
  210   586  2232
  211  1215   198
  212  1844   827
  213  1456   439
  214  2085  1068
  215    51  1697
  216   680  1309
  217  5618   292
  218  1938   921
  219  1550   533
  220  2179  1162
  221   145  1791
  222   774  1403
  223   386  2032
  224  1015  1644
  225   627  2273
  226  1256   239
  227  1885   868
  228  1497   480
  229  2126  1109
  230    92  1738
  231   721  1350
  232  5659   333
  233  1979   962
  234  1591   574
  235  2220  1203
  236   186  1832
  237   815  1444
  238   427  2073
  239  1056    39
  240  1685   668
  241  2314  1297
  242   280  1926
  243   909  1538
  244   521  2167
  245  1150   133
  246  1779   762
  247  1391  5700
  248   374  2020
  249  1003  1632
  250   615  2261
  251  1244   227
  252  1873   856
  253  1485   468
  254  2114  1097
  255    80  4389
  256  1726   709
  257  1338   321
  258  1967   950
  259  1579   562
  260  2208  1191
  261   174  1820
  262   803  1432
  263   415  4724
  264  2061  6370
  265  1044    27
  266  1673   656
  267  2302  1285
  268   268  1914
  269   897  1526
  270   509  2155
  271  1138   121
  272  4430  1767
  273   750  1379
  274   362  2008
  275   991  1620
  276   603  2249
  277  1232   215
  278  1861   844
  279  1473   456
  280  4765  2102
  281  6411  1085
  282    68  1714
  283   697  1326
  284   309  1955
  285   938  1567
  286   550  2196
  287  1179   162
  288  4471  1808
  289   791  1420
  290   403  2049
  291  1032    15
  292  1661   644
  293  2290  1273
  294   256  1902
  295   885  1514
  296   497  2143
  297  1126  5435
  298   109  1755
  299   738  1367
  300   350  1996
  301   979  1608
  302   591  2237
  303  1220   203
  304  1849   832
  305  1461   444
  306  2090  1073
  307    56  1702
  308   685  1314
  309   297  1943
  310   926  1555
  311   538  2184
  312  1167  5476
  313   150  1796
  314   779  1408
  315   391  2037
  316  1020     3
  317  1649   632
  318  2278  1261
  319   244  1890
  320   873  1502
  321   485  2131
  322  1114    97
  323  1743   726
  324  1355   338
  325  4647  1984
  326   967  1596
  327   579  2225
  328  1208  5517
  329   191  1837
  330   820  1449
  331   432  2078
  332  1061    44
  333  1690   673
  334  2319  1302
  335   285  1931
  336   914  1543
  337   526  2172
  338  1155   138
  339  1784   767
  340  1396   379
  341  2025  1008
  342  1637   620
  343  2266  1249
  344   232  1878
  345  6187   861
  346  1490   473
  347  2119  1102
  348    85  1731
  349   714  1343
  350   326  1972
  351   955  4247
  352  1584   567
  353  2213  1196
  354   179  1825
  355   808  1437
  356   420  2066
  357  1049    32
  358  1678   661
  359  2307  1290
  360   273  1919
  361  6228   902
  362  1531   514
  363  2160  1143
  364   126  1772
  365   755  1384
  366   367  2013
  367   996  4288
  368  1625   608
  369  2254  1237
  370   220  1866
  371   849  1478
  372   461  2107
  373  1090    73
  374  1719   702
  375  1331   314
  376  1960  6269
  377   943  1572
  378   555  2201
  379  1184   167
  380  1813   796
  381  1425   408
  382  2054  1037
  383    20  1666
  384   649  2295
  385  1278   261
  386  1907   890
  387  1519   502
  388  2148  1131
  389   114  1760
  390   743  1372
  391   355  2001
  392   984  5293
  393  6939  1613
  394   596  2242
  395  1225   208
  396  1854   837
  397  1466   449
  398  2095  1078
  399    61  1707
  400   690  3982
  401  1319   302
  402  1948   931
  403  1560   543
  404  2189  1172
  405   155  1801
  406   784  1413
  407   396  2042
  408  1025  5334
  409     8  1654
  410   637  2283
  411  1266   249
  412  1895   878
  413  1507   490
  414  2136  1119
  415   102  1748
  416   731  4023
  417  1360   343
  418  1989  3635
  419   972  1601
  420   584  2230
  421  1213   196
  422  1842   825
  423  1454   437
  424  2083  1066
  425    49  1695
  426  6004   678
  427  1307   290
  428  1936   919
  429  1548   531
  430  2177  1160
  431   143  1789
  432   772  4064
  433  1401   384
  434  2030  3676
  435  1013  1642
  436  3288   625
  437  2271  1254
  438   237  1883
  439   866  1495
  440   478  2124
  441  1107    90
  442  1736  6045
  443   719  1348
  444   331  1977
  445   960  1589
  446   572  2218
  447  1201   184
  448  1830   813
  449  4105  1442
  450   425  2071
  451  3717  1054
  452    37  1683
  453  3329   666
  454  2312  1295
  455  2941   278
  456  1924   907
  457  1536   519
  458  2165  1148
  459   131  1777
  460  6086   760
  461  1389   372
  462  2018  1001
  463  1630   613
  464  2259  1242
  465   225  1871
  466   854  4146
  467  1483   466
  468  2112  3758
  469  1095    78
  470  1724  3370
  471   707  1336
  472  2982   319
  473  1965   948
  474  2594  1577
  475   560  2206
  476  1189   172
  477  1818   801
  478  5110  6756
  479  1430   413
  480  2059  1042
  481    25  1671
  482   654  2300
  483  1283   266
  484  1912   895
  485  1524   507
  486  2153  3799
  487  1136   119
  488  1765  3411
  489   748  1377
  490  3023   360
  491  2006   989
  492  2635  1618
  493   601  2247
  494  1230   213
  495  1859   842
  496  5151  6797
  497  1471   454
  498  2100  1083
  499    66  1712
  500   695  1324
  501   307  1953
  502   936  1565
  503   548  2194
  504  3840  1177
  505   160  1806
  506  3452   789
  507  1418  3064
  508   401  2047
  509  1030  2676
  510    13  1659
  511   642  2288
  512  1271   254
  513  1900   883
  514  5192  6838
  515  1512   495
  516  2141  1124
  517   107  1753
  518   736  1365
  519   348  1994
  520   977  1606
  521   589  2235
  522  1218   201
  523  1847  3493
  524   830  1459
  525  3105   442
  526  2088  1071
  527  2717    54
  528  1700   683
  529  2329  1312
  530   295  1941
  531   924  1553
  532  5862   536
  533  2182  1165
  534   148  1794
  535   777  1406
  536   389  2035
  537  1018     1
  538  1647   630
  539  2276  1259
  540   242  1888
  541   871  1500
  542  3146   483
  543  2129  1112
  544  2758    95
  545  1741   724
  546  2370  1353
  547   336  1982
  548   965  1594
  549  5903   577
  550  2223  1206
  551   189  1835
  552   818  1447
  553   430  2076
  554  1059    42
  555  1688   671
  556  2317  1300
  557   283  1929
  558   912  1541
  559   524  2170
  560  1153  2799
  561   136  1782
  562   765  2411
  563  1394   377
  564  2023  1006
  565  1635   618
  566  4927  2264
  567  6573  1247
  568   230  1876
  569   859  1488
  570   471  2117
  571  1100    83
  572  1729   712
  573  1341   324
  574  4633  1970
  575   953  1582
  576   565  2211
  577  1194   177
  578  1823   806
  579  2452  1435
  580   418  2064
  581  1047    30
  582  1676   659
  583  4968  2305
  584  6614  1288
  585   271  1917
  586   900  1529
  587   512  2158
  588  1141   124
  589  1770   753
  590  1382   365
  591  2011   994
  592  1623   606
  593  2252  1235
  594   218  1864
  595   847  1476
  596   459  2105
  597  1088    71
  598  1717   700
  599  5009  6655
  600  1329   312
  601  1958   941
  602  1570   553
  603  2199  1182
  604   165  1811
  605   794  1423
  606   406  2052
  607  1035    18
  608  1664   647
  609  2293  1276
  610   259  1905
  611   888  1517
  612   500  2146
  613  1129   112
  614  1758   741
  615  1370  5679
  616   353  1999
  617   982  1611
  618   594  2240
  619  1223   206
  620  1852   835
  621  1464   447
  622  2093  1076
  623    59  1705
  624   688  1317
  625   300  1946
  626   929  1558
  627   541  2187
  628  1170   153
  629  1799   782
  630  1411  5720
  631   394  2040
  632  1023     6
  633  1652   635
  634  2281  1264
  635   247  1893
  636   876  1505
  637   488  2134
  638  1117   100
  639  1746   729
  640  1358   341
  641  1987   970
  642  1599   582
  643  2228  1211
  644   194  1840
  645   823  1452
  646  5761   435
  647  2081  1064
  648    47  1693
  649   676  2322
  650  1305   288
  651  1934   917
  652  1546   529
  653  2175  1158
  654   141  4450
  655  1787   770
  656  1399   382
  657  2028  1011
  658  1640   623
  659  2269  1252
  660   235  1881
  661   864  1493
  662   476  4785
  663  2122  6431
  664  1105    88
  665  1734   717
  666  1346   329
  667  1975   958
  668  1587   570
  669  2216  1199
  670   182  4491
  671  1828   811
  672  1440   423
  673  2069  1052
  674    35  1681
  675   664  2310
  676  1293   276
  677  1922   905
  678  1534   517
  679  4826  2163
  680  6472  1146
  681   129  1775
  682   758  1387
  683   370  2016
  684   999  1628
  685   611  2257
  686  1240   223
  687  4532  1869
  688   852  1481
  689   464  2110
  690  1093    76
  691  1722   705
  692  1334   317
  693  1963   946
  694  1575   558
  695  2204  1187
  696  5496   170
  697  1816   799
  698  1428   411
  699  2057  1040
  700    23  1669
  701   652  2298
  702  1281   264
  703  1910   893
  704  1522   505
  705  2151  1134
  706   117  1763
  707   746  1375
  708   358  2004
  709   987  1616
  710   599  2245
  711  1228  5537
  712   211  1857
  713   840  1469
  714   452  2098
  715  1081    64
  716  1710   693
  717  1322   305
  718  1951   934
  719  1563   546
  720  2192  1175
  721   158  1804
  722   787  1416
  723   399  2045
  724  1028    11
  725  1657   640
  726  2286  1269
  727  5578   252
  728  1898   881
  729  1510   493
  730  2139  1122
  731   105  1751
  732   734  1363
  733   346  1992
  734   975  4267
  735  1604   587
  736  2233  1216
  737   199  1845
  738   828  1457
  739   440  2086
  740  1069    52
  741  1698   681
  742  1310   293
  743  1939  6248
  744   922  1551
  745   534  2180
  746  1163   146
  747  1792   775
  748  1404   387
  749  2033  1016
  750  4308  1645
  751   628  2274
  752  1257   240
  753  1886   869
  754  1498   481
  755  2127  1110
  756    93  1739
  757   722  1351
  758   334  1980
  759  6289   963
  760  1592   575
  761  2221  1204
  762   187  1833
  763   816  1445
  764   428  2074
  765  1057    40
  766  4349  1686
  767   669  2315
  768  1298   281
  769  1927   910
  770  1539   522
  771  2168  1151
  772   134  1780
  773   763  1392
  774   375  4684
  775  2021  6330
  776  1004  6959
  777  1633   616
  778  2262  1245
  779   228  1874
  780   857  1486
  781   469  2115
  782  1098    81
  783  1727   710
  784  1339   322
  785  1968   951
  786  1580   563
  787  2209  1192
  788   175  1821
  789   804  1433
  790   416  2062
  791  1045  5354
  792    28  1674
  793   657  2303
  794  1286   269
  795  1915   898
  796  1527   510
  797  2156  1139
  798   122  1768
  799   751  1380
  800   363  2009
  801   992  1621
  802   604  2250
  803  1233   216
  804  1862   845
  805  1474   457
  806  2103  1086
  807  5395    69
  808  1715   698
  809  1327   310
  810  1956   939
  811  1568   551
  812  2197  1180
  813   163  1809
  814   792  1421
  815   404  2050
  816  1033    16
  817  1662   645
  818  2291  1274
  819   257  1903
  820   886  1515
  821   498  2144
  822  1127   110
  823  1756  6065
  824   739  1368
  825   351  1997
  826   980  1609
  827   592  2238
  828  1221   204
  829  1850   833
  830  4125  1462
  831   445  2091
  832  1074    57
  833  1703   686
  834  1315   298
  835  1944   927
  836  1556   539
  837  2185  1168
  838   151  1797
  839  6106   780
  840  1409   392
  841  2038  1021
  842     4  1650
  843   633  2279
  844  1262   245
  845  1891   874
  846  4166  1503
  847   486  2132
  848  3778  1115
  849    98  1744
  850   727  1356
  851   339  4648
  852  1985   968
  853  1597   580
  854  2226  1209
  855   192  1838
  856  6147   821
  857  1450   433
  858  2079  1062
  859    45  1691
  860   674  2320
  861  1303   286
  862  1932   915
  863  4207  1544
  864   527  2173
  865  3819  1156
  866   139  1785
  867  3431   768
  868  1397   380
  869  2026  1009
  870  1638   621
  871  2267  1250
  872   233  1879
  873   862  5171
  874  6817  1491
  875   474  2120
  876  1103    86
  877  1732   715
  878  1344   327
  879  1973   956
  880  1585   568
  881  2214  3860
  882  1197   180
  883  1826  3472
  884   809  1438
  885  3084   421
  886  2067  1050
  887    33  1679
  888   662  2308
  889  1291   274
  890  1920   903
  891  5212  6858
  892  1532   515
  893  2161  1144
  894   127  1773
  895   756  1385
  896   368  2014
  897   997  1626
  898   609  2255
  899  3901  1238
  900   221  1867
  901  3513   850
  902  1479  3125
  903   462  2108
  904  1091  2737
  905    74  1720
  906   703  1332
  907   315  1961
  908   944  5253
  909  6899  1573
  910  5882   556
  911  2202  1185
  912   168  1814
  913   797  1426
  914   409  2055
  915  1038    21
  916  1667   650
  917  2296  3942
  918  1279   262
  919  1908  3554
  920   891  1520
  921  3166   503
  922  2149  1132
  923  2778   115
  924  1761   744
  925  2390  1373
  926   356  2002
  927   985  1614
  928  5923   597
  929  2243  1226
  930   209  1855
  931   838  1467
  932   450  2096
  933  1079    62
  934  1708   691
  935  1320   303
  936  1949  3595
  937   932  1561
  938  3207   544
  939  2190  1173
  940  2819   156
  941  1802   785
  942  2431  1414
  943   397  2043
  944  1026     9
  945  1655  5964
  946   638  2284
  947  1267   250
  948  1896   879
  949  1508   491
  950  2137  1120
  951   103  1749
  952   732  1361
  953   344  1990
  954   973  1602
  955  3248   585
  956  2231  1214
  957  2860   197
  958  1843   826
  959  2472  1455
  960   438  2084
  961  1067    50
  962  1696   679
  963  4988  6634
  964  1308   291
  965  1937   920
  966  1549   532
  967  2178  1161
  968   144  1790
  969   773  1402
  970   385  2031
  971  1014  1643
  972   626  2272
  973  1255  2901
  974   238  1884
  975   867  2513
  976  1496   479
  977  2125  1108
  978    91  1737
  979   720  5029
  980  6675  1349
  981   332  1978
  982   961  1590
  983   573  2219
  984  1202   185
  985  1831   814
  986  1443   426
  987  2072  1055
  988    38  1684
  989   667  2313
  990  1296   279
  991  1925   908
  992  2554  1537
  993   520  2166
  994  1149   132
  995  1778   761
  996  5070  6716
  997  1390   373
  998  2019  1002
  999  1631   614
 1000  2260  1243
 1001   226  1872
 1002   855  1484
 1003   467  2113
 1004  1096    79
 1005  1725   708
 1006  1337   320
 1007  1966   949
 1008  1578   561
 1009  2207  1190
 1010   173  1819
 1011   802  1431
 1012  5740   414
 1013  2060  1043
 1014    26  1672
 1015   655  2301
 1016  1284   267
 1017  1913   896
 1018  1525   508
 1019  2154  1137
 1020   120  1766
 1021   749  1378
 1022   361  2007
 1023   990  1619
 1024   602  2248
 1025  1231   214
 1026  1860   843
 1027  1472  5781
 1028   455  2101
 1029  1084    67
 1030  1713   696
 1031  1325   308
 1032  1954   937
 1033  1566   549
 1034  2195  1178
 1035   161  1807
 1036   790  1419
 1037   402  2048
 1038  1031    14
 1039  1660   643
 1040  2289  1272
 1041   255  1901
 1042   884  1513
 1043  5822   496
 1044  4805  2142
 1045  6451  1125
 1046   108  1754
 1047   737  1366
 1048   349  1995
 1049   978  1607
 1050   590  2236
 1051  1219   202
 1052  4511  1848
 1053   831  1460
 1054   443  2089
 1055  1072    55
 1056  1701   684
 1057  1313   296
 1058  1942   925
 1059  1554   537
 1060  4846  2183
 1061  6492  1166
 1062   149  1795
 1063   778  1407
 1064   390  2036
 1065  1019     2
 1066  1648   631
 1067  2277  1260
 1068   243  4552
 1069  1889   872
 1070  1501   484
 1071  2130  1113
 1072    96  1742
 1073   725  1354
 1074   337  1983
 1075   966  1595
 1076   578  4887
 1077  2224  6533
 1078  1207   190
 1079  1836   819
 1080  1448   431
 1081  2077  1060
 1082    43  1689
 1083   672  2318
 1084  1301   284
 1085  4593  1930
 1086   913  1542
 1087   525  2171
 1088  1154   137
 1089  1783   766
 1090  1395   378
 1091  2024  1007
 1092  1636   619
 1093  2265  1248
 1094  5557   231
 1095  1877   860
 1096  1489   472
 1097  2118  1101
 1098    84  1730
 1099   713  1342
 1100   325  1971
 1101   954  1583
 1102   566  2212
 1103  1195   178
 1104  1824   807
 1105  1436   419
 1106  2065  1048
 1107    31  1677
 1108   660  2306
 1109  1289  5598
 1110   272  1918
 1111   901  1530
 1112   513  2159
 1113  1142   125
 1114  1771   754
 1115  1383   366
 1116  2012   995
 1117  1624   607
 1118  2253  1236
 1119   219  1865
 1120   848  1477
 1121   460  2106
 1122  1089    72
 1123  1718   701
 1124  1330  5639
 1125   313  1959
 1126   942  1571
 1127   554  2200
 1128  1183   166
 1129  1812   795
 1130  1424   407
 1131  2053  1036
 1132    19  4328
 1133  1665   648
 1134  2294  1277
 1135   260  1906
 1136   889  1518
 1137   501  2147
 1138  1130   113
 1139  1759   742
 1140  1371   354
 1141  4663  2000
 1142  6309   983
 1143  1612   595
 1144  2241  1224
 1145   207  1853
 1146   836  1465
 1147   448  2094
 1148  1077    60
 1149  4369  1706
 1150   689  1318
 1151   301  1947
 1152   930  1559
 1153   542  2188
 1154  1171   154
 1155  1800   783
 1156  1412   395
 1157  4704  2041
 1158  6350  1024
 1159     7  1653
 1160   636  2282
 1161  1265   248
 1162  1894   877
 1163  1506   489
 1164  2135  1118
 1165   101  4410
 1166  1747   730
 1167  1359   342
 1168  1988   971
 1169  1600   583
 1170  2229  1212
 1171   195  1841
 1172   824  1453
 1173   436  4745
 1174  2082  6391
 1175  1065  5374
 1176    48  1694
 1177   677  2323
 1178  1306   289
 1179  1935   918
 1180  1547   530
 1181  2176  1159
 1182   142  1788
 1183   771  1400
 1184   383  2029
 1185  1012  1641
 1186   624  2270
 1187  1253   236
 1188  1882   865
 1189  1494   477
 1190  2123  1106
 1191  5415    89
 1192  1735   718
 1193  1347   330
 1194  1976   959
 1195  1588   571
 1196  2217  1200
 1197   183  1829
 1198   812  1441
 1199   424  2070
 1200  1053    36
 1201  1682   665
 1202  2311  1294
 1203   277  1923
 1204   906  1535
 1205   518  2164
 1206  1147  5456
 1207   130  1776
 1208   759  1388
 1209   371  2017
 1210  1000  1629
 1211   612  2258
 1212  1241   224
 1213  1870   853
 1214  1482   465
 1215  2111  1094
 1216    77  1723
 1217   706  1335
 1218   318  1964
 1219   947  1576
 1220   559  2205
 1221  1188   171
 1222  1817  6126
 1223   800  1429
 1224   412  2058
 1225  1041    24
 1226  1670   653
 1227  2299  1282
 1228   265  1911
 1229   894  4186
 1230  1523   506
 1231  2152  1135
 1232   118  1764
 1233   747  1376
 1234   359  2005
 1235   988  1617
 1236   600  2246
 1237  1229   212
 1238  1858  6167
 1239   841  1470
 1240   453  2099
 1241  1082    65
 1242  1711   694
 1243  1323   306
 1244  1952   935
 1245  4227  1564
 1246   547  2193
 1247  1176   159
 1248  1805   788
 1249  1417   400
 1250  2046  1029
 1251    12  1658
 1252   641  2287
 1253  1270   253
 1254  1899  6208
 1255   882  1511
 1256   494  2140
 1257  1123   106
 1258  1752   735
 1259  1364   347
 1260  1993   976
 1261  1605   588
 1262  2234  3880
 1263  1217   200
 1264  1846   829
 1265  1458   441
 1266  2087  1070
 1267    53  1699
 1268   682  1311
 1269   294  1940
 1270   923  5232
 1271  6878  1552
 1272   535  2181
 1273  1164   147
 1274  1793   776
 1275  1405   388
 1276  2034  1017
