R80T05QL5
Channel Interleaving, Puncturing and Mapping to QPSK

Symbol	b1 	b0 
    0     0  1967
    1   754  2721
    2  1508   295
    3  2262  1049
    4  3016  1803
    5   590  2557
    6  1344   131
    7  2098   885
    8   426  2393
    9  1180  3147
   10  1934   721
   11   262  2229
   12  1016  2983
   13  1770   557
   14    98   852
   15  2819  1606
   16   393   688
   17  2655  1442
   18   229   983
   19  2950  1737
   20   524  2491
   21  1278    65
   22  2032   819
   23  2786  1573
   24   360  2327
   25  1114  3081
   26  1868   655
   27  2622  1409
   28   196  2163
   29   950   491
   30  2458  1245
   31    32  1999
   32   786   327
   33  2294  1081
   34  3048  1835
   35   622   163
   36  2130   917
   37  2884  1671
   38   458  3179
   39   753  2720
   40  1507   294
   41  1048   589
   42  2556  1343
   43   130  2097
   44   884  2851
   45  1638   425
   46  2392  1179
   47  3146  1933
   48   720  2687
   49  1474   261
   50  2228  1015
   51  2982  1769
   52   556  2523
   53  1310    97
   54  2064   851
   55   392  2359
   56  1146  3113
   57  1900   687
   58   228  2195
   59   982  2949
   60  1736   523
   61    64   818
   62  2785  1572
   63   359   654
   64  2621  1408
   65   195   949
   66  2916  1703
   67   490  2457
   68  1244    31
   69  1998   785
   70  2752  1539
   71   326  2293
   72  1080  3047
   73  1834   621
   74  2588  1375
   75   162  2129
   76   916   457
   77  2424  1211
   78  3178  1965
   79   752   293
   80  2260  1047
   81  3014  1801
   82   588   129
   83   883  2850
   84  1637   424
   85   719  2686
   86  1473   260
   87  1014   555
   88  2522  1309
   89    96  2063
   90   850  2817
   91  1604   391
   92  2358  1145
   93  3112  1899
   94   686  2653
   95  1440   227
   96  2194   981
   97  2948  1735
   98   522  2489
   99  1276    63
  100  2030   817
  101   358  2325
  102  1112  3079
  103  1866   653
  104   194  2161
  105   948  2915
  106  1702   489
  107    30   784
  108  2751  1538
  109   325   620
  110  2587  1374
  111   161   915
  112  2882  1669
  113   456  2423
  114  1210  3177
  115  1964   751
  116  2718  1505
  117   292  2259
  118  1046  3013
  119  1800   587
  120  2554  1341
  121   128  2095
  122   882   423
  123  2390  1177
  124  3144  1931
  125   718   259
  126  2226  1013
  127  2980  1767
  128   554    95
  129   849  2816
  130  1603   390
  131   685  2652
  132  1439   226
  133   980   521
  134  2488  1275
  135    62  2029
  136   816  2783
  137  1570   357
  138  2324  1111
  139  3078  1865
  140   652  2619
  141  1406   193
  142  2160   947
  143  2914  1701
  144   488  2455
  145  1242    29
  146  1996   783
  147   324  2291
  148  1078  3045
  149  1832   619
  150   160  2127
  151   914  2881
  152  1668   455
  153   750  2717
  154  1504   291
  155  1045   586
  156  2553  1340
  157   127  2094
  158   881  2848
  159  1635   422
  160  2389  1176
  161  3143  1930
  162   717  2684
  163  1471   258
  164  2225  1012
  165  2979  1766
  166   553  2520
  167  1307    94
  168  2061   848
  169   389  2356
  170  1143  3110
  171  1897   684
  172   225  2192
  173   979  2946
  174  1733   520
  175    61   815
  176  2782  1569
  177   356   651
  178  2618  1405
  179   192   946
  180   487  2454
  181  1241    28
  182  1995   782
  183  2749  1536
  184   323  2290
  185  1077  3044
  186  1831   618
  187  2585  1372
  188   159  2126
  189   913  2880
  190  1667   454
  191  2421  1208
  192  3175  1962
  193   749   290
  194  2257  1044
  195  3011  1798
  196   585   126
  197   880  2847
  198  1634   421
  199   716  2683
  200  1470   257
  201  1011   552
  202  2519  1306
  203    93  2060
  204   847  2814
  205  1601   388
  206  2355  1142
  207  3109  1896
  208   683  2650
  209  1437   224
  210  2191   978
  211  2945  1732
  212   519  2486
  213  1273    60
  214  2027   814
  215   355  2322
  216  1109  3076
  217  1863   650
  218   191  2158
  219   945  2912
  220  1699   486
  221    27   781
  222  2748  1535
  223   322   617
  224  2584  1371
  225   158   912
  226   453  2420
  227  1207  3174
  228  1961   748
  229  2715  1502
  230   289  2256
  231  1043  3010
  232  1797   584
  233  2551  1338
  234   125  2092
  235   879  2846
  236  1633   420
  237  2387  1174
  238  3141  1928
  239   715   256
  240  2223  1010
  241  2977  1764
  242   551    92
  243   846  2813
  244  1600   387
  245   682  2649
  246  1436   223
  247   977   518
  248  2485  1272
  249    59  2026
  250   813  2780
  251  1567   354
  252  2321  1108
  253  3075  1862
  254   649  2616
  255  1403   190
  256  2157   944
  257  2911  1698
  258   485  2452
  259  1239    26
  260  1993   780
  261   321  2288
  262  1075  3042
  263  1829   616
  264   157  2124
  265   911  2878
  266  1665   452
  267   747  2714
  268  1501   288
  269  1042   583
  270  2550  1337
  271   124  2091
  272   878   419
  273  2386  1173
  274  3140  1927
  275   714  2681
  276  1468   255
  277  2222  1009
  278  2976  1763
  279   550  2517
  280  1304    91
  281  2058   845
  282  2812  1599
  283   386  2353
  284  1140  3107
  285  1894   681
  286   222  2189
  287   976  2943
  288  1730   517
  289    58   812
  290  2779  1566
  291   353   648
  292  2615  1402
  293   189   943
  294   484  2451
  295  1238    25
  296  1992   779
  297  2746  1533
  298   320  2287
  299  1074  3041
  300  1828   615
  301  2582  1369
  302   156  2123
  303   910  2877
  304  1664   451
  305  2418  1205
  306  3172  1959
  307   746   287
  308  2254  1041
  309  3008  1795
  310   582   123
  311   877  2844
  312  1631   418
  313   713  2680
  314  1467   254
  315  1008   549
  316  2516  1303
  317    90  2057
  318   844   385
  319  2352  1139
  320  3106  1893
  321   680  2647
  322  1434   221
  323  2188   975
  324  2942  1729
  325   516  2483
  326  1270    57
  327  2024   811
  328  2778  1565
  329   352  2319
  330  1106  3073
  331  1860   647
  332   188  2155
  333   942  2909
  334  1696   483
  335    24   778
  336  2745  1532
  337   319   614
  338  2581  1368
  339   155   909
  340   450  2417
  341  1204  3171
  342  1958   745
  343  2712  1499
  344   286  2253
  345  1040  3007
  346  1794   581
  347  2548  1335
  348   122  2089
  349   876  2843
  350  1630   417
  351  2384  1171
  352  3138  1925
  353   712   253
  354  2220  1007
  355  2974  1761
  356   548    89
  357   843  2810
  358  1597   384
  359   679  2646
  360  1433   220
  361   974   515
  362  2482  1269
  363    56  2023
  364   810   351
  365  2318  1105
  366  3072  1859
  367   646  2613
  368  1400   187
  369  2154   941
  370  2908  1695
  371   482  2449
  372  1236    23
  373  1990   777
  374  2744   318
  375  2285  1072
  376  3039  1826
  377   613   154
  378  2121   908
  379  2875  1662
  380   449   744
  381  2711  1498
  382   285  1039
  383   580  2547
  384  1334   121
  385  2088   875
  386   416  2383
  387  1170  3137
  388  1924   711
  389  2678  1465
  390   252  2219
  391  1006  2973
  392  1760   547
  393  2514  1301
  394    88  2055
  395   842  2809
  396  1596   383
  397  2350  1137
  398  3104  1891
  399   678   219
  400  2186   973
  401  2940  1727
  402   514    55
  403   809  2776
  404  1563   350
  405   645  2612
  406  1399   186
  407   940   481
  408  2448  1235
  409    22  1989
  410   776  1530
  411   317  2284
  412  1071  3038
  413  1825   612
  414  2579  1366
  415   153  2120
  416   907  2874
  417  1661   448
  418  2415  1202
  419  3169  1956
  420   743  2710
  421   284  2251
  422  1038  3005
  423  1792   579
  424   120   874
  425  2841  1628
  426   415   710
  427  2677  1464
  428   251  1005
  429   546  2513
  430  1300    87
  431  2054   841
  432   382  2349
  433  1136  3103
  434  1890   677
  435  2644  1431
  436   218  2185
  437   972  2939
  438  1726   513
  439  2480  1267
  440    54  2021
  441   808  2775
  442  1562   349
  443  2316  1103
  444  3070  1857
  445   644   185
  446  2152   939
  447  2906  1693
  448   480    21
  449   775  2742
  450  1529   316
  451   611  2578
  452  1365   152
  453  2119   906
  454   447  2414
  455  1201  3168
  456  1955   742
  457  1496   283
  458  2250  1037
  459  3004  1791
  460   578  2545
  461  1332   119
  462  2086   873
  463  2840  1627
  464   414  2381
  465  1168  3135
  466  1922   709
  467  2676   250
  468  2217  1004
  469  2971  1758
  470   545    86
  471   840  2807
  472  1594   381
  473   676  2643
  474  1430   217
  475   971   512
  476  2479  1266
  477    53  2020
  478   807   348
  479  2315  1102
  480  3069  1856
  481   643  2610
  482  1397   184
  483  2151   938
  484  2905  1692
  485   479  2446
  486  1233    20
  487  1987   774
  488  2741  1528
  489   315  2282
  490  1069  3036
  491  1823   610
  492   151  2118
  493   905  2872
  494  1659   446
  495   741  2708
  496  1495   282
  497  1036   577
  498  2544  1331
  499   118  2085
  500   872   413
  501  2380  1167
  502  3134  1921
  503   708  1462
  504   249  2216
  505  1003  2970
  506  1757   544
  507  2511  1298
  508    85  2052
  509   839  2806
  510  1593   380
  511  2347  1134
  512  3101  1888
  513   675  2642
  514   216  2183
  515   970  2937
  516  1724   511
  517    52   806
  518  2773  1560
  519   347   642
  520  2609  1396
  521   183   937
  522   478  2445
  523  1232    19
  524  1986   773
  525   314  2281
  526  1068  3035
  527  1822   609
  528  2576  1363
  529   150  2117
  530   904  2871
  531  1658   445
  532  2412  1199
  533  3166  1953
  534   740  2707
  535  1494   281
  536  2248  1035
  537  3002  1789
  538   576   117
  539   871  2838
  540  1625   412
  541   707  2674
  542  1461   248
  543  1002   543
  544  2510  1297
  545    84  2051
  546   838   379
  547  2346  1133
  548  3100  1887
  549   674  1428
  550   215  2182
  551   969  2936
  552  1723   510
  553  2477  1264
  554    51  2018
  555   805  2772
  556  1559   346
  557  2313  1100
  558  3067  1854
  559   641   182
  560  2149   936
  561  2903  1690
  562   477    18
  563   772  2739
  564  1526   313
  565   608  2575
  566  1362   149
  567  2116   903
  568   444  2411
  569  1198  3165
  570  1952   739
  571   280  2247
  572  1034  3001
  573  1788   575
  574  2542  1329
  575   116  2083
  576   870  2837
  577  1624   411
  578  2378  1165
  579  3132  1919
  580   706  2673
  581  1460   247
  582  2214  1001
  583  2968  1755
  584   542    83
  585   837  2804
  586  1591   378
  587   673  2640
  588  1427   214
  589   968   509
  590  2476  1263
  591    50  2017
  592   804   345
  593  2312  1099
  594  3066  1853
  595   640  2607
  596  1394   181
  597  2148   935
  598  2902  1689
  599   476  2443
  600  1230    17
  601  1984   771
  602  2738  1525
  603   312  2279
  604  1066  3033
  605  1820   607
  606   148   902
  607  2869  1656
  608   443   738
  609  2705  1492
  610   279  1033
  611   574  2541
  612  1328   115
  613  2082   869
  614   410  2377
  615  1164  3131
  616  1918   705
  617   246  2213
  618  1000  2967
  619  1754   541
  620  2508  1295
  621    82  2049
  622   836  2803
  623  1590   377
  624  2344  1131
  625  3098  1885
  626   672  2639
  627  1426   213
  628  2180   967
  629  2934  1721
  630   508    49
  631   803  2770
  632  1557   344
  633   639  2606
  634  1393   180
  635   934   475
  636  2442  1229
  637    16  1983
  638   770   311
  639  2278  1065
  640  3032  1819
  641   606  2573
  642  1360   147
  643  2114   901
  644  2868  1655
  645   442  2409
  646  1196  3163
  647  1950   737
  648  2704  1491
  649   278  2245
  650  1032  2999
  651  1786   573
  652   114   868
  653  2835  1622
  654   409   704
  655  2671  1458
  656   245   999
  657   540  2507
  658  1294    81
  659  2048   835
  660   376  2343
  661  1130  3097
  662  1884   671
  663   212  2179
  664   966  2933
  665  1720   507
  666  2474  1261
  667    48  2015
  668   802  2769
  669  1556   343
  670  2310  1097
  671  3064  1851
  672   638  2605
  673  1392   179
  674  2146   933
  675  2900  1687
  676   474    15
  677   769  2736
  678  1523   310
  679   605  2572
  680  1359   146
  681  2113   900
  682   441  2408
  683  1195  3162
  684  1949   736
  685   277  2244
  686  1031  2998
  687  1785   572
  688  2539  1326
  689   113  2080
  690   867  2834
  691  1621   408
  692  2375  1162
  693  3129  1916
  694   703  2670
  695  1457   244
  696  2211   998
  697  2965  1752
  698   539    80
  699   834  2801
  700  1588   375
  701   670  2637
  702  1424   211
  703   965   506
  704  2473  1260
  705    47  2014
  706   801   342
  707  2309  1096
  708  3063  1850
  709   637   178
  710  2145   932
  711  2899  1686
  712   473  2440
  713  1227    14
  714  1981   768
  715  2735  1522
  716   309  2276
  717  1063  3030
  718  1817   604
  719  2571  1358
  720   145  2112
  721   899  2866
  722  1653   440
  723   735  2702
  724  1489   276
  725  1030   571
  726  2538  1325
  727   112  2079
  728   866   407
  729  2374  1161
  730  3128  1915
  731   702   243
  732  2210   997
  733  2964  1751
  734   538  2505
  735  1292    79
  736  2046   833
  737  2800  1587
  738   374  2341
  739  1128  3095
  740  1882   669
  741  2636  1423
  742   210  2177
  743   964  2931
  744  1718   505
  745    46   800
  746  2767  1554
  747   341   636
  748  2603  1390
  749   177   931
  750   472  2439
  751  1226    13
  752  1980   767
  753   308  2275
  754  1062  3029
  755  1816   603
  756   144   898
  757  2865  1652
  758   439  2406
  759  1193  3160
  760  1947   734
  761  2701  1488
  762   275  2242
  763  1029  2996
  764  1783   570
  765  2537  1324
  766   111  2078
  767   865  2832
  768  1619   406
  769   701  2668
  770  1455   242
  771   996   537
  772  2504  1291
  773    78  2045
  774   832   373
  775  2340  1127
  776  3094  1881
  777   668   209
  778  2176   963
  779  2930  1717
  780   504  2471
  781  1258    45
  782  2012   799
  783  2766  1553
  784   340  2307
  785  1094  3061
  786  1848   635
  787  2602  1389
  788   176  2143
  789   930  2897
  790  1684   471
  791    12   766
  792  2733  1520
  793   307   602
  794  2569  1356
  795   143  2110
  796   897   438
  797  2405  1192
  798  3159  1946
  799   733   274
  800  2241  1028
  801  2995  1782
  802   569   110
  803   864  2831
  804  1618   405
  805  2372  1159
  806  3126  1913
  807   700  2667
  808  1454   241
  809  2208   995
  810  2962  1749
  811   536  2503
  812  1290    77
  813  2044   831
  814  2798  1585
  815   372   667
  816  2634  1421
  817   208   962
  818   503  2470
  819  1257    44
  820  2011   798
  821   339  2306
  822  1093  3060
  823  1847   634
  824   175  2142
  825   929  2896
  826  1683   470
  827  2437  1224
  828    11  1978
  829   765  2732
  830  1519   306
  831  2273  1060
  832  3027  1814
  833   601  2568
  834  1355   142
  835  2109   896
  836  2863  1650
  837   437   732
  838  2699  1486
  839   273  1027
  840   568  2535
  841  1322   109
  842  2076   863
  843   404  2371
  844  1158  3125
  845  1912   699
  846   240  2207
  847   994  2961
  848  1748   535
  849    76   830
  850  2797  1584
  851   371  2338
  852  1125  3092
  853  1879   666
  854  2633  1420
  855   207  2174
  856   961  2928
  857  1715   502
  858  2469  1256
  859    43   797
  860  2764  1551
  861   338   633
  862  2600  1387
  863   174   928
  864   469  2436
  865  1223    10
  866  1977   764
  867   305  2272
  868  1059  3026
  869  1813   600
  870   141   895
  871  2862  1649
  872   436  2403
  873  1190  3157
  874  1944   731
  875  2698  1485
  876   272  2239
  877  1026  2993
  878  1780   567
  879  2534  1321
  880   108  2075
  881   862  2829
  882  1616   403
  883   698  2665
  884  1452   239
  885   993   534
  886  2501  1288
  887    75  2042
  888   829   370
  889  2337  1124
  890  3091  1878
  891   665   206
  892  2173   960
  893  2927  1714
  894   501    42
  895  2009   796
  896  2763  1550
  897   337  2304
  898  1091  3058
  899  1845   632
  900  2599  1386
  901   173  2140
  902   927  2894
  903  1681   468
  904  2435  1222
  905     9   763
  906  2730  1517
  907   304  1058
  908   599  2566
  909  1353   140
  910  2107   894
  911   435  2402
  912  1189  3156
  913  1943   730
  914   271  2238
  915  1025  2992
  916  1779   566
  917   107   861
  918  2828  1615
  919   402  2369
  920  1156  3123
  921  1910   697
  922  2664  1451
  923   238  2205
  924   992  2959
  925  1746   533
  926  2500  1287
  927    74  2041
  928   828  2795
  929  1582   369
  930   664  2631
  931  1418   205
  932   959   500
  933  2467  1254
  934    41  2008
  935   795   336
  936  2303  1090
  937  3057  1844
  938   631   172
  939  2139   926
  940  2893  1680
  941   467     8
  942  1975   762
  943  2729  1516
  944   303  2270
  945  1057  3024
  946  1811   598
  947  2565  1352
  948   139  2106
  949   893  2860
  950  1647   434
  951  2401  1188
  952  3155   729
  953  2696  1483
  954   270  1024
  955   565  2532
  956  1319   106
  957  2073   860
  958   401  2368
  959  1155  3122
  960  1909   696
  961   237  2204
  962   991  2958
  963  1745   532
  964    73   827
  965  2794  1581
  966   368  2335
  967  1122  3089
  968  1876   663
  969  2630  1417
  970   204  2171
  971   958  2925
  972  1712   499
  973  2466  1253
  974    40  2007
  975   794  2761
  976  1548   335
  977   630  2597
  978  1384   171
  979   925   466
  980  2433  1220
  981     7  1974
  982   761   302
  983  2269  1056
  984  3023  1810
  985   597   138
  986   892  2859
  987  1646   433
  988  1941   728
  989  2695  1482
  990   269  2236
  991  1023  2990
  992  1777   564
  993  2531  1318
  994   105  2072
  995   859  2826
  996  1613   400
  997  2367  1154
  998  3121   695
  999  2662  1449
 1000   236   990
 1001   531  2498
 1002  1285    72
 1003  2039   826
 1004   367  2334
 1005  1121  3088
 1006  1875   662
 1007   203  2170
 1008   957  2924
 1009  1711   498
 1010    39   793
 1011  2760  1547
 1012   334  2301
 1013  1088  3055
 1014  1842   629
 1015  2596  1383
 1016   170  2137
 1017   924  2891
 1018  1678   465
 1019  2432  1219
 1020     6  1973
 1021   760  2727
 1022  1514   301
 1023  1055   596
 1024  2563  1350
 1025   137  2104
 1026   891   432
 1027  2399  1186
 1028  3153  1940
 1029   727   268
 1030  2235  1022
 1031  2989  1776
 1032   563   104
 1033   858  2825
 1034  1612   399
 1035  1907   694
 1036  2661  1448
 1037   235  2202
 1038   989  2956
 1039  1743   530
 1040  2497  1284
 1041    71  2038
 1042   825  2792
 1043  1579   366
 1044  2333  1120
 1045   661  2628
 1046  1415   202
 1047   956   497
 1048  2464  1251
 1049    38  2005
 1050   792   333
 1051  2300  1087
 1052  3054  1841
 1053   628   169
 1054  2136   923
 1055  2890  1677
 1056   464     5
 1057   759  2726
 1058  1513   300
 1059  2267  1054
 1060  3021  1808
 1061   595  2562
 1062  1349   136
 1063  2103   890
 1064  2857  1644
 1065   431  2398
 1066  1185  3152
 1067  1939   726
 1068  2693  1480
 1069   267  1021
 1070   562  2529
 1071  1316   103
 1072  2070   857
 1073   398  2365
 1074  1152  3119
 1075  1906   693
 1076   234  2201
 1077   988  2955
 1078  1742   529
 1079    70   824
 1080  2791  1578
 1081   365  3086
 1082  1873   660
 1083  2627  1414
 1084   201  2168
 1085   955  2922
 1086  1709   496
 1087  2463  1250
 1088    37  2004
 1089   791  2758
 1090  1545   332
 1091  2299  1086
 1092   627  2594
 1093  1381   168
 1094   922   463
 1095  2430  1217
 1096     4  1971
 1097   758   299
 1098  2266  1053
 1099  3020  1807
 1100   594   135
 1101   889  2856
 1102  1643   430
 1103   725  2692
 1104  1479   266
 1105  2233  1020
 1106  2987  1774
 1107   561  2528
 1108  1315   102
 1109  2069   856
 1110  2823  1610
 1111   397  2364
 1112  1151  3118
 1113  1905   692
 1114  2659  1446
 1115   233   987
 1116   528  2495
 1117  1282    69
 1118  2036   823
 1119   364  2331
 1120  1118  3085
 1121  1872   659
 1122   200  2167
 1123   954  2921
 1124  1708   495
 1125    36   790
 1126  2757  1544
 1127   331  3052
 1128  1839   626
 1129  2593  1380
 1130   167  2134
 1131   921  2888
 1132  1675   462
 1133  2429  1216
 1134     3  1970
 1135   757  2724
 1136  1511   298
 1137  2265  1052
 1138   593  2560
 1139  1347   134
 1140  2101   888
 1141   429  2396
 1142  1183  3150
 1143  1937   724
 1144   265  2232
 1145  1019  2986
 1146  1773   560
 1147   101   855
 1148  2822  1609
 1149   396   691
 1150  2658  1445
 1151   232  2199
 1152   986  2953
 1153  1740   527
 1154  2494  1281
 1155    68  2035
 1156   822  2789
 1157  1576   363
 1158  2330  1117
 1159  3084  1871
 1160   658  2625
 1161  1412   199
 1162   953   494
 1163  2461  1248
 1164    35  2002
 1165   789   330
 1166  2297  1084
 1167  3051  1838
 1168   625   166
 1169  2133   920
 1170  2887  1674
 1171   461     2
 1172   756  2723
 1173  1510   297
 1174  1051  3018
 1175  1805   592
 1176  2559  1346
 1177   133  2100
 1178   887  2854
 1179  1641   428
 1180  2395  1182
 1181  3149  1936
 1182   723  2690
 1183  1477   264
 1184  2231  1018
 1185   559  2526
 1186  1313   100
 1187  2067   854
 1188   395  2362
 1189  1149  3116
 1190  1903   690
 1191   231  2198
 1192   985  2952
 1193  1739   526
 1194    67   821
 1195  2788  1575
 1196   362   657
 1197  2624  1411
 1198   198  2165
 1199   952  2919
 1200  1706   493
 1201  2460  1247
 1202    34  2001
 1203   788  2755
 1204  1542   329
 1205  2296  1083
 1206  3050  1837
 1207   624  2591
 1208  1378   165
 1209   919   460
 1210  2427  1214
 1211     1  1968
 1212   755   296
 1213  2263  1050
 1214  3017  1804
 1215   591   132
 1216   886  2853
 1217  1640   427
 1218   722  2689
 1219  1476   263
 1220  1017  2984
 1221  1771   558
 1222  2525  1312
 1223    99  2066
 1224   853  2820
 1225  1607   394
 1226  2361  1148
 1227  3115  1902
 1228   689  2656
 1229  1443   230
 1230  2197   984
 1231   525  2492
 1232  1279    66
 1233  2033   820
 1234   361  2328
 1235  1115  3082
 1236  1869   656
 1237   197  2164
 1238   951  2918
 1239  1705   492
 1240    33   787
 1241  2754  1541
 1242   328   623
 1243  2590  1377
 1244   164  2131
 1245   918  2885
 1246  1672   459
 1247  2426  1213
