R80T1QL3
Channel Interleaving, Puncturing and Mapping to QPSK

Symbol	b1 	b0 
    0     0  1826
    1  6609   695
    2  5478  2521
    3  7304  1390
    4  3216   259
    5  5042  2085
    6  3911   954
    7  2780  7563
    8  1649  6432
    9   518  5301
   10  2344  7127
   11  1213  3039
   12    82  4865
   13  1908  3734
   14   777  2603
   15  7386  1472
   16  6255   341
   17  2167  6950
   18  1036  2862
   19  4688  1731
   20  3557   600
   21  2426  7209
   22  1295  6078
   23   164  1990
   24  6773   859
   25  2685  4511
   26  1554  3380
   27   423  2249
   28  7032  1118
   29  5901  7727
   30  1813  6596
   31   682  2508
   32  4334  1377
   33  3203   246
   34  5029  2072
   35  6855   941
   36  5724  7550
   37  1636  6419
   38   505  2331
   39  4157  1200
   40  3026    69
   41  4852  1895
   42  6678   764
   43  5547  7373
   44  1459  6242
   45   328  5111
   46  2154  3980
   47  1023  2849
   48  4675  1718
   49  6501   587
   50  5370  2413
   51  7196  1282
   52  6065   151
   53  4934  1977
   54  3803   846
   55  2672  4498
   56  1541  6324
   57   410  5193
   58  2236  7019
   59  1105  5888
   60  4757  1800
   61  3626   669
   62  2495  4321
   63  1364  6147
   64   233  2059
   65  6842   928
   66  5711  4580
   67  1623  3449
   68   492  2318
   69  4144  1187
   70  5970    56
   71  1882  6665
   72   751  5534
   73  2577  4403
   74  1446  3272
   75   315  5098
   76  2141  3967
   77  1010  5793
   78  7619  1705
   79  6488   574
   80  5357  2400
   81  4226  1269
   82  3095   138
   83  4921  1964
   84  3790   833
   85  5616  7442
   86  1528  6311
   87   397  5180
   88  2223  4049
   89  1092  2918
   90  4744  1787
   91  3613   656
   92  5439  2482
   93  7265  1351
   94  6134   220
   95  2046  3872
   96   915  2741
   97  4567  1610
   98  3436   479
   99  5262  2305
  100  7088  1174
  101  5957    43
  102  1869  3695
  103   738  2564
  104  4390  1433
  105  3259   302
  106  2128  6911
  107   997  5780
  108  7606  1692
  109  3518   561
  110  2387  4213
  111  1256  3082
  112   125  1951
  113  6734   820
  114  5603  7429
  115  1515  3341
  116   384  2210
  117  4036  1079
  118  2905  7688
  119  1774  6557
  120   643  5426
  121  2469  7252
  122  1338  3164
  123   207  4990
  124  2033  3859
  125   902  2728
  126  7511  1597
  127  6380   466
  128  5249  2292
  129  7075  1161
  130  2987    30
  131  4813  1856
  132  3682   725
  133  2551  7334
  134  1420  6203
  135   289  2115
  136  6898   984
  137  2810  4636
  138  1679  3505
  139   548  2374
  140  7157  1243
  141  6026   112
  142  1938  6721
  143   807  2633
  144  4459  1502
  145  3328   371
  146  5154  2197
  147  6980  1066
  148  5849  7675
  149  1761  6544
  150   630  2456
  151  4282  1325
  152  3151   194
  153  4977  2020
  154  6803   889
  155  5672  7498
  156  1584  6367
  157   453  2279
  158  4105  1148
  159  2974    17
  160  4800  1843
  161  6626   712
  162  5495  2538
  163  7321  1407
  164  6190   276
  165  5059  2102
  166  3928   971
  167  2797  4623
  168  1666  6449
  169   535  5318
  170  2361  7144
  171  1230  6013
  172    99  4882
  173  1925  3751
  174   794  2620
  175  4446  1489
  176  6272   358
  177  2184  6967
  178  1053  5836
  179  4705  1748
  180  3574   617
  181  2443  4269
  182  1312  6095
  183   181  2007
  184  6790   876
  185  5659  4528
  186  1571  3397
  187   440  2266
  188  4092  1135
  189     4  1830
  190  6613   699
  191  5482  2525
  192  4351  1394
  193  3220   263
  194  5046  2089
  195  3915   958
  196  7567  1653
  197  6436   522
  198  5305  2348
  199  4174  1217
  200  3043    86
  201  4869  1912
  202  3738   781
  203  7390  1476
  204  6259   345
  205  2171  3997
  206  1040  2866
  207  4692  1735
  208  3561   604
  209  2430  7213
  210  1299  6082
  211   168  1994
  212  3820   863
  213  2689  4515
  214  1558  3384
  215   427  2253
  216  7036  1122
  217  5905  7731
  218  1817  3643
  219   686  2512
  220  4338  1381
  221  3207   250
  222  2076  6859
  223   945  5728
  224  7554  1640
  225  3466   509
  226  2335  4161
  227  1204  3030
  228    73  1899
  229  6682   768
  230  5551  7377
  231  1463  3289
  232   332  5115
  233  2158  3984
  234  1027  2853
  235  7636  1722
  236  6505   591
  237  5374  2417
  238  7200  1286
  239  3112   155
  240  4938  1981
  241  3807   850
  242  2676  7459
  243  1545  6328
  244   414  5197
  245  2240  7023
  246  1109  2935
  247  4761  1804
  248  3630   673
  249  2499  1368
  250  6151   237
  251  2063  6846
  252   932  5715
  253  2758  4584
  254  1627  3453
  255   496  2322
  256  1191  5974
  257    60  1886
  258  6669   755
  259  5538  2581
  260  4407  1450
  261  3276   319
  262  5102  2145
  263  1014  5797
  264  7623  1709
  265  6492   578
  266  5361  2404
  267  4230  1273
  268  3099   142
  269  4925  1968
  270   837  5620
  271  7446  1532
  272  6315   401
  273  5184  2227
  274  4053  1096
  275  2922  4748
  276  1791   660
  277  5443  2486
  278  7269  1355
  279  6138   224
  280  5007  2050
  281  3876   919
  282  2745  4571
  283  1614   483
  284  5266  2309
  285  7092  1178
  286  5961    47
  287  4830  1873
  288  3699   742
  289  2568  4394
  290  1437   306
  291  2132  6915
  292  1001  5784
  293  4653  1696
  294  3522   565
  295  2391  4217
  296  1260   129
  297  1955  6738
  298   824  5607
  299  4476  1519
  300  3345   388
  301  2214  4040
  302  1083  7692
  303  1778  6561
  304   647  5430
  305  2473  4299
  306  1342  3168
  307   211  4994
  308  2037  3863
  309   906  7515
  310  1601  6384
  311   470  5253
  312  2296  4122
  313  1165  2991
  314    34  4817
  315  1860  3686
  316   729  2555
  317  7338  1424
  318  6207   293
  319  2119  6902
  320  3945   988
  321  2814  4640
  322  1683  3509
  323   552  2378
  324  7161  1247
  325  6030   116
  326  1942  6725
  327  3768   811
  328  2637  4463
  329  1506  3332
  330   375  5158
  331  2201  6984
  332  1070  5853
  333  7679  1765
  334  6548  3591
  335   634  2460
  336  4286  1329
  337  3155   198
  338  2024  6807
  339   893  5676
  340  7502  1588
  341  6371  3414
  342   457  2283
  343  4109  1152
  344  2978    21
  345  1847  6630
  346   716  5499
  347  2542  7325
  348  1411  6194
  349   280  5063
  350  2106  3932
  351   975  2801
  352  1670  6453
  353   539  5322
  354  2365  7148
  355  1234  6017
  356   103  4886
  357  1929  3755
  358   798  2624
  359  1493  6276
  360   362  2188
  361  6971  1057
  362  5840  4709
  363  1752  3578
  364   621  2447
  365  1316  6099
  366   185  2011
  367  6794   880
  368  5663  4532
  369  1575  3401
  370   444  2270
  371  1139  5922
  372     8  1834
  373  6617   703
  374  5486  2529
  375  4355  1398
  376  3224   267
  377  5050  2093
  378   962  5745
  379  7571  1657
  380  6440   526
  381  5309  2352
  382  4178  1221
  383  3047    90
  384  4873  1916
  385   785  5568
  386  7394  1480
  387  6263   349
  388  5132  2175
  389  4001  1044
  390  2870  4696
  391  1739   608
  392  5391  2434
  393  7217  1303
  394  6086   172
  395  4955  1998
  396  3824   867
  397  2693  4519
  398  1562   431
  399  5214  2257
  400  7040  1126
  401  5909  7735
  402  4778  1821
  403  3647   690
  404  2516  4342
  405  1385   254
  406  2080  6863
  407   949  5732
  408  7558  1644
  409  3470   513
  410  2339  4165
  411  1208  3034
  412    77  1903
  413  6686   772
  414  5555  7381
  415  1467  3293
  416   336  5119
  417  2162  3988
  418  1031  2857
  419  7640  1726
  420  6509   595
  421  5378  2421
  422  7204  1290
  423  3116   159
  424  4942  1985
  425  3811   854
  426  2680  7463
  427  1549  6332
  428   418  5201
  429  2244  7027
  430  1113  2939
  431  4765  1808
  432  3634   677
  433  2503  7286
  434  1372  6155
  435   241  2067
  436  6850   936
  437  2762  4588
  438  1631  3457
  439   500  2326
  440  7109  1195
  441  5978    64
  442  1890  6673
  443   759  2585
  444  4411  1454
  445  3280   323
  446  2149  6932
  447  1018  5801
  448  7627  1713
  449  6496   582
  450  2408  4234
  451  1277  3103
  452   146  1972
  453  6755   841
  454  5624  7450
  455  1536  6319
  456   405  2231
  457  4057  1100
  458  2926  1795
  459  6578   664
  460  5447  2490
  461  7273  1359
  462  6142   228
  463  5011  2054
  464  3880   923
  465  2749  1618
  466  6401   487
  467  5270  2313
  468  7096  1182
  469  5965    51
  470  4834  1877
  471  3703   746
  472  2572  1441
  473  6224   310
  474  2136  6919
  475  1005  5788
  476  4657  1700
  477  3526   569
  478  2395  4221
  479  1264  6047
  480   133  1959
  481  6742   828
  482  5611  4480
  483  1523  3349
  484   392  2218
  485  4044  1087
  486  5870  7696
  487  1782  6565
  488   651  5434
  489  2477  4303
  490  1346  3172
  491   215  4998
  492  2041  3867
  493   910  5693
  494  7519  1605
  495  6388   474
  496  5257  2300
  497  4126  1169
  498  2995    38
  499  4821  1864
  500  3690   733
  501  5516  2559
  502  7342  1428
  503  6211   297
  504  2123  3949
  505   992  2818
  506  4644  1687
  507  3513   556
  508  5339  2382
  509  7165  1251
  510  6034   120
  511  1946  3772
  512   815  2641
  513  4467  1510
  514  3336   379
  515  5162  2205
  516  6988  1074
  517  5857  7683
  518  1769  3595
  519   638  2464
  520  4290  1333
  521  3159   202
  522  2028  6811
  523   897  5680
  524  7506  1592
  525  3418   461
  526  2287  4113
  527  1156  2982
  528    25  1851
  529  6634   720
  530  5503  2546
  531  7329  1415
  532  3241   284
  533  5067  2110
  534  3936   979
  535  2805  7588
  536  1674  6457
  537   543  5326
  538  2369  7152
  539  1238  3064
  540   107  4890
  541  1933  3759
  542   802  2628
  543  7411  1497
  544  6280   366
  545  2192  6975
  546  1061  2887
  547  4713  1756
  548  3582   625
  549  2451  7234
  550  1320  6103
  551   189  2015
  552  6798   884
  553  2710  4536
  554  1579  3405
  555   448  2274
  556  7057  1143
  557  5926    12
  558  1838  6621
  559   707  2533
  560  4359  1402
  561  3228   271
  562  5054  2097
  563  6880   966
  564  5749  7575
  565  1661  6444
  566   530  2356
  567  4182  1225
  568  3051    94
  569  4877  1920
  570  6703   789
  571  5572  7398
  572  1484  6267
  573   353  5136
  574  2179  4005
  575  1048  2874
  576  4700  1743
  577  6526   612
  578  5395  2438
  579  7221  1307
  580  6090   176
  581  4959  2002
  582  3828   871
  583  2697  4523
  584  1566  6349
  585   435  5218
  586  2261  7044
  587  1130  5913
  588  7739  4782
  589  1825  3651
  590   694  2520
  591  4346  1389
  592  6172   258
  593  2084  6867
  594   953  5736
  595  4605  1648
  596  3474   517
  597  2343  4169
  598  1212  5995
  599    81  1907
  600  6690   776
  601  5559  4428
  602  1471  3297
  603   340  5123
  604  2166  3992
  605  1035  5818
  606  7644  1730
  607  6513   599
  608  5382  2425
  609  4251  1294
  610  3120   163
  611  4946  1989
  612  3815   858
  613  5641  7467
  614  1553  6336
  615   422  5205
  616  2248  4074
  617  1117  2943
  618  4769  1812
  619  3638   681
  620  5464  2507
  621  7290  1376
  622  6159   245
  623  2071  3897
  624   940  2766
  625  4592  1635
  626  3461   504
  627  5287  2330
  628  7113  1199
  629  5982    68
  630  1894  3720
  631   763  2589
  632  4415  1458
  633  3284   327
  634  2153  6936
  635  1022  5805
  636  7631  1717
  637  3543   586
  638  2412  4238
  639  1281  3107
  640   150  1976
  641  6759   845
  642  5628  7454
  643  1540  3366
  644   409  2235
  645  4061  1104
  646  2930  7713
  647  1799  6582
  648   668  5451
  649  2494  7277
  650  1363  3189
  651   232  5015
  652  2058  3884
  653   927  2753
  654  7536  1622
  655  6405   491
  656  5274  2317
  657  7100  1186
  658  3012    55
  659  4838  1881
  660  3707   750
  661  2576  7359
  662  1445  6228
  663   314  2140
  664  6923  1009
  665  2835  4661
  666  1704  3530
  667   573  2399
  668  7182  1268
  669  6051   137
  670  1963  6746
  671   832  2658
  672  4484  1527
  673  3353   396
  674  2222  7005
  675  1091  5874
  676  7700  1786
  677  6569   655
  678  2481  4307
  679  1350  3176
  680   219  5002
  681  2045  6828
  682   914  5697
  683  7523  1609
  684  6392   478
  685  2304  4130
  686  1173  2999
  687    42  4825
  688  1868  6651
  689   737  5520
  690  2563  7346
  691  1432  6215
  692   301  5084
  693  2127  3953
  694   996  2822
  695  4648  1691
  696  6474   560
  697  5343  2386
  698  7169  1255
  699  6038   124
  700  4907  1950
  701  3776   819
  702  2645  4471
  703  1514   383
  704  5166  2209
  705  6992  1078
  706  5861  4730
  707  1773  3599
  708   642  2468
  709  4294  1337
  710   206  2032
  711  6815   901
  712  5684  4553
  713  1596  3422
  714   465  2291
  715  4117  1160
  716    29  1855
  717  6638   724
  718  5507  2550
  719  4376  1419
  720  3245   288
  721  5071  2114
  722  3940   983
  723  7592  1678
  724  6461   547
  725  5330  2373
  726  4199  1242
  727  3068   111
  728  4894  1937
  729  3763   806
  730  7415  1501
  731  6284   370
  732  2196  4022
  733  1065  2891
  734  4717  1760
  735  3586   629
  736  2455  7238
  737  1324  6107
  738   193  2019
  739  3845   888
  740  2714  4540
  741  1583  3409
  742   452  2278
  743  7061  1147
  744  5930    16
  745  1842  3668
  746   711  2537
  747  4363  1406
  748  3232   275
  749  2101  6884
  750   970  5753
  751  7579  1665
  752  3491   534
  753  2360  4186
  754  1229  3055
  755    98  1924
  756  6707   793
  757  5576  7402
  758  1488  3314
  759   357  5140
  760  2183  4009
  761  1052  2878
  762  7661  1747
  763  6530   616
  764  5399  2442
  765  7225  1311
  766  3137   180
  767  4963  2006
  768  3832   875
  769  2701  1570
  770  6353   439
  771  5222  2265
  772  7048  1134
  773  5917  2960
  774     3  4786
  775  1829  3655
  776   698  2524
  777  1393  6176
  778   262  2088
  779  6871   957
  780  5740  2783
  781  4609  1652
  782  3478   521
  783  2347  1216
  784  5999    85
  785  1911  6694
  786   780  5563
  787  2606  4432
  788  1475  3301
  789   344  5127
  790  2170  1039
  791  5822  7648
  792  1734  6517
  793   603  5386
  794  2429  4255
  795  1298  3124
  796   167  4950
  797  1993   862
  798  5645  7471
  799  1557  6340
  800   426  5209
  801  2252  4078
  802  1121  2947
  803  4773  1816
  804   685  5468
  805  2511  7294
  806  1380  6163
  807   249  5032
  808  2075  3901
  809   944  2770
  810  4596  1639
  811   508  5291
  812  2334  7117
  813  1203  5986
  814    72  4855
  815  1898  3724
  816   767  2593
  817  4419  1462
  818   331  2157
  819  6940  1026
  820  5809  4678
  821  1721  3547
  822   590  2416
  823  4242  1285
  824   154  1980
  825  6763   849
  826  5632  4501
  827  1544  3370
  828   413  2239
  829  4065  1108
  830  7717  1803
  831  6586   672
  832  5455  2498
  833  7281  4324
  834  1367  3193
  835   236  5019
  836  2062  3888
  837   931  7540
  838  1626  6409
  839   495  5278
  840  2321  7104
  841  4147  1190
  842  3016    59
  843  4842  1885
  844  3711   754
  845  7363  1449
  846  6232   318
  847  2144  6927
  848  3970  1013
  849  2839  4665
  850  1708  3534
  851   577  2403
  852  7186  1272
  853  6055   141
  854  1967  6750
  855  3793   836
  856  2662  4488
  857  1531  3357
  858   400  2226
  859  7009  1095
  860  5878  7704
  861  1790  6573
  862   659  2485
  863  4311  1354
  864  3180   223
  865  2049  6832
  866   918  5701
  867  7527  1613
  868  6396   482
  869  2308  4134
  870  1177  3003
  871    46  1872
  872  6655   741
  873  5524  2567
  874  7350  1436
  875  6219   305
  876  5088  2131
  877  3957  1000
  878  2826  1695
  879  6478   564
  880  5347  2390
  881  7173  1259
  882  6042   128
  883  4911  1954
  884  3780   823
  885  2649  1518
  886  6301   387
  887  5170  2213
  888  6996  1082
  889  5865  4734
  890  1777  3603
  891   646  2472
  892  1341  6124
  893   210  2036
  894  6819   905
  895  5688  4557
  896  1600  3426
  897   469  2295
  898  1164  5947
  899    33  1859
  900  6642   728
  901  5511  2554
  902  4380  1423
  903  3249   292
  904  5075  2118
  905   987  5770
  906  7596  1682
  907  6465   551
  908  5334  2377
  909  4203  1246
  910  3072   115
  911  4898  1941
  912   810  5593
  913  7419  1505
  914  6288   374
  915  5157  2200
  916  4026  1069
  917  2895  4721
  918  1764   633
  919  5416  2459
  920  7242  1328
  921  6111   197
  922  4980  2023
  923  3849   892
  924  2718  4544
  925  1587   456
  926  5239  2282
  927  7065  1151
  928  5934    20
  929  1846  3672
  930   715  2541
  931  4367  1410
  932  3236   279
  933  2105  6888
  934   974  5757
  935  7583  1669
  936  3495   538
  937  2364  4190
  938  1233  3059
  939   102  1928
  940  6711   797
  941  5580  7406
  942  1492  3318
  943   361  5144
  944  2187  4013
  945  1056  2882
  946  7665  1751
  947  6534   620
  948  5403  2446
  949  7229  1315
  950  3141   184
  951  4967  2010
  952  3836   879
  953  2705  7488
  954  1574  6357
  955   443  5226
  956  2269  7052
  957  1138  2964
  958     7  4790
  959  1833  3659
  960   702  2528
  961  7311  1397
  962  6180   266
  963  2092  6875
  964   961  2787
  965  4613  1656
  966  3482   525
  967  2351  7134
  968  1220  6003
  969    89  1915
  970  6698   784
  971  2610  4436
  972  1479  3305
  973   348  2174
  974  6957  1043
  975  5826  7652
  976  1738  6521
  977   607  2433
  978  4259  1302
  979  3128   171
  980  1997  6780
  981   866  5649
  982  7475  1561
  983  6344   430
  984  2256  4082
  985  1125  2951
  986  1820  6603
  987   689  5472
  988  2515  7298
  989  1384  6167
  990   253  5036
  991  2079  3905
  992   948  2774
  993  4600  1643
  994  6426   512
  995  5295  2338
  996  7121  1207
  997  5990    76
  998  4859  1902
  999  3728   771
 1000  2597  4423
 1001  1466  6249
 1002   335  2161
 1003  6944  1030
 1004  5813  4682
 1005  1725  3551
 1006   594  2420
 1007  4246  1289
 1008  6072   158
 1009  1984  6767
 1010   853  5636
 1011  4505  1548
 1012  3374   417
 1013  2243  4069
 1014  1112  5895
 1015  7721  1807
 1016  6590   676
 1017  5459  2502
 1018  4328  1371
 1019  3197   240
 1020  5023  2066
 1021  3892   935
 1022  5718  7544
 1023  1630  6413
 1024   499  5282
 1025  2325  4151
 1026  1194  3020
 1027    63  4846
 1028  1889  3715
 1029   758  5541
 1030  7367  1453
 1031  6236   322
 1032  2148  3974
 1033  1017  2843
 1034  4669  1712
 1035  3538   581
 1036  5364  2407
 1037  7190  1276
 1038  6059   145
 1039  1971  3797
 1040   840  2666
 1041  4492  1535
 1042  3361   404
 1043  5187  2230
 1044  7013  1099
 1045  5882  7708
 1046  1794  3620
 1047   663  2489
 1048  4315  1358
 1049  3184   227
 1050  2053  6836
 1051   922  5705
 1052  7531  1617
 1053  3443   486
 1054  2312  4138
 1055  1181  3007
 1056    50  1876
 1057  6659   745
 1058  5528  2571
 1059  7354  1440
 1060  3266   309
 1061  5092  2135
 1062  3961  1004
 1063  2830  7613
 1064  1699  6482
 1065   568  5351
 1066  2394  7177
 1067  1263  3089
 1068   132  4915
 1069  1958  3784
 1070   827  2653
 1071  7436  1522
 1072  6305   391
 1073  5174  2217
 1074  7000  1086
 1075  2912  4738
 1076  1781  3607
 1077   650  2476
 1078  7259  1345
 1079  6128   214
 1080  2040  6823
 1081   909  2735
 1082  4561  1604
 1083  3430   473
 1084  2299  7082
 1085  1168  5951
 1086    37  1863
 1087  6646   732
 1088  2558  4384
 1089  1427  3253
 1090   296  5079
 1091  2122  6905
 1092   991  5774
 1093  7600  1686
 1094  6469   555
 1095  2381  4207
 1096  1250  3076
 1097   119  4902
 1098  1945  6728
 1099   814  5597
 1100  7423  1509
 1101  6292   378
 1102  2204  4030
 1103  1073  2899
 1104  4725  1768
 1105  6551   637
 1106  5420  2463
 1107  7246  1332
 1108  6115   201
 1109  4984  2027
 1110  3853   896
 1111  2722  4548
 1112  1591  6374
 1113   460  5243
 1114  2286  7069
 1115  1155  5938
 1116    24  4807
 1117  1850  3676
 1118   719  2545
 1119  4371  1414
 1120  6197   283
 1121  2109  6892
 1122   978  5761
 1123  4630  1673
 1124  3499   542
 1125  2368  4194
 1126  1237  6020
 1127   106  1932
 1128  6715   801
 1129  5584  4453
 1130  1496  3322
 1131   365  5148
 1132  2191  4017
 1133  1060  5843
 1134  7669  1755
 1135  6538   624
 1136  5407  2450
 1137  4276  1319
 1138  3145   188
 1139  4971  2014
 1140  3840   883
 1141  5666  7492
 1142  1578  6361
 1143   447  5230
 1144  2273  4099
 1145  1142  2968
 1146    11  4794
 1147  1837  3663
 1148   706  5489
 1149  2532  7315
 1150  1401  6184
 1151   270  2096
 1152  3922   965
 1153  2791  4617
 1154  1660  3486
 1155   529  2355
 1156  7138  1224
 1157  6007    93
 1158  1919  3745
 1159   788  2614
 1160  4440  1483
 1161  3309   352
 1162  2178  6961
 1163  1047  5830
 1164  7656  1742
 1165  3568   611
 1166  2437  4263
 1167  1306  3132
 1168   175  2001
 1169  6784   870
 1170  5653  7479
 1171  1565  3391
 1172   434  2260
 1173  4086  1129
 1174  2955  7738
 1175  1824  6607
 1176   693  5476
 1177  2519  7302
 1178  1388  3214
 1179   257  5040
 1180  2083  3909
 1181   952  2778
 1182  7561  1647
 1183  6430   516
 1184  5299  2342
 1185  7125  1211
 1186  3037    80
 1187  4863  1906
 1188  3732   775
 1189  2601  7384
 1190  1470  6253
 1191   339  2165
 1192  6948  1034
 1193  2860  4686
 1194  1729  3555
 1195   598  2424
 1196  7207  1293
 1197  6076   162
 1198  1988  6771
 1199   857  2683
 1200  4509  1552
 1201  3378   421
 1202  2247  7030
 1203  1116  5899
 1204  7725  1811
 1205  6594   680
 1206  2506  4332
 1207  1375  3201
 1208   244  5027
 1209  2070  6853
 1210   939  5722
 1211  7548  1634
 1212  6417   503
 1213  2329  4155
 1214  1198  3024
 1215    67  4850
 1216  1893  6676
 1217   762  5545
 1218  7371  1457
 1219  6240   326
 1220  5109  2152
 1221  3978  1021
 1222  2847  4673
 1223  1716   585
 1224  5368  2411
 1225  7194  1280
 1226  6063   149
 1227  4932  1975
 1228  3801   844
 1229  2670  4496
 1230  1539   408
 1231  5191  2234
 1232  7017  1103
 1233  5886  4755
 1234  1798  3624
 1235   667  2493
 1236  4319  1362
 1237   231  2057
 1238  6840   926
 1239  5709  4578
 1240  1621  3447
 1241   490  2316
 1242  4142  1185
 1243    54  1880
 1244  6663   749
 1245  5532  2575
 1246  4401  1444
 1247  3270   313
 1248  5096  2139
 1249  3965  1008
 1250  7617  1703
 1251  6486   572
 1252  5355  2398
 1253  4224  1267
 1254  3093   136
 1255  4919  1962
 1256  3788   831
 1257  7440  1526
 1258  6309   395
 1259  5178  2221
 1260  4047  1090
 1261  2916  4742
 1262  1785  3611
 1263   654  2480
 1264  7263  1349
 1265  6132   218
 1266  2044  3870
 1267   913  2739
 1268  4565  1608
 1269  3434   477
 1270  2303  7086
 1271  1172  5955
 1272    41  1867
 1273  3693   736
 1274  2562  4388
 1275  1431  3257
 1276   300  2126
 1277  6909   995
 1278  5778  7604
 1279  1690  3516
 1280   559  2385
 1281  4211  1254
 1282  3080   123
 1283  1949  6732
 1284   818  5601
 1285  7427  1513
 1286  6296  3339
 1287   382  2208
 1288  4034  1077
 1289  2903  1772
 1290  6555   641
 1291  5424  2467
 1292  7250  1336
 1293  6119  3162
 1294   205  4988
 1295  2031  3857
 1296   900  2726
 1297  1595  6378
 1298   464  5247
 1299  2290  7073
 1300  1159  5942
 1301  2985    28
 1302  4811  1854
 1303  3680   723
 1304  2549  1418
 1305  6201   287
 1306  2113  6896
 1307   982  5765
 1308  2808  4634
 1309  1677  3503
 1310   546  2372
 1311  1241  6024
 1312   110  1936
 1313  6719   805
 1314  5588  4457
 1315  1500  3326
 1316   369  5152
 1317  2195  1064
 1318  5847  7673
 1319  1759  6542
 1320   628  5411
 1321  2454  4280
 1322  1323  3149
 1323   192  4975
 1324  2018   887
 1325  5670  7496
 1326  1582  6365
 1327   451  5234
 1328  2277  4103
 1329  1146  2972
 1330    15  4798
 1331  1841   710
 1332  5493  2536
 1333  7319  1405
 1334  6188   274
 1335  5057  2100
 1336  3926   969
 1337  2795  4621
 1338  1664   533
 1339  5316  2359
 1340  7142  1228
 1341  6011    97
 1342  4880  1923
 1343  3749   792
 1344  2618  4444
 1345  1487   356
 1346  2182  6965
 1347  1051  5834
 1348  4703  1746
 1349  3572   615
 1350  2441  4267
 1351  1310   179
 1352  2005  6788
 1353   874  5657
 1354  7483  4526
 1355  1569  3395
 1356   438  2264
 1357  4090  1133
 1358     2  1828
 1359  6611   697
 1360  5480  2523
 1361  7306  4349
 1362  1392  3218
 1363   261  5044
 1364  2087  3913
 1365   956  7565
 1366  1651  6434
 1367   520  5303
 1368  2346  7129
 1369  4172  1215
 1370  3041    84
 1371  4867  1910
 1372  3736   779
 1373  7388  1474
 1374  6257   343
 1375  2169  6952
 1376  3995  1038
 1377  2864  4690
 1378  1733  3559
 1379   602  2428
 1380  7211  1297
 1381  6080   166
 1382  1992  6775
 1383   861  2687
 1384  4513  1556
 1385  3382   425
 1386  2251  7034
 1387  1120  5903
 1388  7729  1815
 1389  6598   684
 1390  2510  4336
 1391  1379  3205
 1392   248  2074
 1393  6857   943
 1394  5726  7552
 1395  1638  6421
 1396   507  2333
 1397  4159  1202
 1398  3028    71
 1399  1897  6680
 1400   766  5549
 1401  7375  1461
 1402  6244   330
 1403  5113  2156
 1404  3982  1025
 1405  2851  1720
 1406  6503   589
 1407  5372  2415
 1408  7198  1284
 1409  6067   153
 1410  4936  1979
 1411  3805   848
 1412  2674  1543
 1413  6326   412
 1414  5195  2238
 1415  7021  1107
 1416  5890  4759
 1417  1802  3628
 1418   671  2497
 1419  1366  6149
 1420   235  2061
 1421  6844   930
 1422  5713  4582
 1423  1625  3451
 1424   494  2320
 1425  1189  5972
 1426    58  1884
 1427  6667   753
 1428  5536  2579
 1429  4405  1448
 1430  3274   317
 1431  5100  2143
 1432  1012  5795
 1433  7621  1707
 1434  6490   576
 1435  5359  2402
 1436  4228  1271
 1437  3097   140
 1438  4923  1966
 1439   835  5618
 1440  7444  1530
 1441  6313   399
 1442  5182  2225
 1443  4051  1094
 1444  2920  4746
 1445  1789  3615
 1446   658  5441
 1447  2484  7267
 1448  1353  6136
 1449   222  2048
 1450  3874   917
 1451  2743  4569
 1452  1612  3438
 1453   481  5264
 1454  2307  7090
 1455  1176  5959
 1456    45  1871
 1457  3697   740
 1458  2566  4392
 1459  1435  3261
 1460   304  2130
 1461  6913   999
 1462  5782  7608
 1463  1694  3520
 1464   563  2389
 1465  4215  1258
 1466  3084   127
 1467  1953  6736
 1468   822  5605
 1469  7431  1517
 1470  3343   386
 1471  2212  4038
 1472  1081  2907
 1473  7690  1776
 1474  6559   645
 1475  5428  2471
 1476  7254  1340
 1477  3166   209
 1478  4992  2035
 1479  3861   904
 1480  2730  7513
 1481  1599  6382
 1482   468  5251
 1483  2294  7077
 1484  1163  2989
 1485    32  4815
 1486  1858  3684
 1487   727  2553
 1488  7336  1422
 1489  6205   291
 1490  2117  6900
 1491   986  2812
 1492  4638  1681
 1493  3507   550
 1494  2376  7159
 1495  1245  6028
 1496   114  1940
 1497  6723   809
 1498  2635  4461
 1499  1504  3330
 1500   373  2199
 1501  6982  1068
 1502  5851  7677
 1503  1763  6546
 1504   632  2458
 1505  4284  1327
 1506  3153   196
 1507  2022  6805
 1508   891  5674
 1509  7500  1586
 1510  6369   455
 1511  2281  4107
 1512  1150  2976
 1513    19  4802
 1514  1845  6628
 1515   714  5497
 1516  2540  7323
 1517  1409  6192
 1518   278  5061
 1519  2104  3930
 1520   973  2799
 1521  4625  1668
 1522  6451   537
 1523  5320  2363
 1524  7146  1232
 1525  6015   101
 1526  4884  1927
 1527  3753   796
 1528  2622  4448
 1529  1491  6274
 1530   360  2186
 1531  6969  1055
 1532  5838  4707
 1533  1750  3576
 1534   619  2445
 1535  4271  1314
 1536  6097   183
 1537  2009  6792
 1538   878  5661
 1539  4530  1573
 1540  3399   442
 1541  2268  4094
 1542  1137  5920
 1543     6  1832
 1544  6615   701
 1545  5484  2527
 1546  4353  1396
 1547  3222   265
 1548  5048  2091
 1549  3917   960
 1550  5743  7569
 1551  1655  6438
 1552   524  5307
 1553  2350  4176
 1554  1219  3045
 1555    88  4871
 1556  1914  3740
 1557   783  5566
 1558  7392  1478
 1559  6261   347
 1560  2173  3999
 1561  1042  2868
 1562  4694  1737
 1563  3563   606
 1564  5389  2432
 1565  7215  1301
 1566  6084   170
 1567  1996  3822
 1568   865  2691
 1569  4517  1560
 1570  3386   429
 1571  5212  2255
 1572  7038  1124
 1573  5907  7733
 1574  1819  3645
 1575   688  2514
 1576  4340  1383
 1577  3209   252
 1578  2078  6861
 1579   947  5730
 1580  7556  1642
 1581  3468   511
 1582  2337  4163
 1583  1206  3032
 1584    75  1901
 1585  6684   770
 1586  5553  7379
 1587  1465  3291
 1588   334  5117
 1589  2160  3986
 1590  1029  2855
 1591  7638  1724
 1592  6507   593
 1593  5376  2419
 1594  7202  1288
 1595  3114   157
 1596  4940  1983
 1597  3809   852
 1598  2678  7461
 1599  1547  6330
 1600   416  5199
 1601  2242  7025
 1602  1111  2937
 1603  4763  1806
 1604  3632   675
 1605  2501  7284
 1606  1370  6153
 1607   239  2065
 1608  6848   934
 1609  2760  4586
 1610  1629  3455
 1611   498  2324
 1612  7107  1193
 1613  5976    62
 1614  1888  6671
 1615   757  2583
 1616  4409  1452
 1617  3278   321
 1618  5104  2147
 1619  6930  1016
 1620  5799  7625
 1621  1711  6494
 1622   580  2406
 1623  4232  1275
 1624  3101   144
 1625  4927  1970
 1626  6753   839
 1627  5622  7448
 1628  1534  6317
 1629   403  2229
 1630  4055  1098
 1631  2924  4750
 1632  1793  6576
 1633   662  5445
 1634  2488  7271
 1635  1357  6140
 1636   226  5009
 1637  2052  3878
 1638   921  2747
 1639  4573  1616
 1640  6399   485
 1641  5268  2311
 1642  7094  1180
 1643  5963    49
 1644  4832  1875
 1645  3701   744
 1646  2570  4396
 1647  1439  6222
 1648   308  2134
 1649  6917  1003
 1650  5786  4655
 1651  1698  3524
 1652   567  2393
 1653  4219  1262
 1654  6045   131
 1655  1957  6740
 1656   826  5609
 1657  4478  1521
 1658  3347   390
 1659  2216  4042
 1660  1085  5868
 1661  7694  1780
 1662  6563   649
 1663  5432  2475
 1664  4301  1344
 1665  3170   213
 1666  4996  2039
 1667  3865   908
 1668  5691  7517
 1669  1603  6386
 1670   472  5255
 1671  2298  4124
 1672  1167  2993
 1673    36  4819
 1674  1862  3688
 1675   731  2557
 1676  7340  1426
 1677  6209   295
 1678  2121  3947
 1679   990  2816
 1680  4642  1685
 1681  3511   554
 1682  2380  7163
 1683  1249  6032
 1684   118  1944
 1685  3770   813
 1686  2639  4465
 1687  1508  3334
 1688   377  5160
 1689  2203  6986
 1690  1072  5855
 1691  7681  1767
 1692  3593   636
 1693  2462  4288
 1694  1331  3157
 1695   200  2026
 1696  6809   895
 1697  5678  7504
 1698  1590  3416
 1699   459  2285
 1700  4111  1154
 1701  2980    23
 1702  1849  6632
 1703   718  5501
 1704  2544  7327
 1705  1413  3239
 1706   282  5065
 1707  2108  3934
 1708   977  2803
 1709  7586  1672
 1710  6455   541
 1711  5324  2367
 1712  7150  1236
 1713  3062   105
 1714  4888  1931
 1715  3757   800
 1716  2626  7409
 1717  1495  6278
 1718   364  2190
 1719  6973  1059
 1720  2885  4711
 1721  1754  3580
 1722   623  2449
 1723  7232  1318
 1724  6101   187
 1725  2013  6796
 1726   882  2708
 1727  4534  1577
 1728  3403   446
 1729  2272  7055
 1730  1141  5924
 1731    10  1836
 1732  6619   705
 1733  2531  4357
 1734  1400  3226
 1735   269  5052
 1736  2095  6878
 1737   964  5747
 1738  7573  1659
 1739  6442   528
 1740  5311  2354
 1741  4180  1223
 1742  3049    92
 1743  4875  1918
 1744   787  5570
 1745  7396  1482
 1746  6265   351
 1747  5134  2177
 1748  4003  1046
 1749  2872  4698
 1750  1741   610
 1751  5393  2436
 1752  7219  1305
 1753  6088   174
 1754  4957  2000
 1755  3826   869
 1756  2695  4521
 1757  1564   433
 1758  5216  2259
 1759  7042  1128
 1760  5911  4780
 1761  1823  3649
 1762   692  2518
 1763  4344  1387
 1764   256  2082
 1765  6865   951
 1766  5734  4603
 1767  1646  3472
 1768   515  2341
 1769  4167  1210
 1770    79  1905
 1771  6688   774
 1772  5557  4426
 1773  1469  3295
 1774   338  5121
 1775  2164  3990
 1776  1033  7642
 1777  1728  6511
 1778   597  5380
 1779  2423  4249
 1780  1292  3118
 1781   161  4944
 1782  1987  3813
 1783   856  7465
 1784  1551  6334
 1785   420  5203
 1786  2246  4072
 1787  1115  2941
 1788  4767  1810
 1789  3636   679
 1790  2505  7288
 1791  1374  6157
 1792   243  2069
 1793  3895   938
 1794  2764  4590
 1795  1633  3459
 1796   502  2328
 1797  7111  1197
 1798  5980    66
 1799  1892  3718
 1800   761  2587
 1801  4413  1456
 1802  3282   325
 1803  2151  6934
 1804  1020  5803
 1805  7629  1715
 1806  6498  3541
 1807   584  2410
 1808  4236  1279
 1809  3105   148
 1810  1974  6757
 1811   843  5626
 1812  7452  1538
 1813  6321  3364
 1814   407  2233
 1815  4059  1102
 1816  2928  1797
 1817  6580   666
 1818  5449  2492
 1819  7275  1361
 1820  6144  3187
 1821   230  5013
 1822  2056  3882
 1823   925  2751
 1824  1620  6403
 1825   489  5272
 1826  2315  7098
 1827  1184  5967
 1828  3010    53
 1829  4836  1879
 1830  3705   748
 1831  2574  1443
 1832  6226   312
 1833  2138  6921
 1834  1007  5790
 1835  4659  1702
 1836  3528   571
 1837  2397  1266
 1838  6049   135
 1839  1961  6744
 1840   830  5613
 1841  4482  1525
 1842  3351   394
 1843  2220  1089
 1844  5872  7698
 1845  1784  6567
 1846   653  5436
 1847  2479  4305
 1848  1348  3174
 1849   217  5000
 1850  2043   912
 1851  5695  7521
 1852  1607  6390
 1853   476  5259
 1854  2302  4128
 1855  1171  2997
 1856    40  4823
 1857  1866   735
 1858  5518  2561
 1859  7344  1430
 1860  6213   299
 1861  5082  2125
 1862  3951   994
 1863  2820  4646
 1864  1689   558
 1865  5341  2384
 1866  7167  1253
 1867  6036   122
 1868  4905  1948
 1869  3774   817
 1870  2643  4469
 1871  1512   381
 1872  5164  2207
 1873  6990  1076
 1874  5859  7685
 1875  4728  1771
 1876  3597   640
 1877  2466  4292
 1878  1335   204
 1879  2030  6813
 1880   899  5682
 1881  7508  4551
 1882  1594  3420
 1883   463  2289
 1884  4115  1158
 1885    27  1853
 1886  6636   722
 1887  5505  2548
 1888  7331  4374
 1889  1417  3243
 1890   286  5069
 1891  2112  3938
 1892   981  7590
 1893  1676  6459
 1894   545  5328
 1895  2371  7154
 1896  4197  1240
 1897  3066   109
 1898  4892  1935
 1899  3761   804
 1900  2630  7413
 1901  1499  6282
 1902   368  2194
 1903  6977  1063
 1904  2889  4715
 1905  1758  3584
 1906   627  2453
 1907  7236  1322
 1908  6105   191
 1909  2017  6800
 1910   886  2712
 1911  4538  1581
 1912  3407   450
 1913  2276  7059
 1914  1145  5928
 1915    14  1840
 1916  6623   709
 1917  2535  4361
 1918  1404  3230
 1919   273  2099
 1920  6882   968
 1921  5751  7577
 1922  1663  6446
 1923   532  2358
 1924  4184  1227
 1925  3053    96
 1926  1922  6705
 1927   791  5574
 1928  7400  1486
 1929  6269   355
 1930  5138  2181
 1931  4007  1050
 1932  2876  1745
 1933  6528   614
 1934  5397  2440
 1935  7223  1309
 1936  6092   178
 1937  4961  2004
 1938  3830   873
 1939  2699  1568
 1940  6351   437
 1941  5220  2263
 1942  7046  1132
 1943  5915     1
 1944  4784  1827
 1945  3653   696
 1946  2522  1391
 1947  6174   260
 1948  2086  6869
 1949   955  5738
 1950  4607  1650
 1951  3476   519
 1952  2345  1214
 1953  5997    83
 1954  1909  6692
 1955   778  5561
 1956  4430  1473
 1957  3299   342
 1958  5125  2168
 1959  1037  5820
 1960  7646  1732
 1961  6515   601
 1962  5384  2427
 1963  4253  1296
 1964  3122   165
 1965  4948  1991
 1966  3817   860
 1967  5643  7469
 1968  1555  6338
 1969   424  5207
 1970  2250  4076
 1971  1119  2945
 1972  4771  1814
 1973  3640   683
 1974  5466  2509
 1975  7292  1378
 1976  6161   247
 1977  2073  3899
 1978   942  2768
 1979  4594  1637
 1980  3463   506
 1981  5289  2332
 1982  7115  1201
 1983  5984    70
 1984  1896  3722
 1985   765  2591
 1986  4417  1460
 1987  3286   329
 1988  2155  6938
 1989  1024  5807
 1990  7633  1719
 1991  3545   588
 1992  2414  4240
 1993  1283  3109
 1994   152  1978
 1995  6761   847
 1996  5630  7456
 1997  1542  3368
 1998   411  2237
 1999  4063  1106
 2000  2932  7715
 2001  1801  6584
 2002   670  5453
 2003  2496  7279
 2004  1365  3191
 2005   234  5017
 2006  2060  3886
 2007   929  2755
 2008  7538  1624
 2009  6407   493
 2010  5276  2319
 2011  7102  1188
 2012  3014    57
 2013  4840  1883
 2014  3709   752
 2015  2578  7361
 2016  1447  6230
 2017   316  2142
 2018  6925  1011
 2019  2837  4663
 2020  1706  3532
 2021   575  2401
 2022  7184  1270
 2023  6053   139
 2024  1965  6748
 2025   834  2660
 2026  4486  1529
 2027  3355   398
 2028  2224  7007
 2029  1093  5876
 2030  7702  1788
 2031  6571   657
 2032  2483  4309
 2033  1352  3178
 2034   221  5004
 2035  2047  6830
 2036   916  5699
 2037  7525  1611
 2038  6394   480
 2039  2306  4132
 2040  1175  3001
 2041    44  4827
 2042  1870  6653
 2043   739  5522
 2044  2565  7348
 2045  1434  6217
 2046   303  5086
 2047  2129  3955
 2048   998  2824
 2049  4650  1693
 2050  6476   562
 2051  5345  2388
 2052  7171  1257
 2053  6040   126
 2054  4909  1952
 2055  3778   821
 2056  2647  4473
 2057  1516  6299
 2058   385  5168
 2059  2211  6994
 2060  1080  5863
 2061  4732  1775
 2062  3601   644
 2063  2470  4296
 2064  1339  6122
 2065   208  2034
 2066  6817   903
 2067  5686  4555
 2068  1598  3424
 2069   467  2293
 2070  4119  1162
 2071  5945    31
 2072  1857  6640
 2073   726  5509
 2074  2552  4378
 2075  1421  3247
 2076   290  5073
 2077  2116  3942
 2078   985  5768
 2079  7594  1680
 2080  6463   549
 2081  5332  2375
 2082  4201  1244
 2083  3070   113
 2084  4896  1939
 2085  3765   808
 2086  5591  7417
 2087  1503  6286
 2088   372  2198
 2089  4024  1067
 2090  2893  4719
 2091  1762  3588
 2092   631  5414
 2093  2457  7240
 2094  1326  6109
 2095   195  2021
 2096  3847   890
 2097  2716  4542
 2098  1585  3411
 2099   454  5237
 2100  2280  7063
 2101  1149  5932
 2102    18  1844
 2103  3670   713
 2104  2539  4365
 2105  1408  3234
 2106   277  2103
 2107  6886   972
 2108  5755  7581
 2109  1667  3493
 2110   536  2362
 2111  4188  1231
 2112  3057   100
 2113  1926  6709
 2114   795  5578
 2115  7404  1490
 2116  3316   359
 2117  5142  2185
 2118  4011  1054
 2119  2880  7663
 2120  1749  6532
 2121   618  5401
 2122  2444  7227
 2123  1313  3139
 2124   182  4965
 2125  2008  3834
 2126   877  2703
 2127  7486  1572
 2128  6355   441
 2129  5224  2267
 2130  7050  1136
 2131  2962     5
 2132  4788  1831
 2133  3657   700
 2134  2526  7309
 2135  1395  6178
 2136   264  2090
 2137  6873   959
 2138  2785  4611
 2139  1654  3480
 2140   523  2349
 2141  7132  1218
 2142  6001    87
 2143  1913  6696
 2144   782  2608
 2145  4434  1477
 2146  3303   346
 2147  5129  2172
 2148  6955  1041
 2149  5824  7650
 2150  1736  6519
 2151   605  2431
 2152  4257  1300
 2153  3126   169
 2154  4952  1995
 2155  6778   864
 2156  5647  7473
 2157  1559  6342
 2158   428  2254
 2159  4080  1123
 2160  2949  4775
 2161  1818  6601
 2162   687  5470
 2163  2513  7296
 2164  1382  6165
 2165   251  5034
 2166  2077  3903
 2167   946  2772
 2168  4598  1641
 2169  6424   510
 2170  5293  2336
 2171  7119  1205
 2172  5988    74
 2173  4857  1900
 2174  3726   769
 2175  2595  4421
 2176  1464  6247
 2177   333  2159
 2178  6942  1028
 2179  5811  4680
 2180  1723  3549
 2181   592  2418
 2182  4244  1287
 2183  6070   156
 2184  1982  6765
 2185   851  5634
 2186  4503  1546
 2187  3372   415
 2188  2241  4067
 2189  1110  5893
 2190  7719  1805
 2191  6588   674
 2192  5457  2500
 2193  4326  1369
 2194  3195   238
 2195  5021  2064
 2196  3890   933
 2197  7542  1628
 2198  6411   497
 2199  5280  2323
 2200  4149  1192
 2201  3018    61
 2202  4844  1887
 2203  3713   756
 2204  7365  1451
 2205  6234   320
 2206  2146  3972
 2207  1015  2841
 2208  4667  1710
 2209  3536   579
 2210  2405  7188
 2211  1274  6057
 2212   143  1969
 2213  3795   838
 2214  2664  4490
 2215  1533  3359
 2216   402  2228
 2217  7011  1097
 2218  5880  7706
 2219  1792  3618
 2220   661  2487
 2221  4313  1356
 2222  3182   225
 2223  2051  6834
 2224   920  5703
 2225  7529  1615
 2226  3441   484
 2227  2310  4136
 2228  1179  3005
 2229    48  1874
 2230  6657   743
 2231  5526  2569
 2232  7352  1438
 2233  3264   307
 2234  5090  2133
 2235  3959  1002
 2236  2828  7611
 2237  1697  6480
 2238   566  5349
 2239  2392  7175
 2240  1261  3087
 2241   130  4913
 2242  1956  3782
 2243   825  2651
 2244  7434  1520
 2245  6303   389
 2246  5172  2215
 2247  6998  1084
 2248  2910  4736
 2249  1779  3605
 2250   648  2474
 2251  7257  1343
 2252  6126   212
 2253  2038  6821
 2254   907  2733
 2255  4559  1602
 2256  3428   471
 2257  2297  7080
 2258  1166  5949
 2259    35  1861
 2260  6644   730
 2261  5513  2556
 2262  4382  1425
 2263  3251   294
 2264  5077  2120
 2265   989  5772
 2266  7598  1684
 2267  6467   553
 2268  5336  2379
 2269  4205  1248
 2270  3074   117
 2271  4900  1943
 2272   812  5595
 2273  7421  1507
 2274  6290   376
 2275  5159  2202
 2276  4028  1071
 2277  2897  4723
 2278  1766   635
 2279  5418  2461
 2280  7244  1330
 2281  6113   199
 2282  4982  2025
 2283  3851   894
 2284  2720  4546
 2285  1589   458
 2286  5241  2284
 2287  7067  1153
 2288  5936    22
 2289  4805  1848
 2290  3674   717
 2291  2543  4369
 2292  1412   281
 2293  2107  6890
 2294   976  5759
 2295  4628  1671
 2296  3497   540
 2297  2366  4192
 2298  1235   104
 2299  1930  6713
 2300   799  5582
 2301  4451  1494
 2302  3320   363
 2303  5146  2189
 2304  4015  1058
 2305  7667  1753
 2306  6536   622
 2307  5405  2448
 2308  4274  1317
 2309  3143   186
 2310  4969  2012
 2311  3838   881
 2312  7490  1576
 2313  6359   445
 2314  5228  2271
 2315  4097  1140
 2316  2966     9
 2317  4792  1835
 2318  3661   704
 2319  2530  7313
 2320  1399  6182
 2321   268  2094
 2322  3920   963
 2323  2789  4615
 2324  1658  3484
 2325   527  2353
 2326  7136  1222
 2327  6005    91
 2328  1917  6700
 2329  3743   786
 2330  2612  4438
 2331  1481  3307
 2332   350  2176
 2333  6959  1045
 2334  5828  7654
 2335  1740  6523
 2336  3566   609
 2337  2435  4261
 2338  1304  3130
 2339   173  1999
 2340  6782   868
 2341  5651  7477
 2342  1563  6346
 2343  3389   432
 2344  2258  4084
 2345  1127  2953
 2346  1822  6605
 2347   691  5474
 2348  2517  7300
 2349  1386  6169
 2350  3212   255
 2351  5038  2081
 2352  3907   950
 2353  2776  1645
 2354  6428   514
 2355  5297  2340
 2356  7123  1209
 2357  5992    78
 2358  4861  1904
 2359  3730   773
 2360  2599  1468
 2361  6251   337
 2362  2163  6946
 2363  1032  5815
 2364  4684  1727
 2365  3553   596
 2366  2422  1291
 2367  6074   160
 2368  1986  6769
 2369   855  5638
 2370  4507  1550
 2371  3376   419
 2372  2245  1114
 2373  5897  7723
 2374  1809  6592
 2375   678  5461
 2376  2504  4330
 2377  1373  3199
 2378   242  5025
 2379  2068   937
 2380  5720  7546
 2381  1632  6415
 2382   501  5284
 2383  2327  4153
 2384  1196  3022
 2385    65  4848
 2386  1891   760
 2387  5543  7369
 2388  1455  6238
 2389   324  5107
 2390  2150  3976
 2391  1019  2845
 2392  4671  1714
 2393   583  5366
 2394  2409  7192
 2395  1278  6061
 2396   147  4930
 2397  1973  3799
 2398   842  2668
 2399  4494  1537
 2400   406  5189
 2401  2232  7015
 2402  1101  5884
 2403  7710  4753
 2404  1796  3622
 2405   665  2491
 2406  4317  1360
 2407   229  2055
 2408  6838   924
 2409  5707  7533
 2410  4576  1619
 2411  3445   488
 2412  2314  4140
 2413  1183    52
 2414  1878  6661
 2415   747  5530
 2416  2573  7356
 2417  4399  1442
 2418  3268   311
 2419  5094  2137
 2420  3963  1006
 2421  2832  7615
 2422  1701  6484
 2423   570  5353
 2424  2396  7179
 2425  1265  3091
 2426   134  4917
 2427  1960  3786
 2428   829  2655
 2429  7438  1524
 2430  6307   393
 2431  5176  2219
 2432  7002  1088
 2433  2914  4740
 2434  1783  3609
 2435   652  2478
 2436  7261  1347
 2437  6130   216
 2438  2042  6825
 2439   911  2737
 2440  4563  1606
 2441  3432   475
 2442  2301  7084
 2443  1170  5953
 2444    39  1865
 2445  6648   734
 2446  2560  4386
 2447  1429  3255
 2448   298  2124
 2449  6907   993
 2450  5776  7602
 2451  1688  6471
 2452   557  2383
 2453  4209  1252
 2454  3078   121
 2455  1947  6730
 2456   816  5599
 2457  7425  1511
 2458  6294   380
 2459  2206  4032
 2460  1075  2901
 2461  1770  6553
 2462   639  5422
 2463  2465  7248
 2464  1334  6117
 2465   203  4986
 2466  2029  3855
 2467   898  2724
 2468  1593  6376
 2469   462  5245
 2470  2288  7071
 2471  1157  5940
 2472    26  4809
 2473  1852  3678
 2474   721  2547
 2475  1416  6199
 2476   285  2111
 2477  6894   980
 2478  5763  4632
 2479  1675  3501
 2480   544  2370
 2481  1239  6022
 2482   108  1934
 2483  6717   803
 2484  5586  4455
 2485  1498  3324
 2486   367  5150
 2487  2193  4019
 2488  1062  5845
 2489  7671  1757
 2490  6540   626
 2491  5409  2452
 2492  4278  1321
 2493  3147   190
 2494  4973  2016
 2495  3842   885
 2496  5668  7494
 2497  1580  6363
 2498   449  5232
 2499  2275  4101
 2500  1144  2970
 2501    13  4796
 2502  1839  3665
 2503   708  5491
 2504  2534  7317
 2505  1403  6186
 2506   272  2098
 2507  3924   967
 2508  2793  4619
 2509  1662  3488
 2510   531  5314
 2511  2357  7140
 2512  1226  6009
 2513    95  1921
 2514  3747   790
 2515  2616  4442
 2516  1485  3311
 2517   354  2180
 2518  6963  1049
 2519  5832  7658
 2520  1744  3570
 2521   613  2439
 2522  4265  1308
 2523  3134   177
 2524  2003  6786
 2525   872  5655
 2526  7481  1567
 2527  3393   436
 2528  2262  4088
 2529  1131  2957
