R80T05QL4
Channel Interleaving, Puncturing and Mapping to QPSK

Symbol	b1 	b0 
    0     0   866
    1  3129  1732
    2   335  1201
    3  3464  2067
    4   670   139
    5  1005   474
    6  2737  1340
    7  3603  2206
    8   809  3072
    9  1675   278
   10  1144  2010
   11   613    82
   12   948  3211
   13   417  2680
   14  1283  3546
   15  2149   752
   16  3015  1618
   17   221  1087
   18   556    25
   19   891  3154
   20  1757   360
   21  2623  1226
   22  3489  2092
   23   695  1561
   24   164  2427
   25  1030   499
   26  2762   834
   27  3097  1700
   28   303  2566
   29  1169  3432
   30  2035   638
   31   107  2370
   32   973   442
   33  2705  1308
   34   777  3040
   35  1643   246
   36  1112  3375
   37  1978   581
   38    50   916
   39   385  2648
   40  1251  3514
   41  2117   720
   42  2983  1586
   43   189  1055
   44  3318  1921
   45   524   859
   46   328  2591
   47  1194  3457
   48  2060   663
   49  2926  1529
   50   132  2395
   51   998   467
   52   802  3065
   53  1668   271
   54  2534  1137
   55  3400  2003
   56   606  1472
   57    75  2338
   58   941   410
   59  2673   745
   60  3008  1611
   61   214  2477
   62  1080  3343
   63  1946   549
   64    18  2281
   65   884   353
   66  2616  1219
   67   688  2951
   68  1554   157
   69  2420  1023
   70  3286  1889
   71   492   827
   72   296  2559
   73  1162  3425
   74   631  2894
   75  1497   100
   76  2363   966
   77  3229  1832
   78   435   770
   79   239  2502
   80  1105  3368
   81  1971   574
   82  2837  1440
   83    43  2306
   84   909   378
   85   713  2976
   86  1579   182
   87  2445  1048
   88  3311  1914
   89   517  1383
   90  3646  2249
   91   852   321
   92  1187   656
   93  2919  1522
   94   125   991
   95  3254  1857
   96   460  3589
   97  2192   795
   98   264  2527
   99  1130   599
  100  2862  1465
  101    68  2331
  102   934  3197
  103  1800   403
  104  2135   738
  105   207  2470
  106  1073  3336
  107   542  2805
  108  1408    11
  109  2274   877
  110  3140  1743
  111   346  1212
  112   681   150
  113  1016  3279
  114  1882   485
  115  2748  1351
  116  3614  2217
  117   820   289
  118  1155   624
  119  2887    93
  120   959  3222
  121  1825   428
  122  2691  1294
  123  3557  2160
  124   763   232
  125  1098   567
  126  2830  1433
  127    36   902
  128  3165  1768
  129   371  3500
  130  2103   706
  131   175  2438
  132  1041   510
  133  2773  1376
  134  3639  2242
  135   845  3108
  136  1711   314
  137  1180  2046
  138   649   118
  139   984  3247
  140   453  2716
  141  1319  3582
  142  2185   788
  143  3051  1654
  144   257  1123
  145   592    61
  146   927  3190
  147  1793   396
  148  2659  1262
  149  3525  2128
  150   731  1597
  151   200  1066
  152   535  2798
  153     4   870
  154  3133  1736
  155   339  2602
  156  1205  3468
  157  2071   674
  158   143  2406
  159  1009   478
  160  2741  1344
  161   813  3076
  162  1679   282
  163  1148  3411
  164  2014   617
  165    86   952
  166   421  2684
  167  1287  3550
  168  2153   756
  169  3019  1622
  170   225  1091
  171  3354  1957
  172   560    29
  173   895   364
  174  2627  1230
  175  3493  2096
  176   699  2962
  177  1565   168
  178  2431  1034
  179   503   838
  180  3101  1704
  181   307  2570
  182  1173  3436
  183  2039   642
  184  1508   111
  185  2374   977
  186   446  2709
  187   781  3044
  188  1647   250
  189  2513  1116
  190  3379  1982
  191   585    54
  192  2317   920
  193   389  2652
  194  1255   724
  195  2987  1590
  196   193  1059
  197  3322  1925
  198   528  2260
  199   863   332
  200  2595  1198
  201  3461   667
  202  2930  1533
  203   136  2399
  204  1002  3265
  205  1868   471
  206   806   275
  207  2538  1141
  208  3404  2007
  209   610  2873
  210  1476    79
  211  2342   945
  212   414   749
  213  3012  1615
  214   218  2481
  215  1084  3347
  216  1950   553
  217  2816  1419
  218    22  2285
  219   888   357
  220   692  2955
  221  1558   161
  222  1027  3290
  223  1893   496
  224  3625  2228
  225   831   300
  226  2563  1166
  227   635  2898
  228  1501   104
  229  2367   970
  230  3233  1836
  231   439  2171
  232   774   243
  233  2506  1109
  234  3372   578
  235  2841  1444
  236    47  2310
  237   913  3176
  238  1779   382
  239   717   186
  240  2449  1052
  241  3315  1918
  242   521  2784
  243  1387  3650
  244  2253   856
  245  1722   325
  246  1191   660
  247  2923   129
  248   995  3258
  249  1861   464
  250  2727  1330
  251  3593  2196
  252   799   268
  253  1134   603
  254  2866  1469
  255    72   938
  256  3201  1804
  257   407  3536
  258  2139   742
  259   211  2474
  260  1077   546
  261  2809  1412
  262    15  2278
  263   881  3144
  264  1747   350
  265  1216  2082
  266   685   154
  267  1020  3283
  268   489  2752
  269  1355  3618
  270  2221   824
  271  3087  1690
  272   293  1159
  273   628    97
  274   963  3226
  275  1829   432
  276  2695  1298
  277  3561  2164
  278   767  1633
  279   236  1102
  280   571  2834
  281    40   906
  282  3169  1772
  283   375  2638
  284  1241  3504
  285  2107   710
  286   179  1045
  287   514  2777
  288  1380   849
  289  3112  1715
  290   318  1184
  291  3447  2050
  292   653   122
  293   988   457
  294  2720  1323
  295  3586  2189
  296   792  3055
  297  1658   261
  298  1127  3390
  299  1993   596
  300    65   931
  301   400  2663
  302  1266  3529
  303  2132   735
  304  2998  1601
  305   204  1070
  306   539     8
  307   874  3137
  308  1740   343
  309  2606  1209
  310  3472  2075
  311   678  1544
  312   147  2410
  313  1013   482
  314  2745   817
  315  3080  1683
  316   286  2549
  317  1152  3415
  318  2018   621
  319    90  2353
  320   956   425
  321  2688  1291
  322   760  3023
  323  1626   229
  324  1095  3358
  325  1961   564
  326    33  2296
  327   899   368
  328  2631  1234
  329  3497   703
  330  2966  1569
  331   172  2435
  332  1038  3301
  333  1904   507
  334   842   311
  335  2574  1177
  336  3440  2043
  337   646  2909
  338  1512   115
  339  2378   981
  340   450   785
  341  3048  1651
  342   254  2517
  343  1120  3383
  344  1986   589
  345  2852  1455
  346    58  2321
  347   924   393
  348   728  2991
  349  1594   197
  350  2460  1063
  351  3326  1929
  352   532     1
  353  2264   867
  354   336  2599
  355  1202   671
  356  2934  1537
  357   140  2403
  358  1006  3269
  359  1872   475
  360  2207   810
  361   279  2542
  362  1145  3408
  363   614  2877
  364  1480    83
  365  2346   949
  366  3212  1815
  367   418   753
  368   222  2485
  369  1088  3351
  370  1954   557
  371  2820  1423
  372    26  2289
  373   892  1758
  374   361   696
  375  2959   165
  376  1031  3294
  377  1897   500
  378  2763  1366
  379  3629  2232
  380   835   304
  381  1170   639
  382  2902  1505
  383   108   974
  384  3237  1840
  385   443  3572
  386  2175   778
  387   247  2510
  388  1113   582
  389  2845  1448
  390    51  2314
  391   917  3180
  392  1783   386
  393  2118   721
  394   190  2453
  395  1056   525
  396  2788  1391
  397  3654  2257
  398   860  3123
  399  1726   329
  400  1195   664
  401   133   999
  402  3262  1865
  403   468  2731
  404  1334  3597
  405  2200   803
  406  1669   272
  407  1138   607
  408  2870    76
  409   942  3205
  410  1808   411
  411  2674  1277
  412  3540  2143
  413   746   215
  414  1081   550
  415  2813  1416
  416    19   885
  417  3148  1751
  418   354  1220
  419  3483  2086
  420   689   158
  421  1024   493
  422  2756  1359
  423  3622  2225
  424   828  3091
  425  1694   297
  426  1163  3426
  427  2029   632
  428   101   967
  429   436  2699
  430  1302  3565
  431  2168   771
  432  3034  1637
  433   240  1106
  434   575    44
  435   910  3173
  436  1776   379
  437  2642  1245
  438  3508  2111
  439   714  1580
  440   183  1049
  441   518  2781
  442   853  3116
  443  1719   322
  444  2585  1188
  445  3451  2054
  446   657   126
  447  2389   992
  448   461  2724
  449  1327   796
  450  3059  1662
  451   265  1131
  452  3394  1997
  453   600    69
  454  2332   935
  455   404  2667
  456  1270  3533
  457   739  3002
  458  1605   208
  459  1074  3337
  460  1940   543
  461    12   878
  462   347  2610
  463  1213  3476
  464  2079   682
  465  2945  1548
  466   151  2414
  467  1017   486
  468   821  3084
  469  1687   290
  470  2553  1156
  471  3419  2022
  472   625  2888
  473  1491    94
  474  2357   960
  475   429   764
  476  3027  1630
  477   233  2496
  478  1099  3362
  479  1965   568
  480    37  2300
  481   903   372
  482  2635  1238
  483   707  2970
  484  1573   176
  485  2439  1042
  486  3305  1908
  487   511  2243
  488   846   315
  489  2578  1181
  490  3444   650
  491  2913  1516
  492   119  2382
  493   985  3248
  494  1851   454
  495   789   258
  496  2521  1124
  497  3387  1990
  498   593  2856
  499  1459    62
  500  2325   928
  501  1794   397
  502   732  2995
  503   201  2464
  504  1067  3330
  505  1933   536
  506  2799  1402
  507     5  2268
  508   871   340
  509  1206   675
  510  2938  1541
  511   144  1010
  512  3273  1876
  513   479  3608
  514  2211   814
  515   283  2546
  516  1149   618
  517  2881  1484
  518    87  2350
  519   953  3216
  520  1819   422
  521  3551  2154
  522   757   226
  523  2489  1092
  524   561  2824
  525  1427    30
  526  2293   896
  527  3159  1762
  528   365   700
  529   169  1035
  530  3298  1901
  531   504  2767
  532  1370  3633
  533  2236   839
  534  1705   308
  535  1174   643
  536  2906   112
  537   978  3241
  538  1844   447
  539  2710  1313
  540  3576  2179
  541   782   251
  542  1117   586
  543  2849  1452
  544    55   921
  545  3184  1787
  546   390  1256
  547  3519  2122
  548   725   194
  549  2457  1060
  550   529  2792
  551  1395  3658
  552   864  3127
  553  1730   333
  554  1199  3462
  555  2065   668
  556   137  1003
  557   472  2735
  558  1338  3601
  559  2204   807
  560  3070  1673
  561   276  1142
  562   611    80
  563   946  3209
  564  1812   415
  565  2678  1281
  566  3544  2147
  567   750  1616
  568   219  1085
  569   554    23
  570   889  3152
  571  1755   358
  572  2621  1224
  573  3487  2090
  574   693   162
  575  2425  1028
  576   497  2760
  577  1363   832
  578  3095  1698
  579   301  1167
  580  3430  2033
  581   636   105
  582  2368   971
  583   440  2703
  584  1306  3569
  585   775  3038
  586  1641   244
  587  1110  3373
  588  1976   579
  589    48   914
  590   383  2646
  591  1249  3512
  592  2115   718
  593  2981  1584
  594   187  1053
  595   522   857
  596  3120   326
  597  2589  1192
  598  3455  2058
  599   661  2924
  600  1527   130
  601  2393   996
  602   465   800
  603  3063  1666
  604   269  2532
  605  1135  3398
  606  2001   604
  607    73  2336
  608   939   408
  609  2671  1274
  610   743  3006
  611  1609   212
  612  1078  3341
  613  1944   547
  614    16  2279
  615   882   351
  616  2614  1217
  617  3480   686
  618  2949  1552
  619   155  2418
  620  1021  3284
  621  1887   490
  622   825   294
  623  2557  1160
  624  3423  2026
  625   629  2892
  626  1495    98
  627  2361   964
  628  1830   433
  629   768  3031
  630   237  2500
  631  1103  3366
  632  1969   572
  633  2835  1438
  634    41  2304
  635   907   376
  636   711  2974
  637  1577   180
  638  2443  1046
  639  3309  1912
  640   515  1381
  641  3644  2247
  642   850   319
  643  2582  1185
  644   654  2917
  645  1520   123
  646  2386   989
  647  3252  1855
  648   458  3587
  649  2190   793
  650   262  2525
  651  1128   597
  652  2860  1463
  653    66  2329
  654   932  3195
  655  1798   401
  656   736   205
  657  2468  1071
  658  3334  1937
  659   540  2803
  660  1406     9
  661  2272   875
  662  1741   344
  663  1210   679
  664  2942   148
  665  1014  3277
  666  1880   483
  667  2746  1349
  668  3612  2215
  669   818   287
  670  1153   622
  671  2885  1488
  672    91   957
  673  3220  1823
  674   426  1292
  675  3555  2158
  676   761   230
  677  2493  1096
  678   565  2828
  679  1431    34
  680   900  3163
  681  1766   369
  682  3498  2101
  683   704   173
  684  1039   508
  685  2771  1374
  686  3637  2240
  687   843  3106
  688  1709   312
  689  1178   647
  690   116   982
  691  3245  1848
  692   451  2714
  693  1317  3580
  694  2183   786
  695  3049  1652
  696   255  1121
  697   590    59
  698   925  3188
  699  1791   394
  700  2657  1260
  701  3523  2126
  702   729   198
  703  1064   533
  704  2796  1399
  705     2   868
  706  3131  1734
  707   337  1203
  708  3466  2069
  709   672   141
  710  2404  1007
  711   476  2739
  712  1342  3605
  713   811  3074
  714  1677   280
  715  1146  3409
  716  2012   615
  717    84   950
  718   419  2682
  719  1285  3548
  720  2151   754
  721  3017  1620
  722   223  1089
  723   558    27
  724   893  3156
  725   362  2625
  726  1228  3491
  727  2094   697
  728  2960  1563
  729   166  2429
  730  1032   501
  731   836  3099
  732  1702   305
  733  2568  1171
  734  3434  2037
  735   640   109
  736  2372   975
  737   444  2707
  738  1310   779
  739  3042  1645
  740   248  1114
  741  3377  1980
  742   583    52
  743  2315   918
  744   387  2650
  745  1253  3516
  746   722  2985
  747  1588   191
  748  1057  3320
  749  1923   526
  750   861   330
  751  2593  1196
  752  3459  2062
  753   665  2928
  754  1531   134
  755  2397  1000
  756  1866   469
  757   804  3067
  758   273  2536
  759  1139  3402
  760  2005   608
  761  2871  1474
  762    77  2340
  763   943   412
  764   747  3010
  765  1613   216
  766  2479  1082
  767  3345  1948
  768   551  1417
  769    20  2283
  770   886   355
  771  2618   690
  772  2953  1556
  773   159  2422
  774  1025  3288
  775  1891   494
  776  3623  2226
  777   829   298
  778  2561  1164
  779   633  2896
  780  1499   102
  781  2365   968
  782  3231  1834
  783   437   772
  784   241  2504
  785  1107  3370
  786  1973   576
  787  2839  1442
  788    45  2308
  789   911  1777
  790   380   715
  791  2978   184
  792  2447  1050
  793  3313  1916
  794   519  2782
  795  1385  3648
  796  2251   854
  797   323  1189
  798   658  2921
  799  1524   127
  800   993  3256
  801  1859   462
  802  1328  3591
  803  2194   797
  804   266  2529
  805  1132   601
  806  2864  1467
  807    70   936
  808  3199  1802
  809   405  3534
  810  2137   740
  811   209  2472
  812  1075   544
  813  2807  1410
  814    13  2276
  815   879  3142
  816  1745   348
  817  1214   683
  818   152  1018
  819  3281  1884
  820   487  2750
  821  1353  3616
  822  2219   822
  823  3085  1688
  824   291  1157
  825   626    95
  826   961  3224
  827  1827   430
  828  2693  1296
  829  3559  2162
  830   765   234
  831  1100   569
  832  2832  1435
  833    38   904
  834  3167  1770
  835   373  1239
  836  3502  2105
  837   708   177
  838  2440  1043
  839   512  2775
  840  1378  3641
  841   847  3110
  842  1713   316
  843  1182  3445
  844  2048   651
  845   120   986
  846   455  2718
  847  1321  3584
  848  2187   790
  849  3053  1656
  850   259  1125
  851   594    63
  852   929  3192
  853   398  2661
  854  1264  3527
  855  2130   733
  856  2996  1599
  857   202  1068
  858   537     6
  859   872  3135
  860  1738   341
  861  2604  1207
  862  3470  2073
  863   676   145
  864  2408  1011
  865   480  2743
  866  1346   815
  867  3078  1681
  868   284  1150
  869  3413  2016
  870   619    88
  871  2351   954
  872   423  2686
  873  1289   758
  874  3021  1624
  875   227  1093
  876  3356  1959
  877   562    31
  878   897   366
  879  2629  1232
  880  3495  2098
  881   701  2964
  882  1567   170
  883  2433  1036
  884  1902   505
  885   840  3103
  886   309  2572
  887  1175  3438
  888  2041   644
  889  2907  1510
  890   113  2376
  891   979   448
  892   783  3046
  893  1649   252
  894  2515  1118
  895  3381  1984
  896   587  1453
  897    56  2319
  898   922   391
  899  2654   726
  900  2989  1592
  901   195  2458
  902  1061  3324
  903  1927   530
  904  3659  2262
  905   865   334
  906  2597  1200
  907   669  2932
  908  1535   138
  909  2401  1004
  910  3267  1870
  911   473   808
  912   277  2540
  913  1143  3406
  914  2009   612
  915  2875  1478
  916    81  2344
  917   947  1813
  918   416   751
  919  3014   220
  920  2483  1086
  921  3349  1952
  922   555  2818
  923  1421    24
  924  2287   890
  925   359   694
  926  2957  1560
  927   163  1029
  928  3292  1895
  929   498  1364
  930  3627  2230
  931   833   302
  932  2565  1168
  933   637  2900
  934  1503   106
  935   972  3235
  936  1838   441
  937  3570  2173
  938   776   245
  939  2508  1111
  940   580  2843
  941  1446    49
  942  2312   915
  943  3178  1781
  944   384   719
  945   188  2451
  946  1054  3317
  947  1920   523
  948  2786  1389
  949  3652  2255
  950   858  3121
  951  1724   327
  952  1193   662
  953   131   997
  954  3260  1863
  955   466  2729
  956  1332  3595
  957  2198   801
  958   270  1136
  959   605  2868
  960  1471    74
  961   940  3203
  962  1806   409
  963  1275  3538
  964  2141   744
  965   213  2476
  966  1079   548
  967  2811  1414
  968    17   883
  969  3146  1749
  970   352  1218
  971  3481  2084
  972   687   156
  973  1022   491
  974  2754  1357
  975  3620  2223
  976   826  3089
  977  1692   295
  978  1161  2027
  979   630    99
  980   965  3228
  981   434  2697
  982  1300  3563
  983  2166   769
  984  3032  1635
  985   238  1104
  986   573    42
  987   908  3171
  988  1774   377
  989  2640  1243
  990  3506  2109
  991   712   181
  992  1047   516
  993  2779   851
  994  3114  1717
  995   320  2583
  996  1186  3449
  997  2052   655
  998   124  2387
  999   990   459
 1000  2722  1325
 1001   794  3057
 1002  1660   263
 1003  1129  3392
 1004  1995   598
 1005    67   933
 1006   402  2665
 1007  1268  3531
 1008  2134   737
 1009  3000  1603
 1010   206  1072
 1011  1938   541
 1012    10   876
 1013  3139   345
 1014  2608  1211
 1015  3474  2077
 1016   680  2943
 1017  1546   149
 1018  2412  1015
 1019   484   819
 1020  3082  1685
 1021   288  2551
 1022  1154  3417
 1023  2020   623
 1024  1489    92
 1025  2355   958
 1026   427  2690
 1027   762  3025
 1028  1628   231
 1029  2494  1097
 1030  3360  1963
 1031   566    35
 1032  2298   901
 1033   370  2633
 1034  1236   705
 1035  2968  1571
 1036   174  2437
 1037  1040  3303
 1038  1906   509
 1039   844   313
 1040  2576  1179
 1041  3442  2045
 1042   648  2911
 1043  1514   117
 1044  2380   983
 1045  1849   452
 1046   787   256
 1047  2519  1122
 1048  3385  1988
 1049   591  2854
 1050  1457    60
 1051  2323   926
 1052   395   730
 1053  2993  1596
 1054   199  2462
 1055  1065  3328
 1056  1931   534
 1057  1400     3
 1058  2266   869
 1059   338  2601
 1060  1204   673
 1061  2936  1539
 1062   142  1008
 1063  3271  1874
 1064   477  3606
 1065  2209   812
 1066   281  2544
 1067  1147   616
 1068  2879  1482
 1069    85  2348
 1070   951  3214
 1071  1817   420
 1072   755   224
 1073  2487  1090
 1074  3353  1956
 1075   559  2822
 1076  1425    28
 1077  2291   894
 1078  3157  1760
 1079   363   698
 1080   167  1033
 1081  3296  1899
 1082   502  2765
 1083  1368  3631
 1084  2234   837
 1085   306  1172
 1086   641  2904
 1087  1507   110
 1088   976  3239
 1089  1842   445
 1090  1311  3574
 1091  2177   780
 1092   249  2512
 1093  1115   584
 1094  2847  1450
 1095    53   919
 1096  3182  1785
 1097   388  3517
 1098  2120   723
 1099   192  2455
 1100  1058   527
 1101  2790  1393
 1102  3656  2259
 1103   862  3125
 1104  1728   331
 1105  1197  2063
 1106   666   135
 1107  1001  3264
 1108   470  2733
 1109  1336  3599
 1110  2202   805
 1111  3068  1671
 1112   274  1140
 1113   609    78
 1114   944  3207
 1115  1810   413
 1116  2676  1279
 1117  3542  2145
 1118   748   217
 1119  1083   552
 1120  2815    21
 1121   887  3150
 1122  1753   356
 1123  2619  1222
 1124  3485  2088
 1125   691   160
 1126  2423  1026
 1127   495  2758
 1128  1361   830
 1129  3093  1696
 1130   299  1165
 1131  3428  2031
 1132   634   103
 1133   969   438
 1134  2701  1304
 1135  3567  2170
 1136   773  3036
 1137  1639   242
 1138  1108  1974
 1139   577    46
 1140   912  3175
 1141   381  2644
 1142  1247  3510
 1143  2113   716
 1144  2979  1582
 1145   185  1051
 1146   520   855
 1147  3118  1721
 1148   324  2587
 1149  1190  3453
 1150  2056   659
 1151  1525   128
 1152  2391   994
 1153   463  2726
 1154   798  3061
 1155  1664   267
 1156  2530  1133
 1157  3396  1999
 1158   602    71
 1159  2334   937
 1160   406  2669
 1161  1272   741
 1162  3004  1607
 1163   210  1076
 1164  3339  1942
 1165   545    14
 1166   880   349
 1167  2612  1215
 1168  3478  2081
 1169   684  2947
 1170  1550   153
 1171  2416  1019
 1172  1885   488
 1173   823   292
 1174  2555  1158
 1175  3421  2024
 1176   627  2890
 1177  1493    96
 1178  2359   962
 1179   431   766
 1180  3029  1632
 1181   235  2498
 1182  1101  3364
 1183  1967   570
 1184  1436    39
 1185  2302   905
 1186   374  2637
 1187   709  2972
 1188  1575   178
 1189  2441  1044
 1190  3307  1910
 1191   513  3642
 1192  2245   848
 1193   317  2580
 1194  1183   652
 1195  2915  1518
 1196   121  2384
 1197   987  3250
 1198  1853   456
 1199   791   260
 1200  2523  1126
 1201  3389  1992
 1202   595  2858
 1203  1461    64
 1204  2327   930
 1205  3193  1796
 1206   399   734
 1207   203  2466
 1208  1069  3332
 1209  1935   538
 1210  2801  1404
 1211     7  2270
 1212   873   342
 1213  1208   677
 1214  2940  1543
 1215   146  1012
 1216  3275  1878
 1217   481  1347
 1218  3610  2213
 1219   816   285
 1220  2548  1151
 1221   620  2883
 1222  1486    89
 1223   955  3218
 1224  1821   424
 1225  3553  2156
 1226   759   228
 1227  2491  1094
 1228   563  2826
 1229  1429    32
 1230  2295   898
 1231  3161  1764
 1232   367  2099
 1233   702   171
 1234  1037  3300
 1235   506  2769
 1236  1372  3635
 1237  2238   841
 1238  3104  1707
 1239   310  1176
 1240   645   114
 1241   980  3243
 1242  1846   449
 1243  2712  1315
 1244  3578  2181
 1245   784   253
 1246  1119   588
 1247  2851    57
 1248   923  3186
 1249  1789   392
 1250  2655  1258
 1251  3521  2124
 1252   727   196
 1253  1062   531
 1254  2794  1397
