R80T05QL14
Channel Interleaving, Puncturing and Mapping to QPSK

Symbol	b1 	b0 
    0     0  1447
    1   554  2001
    2  1108   215
    3  1662   769
    4  1323   430
    5  1877   984
    6    91  1538
    7   645  1199
    8   306  1753
    9   860  1414
   10   521  1968
   11  1075   182
   12  1629   736
   13  1290   397
   14  1844   951
   15    58  1505
   16   612  2059
   17  1166   273
   18  1720   827
   19  1381   488
   20  1935  1042
   21   149  1596
   22   703  1257
   23   364  1811
   24   918    25
   25  1472   579
   26  2026  1133
   27   240  1687
   28   794  1348
   29   455  1902
   30  1009   116
   31  1563   670
   32  1224   331
   33  1778   885
   34  1439   546
   35  1993  1100
   36   207  1654
   37   761  1315
   38   422  1869
   39   976    83
   40  1530   637
   41  1191   298
   42  1745   852
   43  1406   513
   44  1960  1067
   45   174  1621
   46   728  1282
   47   389  1836
   48   943    50
   49  1497   604
   50  2051  1158
   51   265  1712
   52   819  1373
   53   480  1927
   54  1034   141
   55  1588   695
   56  1249   356
   57  1803   910
   58    17  1464
   59   571  2018
   60  1125   232
   61  1679   786
   62  1340   447
   63  1894  1001
   64   108  1555
   65   662  1216
   66   323  1770
   67   877  1431
   68   538  1985
   69  1092   199
   70  1646   753
   71  1307   414
   72  1861   968
   73    75  1522
   74   629  2076
   75  1183   290
   76  1737   844
   77  2291  1398
   78   505  1952
   79  1059   166
   80  1613   720
   81  1274   381
   82  1828   935
   83    42  1489
   84   596  2043
   85  1150   257
   86  1704   811
   87  2258  1365
   88   472  1919
   89  1026   133
   90  1580   687
   91  1241   348
   92  1795   902
   93     9  1456
   94   563  2010
   95  1117   224
   96  1671   778
   97  2225  1332
   98   439  1886
   99   993   100
  100  1547   654
  101  1208   315
  102  1762   869
  103  2316  1423
  104   530  1977
  105  1084   191
  106  1638   745
  107  2192  1299
  108   406  1853
  109   960    67
  110  1514   621
  111  2068  1175
  112   282  1729
  113   836  2283
  114  1390   497
  115  1944  1051
  116   158  1605
  117   712  2159
  118  1266   373
  119  1820   927
  120    34  1481
  121   588  2035
  122  1142   249
  123  1696   803
  124  2250  1357
  125   464  1911
  126  1018   125
  127  1572   679
  128  2126  1233
  129   340  1787
  130   894     1
  131  1448   555
  132  2002  1109
  133   216  1663
  134   770  2217
  135  1324   431
  136  1878   985
  137    92  1539
  138   646  2093
  139  1200   307
  140  1754   861
  141  1415   522
  142  1969  1076
  143   183  1630
  144   737  2184
  145  1291   398
  146  1845   952
  147    59  1506
  148   613  2060
  149  1167   274
  150  1721   828
  151  1382   489
  152  1936  1043
  153   150  1597
  154   704  2151
  155  1258   365
  156  1812   919
  157    26  1473
  158   580  2027
  159  1134   241
  160  1688   795
  161  1349   456
  162  1903  1010
  163   117  1564
  164   671  2118
  165  1225   332
  166  1779   886
  167  1440   547
  168  1994  1101
  169   208  1655
  170   762  1316
  171   423  1870
  172   977    84
  173  1531   638
  174  2085  1192
  175   299  1746
  176   853  1407
  177   514  1961
  178  1068   175
  179  1622   729
  180  1283   390
  181  1837   944
  182    51  1498
  183   605  2052
  184  1159   266
  185  1713   820
  186  1374   481
  187  1928  1035
  188   142  1589
  189   696  1250
  190   357  1804
  191   911    18
  192  1465   572
  193  2019  1126
  194   233  1680
  195   787  1341
  196   448  1895
  197  1002   109
  198  1556   663
  199  1217   324
  200  1771   878
  201  1432   539
  202  1986  1093
  203   200  1647
  204   754  1308
  205   415  1862
  206   969    76
  207  1523   630
  208  2077  1184
  209   291  1738
  210   845  1399
  211   506  1953
  212  1060   167
  213  1614   721
  214  1275   382
  215  1829   936
  216    43  1490
  217   597  2044
  218  1151   258
  219  1705   812
  220  1366   473
  221  1920  1027
  222   134  1581
  223   688  1242
  224   349  1796
  225   903    10
  226  1457   564
  227  2011  1118
  228   225  1672
  229   779  1333
  230   440  1887
  231   994   101
  232  1548   655
  233  1209   316
  234  1763   870
  235  1424   531
  236  1978  1085
  237   192  1639
  238   746  1300
  239   407  1854
  240   961    68
  241  1515   622
  242  2069  1176
  243   283  1730
  244   837  1391
  245   498  1945
  246  1052   159
  247  1606   713
  248  1267   374
  249  1821   928
  250    35  1482
  251   589  2036
  252  1143   250
  253  1697   804
  254  1358   465
  255  1912  1019
  256   126  1573
  257   680  1234
  258   341  1788
  259   895     2
  260  1449   556
  261  2003  1110
  262   217  1664
  263   771  1325
  264   432  1879
  265   986    93
  266  1540   647
  267  1201   308
  268  1755   862
  269  2309  1416
  270   523  1970
  271  1077   184
  272  1631   738
  273  1292   399
  274  1846   953
  275    60  1507
  276   614  2061
  277  1168   275
  278  1722   829
  279  2276  1383
  280   490  1937
  281  1044   151
  282  1598   705
  283  1259   366
  284  1813   920
  285    27  1474
  286   581  2028
  287  1135   242
  288  1689   796
  289  2243  1350
  290   457  1904
  291  1011   118
  292  1565   672
  293  1226   333
  294  1780   887
  295  2334  1441
  296   548  1995
  297  1102   209
  298  1656   763
  299  2210  1317
  300   424  1871
  301   978    85
  302  1532   639
  303  1193   300
  304  1747   854
  305  1408   515
  306  1962  1069
  307   176  1623
  308   730  2177
  309  1284   391
  310  1838   945
  311    52  1499
  312   606  2053
  313  1160   267
  314  1714   821
  315  1375   482
  316  1929  1036
  317   143  1590
  318   697  2144
  319  1251   358
  320  1805   912
  321    19  1466
  322   573  2020
  323  1127   234
  324  1681   788
  325  1342   449
  326  1896  1003
  327   110  1557
  328   664  2111
  329  1218   325
  330  1772   879
  331  1433   540
  332  1987  1094
  333   201  1648
  334   755  1309
  335   416  1863
  336   970    77
  337  1524   631
  338  2078  1185
  339   292  1739
  340   846  1400
  341   507  1954
  342  1061   168
  343  1615   722
  344  1276   383
  345  1830   937
  346    44  1491
  347   598  2045
  348  1152   259
  349  1706   813
  350  1367   474
  351  1921  1028
  352   135  1582
  353   689  1243
  354   350  1797
  355   904    11
  356  1458   565
  357  2012  1119
  358   226  1673
  359   780  1334
  360   441  1888
  361   995   102
  362  1549   656
  363  1210   317
  364  1764   871
  365  1425   532
  366  1979  1086
  367   193  1640
  368   747  1301
  369   408  1855
  370   962    69
  371  1516   623
  372  2070  1177
  373   284  1731
  374   838  1392
  375   499  1946
  376  1053   160
  377  1607   714
  378  1268   375
  379  1822   929
  380    36  1483
  381   590  2037
  382  1144   251
  383  1698   805
  384  1359   466
  385  1913  1020
  386   127  1574
  387   681  1235
  388   342  1789
  389   896     3
  390  1450   557
  391  2004  1111
  392   218  1665
  393   772  1326
  394   433  1880
  395   987    94
  396  1541   648
  397  1202   309
  398  1756   863
  399  1417   524
  400  1971  1078
  401   185  1632
  402   739  1293
  403   400  1847
  404   954    61
  405  1508   615
  406  2062  1169
  407   276  1723
  408   830  1384
  409   491  1938
  410  1045   152
  411  1599   706
  412  1260   367
  413  1814   921
  414    28  1475
  415   582  2029
  416  1136   243
  417  1690   797
  418  1351   458
  419  1905  1012
  420   119  1566
  421   673  1227
  422   334  1781
  423   888  1442
  424   549  1996
  425  1103   210
  426  1657   764
  427  1318   425
  428  1872   979
  429    86  1533
  430   640  1194
  431   301  1748
  432   855  2302
  433  1409   516
  434  1963  1070
  435   177  1624
  436   731  1285
  437   392  1839
  438   946    53
  439  1500   607
  440  2054  1161
  441   268  1715
  442   822  2269
  443  1376   483
  444  1930  1037
  445   144  1591
  446   698  1252
  447   359  1806
  448   913    20
  449  1467   574
  450  2021  1128
  451   235  1682
  452   789  2236
  453  1343   450
  454  1897  1004
  455   111  1558
  456   665  1219
  457   326  1773
  458   880  2327
  459  1434   541
  460  1988  1095
  461   202  1649
  462   756  2203
  463  1310   417
  464  1864   971
  465    78  1525
  466   632  2079
  467  1186   293
  468  1740   847
  469  2294  1401
  470   508  1955
  471  1062   169
  472  1616   723
  473  2170  1277
  474   384  1831
  475   938    45
  476  1492   599
  477  2046  1153
  478   260  1707
  479   814  2261
  480  1368   475
  481  1922  1029
  482   136  1583
  483   690  2137
  484  1244   351
  485  1798   905
  486    12  1459
  487   566  2013
  488  1120   227
  489  1674   781
  490  2228  1335
  491   442  1889
  492   996   103
  493  1550   657
  494  2104  1211
  495   318  1765
  496   872  1426
  497   533  1980
  498  1087   194
  499  1641   748
  500  2195  1302
  501   409  1856
  502   963    70
  503  1517   624
  504  2071  1178
  505   285  1732
  506   839  1393
  507   500  1947
  508  1054   161
  509  1608   715
  510  2162  1269
  511   376  1823
  512   930    37
  513  1484   591
  514  2038  1145
  515   252  1699
  516   806  1360
  517   467  1914
  518  1021   128
  519  1575   682
  520  2129  1236
  521   343  1790
  522   897     4
  523  1451   558
  524  2005  1112
  525   219  1666
  526   773  1327
  527   434  1881
  528   988    95
  529  1542   649
  530  2096  1203
  531   310  1757
  532   864  1418
  533   525  1972
  534  1079   186
  535  1633   740
  536  1294   401
  537  1848   955
  538    62  1509
  539   616  2063
  540  1170   277
  541  1724   831
  542  1385   492
  543  1939  1046
  544   153  1600
  545   707  1261
  546   368  1815
  547   922    29
  548  1476   583
  549  2030  1137
  550   244  1691
  551   798  1352
  552   459  1906
  553  1013   120
  554  1567   674
  555  1228   335
  556  1782   889
  557  1443   550
  558  1997  1104
  559   211  1658
  560   765  1319
  561   426  1873
  562   980    87
  563  1534   641
  564  1195   302
  565  1749   856
  566  1410   517
  567  1964  1071
  568   178  1625
  569   732  1286
  570   393  1840
  571   947    54
  572  1501   608
  573  2055  1162
  574   269  1716
  575   823  1377
  576   484  1931
  577  1038   145
  578  1592   699
  579  1253   360
  580  1807   914
  581    21  1468
  582   575  2022
  583  1129   236
  584  1683   790
  585  1344   451
  586  1898  1005
  587   112  1559
  588   666  1220
  589   327  1774
  590   881  1435
  591   542  1989
  592  1096   203
  593  1650   757
  594  1311   418
  595  1865   972
  596    79  1526
  597   633  2080
  598  1187   294
  599  1741   848
  600  1402   509
  601  1956  1063
  602   170  1617
  603   724  1278
  604   385  1832
  605   939    46
  606  1493   600
  607  2047  1154
  608   261  1708
  609   815  1369
  610   476  1923
  611  1030   137
  612  1584   691
  613  1245   352
  614  1799   906
  615    13  1460
  616   567  2014
  617  1121   228
  618  1675   782
  619  1336   443
  620  1890   997
  621   104  1551
  622   658  1212
  623   319  1766
  624   873  2320
  625  1427   534
  626  1981  1088
  627   195  1642
  628   749  1303
  629   410  1857
  630   964    71
  631  1518   625
  632  2072  1179
  633   286  1733
  634   840  2287
  635  1394   501
  636  1948  1055
  637   162  1609
  638   716  1270
  639   377  1824
  640   931    38
  641  1485   592
  642  2039  1146
  643   253  1700
  644   807  2254
  645  1361   468
  646  1915  1022
  647   129  1576
  648   683  1237
  649   344  1791
  650   898     5
  651  1452   559
  652  2006  1113
  653   220  1667
  654   774  2221
  655  1328   435
  656  1882   989
  657    96  1543
  658   650  1204
  659   311  1758
  660   865  1419
  661   526  1973
  662  1080   187
  663  1634   741
  664  2188  1295
  665   402  1849
  666   956    63
  667  1510   617
  668  2064  1171
  669   278  1725
  670   832  1386
  671   493  1940
  672  1047   154
  673  1601   708
  674  2155  1262
  675   369  1816
  676   923    30
  677  1477   584
  678  2031  1138
  679   245  1692
  680   799  1353
  681   460  1907
  682  1014   121
  683  1568   675
  684  2122  1229
  685   336  1783
  686   890  1444
  687   551  1998
  688  1105   212
  689  1659   766
  690  1320   427
  691  1874   981
  692    88  1535
  693   642  2089
  694  1196   303
  695  1750   857
  696  1411   518
  697  1965  1072
  698   179  1626
  699   733  1287
  700   394  1841
  701   948    55
  702  1502   609
  703  2056  1163
  704   270  1717
  705   824  1378
  706   485  1932
  707  1039   146
  708  1593   700
  709  1254   361
  710  1808   915
  711    22  1469
  712   576  2023
  713  1130   237
  714  1684   791
  715  1345   452
  716  1899  1006
  717   113  1560
  718   667  1221
  719   328  1775
  720   882  1436
  721   543  1990
  722  1097   204
  723  1651   758
  724  1312   419
  725  1866   973
  726    80  1527
  727   634  1188
  728   295  1742
  729   849  1403
  730   510  1957
  731  1064   171
  732  1618   725
  733  1279   386
  734  1833   940
  735    47  1494
  736   601  2048
  737  1155   262
  738  1709   816
  739  1370   477
  740  1924  1031
  741   138  1585
  742   692  1246
  743   353  1800
  744   907    14
  745  1461   568
  746  2015  1122
  747   229  1676
  748   783  1337
  749   444  1891
  750   998   105
  751  1552   659
  752  1213   320
  753  1767   874
  754  1428   535
  755  1982  1089
  756   196  1643
  757   750  1304
  758   411  1858
  759   965    72
  760  1519   626
  761  2073  1180
  762   287  1734
  763   841  1395
  764   502  1949
  765  1056   163
  766  1610   717
  767  1271   378
  768  1825   932
  769    39  1486
  770   593  2040
  771  1147   254
  772  1701   808
  773  1362   469
  774  1916  1023
  775   130  1577
  776   684  1238
  777   345  1792
  778   899     6
  779  1453   560
  780  2007  1114
  781   221  1668
  782   775  1329
  783   436  1883
  784   990    97
  785  1544   651
  786  1205   312
  787  1759   866
  788  2313  1420
  789   527  1974
  790  1081   188
  791  1635   742
  792  1296   403
  793  1850   957
  794    64  1511
  795   618  2065
  796  1172   279
  797  1726   833
  798  2280  1387
  799   494  1941
  800  1048   155
  801  1602   709
  802  1263   370
  803  1817   924
  804    31  1478
  805   585  2032
  806  1139   246
  807  1693   800
  808  2247  1354
  809   461  1908
  810  1015   122
  811  1569   676
  812  1230   337
  813  1784   891
  814  2338  1445
  815   552  1999
  816  1106   213
  817  1660   767
  818  2214  1321
  819   428  1875
  820   982    89
  821  1536   643
  822  1197   304
  823  1751   858
  824  2305  1412
  825   519  1966
  826  1073   180
  827  1627   734
  828  2181  1288
  829   395  1842
  830   949    56
  831  1503   610
  832  2057  1164
  833   271  1718
  834   825  2272
  835  1379   486
  836  1933  1040
  837   147  1594
  838   701  2148
  839  1255   362
  840  1809   916
  841    23  1470
  842   577  2024
  843  1131   238
  844  1685   792
  845  2239  1346
  846   453  1900
  847  1007   114
  848  1561   668
  849  2115  1222
  850   329  1776
  851   883  1437
  852   544  1991
  853  1098   205
  854  1652   759
  855  2206  1313
  856   420  1867
  857   974    81
  858  1528   635
  859  2082  1189
  860   296  1743
  861   850  1404
  862   511  1958
  863  1065   172
  864  1619   726
  865  2173  1280
  866   387  1834
  867   941    48
  868  1495   602
  869  2049  1156
  870   263  1710
  871   817  1371
  872   478  1925
  873  1032   139
  874  1586   693
  875  2140  1247
  876   354  1801
  877   908    15
  878  1462   569
  879  2016  1123
  880   230  1677
  881   784  1338
  882   445  1892
  883   999   106
  884  1553   660
  885  2107  1214
  886   321  1768
  887   875  1429
  888   536  1983
  889  1090   197
  890  1644   751
  891  1305   412
  892  1859   966
  893    73  1520
  894   627  2074
  895  1181   288
  896  1735   842
  897  1396   503
  898  1950  1057
  899   164  1611
  900   718  1272
  901   379  1826
  902   933    40
  903  1487   594
  904  2041  1148
  905   255  1702
  906   809  1363
  907   470  1917
  908  1024   131
  909  1578   685
  910  1239   346
  911  1793   900
  912     7  1454
  913   561  2008
  914  1115   222
  915  1669   776
  916  1330   437
  917  1884   991
  918    98  1545
  919   652  1206
  920   313  1760
  921   867  1421
  922   528  1975
  923  1082   189
  924  1636   743
  925  1297   404
  926  1851   958
  927    65  1512
  928   619  2066
  929  1173   280
  930  1727   834
  931  1388   495
  932  1942  1049
  933   156  1603
  934   710  1264
  935   371  1818
  936   925    32
  937  1479   586
  938  2033  1140
  939   247  1694
  940   801  1355
  941   462  1909
  942  1016   123
  943  1570   677
  944  1231   338
  945  1785   892
  946  1446   553
  947  2000  1107
  948   214  1661
  949   768  1322
  950   429  1876
  951   983    90
  952  1537   644
  953  1198   305
  954  1752   859
  955  1413   520
  956  1967  1074
  957   181  1628
  958   735  1289
  959   396  1843
  960   950    57
  961  1504   611
  962  2058  1165
  963   272  1719
  964   826  1380
  965   487  1934
  966  1041   148
  967  1595   702
  968  1256   363
  969  1810   917
  970    24  1471
  971   578  2025
  972  1132   239
  973  1686   793
  974  1347   454
  975  1901  1008
  976   115  1562
  977   669  1223
  978   330  1777
  979   884  2331
  980  1438   545
  981  1992  1099
  982   206  1653
  983   760  1314
  984   421  1868
  985   975    82
  986  1529   636
  987  1190   297
  988  1744   851
  989  2298  1405
  990   512  1959
  991  1066   173
  992  1620   727
  993  1281   388
  994  1835   942
  995    49  1496
  996   603  2050
  997  1157   264
  998  1711   818
  999  2265  1372
 1000   479  1926
 1001  1033   140
 1002  1587   694
 1003  1248   355
 1004  1802   909
 1005    16  1463
 1006   570  2017
 1007  1124   231
 1008  1678   785
 1009  2232  1339
 1010   446  1893
 1011  1000   107
 1012  1554   661
 1013  1215   322
 1014  1769   876
 1015  2323  1430
 1016   537  1984
 1017  1091   198
 1018  1645   752
 1019  2199  1306
 1020   413  1860
 1021   967    74
 1022  1521   628
 1023  2075  1182
 1024   289  1736
 1025   843  1397
 1026   504  1951
 1027  1058   165
 1028  1612   719
 1029  2166  1273
 1030   380  1827
 1031   934    41
 1032  1488   595
 1033  2042  1149
 1034   256  1703
 1035   810  1364
 1036   471  1918
 1037  1025   132
 1038  1579   686
 1039  2133  1240
 1040   347  1794
 1041   901     8
 1042  1455   562
 1043  2009  1116
 1044   223  1670
 1045   777  1331
 1046   438  1885
 1047   992    99
 1048  1546   653
 1049  2100  1207
 1050   314  1761
 1051   868  1422
 1052   529  1976
 1053  1083   190
 1054  1637   744
 1055  1298   405
 1056  1852   959
 1057    66  1513
 1058   620  2067
 1059  1174   281
 1060  1728   835
 1061  1389   496
 1062  1943  1050
 1063   157  1604
 1064   711  1265
 1065   372  1819
 1066   926    33
 1067  1480   587
 1068  2034  1141
 1069   248  1695
 1070   802  1356
 1071   463  1910
 1072  1017   124
 1073  1571   678
 1074  1232   339
 1075  1786   893
