R80T1QL1
Channel Interleaving, Puncturing and Mapping to QPSK

Symbol	b1 	b0 
    0     0  2506
    1  9069   955
    2  3461 10024
    3  1910   359
    4  2865  1314
    5  7877  2269
    6   718  3224
    7  1673   122
    8  2628  1077
    9  7640  2032
   10   481  2987
   11  1436  2391
   12   840  7403
   13  3346  9909
   14  1795   244
   15  6807  2750
   16  5256  1199
   17  3705  2154
   18  8717   603
   19  7166  3109
   20  9672  1558
   21     7  6570
   22  2513  5019
   23   962  3468
   24  1917  8480
   25   366  2872
   26  1321  6333
   27  2276  4782
   28   725  3231
   29  1680   129
   30  2635  1084
   31  6096  2039
   32  4545   488
   33  2994  1443
   34 10512  2398
   35   847  3353
   36  5859  1802
   37  4308   251
   38  2757  9320
   39  1206 10275
   40  2161   610
   41  3116  1565
   42  8128    14
   43  2520  9083
   44   969  3475
   45  1924   373
   46  2879  1328
   47  7891  2283
   48   732  3238
   49  5744  1687
   50  4193   136
   51  2642  1091
   52  7654  2046
   53   495  7058
   54  3001  5507
   55  1450  3956
   56  2405  8968
   57   854  3360
   58  9923  1809
   59   258  6821
   60  2764  5270
   61  1213  3719
   62  2168  8731
   63   617  3123
   64  9686  1572
   65    21  6584
   66  2527  5033
   67   976  3482
   68  1931   380
   69  2886  1335
   70  6347  2290
   71  4796   739
   72  7302  3245
   73  1694   143
   74  2649  1098
   75  2053   502
   76  3008  9571
   77  1457 10526
   78  2412   861
   79  3367  1816
   80  8379   265
   81  2771  9334
   82  1220 10289
   83  2175   624
   84  3130  1579
   85  8142    28
   86  2534   983
   87  3489  5995
   88  1938  4444
   89   387  2893
   90  1342  7905
   91  2297   746
   92  3252  5758
   93  1701  4207
   94   150  2656
   95  1105 10174
   96  2060   509
   97  7072  3015
   98  5521  1464
   99  3970  2419
  100  8982   868
  101  3374  9937
  102  1823   272
  103  6835  2778
  104  5284  1227
  105  7790  3733
  106  2182  8745
  107   631  3137
  108  1586    35
  109  6598  2541
  110  5047   990
  111  7553  3496
  112  1945   394
  113  2900  1349
  114  2304   753
  115  7316  3259
  116  1708   157
  117  2663  1112
  118  2067  8630
  119   516  7079
  120  3022  9585
  121  1471 10540
  122  6483  2426
  123  4932   875
  124  3381  1830
  125  8393   279
  126  2785  9348
  127  1234  6246
  128  2189  4695
  129   638  3144
  130  1593    42
  131  2548   997
  132  3503  6009
  133  1952  4458
  134   401  2907
  135  1356  2311
  136   760  3266
  137  5772  1715
  138  4221   164
  139  2670  9233
  140  1119 10188
  141  2074   523
  142  3029  5535
  143  1478  8041
  144  3984  2433
  145  8996   882
  146  3388  9951
  147  1837   286
  148  2792  1241
  149  7804  2196
  150   645  3151
  151  1600    49
  152  2555  1004
  153  7567  3510
  154  1959   408
  155  2914  1363
  156  2318   767
  157  7330  3273
  158  9836  1722
  159   171  6734
  160  2677  5183
  161  1126  3632
  162  2081  8644
  163   530  7093
  164  3036  9599
  165  1485 10554
  166  6497  2440
  167  4946   889
  168  3395  1844
  169  8407   293
  170  2799  1248
  171  6260  2203
  172  4709   652
  173  3158  1607
  174    56  2562
  175  1011  3517
  176  6023  1966
  177  4472   415
  178  2921  1370
  179 10439  2325
  180   774  3280
  181  5786  1729
  182  8292  4235
  183   178  2684
  184  9247  1133
  185 10202  2088
  186   537  3043
  187  1492  8055
  188  2447  9010
  189   896  3402
  190  1851   300
  191  2806  1255
  192  7818  2210
  193   659  3165
  194  5671  1614
  195  4120    63
  196  2569  1018
  197  7581  3524
  198  1973   422
  199  6985  2928
  200  5434  1377
  201  3883  2332
  202  8895   781
  203  3287  9850
  204  1736   185
  205  6748  2691
  206  5197  1140
  207  3646  2095
  208  8658   544
  209  3050  9613
  210  1499  6511
  211  2454  4960
  212   903  3409
  213  1858   307
  214  2813  1262
  215  6274  2217
  216  4723   666
  217  7229  3172
  218  1621    70
  219  2576  1025
  220  3531  1980
  221   429  2935
  222  9498  1384
  223 10453  2339
  224   788  3294
  225  1743  8306
  226   192  2698
  227  9261  1147
  228 10216  2102
  229   551  3057
  230  1506  8069
  231  2461   910
  232  3416  5922
  233  1865  4371
  234   314  2820
  235  1269  7832
  236  2224   673
  237  3179  5685
  238  1628  4134
  239    77  2583
  240  1032  3538
  241 10101  1987
  242   436  6999
  243  2942  5448
  244  1391  3897
  245  2346  8909
  246   795  3301
  247  9864  1750
  248   199  6762
  249  2705  5211
  250  1154  3660
  251  2109  8672
  252   558  3064
  253  1513  6525
  254  2468  4974
  255   917  7480
  256  3423  1872
  257   321  2827
  258  1276  2231
  259   680  7243
  260  3186  1635
  261    84  2590
  262  1039  1994
  263  8557   443
  264  2949  9512
  265  1398 10467
  266  6410  2353
  267  4859   802
  268  3308  1757
  269  8320   206
  270  2712  9275
  271  1161  6173
  272  2116  4622
  273   565  3071
  274  1520  2475
  275   924  3430
  276  5936  1879
  277  4385   328
  278  2834  1283
  279  2238   687
  280  3193  5699
  281  1642  4148
  282    91  2597
  283  9160  1046
  284 10115  2001
  285   450  7013
  286  2956  5462
  287  1405  7968
  288  3911  2360
  289  8923   809
  290  3315  1764
  291   213  2719
  292  1168  7731
  293  2123   572
  294  3078  1527
  295  2482   931
  296  7494  3437
  297  1886   335
  298  2841  1290
  299  2245   694
  300  7257  3200
  301  9763  1649
  302    98  6661
  303  2604  5110
  304  1053  3559
  305  2008  8571
  306   457  2963
  307  9526  1412
  308  6424  2367
  309  4873   816
  310  3322  1771
  311  8334   220
  312  2726  1175
  313  6187  2130
  314  4636   579
  315  3085  1534
  316  2489   938
  317  3444  5950
  318  1893  4399
  319   342  2848
  320  1297 10366
  321  2252   701
  322  3207  5713
  323  1656  8219
  324  4162   105
  325  2611  9174
  326  1060 10129
  327  2015   464
  328  2970  1419
  329  7982  2374
  330   823  3329
  331  1778   227
  332  2733  1182
  333  7745  2137
  334   586  3092
  335  5598  1541
  336  4047  2496
  337   945  7508
  338  3451  1900
  339   349  6912
  340  2855  5361
  341  1304  3810
  342  2259  8822
  343   708  3214
  344  9777  1663
  345   112  6675
  346  2618  5124
  347  1067  3573
  348  2022  8585
  349   471  2977
  350  1426  6438
  351  2381  4887
  352   830  3336
  353  1785   234
  354  2740  1189
  355  6201  2144
  356  4650   593
  357  7156  3099
  358  1548  2503
  359   952  3458
  360  1907   356
  361  2862  9425
  362  1311 10380
  363  2266   715
  364  3221  1670
  365  8233   119
  366  2625  9188
  367  1074  2029
  368   478  2984
  369  1433  7996
  370  2388   837
  371  3343  5849
  372  1792  4298
  373   241  2747
  374  1196  7759
  375  2151   600
  376  3106  5612
  377  1555  4061
  378     4  2510
  379   959  3465
  380 10028  1914
  381   363  6926
  382  2869  5375
  383  1318  3824
  384  2273  8836
  385   722  3228
  386  9791  1677
  387   126  6689
  388  2632  5138
  389  1081  3587
  390  2036   485
  391  2991  1440
  392  6452  2395
  393  4901   844
  394  7407  3350
  395  1799   248
  396  2754  1203
  397  2158   607
  398  7170  3113
  399  1562    11
  400  2517   966
  401  3472  1921
  402  8484   370
  403  2876  9439
  404  1325 10394
  405  6337  2280
  406  4786   729
  407  3235  1684
  408  8247   133
  409  2639  1088
  410  6100  2043
  411  4549   492
  412  2998  1447
  413  2402   851
  414  3357  5863
  415  1806  4312
  416   255  2761
  417  1210 10279
  418  2165   614
  419  3120  5626
  420  1569  4075
  421    18  2524
  422  9087   973
  423  3479 10042
  424  1928   377
  425  6940  2883
  426  5389  1332
  427  7895  3838
  428  2287  8850
  429   736  3242
  430  1691   140
  431  2646  1095
  432  7658  2050
  433   499  3005
  434  1454  2409
  435   858  7421
  436  3364  1813
  437   262  2768
  438  1217  2172
  439   621  7184
  440  3127  9690
  441  1576    25
  442  6588  2531
  443  5037   980
  444  3486  1935
  445  8498   384
  446  2890  9453
  447  1339  6351
  448  2294  4800
  449   743  3249
  450  1698   147
  451  2653  1102
  452  6114  2057
  453  4563   506
  454  3012  1461
  455  2416   865
  456  3371  5877
  457  1820  4326
  458   269  2775
  459  9338  1224
  460 10293  2179
  461   628  3134
  462  5640  1583
  463  8146  4089
  464    32  2538
  465  9101   987
  466  3493 10056
  467  1942   391
  468  2897  1346
  469  7909  2301
  470   750  3256
  471  1705   154
  472  2660  1109
  473  7672  2064
  474   513  7076
  475  3019  5525
  476  1468  2423
  477   872  7435
  478  3378  9941
  479  1827   276
  480  6839  2782
  481  5288  1231
  482  3737  2186
  483  8749   635
  484  3141  9704
  485  1590    39
  486  6602  2545
  487  5051   994
  488  3500  1949
  489  8512   398
  490  2904  1353
  491  6365  2308
  492  4814   757
  493  3263  1712
  494   161  2667
  495  1116  6128
  496  2071  4577
  497   520  7083
  498  3026  1475
  499 10544  2430
  500   879  3385
  501  1834  8397
  502   283  2789
  503  9352  1238
  504 10307  2193
  505   642  3148
  506  1597  8160
  507    46  2552
  508  9115  1001
  509  3507  1956
  510   405  2911
  511  1360  7923
  512  2315   764
  513  3270  5776
  514  1719  4225
  515   168  2674
  516  1123  7686
  517  2078   527
  518  3033  5539
  519  1482  3988
  520  2437  9000
  521   886  3392
  522  9955  1841
  523   290  6853
  524  2796  5302
  525  1245  3751
  526  2200  8763
  527   649  3155
  528  9718  1604
  529    53  6616
  530  2559  5065
  531  1008  3514
  532  1963   412
  533  2918  1367
  534  6379  2322
  535  4828   771
  536  7334  3277
  537  1726   175
  538  2681  1130
  539  2085   534
  540  7097  3040
  541  9603  1489
  542 10558  2444
  543   893  3399
  544  1848  8411
  545   297  2803
  546  9366  1252
  547 10321  6264
  548  2207   656
  549  3162  1611
  550  8174    60
  551  2566  1015
  552  3521  6027
  553  1970  4476
  554   419  2925
  555  1374  2329
  556   778  3284
  557  5790  1733
  558  4239   182
  559  2688  1137
  560 10206  2092
  561   541  3047
  562  5553  1496
  563  4002  2451
  564  9014   900
  565  3406  9969
  566  1855   304
  567  6867  2810
  568  5316  1259
  569  7822  3765
  570  2214  8777
  571   663  3169
  572  1618    67
  573  2573  1022
  574  7585  3528
  575  1977   426
  576  2932  1381
  577  2336   785
  578  7348  3291
  579  1740   189
  580  2695  1144
  581  2099  8662
  582   548  7111
  583  3054  9617
  584  1503 10572
  585  6515  2458
  586  4964   907
  587  3413  1862
  588  8425   311
  589  2817  9380
  590  1266  6278
  591  2221  4727
  592   670  3176
  593  1625    74
  594  2580  1029
  595  3535  6041
  596  1984  4490
  597   433  2939
  598  1388  2343
  599   792  3298
  600  5804  1747
  601  4253   196
  602  2702  9265
  603  1151 10220
  604  2106   555
  605  3061  5567
  606  1510  8073
  607  4016  2465
  608  9028   914
  609  3420  9983
  610  1869   318
  611  2824  1273
  612  7836  2228
  613   677  3183
  614  1632    81
  615  2587  1036
  616  7599  1991
  617   440  2946
  618  1395  2350
  619   799  7362
  620  3305  9868
  621  1754   203
  622  6766  2709
  623  5215  1158
  624  3664  2113
  625  8676   562
  626  3068  9631
  627  1517 10586
  628  6529  2472
  629  4978   921
  630  3427  1876
  631  8439   325
  632  2831  1280
  633  6292  2235
  634  4741   684
  635  3190  1639
  636    88  2594
  637  1043  6055
  638  1998  4504
  639   447  2953
  640  1402 10471
  641  2357   806
  642  3312  1761
  643  8324   210
  644  2716  9279
  645  1165 10234
  646  2120   569
  647  3075  1524
  648  8087  2479
  649  9042   928
  650  3434  1883
  651   332  2838
  652  1287  7850
  653  2242   691
  654  3197  5703
  655  1646  4152
  656    95  2601
  657  1050  7613
  658  2005   454
  659  7017  2960
  660  5466  1409
  661  3915  2364
  662  8927   813
  663  3319  9882
  664  1768   217
  665  6780  2723
  666  5229  1172
  667  3678  2127
  668  8690   576
  669  3082  9645
  670  1531  6543
  671  2486  4992
  672   935  3441
  673  1890   339
  674  2845  1294
  675  6306  2249
  676  4755   698
  677  7261  3204
  678  1653   102
  679  2608  1057
  680  2012   461
  681  2967  9530
  682  1416 10485
  683  2371   820
  684  3326  1775
  685  8338   224
  686  2730  9293
  687  1179  2134
  688   583  3089
  689  1538  8101
  690  2493   942
  691  3448  5954
  692  1897  4403
  693   346  2852
  694  1301  2256
  695   705  3211
  696  5717  1660
  697  4166   109
  698  2615  1064
  699 10133  2019
  700   468  7031
  701  2974  5480
  702  1423  3929
  703  2378  8941
  704   827  3333
  705  9896  1782
  706   231  6794
  707  2737  5243
  708  1186  7749
  709  3692  2141
  710  8704   590
  711  3096  1545
  712  2500   949
  713  7512  3455
  714  1904   353
  715  2859  1308
  716  2263   712
  717  7275  3218
  718  1667   116
  719  2622  1071
  720  2026  8589
  721   475  2981
  722  9544  1430
  723 10499  6442
  724  2385  4891
  725   834  3340
  726  1789  8352
  727   238  2744
  728  9307  1193
  729  6205  2148
  730  4654   597
  731  3103  1552
  732     1  2507
  733   956  3462
  734  5968  1911
  735  4417   360
  736  2866  1315
  737  2270   719
  738  3225  5731
  739  1674  4180
  740   123  2629
  741  9192  1078
  742 10147  2033
  743   482  7045
  744  2988  5494
  745  1437  8000
  746  3943  2392
  747  8955   841
  748  3347  1796
  749   245  2751
  750  1200  7763
  751  2155   604
  752  3110  1559
  753     8  2514
  754   963  7526
  755  3469  1918
  756   367  2873
  757  1322  2277
  758   726  7289
  759  3232  9795
  760  1681   130
  761  6693  2636
  762  5142  1085
  763  3591  2040
  764  8603   489
  765  2995  9558
  766  1444  6456
  767  2399  4905
  768   848  3354
  769  1803  8366
  770   252  2758
  771  1207  6219
  772  2162  4668
  773   611  3117
  774  1566    15
  775  2521   970
  776  3476  5982
  777  1925  4431
  778   374  2880
  779  1329 10398
  780  2284   733
  781  3239  1688
  782  8251   137
  783  2643  9206
  784  1092 10161
  785  2047   496
  786  3002  1451
  787  8014  2406
  788   855  3361
  789  1810   259
  790  2765  1214
  791  7777  2169
  792   618  3124
  793  5630  1573
  794  4079    22
  795  2528   977
  796  7540  3483
  797  1932   381
  798  6944  2887
  799  5393  1336
  800  3842  2291
  801  8854   740
  802  3246  9809
  803  1695   144
  804  6707  2650
  805  5156  1099
  806  3605  2054
  807  8617   503
  808  3009  1458
  809  6470  2413
  810  4919   862
  811  3368  1817
  812   266  2772
  813  1221  6233
  814  2176  4682
  815   625  7188
  816  3131  1580
  817    29  2535
  818   984  3490
  819  1939   388
  820  2894  9457
  821  1343 10412
  822  2298   747
  823  3253  1702
  824  8265   151
  825  2657  9220
  826  1106  2061
  827   510  3016
  828  1465  8028
  829  2420   869
  830  3375  5881
  831  1824  4330
  832   273  2779
  833  1228  2183
  834   632  3138
  835  5644  1587
  836  4093    36
  837  2542   991
  838  3497 10060
  839  1946   395
  840  6958  2901
  841  5407  1350
  842  3856  2305
  843  8868   754
  844  3260  9823
  845  1709   158
  846  6721  2664
  847  5170  1113
  848  7676  3619
  849  2068   517
  850  7080  3023
  851  1472  2427
  852   876  7439
  853  3382  1831
  854   280  2786
  855  1235  2190
  856   639  7202
  857  3145  9708
  858  1594    43
  859  2549   998
  860  3504  1953
  861  8516   402
  862  2908  9471
  863  1357 10426
  864  6369  2312
  865  4818   761
  866  3267  1716
  867  8279   165
  868  2671  1120
  869  6132  2075
  870  4581   524
  871  3030  1479
  872  2434   883
  873  3389  5895
  874  1838  4344
  875   287  2793
  876  1242 10311
  877  2197   646
  878  3152  5658
  879  1601  4107
  880    50  2556
  881  9119  1005
  882  3511 10074
  883  1960   409
  884  6972  2915
  885  5421  1364
  886  7927  3870
  887  2319  8882
  888   768  3274
  889  1723   172
  890  2678  1127
  891  7690  2082
  892   531  3037
  893  1486  2441
  894   890  7453
  895  3396  1845
  896   294  2800
  897  1249  2204
  898  8767   653
  899  7216  3159
  900  9722  1608
  901    57  6620
  902  2563  5069
  903  1012  3518
  904  1967  8530
  905   416  2922
  906  9485  1371
  907  6383  2326
  908  4832   775
  909  3281  1730
  910   179  2685
  911  1134  6146
  912  2089  4595
  913   538  3044
  914  1493  2448
  915   897  3403
  916  5909  1852
  917  4358   301
  918  2807  9370
  919  1256 10325
  920  2211   660
  921  3166  1615
  922  8178    64
  923  2570  9133
  924  1019  3525
  925 10088  1974
  926   423  2929
  927  1378  7941
  928  2333   782
  929  3288  1737
  930   186  2692
  931  1141  7704
  932  2096   545
  933  3051  5557
  934  1500  4006
  935  2455   904
  936  7467  3410
  937  9973  1859
  938   308  6871
  939  2814  5320
  940  1263  3769
  941  2218  8781
  942   667  3173
  943  9736  1622
  944    71  6634
  945  2577  5083
  946  1026  3532
  947  1981  8544
  948   430  2936
  949  1385  6397
  950  2340  4846
  951   789  3295
  952  1744   193
  953  2699  1148
  954  6160  2103
  955  4609   552
  956  7115  3058
  957  1507 10576
  958  2462   911
  959  3417  1866
  960  8429   315
  961  2821  9384
  962  1270 10339
  963  2225   674
  964  3180  1629
  965  8192    78
  966  2584  9147
  967  1033  3539
  968  1988   437
  969  2943  1392
  970  7955  2347
  971   796  3302
  972  5808  1751
  973  4257   200
  974  2706  1155
  975  7718  2110
  976   559  3065
  977  5571  1514
  978  4020  2469
  979  9032   918
  980  3424  9987
  981  1873   322
  982  6885  2828
  983  5334  1277
  984  3783  2232
  985  8795   681
  986  3187  9750
  987  1636    85
  988  6648  2591
  989  5097  1040
  990  7603  3546
  991  1995   444
  992  2950  1399
  993  2354   803
  994  7366  3309
  995  1758   207
  996  2713  1162
  997  2117   566
  998  7129  3072
  999  9635  1521
 1000 10590  2476
 1001   925  3431
 1002  1880  8443
 1003   329  2835
 1004  9398  1284
 1005 10353  6296
 1006  2239  4745
 1007   688  3194
 1008  1643  8206
 1009    92  2598
 1010  1047  6059
 1011  2002  4508
 1012   451  2957
 1013  1406  2361
 1014   810  3316
 1015  5822  1765
 1016  4271   214
 1017  2720  1169
 1018 10238  2124
 1019   573  3079
 1020  5585  1528
 1021  4034  2483
 1022  9046   932
 1023  3438 10001
 1024  1887   336
 1025  6899  2842
 1026  5348  1291
 1027  7854  3797
 1028  2246  8809
 1029   695  3201
 1030  1650    99
 1031  2605  1054
 1032  7617  2009
 1033   458  2964
 1034  1413  2368
 1035   817  7380
 1036  3323  1772
 1037   221  2727
 1038  1176  2131
 1039  8694   580
 1040  7143  3086
 1041  9649  1535
 1042 10604  6547
 1043  2490  4996
 1044   939  3445
 1045  1894  8457
 1046   343  2849
 1047  9412  1298
 1048  6310  2253
 1049  4759   702
 1050  3208  1657
 1051   106  2612
 1052  1061  6073
 1053  2016  4522
 1054   465  2971
 1055  1420  2375
 1056   824  3330
 1057  5836  1779
 1058  4285   228
 1059  2734  9297
 1060  1183 10252
 1061  2138   587
 1062  3093  1542
 1063  8105  2497
 1064  9060   946
 1065  3452 10015
 1066  1901   350
 1067  2856  1305
 1068  7868  2260
 1069   709  3215
 1070  1664   113
 1071  2619  1068
 1072  7631  2023
 1073   472  7035
 1074  2978  5484
 1075  1427  3933
 1076  2382   831
 1077  7394  3337
 1078  9900  1786
 1079   235  6798
 1080  2741  5247
 1081  1190  3696
 1082  2145  8708
 1083   594  3100
 1084  9663  1549
 1085 10618  6561
 1086  2504  5010
 1087   953  3459
 1088  1908  8471
 1089   357  2863
 1090  1312  6324
 1091  2267  4773
 1092   716  3222
 1093  1671   120
 1094  2626  1075
 1095  6087  2030
 1096  4536   479
 1097  2985  1434
 1098 10503  2389
 1099   838  3344
 1100  1793  8356
 1101   242  2748
 1102  9311  1197
 1103 10266  2152
 1104   601  3107
 1105  1556  8119
 1106     5  2511
 1107  9074   960
 1108  3466  1915
 1109   364  2870
 1110  1319  7882
 1111  2274   723
 1112  3229  5735
 1113  1678  4184
 1114   127  2633
 1115  1082  7645
 1116  2037   486
 1117  7049  2992
 1118  5498  1441
 1119  3947  2396
 1120  8959   845
 1121  3351  9914
 1122  1800   249
 1123  6812  2755
 1124  5261  1204
 1125  3710  2159
 1126  8722   608
 1127  3114  9677
 1128  1563    12
 1129  6575  2518
 1130  5024   967
 1131  7530  3473
 1132  1922   371
 1133  2877  1326
 1134  2281   730
 1135  7293  3236
 1136  1685   134
 1137  2640  1089
 1138  2044   493
 1139  2999  9562
 1140  1448 10517
 1141  2403   852
 1142  3358  1807
 1143  8370   256
 1144  2762  9325
 1145  1211  6223
 1146  2166  4672
 1147   615  3121
 1148  1570  8133
 1149    19  2525
 1150   974  3480
 1151  5986  1929
 1152  4435   378
 1153  2884  1333
 1154  2288   737
 1155  3243  5749
 1156  1692  4198
 1157   141  2647
 1158  1096 10165
 1159  2051   500
 1160  7063  3006
 1161  5512  1455
 1162  3961  2410
 1163  8973   859
 1164  3365  9928
 1165  1814   263
 1166  6826  2769
 1167  5275  1218
 1168  7781  3724
 1169  2173  8736
 1170   622  3128
 1171  1577    26
 1172  2532   981
 1173  7544  3487
 1174  1936   385
 1175  2891  1340
 1176  2295   744
 1177  7307  3250
 1178  1699   148
 1179  2654  1103
 1180  2058  8621
 1181   507  3013
 1182  9576  1462
 1183 10531  6474
 1184  2417  4923
 1185   866  3372
 1186  1821  8384
 1187   270  2776
 1188  1225  6237
 1189  2180  4686
 1190   629  3135
 1191  1584    33
 1192  2539   988
 1193  3494  6000
 1194  1943  4449
 1195   392  2898
 1196  1347  2302
 1197   751  3257
 1198  5763  1706
 1199  4212   155
 1200  2661  9224
 1201  1110 10179
 1202  2065   514
 1203  3020  1469
 1204  8032  3975
 1205  2424  8987
 1206   873  3379
 1207  1828   277
 1208  2783  1232
 1209  7795  2187
 1210   636  3142
 1211  1591    40
 1212  2546   995
 1213  7558  3501
 1214  1950   399
 1215  6962  2905
 1216  5411  1354
 1217  3860  2309
 1218   758  7321
 1219  3264  9827
 1220  1713   162
 1221  6725  2668
 1222  5174  1117
 1223  3623  2072
 1224  8635   521
 1225  3027  9590
 1226  1476  6488
 1227  2431  4937
 1228   880  3386
 1229  1835   284
 1230  2790  1239
 1231  6251  2194
 1232  4700   643
 1233  3149  1598
 1234    47  2553
 1235  1002  3508
 1236  6014  1957
 1237  4463   406
 1238  2912  1361
 1239 10430  2316
 1240   765  3271
 1241  1720  8283
 1242   169  2675
 1243  9238  1124
 1244 10193  2079
 1245   528  3034
 1246  1483  8046
 1247  2438   887
 1248  3393  1842
 1249   291  2797
 1250  1246  7809
 1251  2201   650
 1252  3156  5662
 1253  1605  4111
 1254    54  2560
 1255  1009  7572
 1256  3515 10078
 1257  1964   413
 1258  6976  2919
 1259  5425  1368
 1260  3874  2323
 1261  8886   772
 1262  3278  9841
 1263  1727   176
 1264  6739  2682
 1265  5188  1131
 1266  3637  2086
 1267  8649   535
 1268  3041  1490
 1269  6502  2445
 1270  4951   894
 1271  7457  3400
 1272  1849   298
 1273  2804  1253
 1274  2208  4714
 1275   657  7220
 1276  3163  1612
 1277    61  2567
 1278  1016  3522
 1279  1971   420
 1280  2926  9489
 1281  1375 10444
 1282  2330   779
 1283  3285  1734
 1284  8297   183
 1285  2689  9252
 1286  1138  6150
 1287  2093  4599
 1288   542  3048
 1289  1497  8060
 1290  2452   901
 1291  3407  5913
 1292  1856  4362
 1293   305  2811
 1294  1260  2215
 1295   664  3170
 1296  5676  1619
 1297  4125    68
 1298  2574  9137
 1299  1023  3529
 1300 10092  1978
 1301   427  6990
 1302  2933  5439
 1303  1382  3888
 1304  2337  8900
 1305   786  3292
 1306  9855  1741
 1307   190  6753
 1308  2696  5202
 1309  1145  7708
 1310  3651  2100
 1311   549  3055
 1312  1504  2459
 1313   908  7471
 1314  3414  1863
 1315   312  2818
 1316  1267  2222
 1317   671  7234
 1318  3177  9740
 1319  1626    75
 1320  2581  1030
 1321  3536  1985
 1322  8548   434
 1323  2940  9503
 1324  1389 10458
 1325  6401  2344
 1326  4850   793
 1327  3299  1748
 1328  8311   197
 1329  2703  1152
 1330  6164  2107
 1331  4613   556
 1332  3062  1511
 1333  2466   915
 1334  3421  5927
 1335  1870  4376
 1336   319  2825
 1337  1274 10343
 1338  2229   678
 1339  3184  5690
 1340  1633  8196
 1341  4139    82
 1342  2588  9151
 1343  1037 10106
 1344  1992   441
 1345  7004  2947
 1346  5453  1396
 1347  7959  3902
 1348  2351  8914
 1349   800  3306
 1350  1755   204
 1351  2710  1159
 1352  7722  2114
 1353   563  3069
 1354  1518  2473
 1355   922  7485
 1356  3428  1877
 1357   326  6889
 1358  2832  5338
 1359  1281  3787
 1360  2236  8799
 1361   685  7248
 1362  3191  9754
 1363  1640    89
 1364  6652  2595
 1365  5101  1044
 1366  3550  1999
 1367  8562   448
 1368  2954  9517
 1369  1403  6415
 1370  2358  4864
 1371   807  3313
 1372  1762   211
 1373  2717  1166
 1374  6178  2121
 1375  4627   570
 1376  3076  1525
 1377  2480   929
 1378  3435  5941
 1379  1884  4390
 1380   333  2839
 1381  9402  1288
 1382 10357  2243
 1383   692  3198
 1384  1647  8210
 1385    96  2602
 1386  9165  1051
 1387 10120  2006
 1388   455  2961
 1389  1410  7973
 1390  2365   814
 1391  3320  1769
 1392   218  2724
 1393  1173  7736
 1394  2128   577
 1395  3083  5589
 1396  1532  4038
 1397  2487   936
 1398  7499  3442
 1399 10005  1891
 1400   340  6903
 1401  2846  5352
 1402  1295  3801
 1403  2250  8813
 1404   699  3205
 1405  9768  1654
 1406   103  6666
 1407  2609  5115
 1408  1058  3564
 1409  2013  8576
 1410   462  2968
 1411  1417  6429
 1412  2372  4878
 1413   821  7384
 1414  3327  1776
 1415   225  2731
 1416  1180  6192
 1417  2135  4641
 1418   584  7147
 1419  3090  1539
 1420 10608  2494
 1421   943  3449
 1422  1898  8461
 1423   347  2853
 1424  9416  1302
 1425 10371  2257
 1426   706  3212
 1427  1661  8224
 1428   110  2616
 1429  9179  1065
 1430  6077  2020
 1431  4526   469
 1432  2975  1424
 1433  7987  2379
 1434   828  3334
 1435  5840  1783
 1436  4289   232
 1437  2738  1187
 1438  2142   591
 1439  3097  5603
 1440  1546  4052
 1441  2501  9064
 1442   950  3456
 1443 10019  1905
 1444   354  6917
 1445  2860  5366
 1446  1309  3815
 1447  2264  8827
 1448   713  3219
 1449  9782  1668
 1450   117  6680
 1451  2623  5129
 1452  1072  7635
 1453  3578  2027
 1454   476  2982
 1455  1431  2386
 1456   835  7398
 1457  3341  1790
 1458   239  2745
 1459  1194  2149
 1460   598  7161
 1461  3104  9667
 1462  1553     2
 1463  2508   957
 1464  3463  1912
 1465  8475   361
 1466  2867  9430
 1467  1316 10385
 1468  6328  2271
 1469  4777   720
 1470  3226  1675
 1471  8238   124
 1472  2630  1079
 1473  6091  2034
 1474  4540   483
 1475  2989  1438
 1476  2393   842
 1477  3348  5854
 1478  1797  4303
 1479   246  2752
 1480  1201 10270
 1481  2156   605
 1482  3111  5617
 1483  1560  8123
 1484  4066     9
 1485  2515  9078
 1486   964  3470
 1487 10033  1919
 1488   368  6931
 1489  2874  5380
 1490  1323  7886
 1491  3829  2278
 1492  8841   727
 1493  3233  1682
 1494   131  2637
 1495  1086  7649
 1496  2041   490
 1497  2996  1445
 1498  2400   849
 1499  7412  3355
 1500  1804   253
 1501  6816  2759
 1502  5265  1208
 1503  3714  2163
 1504  8726   612
 1505  7175  3118
 1506  9681  1567
 1507    16  6579
 1508  2522  5028
 1509   971  3477
 1510  1926  8489
 1511   375  2881
 1512  9444  1330
 1513  6342  2285
 1514  4791   734
 1515  3240  1689
 1516   138  2644
 1517  1093  6105
 1518  2048  4554
 1519   497  3003
 1520  1452  2407
 1521   856  3362
 1522  5868  1811
 1523  4317   260
 1524  2766  9329
 1525  1215 10284
 1526  2170   619
 1527  3125  1574
 1528  8137    23
 1529  2529  9092
 1530   978  3484
 1531 10047  1933
 1532   382  2888
 1533  1337  7900
 1534  2292   741
 1535  3247  1696
 1536   145  2651
 1537  1100  7663
 1538  2055   504
 1539  7067  3010
 1540  5516  1459
 1541  3965  2414
 1542   863  7426
 1543  3369  9932
 1544  1818   267
 1545  6830  2773
 1546  5279  1222
 1547  3728  2177
 1548  8740   626
 1549  3132  9695
 1550  1581    30
 1551  6593  2536
 1552  5042   985
 1553  3491  1940
 1554  8503   389
 1555  2895  1344
 1556  6356  2299
 1557  4805   748
 1558  3254  1703
 1559   152  2658
 1560  1107  6119
 1561  2062  4568
 1562   511  3017
 1563  1466 10535
 1564  2421   870
 1565  3376  1825
 1566  8388   274
 1567  2780  9343
 1568  1229 10298
 1569  2184   633
 1570  3139  1588
 1571  8151    37
 1572  2543  9106
 1573   992  3498
 1574  6004  1947
 1575  4453   396
 1576  2902  1351
 1577  7914  2306
 1578   755  3261
 1579  5767  1710
 1580  4216   159
 1581  2665  1114
 1582  2069   518
 1583  3024  5530
 1584  1473  3979
 1585  2428  8991
 1586   877  3383
 1587  9946  1832
 1588   281  6844
 1589  2787  5293
 1590  1236  3742
 1591  2191  8754
 1592   640  3146
 1593  1595    44
 1594  6607  2550
 1595  5056   999
 1596  7562  3505
 1597  1954   403
 1598  2909  1358
 1599  2313   762
 1600  7325  3268
 1601  1717   166
 1602  2672  1121
 1603  2076   525
 1604  7088  3031
 1605  9594  1480
 1606 10549  2435
 1607   884  3390
 1608  1839  8402
 1609   288  2794
 1610  9357  1243
 1611  6255  2198
 1612  4704   647
 1613  3153  1602
 1614  8165    51
 1615  2557  1006
 1616  3512  6018
 1617  1961  4467
 1618   410  2916
 1619  1365  2320
 1620   769  3275
 1621  5781  1724
 1622  4230   173
 1623  2679  1128
 1624 10197  2083
 1625   532  3038
 1626  5544  1487
 1627  3993  2442
 1628  9005   891
 1629  3397  9960
 1630  1846   295
 1631  6858  2801
 1632  5307  1250
 1633  7813  3756
 1634  2205   654
 1635  3160  1609
 1636    58  2564
 1637  1013  7576
 1638  3519  1968
 1639   417  2923
 1640  1372  2327
 1641   776  7339
 1642  3282  1731
 1643   180  6743
 1644  2686  5192
 1645  1135  3641
 1646  2090  8653
 1647   539  7102
 1648  3045  9608
 1649  1494 10563
 1650  6506  2449
 1651  4955   898
 1652  3404  1853
 1653  8416   302
 1654  2808  1257
 1655  6269  2212
 1656  4718   661
 1657  3167  1616
 1658    65  2571
 1659  1020  3526
 1660  6032  1975
 1661  4481   424
 1662  2930  1379
 1663 10448  2334
 1664   783  3289
 1665  5795  1738
 1666  4244   187
 1667  2693  9256
 1668  1142 10211
 1669  2097   546
 1670  3052  1501
 1671  8064  2456
 1672  9019   905
 1673  3411  1860
 1674   309  2815
 1675  1264  7827
 1676  2219   668
 1677  3174  1623
 1678    72  2578
 1679  1027  7590
 1680  3533  1982
 1681   431  6994
 1682  2937  5443
 1683  1386  3892
 1684  2341   790
 1685  7353  3296
 1686  9859  1745
 1687   194  6757
 1688  2700  5206
 1689  1149  3655
 1690  2104  8667
 1691   553  3059
 1692  9622  1508
 1693  6520  2463
 1694  4969   912
 1695  3418  1867
 1696   316  2822
 1697  1271  6283
 1698  2226  4732
 1699   675  3181
 1700  1630    79
 1701  2585  1034
 1702  6046  1989
 1703  4495   438
 1704  2944  9507
 1705  1393 10462
 1706  2348   797
 1707  3303  1752
 1708  8315   201
 1709  2707  9270
 1710  1156 10225
 1711  2111   560
 1712  3066  1515
 1713  8078  2470
 1714   919  3425
 1715  5931  1874
 1716   323  2829
 1717  1278  7841
 1718  2233   682
 1719  3188  5694
 1720  1637  4143
 1721    86  2592
 1722  1041 10110
 1723  1996   445
 1724  7008  2951
 1725  5457  1400
 1726  3906  2355
 1727  8918   804
 1728  3310  9873
 1729  1759   208
 1730  6771  2714
 1731  5220  1163
 1732  3669  2118
 1733  8681   567
 1734  3073  1522
 1735  6534  2477
 1736  4983   926
 1737  7489  3432
 1738  1881   330
 1739  2836  1285
 1740  2240   689
 1741  7252  3195
 1742  1644    93
 1743  2599  1048
 1744  2003  8566
 1745   452  2958
 1746  9521  1407
 1747 10476  2362
 1748   811  3317
 1749  1766  8329
 1750   215  2721
 1751  9284  1170
 1752  6182  2125
 1753  4631   574
 1754  3080  1529
 1755  8092  2484
 1756   933  3439
 1757  5945  1888
 1758  4394   337
 1759  2843  1292
 1760  2247   696
 1761  3202  5708
 1762  1651  4157
 1763   100  2606
 1764  9169  1055
 1765 10124  2010
 1766   459  7022
 1767  2965  5471
 1768  1414  3920
 1769  2369  8932
 1770   818  3324
 1771  9887  1773
 1772   222  6785
 1773  2728  5234
 1774  1177  7740
 1775  3683  2132
 1776   581  3087
 1777  1536  2491
 1778   940  7503
 1779  3446  1895
 1780   344  2850
 1781  1299  2254
 1782   703  7266
 1783  3209  9772
 1784  1658   107
 1785  6670  2613
 1786  1062  2017
 1787  8580   466
 1788  2972  9535
 1789  1421 10490
 1790  6433  2376
 1791  4882   825
 1792  3331  1780
 1793  8343   229
 1794  2735  1184
 1795  6196  2139
 1796  4645   588
 1797  3094  1543
 1798  2498   947
 1799  3453  5959
 1800  1902  4408
 1801   351  2857
 1802  1306 10375
 1803  2261   710
 1804  3216  5722
 1805  1665  8228
 1806  4171   114
 1807  2620  9183
 1808  1069 10138
 1809  2024   473
 1810  2979  1428
 1811  7991  2383
 1812  8946   832
 1813  3338  1787
 1814   236  2742
 1815  1191  7754
 1816  2146   595
 1817  3101  1550
 1818 10619  2505
 1819   954  7517
 1820  3460  1909
 1821   358  6921
 1822  2864  5370
 1823  1313  3819
 1824  2268  8831
 1825   717  7280
 1826  3223  9786
 1827  1672   121
 1828  6684  2627
 1829  5133  1076
 1830  3582  2031
 1831  8594   480
 1832  2986  9549
 1833  1435  6447
 1834  2390  4896
 1835   839  3345
 1836  1794   243
 1837  2749  1198
 1838  6210  2153
 1839  4659   602
 1840  3108  1557
 1841     6  2512
 1842   961  3467
 1843  5973  1916
 1844  4422   365
 1845  2871  9434
 1846  1320 10389
 1847  2275   724
 1848  3230  1679
 1849  8242   128
 1850  2634  9197
 1851  1083 10152
 1852  2038   487
 1853  2993  1442
 1854  8005  2397
 1855   846  3352
 1856  1801   250
 1857  2756  1205
 1858  7768  2160
 1859   609  3115
 1860  5621  1564
 1861  4070    13
 1862  2519   968
 1863  3474 10037
 1864  1923   372
 1865  6935  2878
 1866  5384  1327
 1867  3833  2282
 1868  8845   731
 1869  3237  9800
 1870  1686   135
 1871  6698  2641
 1872  5147  1090
 1873  3596  2045
 1874  8608   494
 1875  3000  1449
 1876  6461  2404
 1877  4910   853
 1878  7416  3359
 1879  1808   257
 1880  2763  1212
 1881  2167   616
 1882  7179  3122
 1883  1571    20
 1884  2526   975
 1885  3481  1930
 1886  8493   379
 1887  2885  9448
 1888  1334 10403
 1889  2289   738
 1890  3244  1693
 1891  8256   142
 1892  2648  9211
 1893  1097  6109
 1894  2052  4558
 1895   501  3007
 1896  1456  8019
 1897  2411   860
 1898  3366  5872
 1899  1815  4321
 1900   264  2770
 1901  1219  2174
 1902   623  3129
 1903  5635  1578
 1904  4084    27
 1905  2533  9096
 1906   982  3488
 1907 10051  1937
 1908   386  6949
 1909  2892  5398
 1910  1341  3847
 1911  2296  8859
 1912   745  3251
 1913  9814  1700
 1914   149  6712
 1915  2655  5161
 1916  1104  7667
 1917  3610  2059
 1918   508  3014
 1919  1463  2418
 1920   867  7430
 1921  3373  1822
 1922   271  2777
 1923  1226  2181
 1924   630  7193
 1925  3136  9699
 1926  1585    34
 1927  2540   989
 1928  3495  1944
 1929  8507   393
 1930  2899  9462
 1931  1348 10417
 1932  6360  2303
 1933  4809   752
 1934  3258  1707
 1935  8270   156
 1936  2662  1111
 1937  6123  2066
 1938  4572   515
 1939  3021  1470
 1940  2425   874
 1941  3380  5886
 1942  1829  4335
 1943   278  2784
 1944  1233 10302
 1945  2188   637
 1946  3143  5649
 1947  1592  8155
 1948  4098    41
 1949  2547  9110
 1950   996  3502
 1951 10065  1951
 1952   400  2906
 1953  1355  7918
 1954  2310  8873
 1955   759  3265
 1956  1714   163
 1957  2669  1118
 1958  7681  2073
 1959   522  3028
 1960  1477  2432
 1961   881  7444
 1962  3387  1836
 1963   285  6848
 1964  2791  5297
 1965  1240  3746
 1966  2195  8758
 1967   644  7207
 1968  3150  9713
 1969  1599    48
 1970  6611  2554
 1971  5060  1003
 1972  3509  1958
 1973  8521   407
 1974  2913  9476
 1975  1362  6374
 1976  2317  4823
 1977   766  3272
 1978  1721   170
 1979  2676  1125
 1980  6137  2080
 1981  4586   529
 1982  3035  1484
 1983  2439   888
 1984  3394  5900
 1985  1843  4349
 1986   292  2798
 1987  9361  1247
 1988 10316  2202
 1989   651  3157
 1990  1606  8169
 1991    55  2561
 1992  9124  1010
 1993  3516  1965
 1994   414  2920
 1995  1369  7932
 1996  2324   773
 1997  3279  1728
 1998   177  2683
 1999  1132  7695
 2000  2087   536
 2001  3042  5548
 2002  1491  3997
 2003  2446   895
 2004  3401  9964
 2005  1850   299
 2006  6862  2805
 2007  5311  1254
 2008  3760  2209
 2009  8772   658
 2010  3164  9727
 2011  1613    62
 2012  6625  2568
 2013  5074  1017
 2014  3523  1972
 2015  8535   421
 2016  2927  1376
 2017  6388  2331
 2018  4837   780
 2019  7343  3286
 2020  1735   184
 2021  2690  1139
 2022  2094   543
 2023  7106  3049
 2024  1498 10567
 2025  2453   902
 2026  3408  1857
 2027  8420   306
 2028  2812  9375
 2029  1261 10330
 2030  2216   665
 2031  3171  1620
 2032  8183    69
 2033  2575  1024
 2034  3530  6036
 2035  1979  4485
 2036   428  2934
 2037  1383  7946
 2038  2338   787
 2039  3293  5799
 2040  1742  4248
 2041   191  2697
 2042  1146  2101
 2043   550  3056
 2044  5562  1505
 2045  4011  2460
 2046  9023   909
 2047  3415  9978
 2048  1864   313
 2049  6876  2819
 2050  5325  1268
 2051  3774  2223
 2052  8786   672
 2053  3178  1627
 2054    76  6639
 2055  2582  5088
 2056  1031  7594
 2057  3537  1986
 2058   435  2941
 2059  1390  2345
 2060   794  7357
 2061  3300  1749
 2062   198  2704
 2063  1153  2108
 2064   557  7120
 2065  3063  9626
 2066  1512 10581
 2067  2467   916
 2068  3422  1871
 2069  8434   320
 2070  2826  9389
 2071  1275  6287
 2072  2230  4736
 2073   679  3185
 2074  1634    83
 2075  2589  1038
 2076  6050  1993
 2077  4499   442
 2078  2948  1397
 2079  2352   801
 2080  3307  5813
 2081  1756  4262
 2082   205  2711
 2083  1160 10229
 2084  2115   564
 2085  3070  5576
 2086  1519  8082
 2087  4025  2474
 2088  9037   923
 2089  3429  9992
 2090  1878   327
 2091  2833  1282
 2092  7845  2237
 2093   686  3192
 2094  1641    90
 2095  2596  1045
 2096  7608  2000
 2097   449  2955
 2098  1404  2359
 2099   808  7371
 2100  3314  9877
 2101  1763   212
 2102  6775  2718
 2103  5224  1167
 2104  3673  2122
 2105  8685   571
 2106  7134  3077
 2107  9640  1526
 2108 10595  6538
 2109  2481  4987
 2110   930  3436
 2111  1885  8448
 2112   334  2840
 2113  1289  6301
 2114  2244  4750
 2115   693  3199
 2116  1648    97
 2117  2603  1052
 2118  6064  2007
 2119  4513   456
 2120  2962  1411
 2121 10480  2366
 2122   815  3321
 2123  5827  1770
 2124  4276   219
 2125  2725  9288
 2126  1174 10243
 2127  2129   578
 2128  3084  1533
 2129  8096  2488
 2130  9051   937
 2131  3443  1892
 2132   341  2847
 2133  1296  7859
 2134  2251   700
 2135  3206  1655
 2136   104  2610
 2137  1059  7622
 2138  2014   463
 2139  7026  2969
 2140  5475  1418
 2141  3924  2373
 2142  8936   822
 2143  3328  9891
 2144  1777   226
 2145  6789  2732
 2146  5238  1181
 2147  3687  2136
 2148  8699   585
 2149  3091  9654
 2150  1540  6552
 2151  2495  5001
 2152   944  3450
 2153  1899   348
 2154  2854  1303
 2155  6315  2258
 2156  4764   707
 2157  7270  3213
 2158  1662   111
 2159  2617  1066
 2160  2021   470
 2161  2976  9539
 2162  1425 10494
 2163  2380   829
 2164  3335  1784
 2165  8347   233
 2166  2739  9302
 2167  1188 10257
 2168  2143   592
 2169  3098  1547
 2170  8110  2502
 2171   951  3457
 2172  5963  1906
 2173  4412   355
 2174  2861  1310
 2175  7873  2265
 2176   714  3220
 2177  5726  1669
 2178  4175   118
 2179  2624  1073
 2180 10142  2028
 2181   477  7040
 2182  2983  5489
 2183  1432  3938
 2184  2387  8950
 2185   836  3342
 2186  9905  1791
 2187   240  6803
 2188  2746  5252
 2189  1195  3701
 2190  2150  8713
 2191   599  3105
 2192  1554     3
 2193  6566  2509
 2194  5015   958
 2195  7521  3464
 2196  1913   362
 2197  2868  1317
 2198  2272   721
 2199  7284  3227
 2200  1676   125
 2201  2631  1080
 2202  2035  8598
 2203   484  2990
 2204  9553  1439
 2205 10508  2394
 2206   843  3349
 2207  1798  8361
 2208   247  2753
 2209  9316  1202
 2210  6214  2157
 2211  4663   606
 2212  3112  1561
 2213    10  2516
 2214   965  3471
 2215  5977  1920
 2216  4426   369
 2217  2875  1324
 2218  2279   728
 2219  3234  5740
 2220  1683  4189
 2221   132  2638
 2222  9201  1087
 2223 10156  2042
 2224   491  7054
 2225  2997  5503
 2226  1446  8009
 2227  3952  2401
 2228  8964   850
 2229  3356  9919
 2230  1805   254
 2231  2760  1209
 2232  7772  2164
 2233   613  3119
 2234  1568    17
 2235  2523   972
 2236  7535  3478
 2237  1927   376
 2238  2882  1331
 2239  2286   735
 2240  7298  3241
 2241  9804  1690
 2242   139  6702
 2243  2645  5151
 2244  1094  3600
 2245  2049  8612
 2246   498  3004
 2247  9567  1453
 2248 10522  6465
 2249  2408  4914
 2250   857  3363
 2251  1812  8375
 2252   261  2767
 2253  1216  6228
 2254  2171  4677
 2255   620  3126
 2256  1575    24
 2257  2530   979
 2258  3485  5991
 2259  1934  4440
 2260   383  2889
 2261  1338 10407
 2262  2293   742
 2263  3248  5754
 2264  1697  8260
 2265  4203   146
 2266  2652  9215
 2267  1101 10170
 2268  2056   505
 2269  3011  1460
 2270  8023  2415
 2271  8978   864
 2272  3370  1819
 2273   268  2774
 2274  1223  7786
 2275  2178   627
 2276  3133  1582
 2277    31  2537
 2278   986  7549
 2279  3492  1941
 2280   390  6953
 2281  2896  5402
 2282  1345  3851
 2283  2300  8863
 2284   749  7312
 2285  3255  9818
 2286  1704   153
 2287  6716  2659
 2288  5165  1108
 2289  3614  2063
 2290  8626   512
 2291  3018  9581
 2292  1467  6479
 2293  2422  4928
 2294   871  3377
 2295  1826   275
 2296  2781  1230
 2297  6242  2185
 2298  4691   634
 2299  7197  3140
 2300  1589    38
 2301  2544   993
 2302  3499  1948
 2303   397  2903
 2304  9466  1352
 2305 10421  2307
 2306   756  3262
 2307  1711  8274
 2308   160  2666
 2309  9229  1115
 2310 10184  2070
 2311   519  3025
 2312  1474  8037
 2313  2429   878
 2314  3384  5890
 2315  1833  4339
 2316   282  2788
 2317  1237  7800
 2318  2192   641
 2319  3147  5653
 2320  1596  4102
 2321    45  2551
 2322  1000  3506
 2323 10069  1955
 2324   404  6967
 2325  2910  5416
 2326  1359  3865
 2327  2314  8877
 2328   763  3269
 2329  9832  1718
 2330   167  6730
 2331  2673  5179
 2332  1122  3628
 2333  2077  8640
 2334   526  3032
 2335  1481  6493
 2336  2436  4942
 2337   885  7448
 2338  3391  1840
 2339   289  2795
 2340  1244  2199
 2341   648  7211
 2342  3154  1603
 2343    52  2558
 2344  1007  3513
 2345  1962  8525
 2346   411  2917
 2347  9480  1366
 2348 10435  2321
 2349   770  3276
 2350  1725  8288
 2351   174  2680
 2352  9243  1129
 2353  6141  2084
 2354  4590   533
 2355  3039  1488
 2356  8051  2443
 2357   892  3398
 2358  5904  1847
 2359  4353   296
 2360  2802  1251
 2361  2206   655
 2362  3161  5667
 2363  1610  4116
 2364    59  2565
 2365  9128  1014
 2366  3520 10083
 2367  1969   418
 2368  6981  2924
 2369  5430  1373
 2370  7936  3879
 2371  2328  8891
 2372   777  3283
 2373  9846  1732
 2374   181  2687
 2375  1136  7699
 2376  2091   540
 2377  3046  1495
 2378  2450   899
 2379  7462  3405
 2380  1854   303
 2381  2809  1258
 2382  2213   662
 2383  7225  3168
 2384  9731  1617
 2385    66  6629
 2386  2572  5078
 2387  1021  3527
 2388  1976  8539
 2389   425  2931
 2390  9494  1380
 2391  6392  2335
 2392  4841   784
 2393  3290  1739
 2394  8302   188
 2395  2694  1143
 2396  6155  2098
 2397  4604   547
 2398  3053  1502
 2399  2457   906
 2400  3412  5918
 2401  1861  4367
 2402   310  2816
 2403  1265 10334
 2404  2220   669
 2405  3175  5681
 2406  1624  8187
 2407  4130    73
 2408  2579  9142
 2409  1028  3534
 2410 10097  1983
 2411   432  2938
 2412  1387  7950
 2413  2342  8905
 2414   791  3297
 2415  1746   195
 2416  2701  1150
 2417  7713  2105
 2418   554  3060
 2419  1509  2464
 2420   913  7476
 2421  3419  1868
 2422   317  6880
 2423  2823  5329
 2424  1272  3778
 2425  2227  8790
 2426   676  7239
 2427  3182  9745
 2428  1631    80
 2429  6643  2586
 2430  5092  1035
 2431  3541  1990
 2432  8553   439
 2433  2945  1394
 2434  6406  2349
 2435  4855   798
 2436  3304  1753
 2437   202  2708
 2438  1157  6169
 2439  2112  4618
 2440   561  7124
 2441  3067  1516
 2442  2471   920
 2443  3426  1875
 2444  4381   324
 2445  2830  9393
 2446  1279 10348
 2447  2234   683
 2448  3189  1638
 2449  8201    87
 2450  2593  9156
 2451  1042  1997
 2452   446  2952
 2453  1401  7964
 2454  2356   805
 2455  3311  5817
 2456  1760  4266
 2457   209  2715
 2458  1164  7727
 2459  2119   568
 2460  3074  5580
 2461  1523  4029
 2462  2478   927
 2463  3433  9996
 2464  1882   331
 2465  6894  2837
 2466  5343  1286
 2467  3792  2241
 2468  8804   690
 2469  3196  9759
 2470  1645    94
 2471  6657  2600
 2472  5106  1049
 2473  3555  2004
 2474   453  2959
 2475  1408  6420
 2476  2363  4869
 2477   812  7375
 2478  3318  1767
 2479   216  2722
 2480  1171  2126
 2481   575  7138
 2482  3081  1530
 2483 10599  2485
 2484   934  3440
 2485  1889  8452
 2486   338  2844
 2487  9407  1293
 2488 10362  2248
 2489   697  3203
 2490  1652  8215
 2491   101  2607
 2492  1056  6068
 2493  2011  4517
 2494   460  2966
 2495  1415  7978
 2496  2370   819
 2497  3325  5831
 2498  1774  4280
 2499   223  2729
 2500  1178 10247
 2501  2133   582
 2502  3088  5594
 2503  1537  4043
 2504  2492  9055
 2505   941  3447
 2506 10010  1896
 2507   345  6908
 2508  2851  5357
 2509  1300  7863
 2510  3806  2255
 2511  8818   704
 2512  3210  1659
 2513   108  2614
 2514  5120  1063
 2515  7626  3569
 2516  2018   467
 2517  2973  1422
 2518  2377   826
 2519  7389  3332
 2520  1781   230
 2521  2736  1185
 2522  2140   589
 2523  7152  3095
 2524  9658  1544
 2525 10613  6556
 2526  2499  5005
 2527   948  3454
 2528  1903  8466
 2529   352  2858
 2530  9421  1307
 2531  6319  2262
 2532  4768   711
 2533  3217  1666
 2534   115  2621
 2535  1070  6082
 2536  2025  4531
 2537   474  2980
 2538  1429  2384
 2539   833  3339
 2540  5845  1788
 2541  4294   237
 2542  2743  1192
 2543 10261  2147
 2544   596  3102
 2545  5608  1551
 2546  8114  4057
