R80T1QL9
Channel Interleaving, Puncturing and Mapping to QPSK

Symbol	b1 	b0 
    0     0  3029
    1  1158  4187
    2  2316   445
    3  3474  1603
    4  4632  2761
    5   890  3919
    6  2048   177
    7  3206  1335
    8  4364  2493
    9   622  3651
   10  1780  4809
   11  2938  1067
   12  4096  2225
   13   354  3383
   14  1512  4541
   15  2670   799
   16  3828  1957
   17    86  3115
   18  1244  4273
   19  2402   531
   20  3560  1689
   21  4718  2847
   22   976  4005
   23  2134   263
   24  3292  1421
   25  4450  2579
   26   708  3737
   27  1866  4895
   28  3024  1153
   29  4182  2311
   30   440  3469
   31  1598  4627
   32  2756   885
   33  3914  2043
   34   172  3201
   35  1330  4359
   36  2488   617
   37  3646  1775
   38  4804  2933
   39  1062  4091
   40  2220   349
   41  3378  1507
   42  4536  2665
   43   794  3823
   44  1952    81
   45  3110  1239
   46  4268  2397
   47   526  3555
   48  1684  4713
   49  2842   971
   50  4000  2129
   51   258  3287
   52  1416  4445
   53  2574   703
   54  3732  1861
   55  4890  3019
   56  1148  4177
   57  2306   435
   58  3464  1593
   59  4622  2751
   60   880  3909
   61  2038   167
   62  3196  1325
   63  4354  2483
   64   612  3641
   65  1770  4799
   66  2928  1057
   67  4086  2215
   68   344  3373
   69  1502  4531
   70  2660   789
   71  3818  1947
   72    76  3105
   73  1234  4263
   74  2392   521
   75  3550  1679
   76  4708  2837
   77   966  3995
   78  2124   253
   79  3282  1411
   80  4440  2569
   81   698  3727
   82  1856  4885
   83  3014  1143
   84  4172  2301
   85   430  3459
   86  1588  4617
   87  2746   875
   88  3904  2033
   89   162  3191
   90  1320  4349
   91  2478   607
   92  3636  1765
   93  4794  2923
   94  1052  4081
   95  2210   339
   96  3368  1497
   97  4526  2655
   98   784  3813
   99  1942    71
  100  3100  1229
  101  4258  2387
  102   516  3545
  103  1674  4703
  104  2832   961
  105  3990  2119
  106   248  3277
  107  1406  4435
  108  2564   693
  109  3722  1851
  110  4880  3009
  111  1138  4167
  112  2296   425
  113  3454  1583
  114  4612  2741
  115   870  3899
  116  2028   157
  117  3186  1315
  118  4344  2473
  119   602  3631
  120  1760  4789
  121  2918  1047
  122  4076  2205
  123   334  3363
  124  1492  4521
  125  2650   779
  126  3808  1937
  127    66  3095
  128  1224  4253
  129  2382   511
  130  3540  1669
  131  4698  2827
  132   956  3985
  133  2114   243
  134  3272  1401
  135  4430  2559
  136   688  3717
  137  1846  4875
  138  3004  1133
  139  4162  2291
  140   420  3449
  141  1578  4607
  142  2736   865
  143  3894  2023
  144   152  3181
  145  1310  4339
  146  2468   597
  147  3626  1755
  148  4784  2913
  149  1042  4071
  150  2200   329
  151  3358  1487
  152  4516  2645
  153   774  3803
  154  1932    61
  155  3090  1219
  156  4248  2377
  157   506  3535
  158  1664  4693
  159  2822   951
  160  3980  2109
  161   238  3267
  162  1396  4425
  163  2554   683
  164  3712  1841
  165  4870  2999
  166  1128  4157
  167  2286   415
  168  3444  1573
  169  4602  2731
  170   860  3889
  171  2018   147
  172  3176  1305
  173  4334  2463
  174   592  3621
  175  1750  4779
  176  2908  1037
  177  4066  2195
  178   324  3353
  179  1482  4511
  180  2640   769
  181  3798  1927
  182    56  3085
  183  1214  4243
  184  2372   501
  185  3530  1659
  186  4688  2817
  187   946  3975
  188  2104   233
  189  3262  1391
  190  4420  2549
  191   678  3707
  192  1836  4865
  193  2994  1123
  194  4152  2281
  195   410  3439
  196  1568  4597
  197  2726   855
  198  3884  2013
  199   142  3171
  200  1300  4329
  201  2458   587
  202  3616  1745
  203  4774  2903
  204  1032  4061
  205  2190   319
  206  3348  1477
  207  4506  2635
  208   764  3793
  209  1922    51
  210  3080  1209
  211  4238  2367
  212   496  3525
  213  1654  4683
  214  2812   941
  215  3970  2099
  216   228  3257
  217  1386  4415
  218  2544   673
  219  3702  1831
  220  4860  2989
  221  1118  4147
  222  2276   405
  223  3434  1563
  224  4592  2721
  225   850  3879
  226  2008   137
  227  1295  4324
  228  2453   582
  229  3611  1740
  230  4769  2898
  231  1027  4056
  232  2185   314
  233  3343  1472
  234  4501  2630
  235   759  3788
  236  1917    46
  237  3075  1204
  238  4233  2362
  239   491  3520
  240  1649  4678
  241  2807   936
  242  3965  2094
  243   223  3252
  244  1381  4410
  245  2539   668
  246  3697  1826
  247  4855  2984
  248  1113  4142
  249  2271   400
  250  3429  1558
  251  4587  2716
  252   845  3874
  253  2003   132
  254  3161  1290
  255  4319  2448
  256   577  3606
  257  1735  4764
  258  2893  1022
  259  4051  2180
  260   309  3338
  261  1467  4496
  262  2625   754
  263  3783  1912
  264    41  3070
  265  1199  4228
  266  2357   486
  267  3515  1644
  268  4673  2802
  269   931  3960
  270  2089   218
  271  3247  1376
  272  4405  2534
  273   663  3692
  274  1821  4850
  275  2979  1108
  276  4137  2266
  277   395  3424
  278  1553  4582
  279  2711   840
  280  3869  1998
  281   127  3156
  282  1285  4314
  283  2443   572
  284  3601  1730
  285  4759  2888
  286  1017  4046
  287  2175   304
  288  3333  1462
  289  4491  2620
  290   749  3778
  291  1907    36
  292  3065  1194
  293  4223  2352
  294   481  3510
  295  1639  4668
  296  2797   926
  297  3955  2084
  298   213  1371
  299  4400  2529
  300   658  3687
  301  1816  4845
  302  2974  1103
  303  4132  2261
  304   390  3419
  305  1548  4577
  306  2706   835
  307  3864  1993
  308   122  3151
  309  1280  4309
  310  2438   567
  311  3596  1725
  312  4754  2883
  313  1012  4041
  314  2170   299
  315  3328  1457
  316  4486  2615
  317   744  3773
  318  1902    31
  319  3060  1189
  320  4218  2347
  321   476  3505
  322  1634  4663
  323  2792   921
  324  3950  2079
  325   208  3237
  326  1366  4395
  327  2524   653
  328  3682  1811
  329  4840  2969
  330  1098  4127
  331  2256   385
  332  3414  1543
  333  4572  2701
  334   830  3859
  335  1988   117
  336  3146  1275
  337  4304  2433
  338   562  3591
  339  1720  4749
  340  2878  1007
  341  4036  2165
  342   294  3323
  343  1452  4481
  344  2610   739
  345  3768  1897
  346    26  3055
  347  1184  4213
  348  2342   471
  349  3500  1629
  350  4658  2787
  351   916  3945
  352  2074   203
  353  3232  1361
  354  4390  2519
  355   648  3677
  356  1806  4835
  357  2964  1093
  358  4122  2251
  359   380  3409
  360  1538  4567
  361  2696   825
  362  3854  1983
  363   112  3141
  364  1270  4299
  365  2428   557
  366  3586  1715
  367  4744  2873
  368  1002  4031
  369  2160   289
  370  3318  1447
  371  4476  2605
  372   734  3763
  373  1892    21
  374  3050  1179
  375  4208  2337
  376   466  3495
  377  1624  4653
  378  2782   911
  379  3940  2069
  380   198  3227
  381  1356  4385
  382  2514   643
  383  3672  1801
  384  4830  2959
  385  1088  4117
  386  2246   375
  387  3404  1533
  388  4562  2691
  389   820  3849
  390  1978   107
  391  3136  1265
  392  4294  2423
  393   552  3581
  394  1710  4739
  395  2868   997
  396  4026  2155
  397   284  3313
  398  1442  4471
  399  2600   729
  400  3758  1887
  401    16  3045
  402  1174  4203
  403  2332   461
  404  3490  1619
  405  4648  2777
  406   906  3935
  407  2064   193
  408  3222  1351
  409  4380  2509
  410   638  3667
  411  1796  4825
  412  2954  1083
  413  4112  2241
  414   370  3399
  415  1528  4557
  416  2686   815
  417  3844  1973
  418   102  3131
  419  1260  4289
  420  2418   547
  421  3576  1705
  422  4734  2863
  423   992  4021
  424  2150   279
  425  3308  1437
  426  4466  2595
  427   724  3753
  428  1882    11
  429  3040  1169
  430  4198  2327
  431   456  3485
  432  1614  4643
  433  2772   901
  434  3930  2059
  435   188  3217
  436  1346  4375
  437  2504   633
  438  3662  1791
  439  4820  2949
  440  1078  4107
  441  2236   365
  442  3394  1523
  443  4552  2681
  444   810  3839
  445  1968    97
  446  3126  1255
  447  4284  2413
  448   542  3571
  449  1700  4729
  450  2858   987
  451  4016  2145
  452   274  3303
  453  1432  4461
  454  2590   719
  455  3748  1877
  456     6  3035
  457  1164  4193
  458  2322   451
  459  3480  1609
  460  4638  2767
  461   896  3925
  462  2054   183
  463  3212  1341
  464  4370  2499
  465   628  3657
  466  1786  4815
  467  2944  1073
  468  4102  2231
  469   360  3389
  470  1518  4547
  471  2676   805
  472  3834  1963
  473    92  3121
  474  1250  4279
  475  2408   537
  476  3566  1695
  477  4724  2853
  478   982  4011
  479  2140   269
  480  3298  1427
  481  4456  2585
  482   714  3743
  483  1872     1
  484  3030  1159
  485  4188  2317
  486   446  3475
  487  1604  4633
  488  2762   891
  489  3920  2049
  490   178  3207
  491  1336  4365
  492  2494   623
  493  3652  1781
  494  4810  2939
  495  1068  4097
  496  2226   355
  497  3384  1513
  498  4542  2671
  499   800  3829
  500  1958    87
  501  3116  1245
  502  4274  2403
  503   532  3561
  504  1690  4719
  505  2848   977
  506  4006  2135
  507   264  3293
  508  1422  4451
  509  2580   709
  510  3738  1867
  511  4896  3025
  512  1154  4183
  513  2312   441
  514  3470  1599
  515  4628  2757
  516   886  3915
  517  2044   173
  518  3202  1331
  519  4360  2489
  520   618  3647
  521  1776  4805
  522  2934  1063
  523  4092  2221
  524   350  3379
  525  1508  4537
  526  2666   795
  527  3824  1953
  528    82  3111
  529  1240  4269
  530  2398   527
  531  3556  1685
  532  4714  2843
  533   972  4001
  534  2130   259
  535  3288  1417
  536  4446  2575
  537   704  3733
  538  1862  4891
  539  3020  1149
  540  4178  2307
  541   436  3465
  542  1594  4623
  543  2752   881
  544  3910  2039
  545   168  3197
  546  1326  4355
  547  2484   613
  548  3642  1771
  549  4800  2929
  550  1058  4087
  551  2216   345
  552  3374  1503
  553  4532  2661
  554   790  3819
  555  1948    77
  556  3106  1235
  557  4264  2393
  558   522  3551
  559  1680  4709
  560  2838   967
  561  3996  2125
  562   254  3283
  563  1412  4441
  564  2570   699
  565  3728  1857
  566  4886  1144
  567  4173  2302
  568   431  3460
  569  1589  4618
  570  2747   876
  571  3905  2034
  572   163  3192
  573  1321  4350
  574  2479   608
  575  3637  1766
  576  4795  2924
  577  1053  4082
  578  2211   340
  579  3369  1498
  580  4527  2656
  581   785  3814
  582  1943    72
  583  3101  1230
  584  4259  2388
  585   517  3546
  586  1675  4704
  587  2833   962
  588  3991  2120
  589   249  3278
  590  1407  4436
  591  2565   694
  592  3723  1852
  593  4881  3010
  594  1139  4168
  595  2297   426
  596  3455  1584
  597  4613  2742
  598   871  3900
  599  2029   158
  600  3187  1316
  601  4345  2474
  602   603  3632
  603  1761  4790
  604  2919  1048
  605  4077  2206
  606   335  3364
  607  1493  4522
  608  2651   780
  609  3809  1938
  610    67  3096
  611  1225  4254
  612  2383   512
  613  3541  1670
  614  4699  2828
  615   957  3986
  616  2115   244
  617  3273  1402
  618  4431  2560
  619   689  3718
  620  1847  4876
  621  3005  1134
  622  4163  2292
  623   421  3450
  624  1579  4608
  625  2737   866
  626  3895  2024
  627   153  3182
  628  1311  4340
  629  2469   598
  630  3627  1756
  631  4785  2914
  632  1043  4072
  633  2201   330
  634  3359  1488
  635  4517  2646
  636   775  3804
  637  1933    62
  638  1220  4249
  639  2378   507
  640  3536  1665
  641  4694  2823
  642   952  3981
  643  2110   239
  644  3268  1397
  645  4426  2555
  646   684  3713
  647  1842  4871
  648  3000  1129
  649  4158  2287
  650   416  3445
  651  1574  4603
  652  2732   861
  653  3890  2019
  654   148  3177
  655  1306  4335
  656  2464   593
  657  3622  1751
  658  4780  2909
  659  1038  4067
  660  2196   325
  661  3354  1483
  662  4512  2641
  663   770  3799
  664  1928    57
  665  3086  1215
  666  4244  2373
  667   502  3531
  668  1660  4689
  669  2818   947
  670  3976  2105
  671   234  3263
  672  1392  4421
  673  2550   679
  674  3708  1837
  675  4866  2995
  676  1124  4153
  677  2282   411
  678  3440  1569
  679  4598  2727
  680   856  3885
  681  2014   143
  682  3172  1301
  683  4330  2459
  684   588  3617
  685  1746  4775
  686  2904  1033
  687  4062  2191
  688   320  3349
  689  1478  4507
  690  2636   765
  691  3794  1923
  692    52  3081
  693  1210  4239
  694  2368   497
  695  3526  1655
  696  4684  2813
  697   942  3971
  698  2100   229
  699  3258  1387
  700  4416  2545
  701   674  3703
  702  1832  4861
  703  2990  1119
  704  4148  2277
  705   406  3435
  706  1564  4593
  707  2722   851
  708  3880  2009
  709   138  3167
  710  1296  4325
  711  2454   583
  712  3612  1741
  713  4770  2899
  714  1028  4057
  715  2186   315
  716  3344  1473
  717  4502  2631
  718   760  3789
  719  1918    47
  720  3076  1205
  721  4234  2363
  722   492  3521
  723  1650  4679
  724  2808   937
  725  3966  2095
  726   224  3253
  727  1382  4411
  728  2540   669
  729  3698  1827
  730  4856  2985
  731  1114  4143
  732  2272   401
  733  3430  1559
  734  4588  2717
  735   846  3875
  736  2004   133
  737  3162  1291
  738  4320  2449
  739   578  3607
  740  1736  4765
  741  2894  1023
  742  4052  2181
  743   310  3339
  744  1468  4497
  745  2626   755
  746  3784  1913
  747    42  3071
  748  1200  4229
  749  2358   487
  750  3516  1645
  751  4674  2803
  752   932  3961
  753  2090   219
  754  3248  1377
  755  4406  2535
  756   664  3693
  757  1822  4851
  758  2980  1109
  759  4138  2267
  760   396  3425
  761  1554  4583
  762  2712   841
  763  3870  1999
  764   128  3157
  765  1286  4315
  766  2444   573
  767  3602  1731
  768  4760  2889
  769  1018  4047
  770  2176   305
  771  3334  1463
  772  4492  2621
  773   750  3779
  774  1908    37
  775  3066  1195
  776  4224  2353
  777   482  3511
  778  1640  4669
  779  2798   927
  780  3956  2085
  781   214  3243
  782  1372  4401
  783  2530   659
  784  3688  1817
  785  4846  2975
  786  1104  4133
  787  2262   391
  788  3420  1549
  789  4578  2707
  790   836  3865
  791  1994   123
  792  3152  1281
  793  4310  2439
  794   568  3597
  795  1726  4755
  796  2884  1013
  797  4042  2171
  798   300  3329
  799  1458  4487
  800  2616   745
  801  3774  1903
  802    32  3061
  803  1190  4219
  804  2348   477
  805  3506  1635
  806  4664  2793
  807   922  3951
  808  2080   209
  809  3238  1367
  810  4396  2525
  811   654  3683
  812  1812  4841
  813  2970  1099
  814  4128  2257
  815   386  3415
  816  1544  4573
  817  2702   831
  818  3860  1989
  819   118  3147
  820  1276  4305
  821  2434   563
  822  3592  1721
  823  4750  2879
  824  1008  4037
  825  2166   295
  826  3324  1453
  827  4482  2611
  828   740  1898
  829    27  3056
  830  1185  4214
  831  2343   472
  832  3501  1630
  833  4659  2788
  834   917  3946
  835  2075   204
  836  3233  1362
  837  4391  2520
  838   649  3678
  839  1807  4836
  840  2965  1094
  841  4123  2252
  842   381  3410
  843  1539  4568
  844  2697   826
  845  3855  1984
  846   113  3142
  847  1271  4300
  848  2429   558
  849  3587  1716
  850  4745  2874
  851  1003  4032
  852  2161   290
  853  3319  1448
  854  4477  2606
  855   735  3764
  856  1893    22
  857  3051  1180
  858  4209  2338
  859   467  3496
  860  1625  4654
  861  2783   912
  862  3941  2070
  863   199  3228
  864  1357  4386
  865  2515   644
  866  3673  1802
  867  4831  2960
  868  1089  4118
  869  2247   376
  870  3405  1534
  871  4563  2692
  872   821  3850
  873  1979   108
  874  3137  1266
  875  4295  2424
  876   553  3582
  877  1711  4740
  878  2869   998
  879  4027  2156
  880   285  3314
  881  1443  4472
  882  2601   730
  883  3759  1888
  884    17  3046
  885  1175  4204
  886  2333   462
  887  3491  1620
  888  4649  2778
  889   907  3936
  890  2065   194
  891  3223  1352
  892  4381  2510
  893   639  3668
  894  1797  4826
  895  2955  1084
  896  4113  2242
  897   371  3400
  898  1529  4558
  899  2687   816
  900  1974   103
  901  3132  1261
  902  4290  2419
  903   548  3577
  904  1706  4735
  905  2864   993
  906  4022  2151
  907   280  3309
  908  1438  4467
  909  2596   725
  910  3754  1883
  911    12  3041
  912  1170  4199
  913  2328   457
  914  3486  1615
  915  4644  2773
  916   902  3931
  917  2060   189
  918  3218  1347
  919  4376  2505
  920   634  3663
  921  1792  4821
  922  2950  1079
  923  4108  2237
  924   366  3395
  925  1524  4553
  926  2682   811
  927  3840  1969
  928    98  3127
  929  1256  4285
  930  2414   543
  931  3572  1701
  932  4730  2859
  933   988  4017
  934  2146   275
  935  3304  1433
  936  4462  2591
  937   720  3749
  938  1878     7
  939  3036  1165
  940  4194  2323
  941   452  3481
  942  1610  4639
  943  2768   897
  944  3926  2055
  945   184  3213
  946  1342  4371
  947  2500   629
  948  3658  1787
  949  4816  2945
  950  1074  4103
  951  2232   361
  952  3390  1519
  953  4548  2677
  954   806  3835
  955  1964    93
  956  3122  1251
  957  4280  2409
  958   538  3567
  959  1696  4725
  960  2854   983
  961  4012  2141
  962   270  3299
  963  1428  4457
  964  2586   715
  965  3744  1873
  966     2  3031
  967  1160  4189
  968  2318   447
  969  3476  1605
  970  4634  2763
  971   892  3921
  972  2050   179
  973  3208  1337
  974  4366  2495
  975   624  3653
  976  1782  4811
  977  2940  1069
  978  4098  2227
  979   356  3385
  980  1514  4543
  981  2672   801
  982  3830  1959
  983    88  3117
  984  1246  4275
  985  2404   533
  986  3562  1691
  987  4720  2849
  988   978  4007
  989  2136   265
  990  3294  1423
  991  4452  2581
  992   710  3739
  993  1868  4897
  994  3026  1155
  995  4184  2313
  996   442  3471
  997  1600  4629
  998  2758   887
  999  3916  2045
 1000   174  3203
 1001  1332  4361
 1002  2490   619
 1003  3648  1777
 1004  4806  2935
 1005  1064  4093
 1006  2222   351
 1007  3380  1509
 1008  4538  2667
 1009   796  3825
 1010  1954    83
 1011  3112  1241
 1012  4270  2399
 1013   528  3557
 1014  1686  4715
 1015  2844   973
 1016  4002  2131
 1017   260  3289
 1018  1418  4447
 1019  2576   705
 1020  3734  1863
 1021  4892  3021
 1022  1150  4179
 1023  2308   437
 1024  3466  1595
 1025  4624  2753
 1026   882  3911
 1027  2040   169
 1028  3198  1327
 1029  4356  2485
 1030   614  3643
 1031  1772  4801
 1032  2930  1059
 1033  4088  2217
 1034   346  3375
 1035  1504  4533
 1036  2662   791
 1037  3820  1949
 1038    78  3107
 1039  1236  4265
 1040  2394   523
 1041  3552  1681
 1042  4710  2839
 1043   968  3997
 1044  2126   255
 1045  3284  1413
 1046  4442  2571
 1047   700  3729
 1048  1858  4887
 1049  3016  1145
 1050  4174  2303
 1051   432  3461
 1052  1590  4619
 1053  2748   877
 1054  3906  2035
 1055   164  3193
 1056  1322  4351
 1057  2480   609
 1058  3638  1767
 1059  4796  2925
 1060  1054  4083
 1061  2212   341
 1062  3370  1499
 1063  4528  2657
 1064   786  3815
 1065  1944    73
 1066  3102  1231
 1067  4260  2389
 1068   518  3547
 1069  1676  4705
 1070  2834   963
 1071  3992  2121
 1072   250  3279
 1073  1408  4437
 1074  2566   695
 1075  3724  1853
 1076  4882  3011
 1077  1140  4169
 1078  2298   427
 1079  3456  1585
 1080  4614  2743
 1081   872  3901
 1082  2030   159
 1083  3188  1317
 1084  4346  2475
 1085   604  3633
 1086  1762  4791
 1087  2920  1049
 1088  4078  2207
 1089   336  3365
 1090  1494  4523
 1091  2652   781
 1092  3810  1939
 1093    68  3097
 1094  1226  4255
 1095  2384   513
 1096  3542  1671
 1097  4700  2829
 1098   958  3987
 1099  2116   245
 1100  3274  1403
 1101  4432  2561
 1102   690  3719
 1103  1848  4877
 1104  3006  1135
 1105  4164  2293
 1106   422  3451
 1107  1580  4609
 1108  2738   867
 1109  3896  2025
 1110   154  3183
 1111  1312  4341
 1112  2470   599
 1113  3628  1757
 1114  4786  2915
 1115  1044  4073
 1116  2202   331
 1117  3360  1489
 1118  4518  2647
 1119   776  3805
 1120  1934    63
 1121  3092  1221
 1122  4250  2379
 1123   508  3537
 1124  1666  4695
 1125  2824   953
 1126  3982  2111
 1127   240  3269
 1128  1398  4427
 1129  2556   685
 1130  3714  1843
 1131  4872  3001
 1132  1130  4159
 1133  2288   417
 1134  3446  1575
 1135  4604  2733
 1136   862  3891
 1137  2020   149
 1138  3178  1307
 1139  4336  2465
 1140   594  3623
 1141  1752  4781
 1142  2910  1039
 1143  4068  2197
 1144   326  3355
 1145  1484  4513
 1146  2642   771
 1147  3800  1929
 1148    58  3087
 1149  1216  4245
 1150  2374   503
 1151  3532  1661
 1152  4690  2819
 1153   948  3977
 1154  2106   235
 1155  3264  1393
 1156  4422  2551
 1157   680  3709
 1158  1838  4867
 1159  2996  1125
 1160  4154  2283
 1161   412  3441
 1162  1570  4599
 1163  2728   857
 1164  3886  2015
 1165   144  3173
 1166  1302  4331
 1167  2460   589
 1168  1747  4776
 1169  2905  1034
 1170  4063  2192
 1171   321  3350
 1172  1479  4508
 1173  2637   766
 1174  3795  1924
 1175    53  3082
 1176  1211  4240
 1177  2369   498
 1178  3527  1656
 1179  4685  2814
 1180   943  3972
 1181  2101   230
 1182  3259  1388
 1183  4417  2546
 1184   675  3704
 1185  1833  4862
 1186  2991  1120
 1187  4149  2278
 1188   407  3436
 1189  1565  4594
 1190  2723   852
 1191  3881  2010
 1192   139  3168
 1193  1297  4326
 1194  2455   584
 1195  3613  1742
 1196  4771  2900
 1197  1029  4058
 1198  2187   316
 1199  3345  1474
 1200  4503  2632
 1201   761  3790
 1202  1919    48
 1203  3077  1206
 1204  4235  2364
 1205   493  3522
 1206  1651  4680
 1207  2809   938
 1208  3967  2096
 1209   225  3254
 1210  1383  4412
 1211  2541   670
 1212  3699  1828
 1213  4857  2986
 1214  1115  4144
 1215  2273   402
 1216  3431  1560
 1217  4589  2718
 1218   847  3876
 1219  2005   134
 1220  3163  1292
 1221  4321  2450
 1222   579  3608
 1223  1737  4766
 1224  2895  1024
 1225  4053  2182
 1226   311  3340
 1227  1469  4498
 1228  2627   756
 1229  3785  1914
 1230    43  3072
 1231  1201  4230
 1232  2359   488
 1233  3517  1646
 1234  4675  2804
 1235   933  3962
 1236  2091   220
 1237  3249  1378
 1238  4407  2536
 1239   665  1823
 1240  4852  2981
 1241  1110  4139
 1242  2268   397
 1243  3426  1555
 1244  4584  2713
 1245   842  3871
 1246  2000   129
 1247  3158  1287
 1248  4316  2445
 1249   574  3603
 1250  1732  4761
 1251  2890  1019
 1252  4048  2177
 1253   306  3335
 1254  1464  4493
 1255  2622   751
 1256  3780  1909
 1257    38  3067
 1258  1196  4225
 1259  2354   483
 1260  3512  1641
 1261  4670  2799
 1262   928  3957
 1263  2086   215
 1264  3244  1373
 1265  4402  2531
 1266   660  3689
 1267  1818  4847
 1268  2976  1105
 1269  4134  2263
 1270   392  3421
 1271  1550  4579
 1272  2708   837
 1273  3866  1995
 1274   124  3153
 1275  1282  4311
 1276  2440   569
 1277  3598  1727
 1278  4756  2885
 1279  1014  4043
 1280  2172   301
 1281  3330  1459
 1282  4488  2617
 1283   746  3775
 1284  1904    33
 1285  3062  1191
 1286  4220  2349
 1287   478  3507
 1288  1636  4665
 1289  2794   923
 1290  3952  2081
 1291   210  3239
 1292  1368  4397
 1293  2526   655
 1294  3684  1813
 1295  4842  2971
 1296  1100  4129
 1297  2258   387
 1298  3416  1545
 1299  4574  2703
 1300   832  3861
 1301  1990   119
 1302  3148  1277
 1303  4306  2435
 1304   564  3593
 1305  1722  4751
 1306  2880  1009
 1307  4038  2167
 1308   296  3325
 1309  1454  4483
 1310  2612   741
 1311  3770  1899
 1312    28  3057
 1313  1186  4215
 1314  2344   473
 1315  3502  1631
 1316  4660  2789
 1317   918  3947
 1318  2076   205
 1319  3234  1363
 1320  4392  2521
 1321   650  3679
 1322  1808  4837
 1323  2966  1095
 1324  4124  2253
 1325   382  3411
 1326  1540  4569
 1327  2698   827
 1328  3856  1985
 1329   114  3143
 1330  1272  4301
 1331  2430   559
 1332  3588  1717
 1333  4746  2875
 1334  1004  4033
 1335  2162   291
 1336  3320  1449
 1337  4478  2607
 1338   736  3765
 1339  1894    23
 1340  3052  1181
 1341  4210  2339
 1342   468  3497
 1343  1626  4655
 1344  2784   913
 1345  3942  2071
 1346   200  3229
 1347  1358  4387
 1348  2516   645
 1349  3674  1803
 1350  4832  2961
 1351  1090  4119
 1352  2248   377
 1353  3406  1535
 1354  4564  2693
 1355   822  3851
 1356  1980   109
 1357  3138  1267
 1358  4296  2425
 1359   554  3583
 1360  1712  4741
 1361  2870   999
 1362  4028  2157
 1363   286  3315
 1364  1444  4473
 1365  2602   731
 1366  3760  1889
 1367    18  3047
 1368  1176  4205
 1369  2334   463
 1370  3492  1621
 1371  4650  2779
 1372   908  3937
 1373  2066   195
 1374  3224  1353
 1375  4382  2511
 1376   640  3669
 1377  1798  4827
 1378  2956  1085
 1379  4114  2243
 1380   372  3401
 1381  1530  4559
 1382  2688   817
 1383  3846  1975
 1384   104  3133
 1385  1262  4291
 1386  2420   549
 1387  3578  1707
 1388  4736  2865
 1389   994  4023
 1390  2152   281
 1391  3310  1439
 1392  4468  2597
 1393   726  3755
 1394  1884    13
 1395  3042  1171
 1396  4200  2329
 1397   458  3487
 1398  1616  4645
 1399  2774   903
 1400  3932  2061
 1401   190  3219
 1402  1348  4377
 1403  2506   635
 1404  3664  1793
 1405  4822  2951
 1406  1080  4109
 1407  2238   367
 1408  3396  1525
 1409  4554  2683
 1410   812  3841
 1411  1970    99
 1412  3128  1257
 1413  4286  2415
 1414   544  3573
 1415  1702  4731
 1416  2860   989
 1417  4018  2147
 1418   276  3305
 1419  1434  4463
 1420  2592   721
 1421  3750  1879
 1422     8  3037
 1423  1166  4195
 1424  2324   453
 1425  3482  1611
 1426  4640  2769
 1427   898  3927
 1428  2056   185
 1429  3214  1343
 1430  4372  2501
 1431   630  3659
 1432  1788  4817
 1433  2946  1075
 1434  4104  2233
 1435   362  3391
 1436  1520  4549
 1437  2678   807
 1438  3836  1965
 1439    94  3123
 1440  1252  4281
 1441  2410   539
 1442  3568  1697
 1443  4726  2855
 1444   984  4013
 1445  2142   271
 1446  3300  1429
 1447  4458  2587
 1448   716  3745
 1449  1874     3
 1450  3032  1161
 1451  4190  2319
 1452   448  3477
 1453  1606  4635
 1454  2764   893
 1455  3922  2051
 1456   180  3209
 1457  1338  4367
 1458  2496   625
 1459  3654  1783
 1460  4812  2941
 1461  1070  4099
 1462  2228   357
 1463  3386  1515
 1464  4544  2673
 1465   802  3831
 1466  1960    89
 1467  3118  1247
 1468  4276  2405
 1469   534  3563
 1470  1692  4721
 1471  2850   979
 1472  4008  2137
 1473   266  3295
 1474  1424  4453
 1475  2582   711
 1476  3740  1869
 1477  4898  3027
 1478  1156  4185
 1479  2314   443
 1480  3472  1601
 1481  4630  2759
 1482   888  3917
 1483  2046   175
 1484  3204  1333
 1485  4362  2491
 1486   620  3649
 1487  1778  4807
 1488  2936  1065
 1489  4094  2223
 1490   352  3381
 1491  1510  4539
 1492  2668   797
 1493  3826  1955
 1494    84  3113
 1495  1242  4271
 1496  2400   529
 1497  3558  1687
 1498  4716  2845
 1499   974  4003
 1500  2132   261
 1501  3290  1419
 1502  4448  2577
 1503   706  3735
 1504  1864  4893
 1505  3022  1151
 1506  4180  2309
 1507   438  3467
 1508  1596  4625
 1509  2754   883
 1510  3912  2041
 1511   170  3199
 1512  1328  4357
 1513  2486   615
 1514  3644  1773
 1515  4802  2931
 1516  1060  4089
 1517  2218   347
 1518  3376  1505
 1519  4534  2663
 1520   792  3821
 1521  1950    79
 1522  3108  1237
 1523  4266  2395
 1524   524  3553
 1525  1682  4711
 1526  2840   969
 1527  3998  2127
 1528   256  3285
 1529  1414  4443
 1530  2572   701
 1531  3730  1859
 1532  4888  3017
 1533  1146  4175
 1534  2304   433
 1535  3462  1591
 1536  4620  2749
 1537   878  3907
 1538  2036   165
 1539  3194  1323
 1540  4352  2481
 1541   610  3639
 1542  1768  4797
 1543  2926  1055
 1544  4084  2213
 1545   342  3371
 1546  1500  4529
 1547  2658   787
 1548  3816  1945
 1549    74  3103
 1550  1232  4261
 1551  2390   519
 1552  3548  1677
 1553  4706  2835
 1554   964  3993
 1555  2122   251
 1556  3280  1409
 1557  4438  2567
 1558   696  3725
 1559  1854  4883
 1560  3012  1141
 1561  4170  2299
 1562   428  3457
 1563  1586  4615
 1564  2744   873
 1565  3902  2031
 1566   160  3189
 1567  1318  4347
 1568  2476   605
 1569  3634  1763
 1570  4792  2921
 1571  1050  4079
 1572  2208   337
 1573  3366  1495
 1574  4524  2653
 1575   782  3811
 1576  1940    69
 1577  3098  1227
 1578  4256  2385
 1579   514  1672
 1580  4701  2830
 1581   959  3988
 1582  2117   246
 1583  3275  1404
 1584  4433  2562
 1585   691  3720
 1586  1849  4878
 1587  3007  1136
 1588  4165  2294
 1589   423  3452
 1590  1581  4610
 1591  2739   868
 1592  3897  2026
 1593   155  3184
 1594  1313  4342
 1595  2471   600
 1596  3629  1758
 1597  4787  2916
 1598  1045  4074
 1599  2203   332
 1600  3361  1490
 1601  4519  2648
 1602   777  3806
 1603  1935    64
 1604  3093  1222
 1605  4251  2380
 1606   509  3538
 1607  1667  4696
 1608  2825   954
 1609  3983  2112
 1610   241  3270
 1611  1399  4428
 1612  2557   686
 1613  3715  1844
 1614  4873  3002
 1615  1131  4160
 1616  2289   418
 1617  3447  1576
 1618  4605  2734
 1619   863  3892
 1620  2021   150
 1621  3179  1308
 1622  4337  2466
 1623   595  3624
 1624  1753  4782
 1625  2911  1040
 1626  4069  2198
 1627   327  3356
 1628  1485  4514
 1629  2643   772
 1630  3801  1930
 1631    59  3088
 1632  1217  4246
 1633  2375   504
 1634  3533  1662
 1635  4691  2820
 1636   949  3978
 1637  2107   236
 1638  3265  1394
 1639  4423  2552
 1640   681  3710
 1641  1839  4868
 1642  2997  1126
 1643  4155  2284
 1644   413  3442
 1645  1571  4600
 1646  2729   858
 1647  3887  2016
 1648   145  3174
 1649  1303  4332
 1650  2461   590
 1651  3619  1748
 1652  4777  2906
 1653  1035  4064
 1654  2193   322
 1655  3351  1480
 1656  4509  2638
 1657   767  3796
 1658  1925    54
 1659  3083  1212
 1660  4241  2370
 1661   499  3528
 1662  1657  4686
 1663  2815   944
 1664  3973  2102
 1665   231  3260
 1666  1389  4418
 1667  2547   676
 1668  3705  1834
 1669  4863  2992
 1670  1121  4150
 1671  2279   408
 1672  3437  1566
 1673  4595  2724
 1674   853  3882
 1675  2011   140
 1676  3169  1298
 1677  4327  2456
 1678   585  3614
 1679  1743  4772
 1680  2901  1030
 1681  4059  2188
 1682   317  3346
 1683  1475  4504
 1684  2633   762
 1685  3791  1920
 1686    49  3078
 1687  1207  4236
 1688  2365   494
 1689  3523  1652
 1690  4681  2810
 1691   939  3968
 1692  2097   226
 1693  3255  1384
 1694  4413  2542
 1695   671  3700
 1696  1829  4858
 1697  2987  1116
 1698  4145  2274
 1699   403  3432
 1700  1561  4590
 1701  2719   848
 1702  3877  2006
 1703   135  3164
 1704  1293  4322
 1705  2451   580
 1706  3609  1738
 1707  4767  2896
 1708  1025  4054
 1709  2183   312
 1710  3341  1470
 1711  4499  2628
 1712   757  3786
 1713  1915    44
 1714  3073  1202
 1715  4231  2360
 1716   489  3518
 1717  1647  4676
 1718  2805   934
 1719  3963  2092
 1720   221  3250
 1721  1379  4408
 1722  2537   666
 1723  3695  1824
 1724  4853  2982
 1725  1111  4140
 1726  2269   398
 1727  3427  1556
 1728  4585  2714
 1729   843  3872
 1730  2001   130
 1731  3159  1288
 1732  4317  2446
 1733   575  3604
 1734  1733  4762
 1735  2891  1020
 1736  4049  2178
 1737   307  3336
 1738  1465  4494
 1739  2623   752
 1740  3781  1910
 1741    39  3068
 1742  1197  4226
 1743  2355   484
 1744  3513  1642
 1745  4671  2800
 1746   929  3958
 1747  2087   216
 1748  3245  1374
 1749  4403  2532
 1750   661  3690
 1751  1819  4848
 1752  2977  1106
 1753  4135  2264
 1754   393  3422
 1755  1551  4580
 1756  2709   838
 1757  3867  1996
 1758   125  3154
 1759  1283  4312
 1760  2441   570
 1761  3599  1728
 1762  4757  2886
 1763  1015  4044
 1764  2173   302
 1765  3331  1460
 1766  4489  2618
 1767   747  3776
 1768  1905    34
 1769  3063  1192
 1770  4221  2350
 1771   479  3508
 1772  1637  4666
 1773  2795   924
 1774  3953  2082
 1775   211  3240
 1776  1369  4398
 1777  2527   656
 1778  3685  1814
 1779  4843  2972
 1780  1101  4130
 1781  2259   388
 1782  3417  1546
 1783  4575  2704
 1784   833  3862
 1785  1991   120
 1786  3149  1278
 1787  4307  2436
 1788   565  3594
 1789  1723  4752
 1790  2881  1010
 1791  4039  2168
 1792   297  3326
 1793  1455  4484
 1794  2613   742
 1795  3771  1900
 1796    29  3058
 1797  1187  4216
 1798  2345   474
 1799  3503  1632
 1800  4661  2790
 1801   919  3948
 1802  2077   206
 1803  3235  1364
 1804  4393  2522
 1805   651  3680
 1806  1809  4838
 1807  2967  1096
 1808  4125  2254
 1809   383  3412
 1810  1541  4570
 1811  2699   828
 1812  3857  1986
 1813   115  3144
 1814  1273  4302
 1815  2431   560
 1816  3589  1718
 1817  4747  2876
 1818  1005  4034
 1819  2163   292
 1820  3321  1450
 1821  4479  2608
 1822   737  3766
 1823  1895    24
 1824  3053  1182
 1825  4211  2340
 1826   469  3498
 1827  1627  4656
 1828  2785   914
 1829  3943  2072
 1830   201  3230
 1831  1359  4388
 1832  2517   646
 1833  3675  1804
 1834  4833  2962
 1835  1091  4120
 1836  2249   378
 1837  3407  1536
 1838  4565  2694
 1839   823  3852
 1840  1981   110
 1841  3139  1268
 1842  4297  2426
 1843   555  3584
 1844  1713  4742
 1845  2871  1000
 1846  4029  2158
 1847   287  3316
 1848  1445  4474
 1849  2603   732
 1850  3761  1890
 1851    19  3048
 1852  1177  4206
 1853  2335   464
 1854  3493  1622
 1855  4651  2780
 1856   909  3938
 1857  2067   196
 1858  3225  1354
 1859  4383  2512
 1860   641  3670
 1861  1799  4828
 1862  2957  1086
 1863  4115  2244
 1864   373  3402
 1865  1531  4560
 1866  2689   818
 1867  3847  1976
 1868   105  3134
 1869  1263  4292
 1870  2421   550
 1871  3579  1708
 1872  4737  2866
 1873   995  4024
 1874  2153   282
 1875  3311  1440
 1876  4469  2598
 1877   727  3756
 1878  1885    14
 1879  3043  1172
 1880  4201  2330
 1881   459  3488
 1882  1617  4646
 1883  2775   904
 1884  3933  2062
 1885   191  3220
 1886  1349  4378
 1887  2507   636
 1888  3665  1794
 1889  4823  2952
 1890  1081  4110
 1891  2239   368
 1892  3397  1526
 1893  4555  2684
 1894   813  3842
 1895  1971   100
 1896  3129  1258
 1897  4287  2416
 1898   545  3574
 1899  1703  4732
 1900  2861   990
 1901  4019  2148
 1902   277  3306
 1903  1435  4464
 1904  2593   722
 1905  3751  1880
 1906     9  3038
 1907  1167  4196
 1908  2325   454
 1909  3483  1612
 1910  4641  2770
 1911   899  3928
 1912  2057   186
 1913  3215  1344
 1914  4373  2502
 1915   631  3660
 1916  1789  4818
 1917  2947  1076
 1918  4105  2234
 1919   363  1521
 1920  4550  2679
 1921   808  3837
 1922  1966    95
 1923  3124  1253
 1924  4282  2411
 1925   540  3569
 1926  1698  4727
 1927  2856   985
 1928  4014  2143
 1929   272  3301
 1930  1430  4459
 1931  2588   717
 1932  3746  1875
 1933     4  3033
 1934  1162  4191
 1935  2320   449
 1936  3478  1607
 1937  4636  2765
 1938   894  3923
 1939  2052   181
 1940  3210  1339
 1941  4368  2497
 1942   626  3655
 1943  1784  4813
 1944  2942  1071
 1945  4100  2229
 1946   358  3387
 1947  1516  4545
 1948  2674   803
 1949  3832  1961
 1950    90  3119
 1951  1248  4277
 1952  2406   535
 1953  3564  1693
 1954  4722  2851
 1955   980  4009
 1956  2138   267
 1957  3296  1425
 1958  4454  2583
 1959   712  3741
 1960  1870  4899
 1961  3028  1157
 1962  4186  2315
 1963   444  3473
 1964  1602  4631
 1965  2760   889
 1966  3918  2047
 1967   176  3205
 1968  1334  4363
 1969  2492   621
 1970  3650  1779
 1971  4808  2937
 1972  1066  4095
 1973  2224   353
 1974  3382  1511
 1975  4540  2669
 1976   798  3827
 1977  1956    85
 1978  3114  1243
 1979  4272  2401
 1980   530  3559
 1981  1688  4717
 1982  2846   975
 1983  4004  2133
 1984   262  3291
 1985  1420  4449
 1986  2578   707
 1987  3736  1865
 1988  4894  3023
 1989  1152  4181
 1990  2310   439
 1991  1597  4626
 1992  2755   884
 1993  3913  2042
 1994   171  3200
 1995  1329  4358
 1996  2487   616
 1997  3645  1774
 1998  4803  2932
 1999  1061  4090
 2000  2219   348
 2001  3377  1506
 2002  4535  2664
 2003   793  3822
 2004  1951    80
 2005  3109  1238
 2006  4267  2396
 2007   525  3554
 2008  1683  4712
 2009  2841   970
 2010  3999  2128
 2011   257  3286
 2012  1415  4444
 2013  2573   702
 2014  3731  1860
 2015  4889  3018
 2016  1147  4176
 2017  2305   434
 2018  3463  1592
 2019  4621  2750
 2020   879  3908
 2021  2037   166
 2022  3195  1324
 2023  4353  2482
 2024   611  3640
 2025  1769  4798
 2026  2927  1056
 2027  4085  2214
 2028   343  3372
 2029  1501  4530
 2030  2659   788
 2031  3817  1946
 2032    75  3104
 2033  1233  4262
 2034  2391   520
 2035  3549  1678
 2036  4707  2836
 2037   965  3994
 2038  2123   252
 2039  3281  1410
 2040  4439  2568
 2041   697  3726
 2042  1855  4884
 2043  3013  1142
 2044  4171  2300
 2045   429  3458
 2046  1587  4616
 2047  2745   874
 2048  3903  2032
 2049   161  3190
 2050  1319  4348
 2051  2477   606
 2052  3635  1764
 2053  4793  2922
 2054  1051  4080
 2055  2209   338
 2056  3367  1496
 2057  4525  2654
 2058   783  3812
 2059  1941    70
 2060  3099  1228
 2061  4257  2386
 2062   515  3544
 2063  1673  4702
 2064  2831   960
 2065  3989  2118
 2066   247  3276
 2067  1405  4434
 2068  2563   692
 2069  3721  1850
 2070  4879  3008
 2071  1137  4166
 2072  2295   424
 2073  3453  1582
 2074  4611  2740
 2075   869  3898
 2076  2027   156
 2077  3185  1314
 2078  4343  2472
 2079   601  3630
 2080  1759  4788
 2081  2917  1046
 2082  4075  2204
 2083   333  3362
 2084  1491  4520
 2085  2649   778
 2086  3807  1936
 2087    65  3094
 2088  1223  4252
 2089  2381   510
 2090  3539  1668
 2091  4697  2826
 2092   955  3984
 2093  2113   242
 2094  3271  1400
 2095  4429  2558
 2096   687  3716
 2097  1845  4874
 2098  3003  1132
 2099  4161  2290
 2100   419  3448
 2101  1577  4606
 2102  2735   864
 2103  3893  2022
 2104   151  3180
 2105  1309  4338
 2106  2467   596
 2107  3625  1754
 2108  4783  2912
 2109  1041  4070
 2110  2199   328
 2111  3357  1486
 2112  4515  2644
 2113   773  3802
 2114  1931    60
 2115  3089  1218
 2116  4247  2376
 2117   505  3534
 2118  1663  4692
 2119  2821   950
 2120  3979  2108
 2121   237  3266
 2122  1395  4424
 2123  2553   682
 2124  3711  1840
 2125  4869  2998
 2126  1127  4156
 2127  2285   414
 2128  3443  1572
 2129  4601  2730
 2130   859  3888
 2131  2017   146
 2132  3175  1304
 2133  4333  2462
 2134   591  3620
 2135  1749  4778
 2136  2907  1036
 2137  4065  2194
 2138   323  3352
 2139  1481  4510
 2140  2639   768
 2141  3797  1926
 2142    55  3084
 2143  1213  4242
 2144  2371   500
 2145  3529  1658
 2146  4687  2816
 2147   945  3974
 2148  2103   232
 2149  3261  1390
 2150  4419  2548
 2151   677  3706
 2152  1835  4864
 2153  2993  1122
 2154  4151  2280
 2155   409  3438
 2156  1567  4596
 2157  2725   854
 2158  3883  2012
 2159   141  3170
 2160  1299  4328
 2161  2457   586
 2162  3615  1744
 2163  4773  2902
 2164  1031  4060
 2165  2189   318
 2166  3347  1476
 2167  4505  2634
 2168   763  3792
 2169  1921    50
 2170  3079  1208
 2171  4237  2366
 2172   495  3524
 2173  1653  4682
 2174  2811   940
 2175  3969  2098
 2176   227  3256
 2177  1385  4414
 2178  2543   672
 2179  3701  1830
 2180  4859  2988
 2181  1117  4146
 2182  2275   404
 2183  3433  1562
 2184  4591  2720
 2185   849  3878
 2186  2007   136
 2187  3165  1294
 2188  4323  2452
 2189   581  3610
 2190  1739  4768
 2191  2897  1026
 2192  4055  2184
 2193   313  3342
 2194  1471  4500
 2195  2629   758
 2196  3787  1916
 2197    45  3074
 2198  1203  4232
 2199  2361   490
 2200  3519  1648
 2201  4677  2806
 2202   935  3964
 2203  2093   222
 2204  3251  1380
 2205  4409  2538
 2206   667  3696
 2207  1825  4854
 2208  2983  1112
 2209  4141  2270
 2210   399  3428
 2211  1557  4586
 2212  2715   844
 2213  3873  2002
 2214   131  3160
 2215  1289  4318
 2216  2447   576
 2217  3605  1734
 2218  4763  2892
 2219  1021  4050
 2220  2179   308
 2221  3337  1466
 2222  4495  2624
 2223   753  3782
 2224  1911    40
 2225  3069  1198
 2226  4227  2356
 2227   485  3514
 2228  1643  4672
 2229  2801   930
 2230  3959  2088
 2231   217  3246
 2232  1375  4404
 2233  2533   662
 2234  3691  1820
 2235  4849  2978
 2236  1107  4136
 2237  2265   394
 2238  3423  1552
 2239  4581  2710
 2240   839  3868
 2241  1997   126
 2242  3155  1284
 2243  4313  2442
 2244   571  3600
 2245  1729  4758
 2246  2887  1016
 2247  4045  2174
 2248   303  3332
 2249  1461  4490
 2250  2619   748
 2251  3777  1906
 2252    35  3064
 2253  1193  4222
 2254  2351   480
 2255  3509  1638
 2256  4667  2796
 2257   925  3954
 2258  2083   212
 2259  3241  1370
 2260  4399  2528
 2261   657  3686
 2262  1815  4844
 2263  2973  1102
 2264  4131  2260
 2265   389  3418
 2266  1547  4576
 2267  2705   834
 2268  3863  1992
 2269   121  3150
 2270  1279  4308
 2271  2437   566
 2272  3595  1724
 2273  4753  2882
 2274  1011  4040
 2275  2169   298
 2276  3327  1456
 2277  4485  2614
 2278   743  3772
 2279  1901    30
 2280  3059  1188
 2281  4217  2346
 2282   475  3504
 2283  1633  4662
 2284  2791   920
 2285  3949  2078
 2286   207  3236
 2287  1365  4394
 2288  2523   652
 2289  3681  1810
 2290  4839  2968
 2291  1097  4126
 2292  2255   384
 2293  3413  1542
 2294  4571  2700
 2295   829  3858
 2296  1987   116
 2297  3145  1274
 2298  4303  2432
 2299   561  3590
 2300  1719  4748
 2301  2877  1006
 2302  4035  2164
 2303   293  3322
 2304  1451  4480
 2305  2609   738
 2306  3767  1896
 2307    25  3054
 2308  1183  4212
 2309  2341   470
 2310  3499  1628
 2311  4657  2786
 2312   915  3944
 2313  2073   202
 2314  3231  1360
 2315  4389  2518
 2316   647  3676
 2317  1805  4834
 2318  2963  1092
 2319  4121  2250
 2320   379  3408
 2321  1537  4566
 2322  2695   824
 2323  3853  1982
 2324   111  3140
 2325  1269  4298
 2326  2427   556
 2327  3585  1714
 2328  4743  2872
 2329  1001  4030
 2330  2159   288
 2331  1446  4475
 2332  2604   733
 2333  3762  1891
 2334    20  3049
 2335  1178  4207
 2336  2336   465
 2337  3494  1623
 2338  4652  2781
 2339   910  3939
 2340  2068   197
 2341  3226  1355
 2342  4384  2513
 2343   642  3671
 2344  1800  4829
 2345  2958  1087
 2346  4116  2245
 2347   374  3403
 2348  1532  4561
 2349  2690   819
 2350  3848  1977
 2351   106  3135
 2352  1264  4293
 2353  2422   551
 2354  3580  1709
 2355  4738  2867
 2356   996  4025
 2357  2154   283
 2358  3312  1441
 2359  4470  2599
 2360   728  3757
 2361  1886    15
 2362  3044  1173
 2363  4202  2331
 2364   460  3489
 2365  1618  4647
 2366  2776   905
 2367  3934  2063
 2368   192  3221
 2369  1350  4379
 2370  2508   637
 2371  3666  1795
 2372  4824  2953
 2373  1082  4111
 2374  2240   369
 2375  3398  1527
 2376  4556  2685
 2377   814  3843
 2378  1972   101
 2379  3130  1259
 2380  4288  2417
 2381   546  3575
 2382  1704  4733
 2383  2862   991
 2384  4020  2149
 2385   278  3307
 2386  1436  4465
 2387  2594   723
 2388  3752  1881
 2389    10  3039
 2390  1168  4197
 2391  2326   455
 2392  3484  1613
 2393  4642  2771
 2394   900  3929
 2395  2058   187
 2396  3216  1345
 2397  4374  2503
 2398   632  3661
 2399  1790  4819
 2400  2948  1077
 2401  4106  2235
 2402   364  3393
 2403  1522  4551
 2404  2680   809
 2405  3838  1967
 2406    96  3125
 2407  1254  4283
 2408  2412   541
 2409  3570  1699
 2410  4728  2857
 2411   986  4015
 2412  2144   273
 2413  3302  1431
 2414  4460  2589
 2415   718  3747
 2416  1876     5
 2417  3034  1163
 2418  4192  2321
 2419   450  3479
 2420  1608  4637
 2421  2766   895
 2422  3924  2053
 2423   182  3211
 2424  1340  4369
 2425  2498   627
 2426  3656  1785
 2427  4814  2943
 2428  1072  4101
 2429  2230   359
 2430  3388  1517
 2431  4546  2675
 2432   804  3833
 2433  1962    91
 2434  3120  1249
 2435  4278  2407
 2436   536  3565
 2437  1694  4723
 2438  2852   981
 2439  4010  2139
 2440   268  3297
 2441  1426  4455
 2442  2584   713
 2443  3742  1871
