R80T05QL8
Channel Interleaving, Puncturing and Mapping to QPSK

Symbol	b1 	b0 
    0     0   698
    1  2527  1396
    2   265   963
    3  2792  1661
    4   530  2359
    5  1228    97
    6  1926   795
    7  2624   362
    8  1060  2889
    9   627  2456
   10  1325   194
   11  2023   892
   12  2721   459
   13  2288  1157
   14    26   724
   15  2553  1422
   16   291   989
   17  2818  1687
   18   556  2385
   19  1254   123
   20   821  2650
   21   388  1086
   22  2915  1784
   23   653  2482
   24  1351   220
   25  2049   918
   26  2747   485
   27  2314  1183
   28    52   750
   29  2579  1448
   30   317  1015
   31  2844   582
   32  2411  1280
   33   149   847
   34  2676  1545
   35   414  2243
   36  1112  2941
   37  1810   679
   38  2508  1377
   39   246   944
   40  2773   511
   41  2340  1209
   42    78   776
   43  2605  1474
   44   343  2172
   45  1041  2870
   46   608  2437
   47  1306   175
   48   873  2702
   49  1571   440
   50  2269  1138
   51     7   705
   52  2534  1403
   53   272   970
   54  2799  1668
   55   537  2366
   56  1235   104
   57  1933   802
   58  2631   369
   59  2198  1067
   60  2896   634
   61  2463  1332
   62   201   899
   63  2728   466
   64  2295  1164
   65    33   731
   66  2560  1429
   67   298   996
   68  2825  1694
   69   563  2392
   70  1261   130
   71   828  2657
   72   395  2224
   73  1093  2922
   74   660  2489
   75  1358   227
   76  2056   925
   77  2754   492
   78  2321  1190
   79    59   757
   80  2586  1455
   81   324  1022
   82  2851   589
   83  2418  1287
   84   156   854
   85  2683   421
   86  2250  1119
   87  2948  1817
   88   686  2515
   89  1384   253
   90  2082   951
   91  2780   518
   92  2347  1216
   93    85   783
   94  2612   350
   95  2179  1048
   96  2877   615
   97  2444  1313
   98   182   880
   99  2709  1578
  100   447  2276
  101  1145    14
  102  1843   712
  103  2541  1410
  104   279   977
  105  2806   544
  106  2373  1242
  107   111  1940
  108   809  2638
  109   376  2205
  110  1074  2903
  111   641  2470
  112  1339   208
  113   906  2735
  114  1604   473
  115  2302  1171
  116    40   738
  117  2567  1436
  118   305  1003
  119  2832  1701
  120   570  2399
  121  1268   137
  122  1966   835
  123  2664   402
  124  2231  1100
  125  2929   667
  126  2496  1365
  127   234   932
  128  2761   499
  129  2328  1197
  130    66   764
  131  2593  1462
  132   331  1029
  133  2858  1727
  134   596  2425
  135  1294   163
  136   861  2690
  137   428  2257
  138  1126  2955
  139   693  2522
  140  1391   260
  141  2089   958
  142  2787   525
  143  2354  1223
  144    92   790
  145  2619  1488
  146   357  1055
  147  2884   622
  148  2451  1320
  149   189   887
  150  2716  1585
  151   454  2283
  152  1152    21
  153  1850   719
  154  2548  1417
  155   286   984
  156  2813   551
  157  2380  1249
  158   118   816
  159  2645   383
  160  2212  1081
  161  2910   648
  162  2477  1346
  163   215   913
  164  2742  1611
  165   480  2309
  166  1178    47
  167   745  2574
  168  1443   312
  169  1010  2839
  170   577  2406
  171  1275   144
  172  1973   842
  173  2671   409
  174  2238  1107
  175  2936   674
  176  2503  1372
  177   241   939
  178  2768   506
  179  2335  1204
  180    73   771
  181  2600  1469
  182   338  1036
  183  2865  1734
  184   603  2432
  185  1301   170
  186  1999   868
  187  2697   435
  188  2264  1133
  189     2   700
  190  2529  1398
  191   267  2096
  192   965  2794
  193   532  2361
  194  1230    99
  195   797  2626
  196  1495   364
  197  1062  2891
  198  1760   629
  199  2458  1327
  200   196   894
  201  2723   461
  202  2290  1159
  203    28  1857
  204   726  2555
  205  1424   293
  206  2122   991
  207  2820   558
  208  2387  1256
  209   125   823
  210  2652  1521
  211   390  1088
  212  2917   655
  213  2484  1353
  214   222   920
  215  2749  1618
  216   487  2316
  217  1185    54
  218  1883   752
  219  2581  1450
  220   319  1017
  221  2846   584
  222  2413  1282
  223   151   849
  224  2678   416
  225  2245  1114
  226  2943   681
  227  2510  1379
  228   248   946
  229  2775  1644
  230   513  2342
  231  1211    80
  232   778  2607
  233  1476   345
  234  1043  2872
  235  1741   610
  236  2439  1308
  237   177  2006
  238   875  2704
  239   442  2271
  240  1140     9
  241   707  2536
  242  1405   274
  243   972  2801
  244   539  2368
  245  1237   106
  246   804  2633
  247  1502   371
  248  1069  2898
  249  1767   636
  250  2465  1334
  251   203   901
  252  2730   468
  253  2297  1166
  254    35   733
  255  2562  1431
  256   300  2129
  257   998  2827
  258   565  2394
  259  1263   132
  260   830  2659
  261  1528   397
  262  2226  1095
  263  2924   662
  264  2491  1360
  265   229   927
  266  2756   494
  267  2323  1192
  268    61  1890
  269   759  2588
  270  1457   326
  271  2155  1024
  272  2853   591
  273  2420  1289
  274   158   856
  275  2685   423
  276  2252  1121
  277  2950   688
  278  2517  1386
  279   255   953
  280  2782  1651
  281   520  2349
  282  1218    87
  283  1916   785
  284  2614   352
  285  1050  2879
  286   617  2446
  287  1315   184
  288  2013   882
  289  2711   449
  290  2278  1147
  291    16   714
  292  2543  1412
  293   281   979
  294  2808  1677
  295   546  2375
  296  1244   113
  297   811  2640
  298   378  1076
  299  2905  1774
  300   643  2472
  301  1341   210
  302  2039   908
  303  2737   475
  304  2304  1173
  305    42   740
  306  2569  1438
  307   307  1005
  308  2834   572
  309  2401  1270
  310   139   837
  311  2666  1535
  312   404  2233
  313  1102  2931
  314  1800   669
  315  2498  1367
  316   236   934
  317  2763   501
  318  2330  1199
  319    68   766
  320  2595  1464
  321   333  2162
  322  1031  2860
  323   598  2427
  324  1296   165
  325   863  2692
  326  1561   430
  327  2259  1128
  328  2957   695
  329  2524  1393
  330   262   960
  331  2789  1658
  332   527  2356
  333  1225    94
  334  1923   792
  335  2621   359
  336  1057  2886
  337   624  2453
  338  1322   191
  339   889  2718
  340   456  2285
  341  1154    23
  342   721  2550
  343  1419   288
  344   986  2815
  345  1684   553
  346  2382  1251
  347   120   818
  348  2647   385
  349  1083  2912
  350   650  2479
  351  1348   217
  352  2046   915
  353  2744   482
  354  2311  1180
  355    49   747
  356  2576  1445
  357   314  1012
  358  2841   579
  359  2408  1277
  360   146   844
  361  2673   411
  362  2240  1109
  363  2938  1807
  364   676  2505
  365  1374   243
  366  2072   941
  367  2770   508
  368  2337  1206
  369    75   773
  370  2602  1471
  371   340  2169
  372  1038  2867
  373   605  2434
  374  1303   172
  375   870  2699
  376  1568   437
  377  2266  1135
  378     4  1833
  379   702  2531
  380  1400   269
  381   967  2796
  382   534  2363
  383  1232   101
  384  1930   799
  385  2628   366
  386  2195  1064
  387  2893   631
  388  2460  1329
  389   198   896
  390  2725  1594
  391   463  2292
  392  1161    30
  393   728  2557
  394  1426   295
  395   993  2822
  396  1691   560
  397  2389  1258
  398   127  1956
  399   825  2654
  400   392  2221
  401  1090  2919
  402   657  2486
  403  1355   224
  404   922  2751
  405   489  2318
  406  1187    56
  407   754  2583
  408  1452   321
  409  1019  2848
  410  1717   586
  411  2415  1284
  412   153   851
  413  2680   418
  414  2247  1116
  415  2945  1814
  416   683  2512
  417  1381   250
  418  2079   948
  419  2777   515
  420  2344  1213
  421    82   780
  422  2609  1478
  423   347  1045
  424  2874   612
  425  2441  1310
  426   179   877
  427  2706  1575
  428   444  2273
  429  1142    11
  430  1840   709
  431  2538  1407
  432   276   974
  433  2803   541
  434  2370  1239
  435   108   806
  436  2635   373
  437  2202  1071
  438  2900   638
  439  2467  1336
  440   205   903
  441  2732  1601
  442   470  2299
  443  1168    37
  444   735  2564
  445  1433   302
  446  1000  2829
  447   567  2396
  448  1265   134
  449  1963   832
  450  2661   399
  451  2228  1097
  452  2926   664
  453  2493  1362
  454   231   929
  455  2758   496
  456  2325  1194
  457    63   761
  458  2590  1459
  459   328  1026
  460  2855  1724
  461   593  2422
  462  1291   160
  463  1989   858
  464  2687   425
  465  2254  1123
  466  2952   690
  467  2519  1388
  468   257  2086
  469   955  2784
  470   522  2351
  471  1220    89
  472   787  2616
  473  1485   354
  474  1052  2881
  475  1750   619
  476  2448  1317
  477   186   884
  478  2713   451
  479  2280  1149
  480    18  1847
  481   716  2545
  482  1414   283
  483  2112   981
  484  2810   548
  485  2377  1246
  486   115   813
  487  2642   380
  488  1078  2907
  489   645  2474
  490  1343   212
  491   910  2739
  492  1608   477
  493  2306  1175
  494    44  1873
  495   742  2571
  496  1440   309
  497  1007  2836
  498   574  2403
  499  1272   141
  500  1970   839
  501  2668   406
  502  2235  1104
  503  2933   671
  504  2500  1369
  505   238   936
  506  2765  1634
  507   503  2332
  508  1201    70
  509   768  2597
  510  1466   335
  511  1033  2862
  512  1731   600
  513  2429  1298
  514   167  1996
  515   865  2694
  516   432  2261
  517  1130  2959
  518   697  2526
  519  1395   264
  520   962  2791
  521   529  2358
  522  1227    96
  523   794  2623
  524  1492   361
  525  1059  2888
  526  1757   626
  527  2455  1324
  528   193   891
  529  2720   458
  530  2287  1156
  531    25   723
  532  2552  1421
  533   290  2119
  534   988  2817
  535   555  2384
  536  1253   122
  537   820  2649
  538  1518   387
  539  1085  2914
  540   652  2481
  541  1350   219
  542   917  2746
  543   484  2313
  544  1182    51
  545  1880   749
  546  2578  1447
  547   316  2145
  548  1014  2843
  549   581  2410
  550  1279   148
  551   846  2675
  552   413  2242
  553  1111  2940
  554   678  2507
  555  1376   245
  556   943  2772
  557  1641   510
  558  2339  1208
  559    77  1906
  560   775  2604
  561  1473   342
  562  1040  2869
  563   607  2436
  564  1305   174
  565  2003   872
  566  2701   439
  567  2268  1137
  568     6   704
  569  2533  1402
  570   271   969
  571  2798   536
  572  2365  1234
  573   103   801
  574  2630   368
  575  1066  2895
  576  1764   633
  577  2462  1331
  578   200  2029
  579   898  2727
  580   465  2294
  581  1163    32
  582   730  2559
  583  1428   297
  584   995  2824
  585   562  2391
  586  1260   129
  587   827  2656
  588  1525   394
  589  2223  1092
  590  2921  1790
  591   659  2488
  592  1357   226
  593   924  2753
  594   491  2320
  595  1189    58
  596  1887   756
  597  2585  1454
  598   323  2152
  599  1021  2850
  600   588  2417
  601  1286   155
  602   853  2682
  603  1551   420
  604  2249  1118
  605  2947   685
  606  2514  1383
  607   252   950
  608  2779  1648
  609   517  2346
  610  1215    84
  611  1913   782
  612  2611  1480
  613   349  1047
  614  2876   614
  615  2443  1312
  616   181   879
  617  2708   446
  618  2275  1144
  619    13   711
  620  2540  1409
  621   278   976
  622  2805  1674
  623   543  2372
  624  1241   110
  625   808  2637
  626   375  1073
  627  2902   640
  628  2469  1338
  629   207  2036
  630   905  2734
  631   472  2301
  632  1170    39
  633   737  2566
  634  1435   304
  635  1002  2831
  636   569  2398
  637  1267   136
  638   834  2663
  639   401  2230
  640  1099  2928
  641  1797   666
  642  2495  1364
  643   233  2062
  644   931  2760
  645   498  2327
  646  1196    65
  647   763  2592
  648  1461   330
  649  2159  1028
  650  2857   595
  651  2424  1293
  652   162   860
  653  2689  1558
  654   427  2256
  655  1125  2954
  656  1823   692
  657  2521  1390
  658   259   957
  659  2786   524
  660  2353  1222
  661    91  1920
  662   789  2618
  663   356  2185
  664  1054  2883
  665   621  2450
  666  1319   188
  667   886  2715
  668   453  2282
  669  1151    20
  670   718  2547
  671  1416   285
  672   983  2812
  673  1681   550
  674  2379  1248
  675   117  1946
  676   815  2644
  677   382  1080
  678  2909   647
  679  2476  1345
  680   214  2043
  681   912  2741
  682   479  2308
  683  1177    46
  684   744  2573
  685  1442   311
  686  1009  2838
  687  1707   576
  688  2405  1274
  689   143   841
  690  2670   408
  691  2237  1106
  692  2935  1804
  693   673  2502
  694  1371   240
  695  2069   938
  696  2767   505
  697  2334  1203
  698    72   770
  699  2599  1468
  700   337  1035
  701  2864   602
  702  2431  1300
  703   169   867
  704  2696  1565
  705   434  2263
  706  1132     1
  707  1830   699
  708  2528  1397
  709   266   964
  710  2793   531
  711  2360  1229
  712    98   796
  713  2625   363
  714  2192  1061
  715  2890   628
  716  2457  1326
  717   195   893
  718  2722  1591
  719   460  2289
  720  1158    27
  721   725  2554
  722  1423   292
  723   990  2819
  724   557  2386
  725  1255   124
  726  1953   822
  727  2651   389
  728  2218  1087
  729  2916   654
  730  2483  1352
  731   221   919
  732  2748   486
  733  2315  1184
  734    53   751
  735  2580  1449
  736   318  1016
  737  2845  1714
  738   583  2412
  739  1281   150
  740  1979   848
  741  2677   415
  742  2244  1113
  743  2942   680
  744  2509  1378
  745   247  2076
  746   945  2774
  747   512  2341
  748  1210    79
  749   777  2606
  750  1475   344
  751  1042  2871
  752   609  2438
  753  1307   176
  754   874  2703
  755   441  2270
  756  1139     8
  757  1837   706
  758  2535  1404
  759   273  2102
  760   971  2800
  761   538  2367
  762  1236   105
  763   803  2632
  764   370  1068
  765  2897   635
  766  2464  1333
  767   202   900
  768  2729  1598
  769   467  2296
  770  1165    34
  771  1863   732
  772  2561  1430
  773   299   997
  774  2826   564
  775  2393  1262
  776   131  1960
  777   829  2658
  778   396  2225
  779  1094  2923
  780   661  2490
  781  1359   228
  782   926  2755
  783  1624   493
  784  2322  1191
  785    60   758
  786  2587  1456
  787   325  1023
  788  2852  1721
  789   590  2419
  790  1288   157
  791  1986   855
  792  2684   422
  793  2251  1120
  794  2949   687
  795  2516  1385
  796   254   952
  797  2781   519
  798  2348  1217
  799    86   784
  800  2613  1482
  801   351  1049
  802  2878  1747
  803   616  2445
  804  1314   183
  805   881  2710
  806   448  2277
  807  1146    15
  808   713  2542
  809  1411   280
  810  2109   978
  811  2807   545
  812  2374  1243
  813   112   810
  814  2639  1508
  815   377  1075
  816  2904   642
  817  2471  1340
  818   209   907
  819  2736   474
  820  2303  1172
  821    41  1870
  822   739  2568
  823  1437   306
  824  2135  1004
  825  2833   571
  826  2400  1269
  827   138   836
  828  2665   403
  829  2232  1101
  830  2930   668
  831  2497  1366
  832   235   933
  833  2762  1631
  834   500  2329
  835  1198    67
  836  1896   765
  837  2594  1463
  838   332  1030
  839  2859   597
  840  2426  1295
  841   164  1993
  842   862  2691
  843   429  2258
  844  1127  2956
  845   694  2523
  846  1392   261
  847   959  2788
  848   526  2355
  849  1224    93
  850   791  2620
  851   358  1056
  852  2885  1754
  853   623  2452
  854  1321   190
  855  2019   888
  856  2717   455
  857  2284  1153
  858    22   720
  859  2549  1418
  860   287  2116
  861   985  2814
  862   552  2381
  863  1250   119
  864   817  2646
  865  1515   384
  866  1082  2911
  867  1780   649
  868  2478  1347
  869   216   914
  870  2743   481
  871  2310  1179
  872    48  1877
  873   746  2575
  874  1444   313
  875  2142  1011
  876  2840   578
  877  2407  1276
  878   145   843
  879  2672  1541
  880   410  2239
  881  1108  2937
  882   675  2504
  883  1373   242
  884   940  2769
  885  1638   507
  886  2336  1205
  887    74  1903
  888   772  2601
  889  1470   339
  890  1037  2866
  891   604  2433
  892  1302   171
  893   869  2698
  894   436  2265
  895  1134     3
  896   701  2530
  897  1399   268
  898   966  2795
  899  1664   533
  900  2362  1231
  901   100   798
  902  2627   365
  903  1063  2892
  904   630  2459
  905  1328   197
  906  2026   895
  907  2724   462
  908  2291  1160
  909    29   727
  910  2556  1425
  911   294   992
  912  2821   559
  913  2388  1257
  914   126   824
  915  2653   391
  916  2220  1089
  917  2918  1787
  918   656  2485
  919  1354   223
  920  2052   921
  921  2750   488
  922  2317  1186
  923    55   753
  924  2582  1451
  925   320  2149
  926  1018  2847
  927   585  2414
  928  1283   152
  929   850  2679
  930  1548   417
  931  2246  1115
  932  2944   682
  933  2511  1380
  934   249   947
  935  2776   514
  936  2343  1212
  937    81  1910
  938   779  2608
  939  1477   346
  940  2175  1044
  941  2873   611
  942  2440  1309
  943   178   876
  944  2705   443
  945  2272  1141
  946    10   708
  947  2537  1406
  948   275   973
  949  2802  1671
  950   540  2369
  951  1238   107
  952  1936   805
  953  2634   372
  954  1070  2899
  955   637  2466
  956  1335   204
  957  2033   902
  958  2731   469
  959  2298  1167
  960    36   734
  961  2563  1432
  962   301   999
  963  2828  1697
  964   566  2395
  965  1264   133
  966   831  2660
  967   398  2227
  968  1096  2925
  969  1794   663
  970  2492  1361
  971   230  2059
  972   928  2757
  973   495  2324
  974  1193    62
  975   760  2589
  976  1458   327
  977  1025  2854
  978   592  2421
  979  1290   159
  980   857  2686
  981  1555   424
  982  2253  1122
  983  2951  1820
  984   689  2518
  985  1387   256
  986   954  2783
  987   521  2350
  988  1219    88
  989   786  2615
  990   353  2182
  991  1051  2880
  992   618  2447
  993  1316   185
  994   883  2712
  995  1581   450
  996  2279  1148
  997    17   715
  998  2544  1413
  999   282   980
 1000  2809   547
 1001  2376  1245
 1002   114  1943
 1003   812  2641
 1004   379  2208
 1005  1077  2906
 1006   644  2473
 1007  1342   211
 1008   909  2738
 1009   476  2305
 1010  1174    43
 1011   741  2570
 1012  1439   308
 1013  1006  2835
 1014  1704   573
 1015  2402  1271
 1016   140   838
 1017  2667   405
 1018  2234  1103
 1019  2932   670
 1020  2499  1368
 1021   237  2066
 1022   935  2764
 1023   502  2331
 1024  1200    69
 1025   767  2596
 1026  1465   334
 1027  1032  2861
 1028   599  2428
 1029  1297   166
 1030   864  2693
 1031   431  2260
 1032  1129  2958
 1033  1827   696
 1034  2525  1394
 1035   263  2092
 1036   961  2790
 1037   528  2357
 1038  1226    95
 1039   793  2622
 1040   360  2189
 1041  1058  2887
 1042   625  2454
 1043  1323   192
 1044   890  2719
 1045  1588   457
 1046  2286  1155
 1047    24  1853
 1048   722  2551
 1049  1420   289
 1050   987  2816
 1051   554  2383
 1052  1252   121
 1053  1950   819
 1054  2648   386
 1055  2215  1084
 1056  2913   651
 1057  2480  1349
 1058   218   916
 1059  2745  1614
 1060   483  2312
 1061  1181    50
 1062   748  2577
 1063  1446   315
 1064  1013  2842
 1065  1711   580
 1066  2409  1278
 1067   147  1976
 1068   845  2674
 1069   412  2241
 1070  1110  2939
 1071   677  2506
 1072  1375   244
 1073   942  2771
 1074   509  2338
 1075  1207    76
 1076   774  2603
 1077  1472   341
 1078  1039  2868
 1079  1737   606
 1080  2435  1304
 1081   173   871
 1082  2700   438
 1083  2267  1136
 1084     5   703
 1085  2532  1401
 1086   270  2099
 1087   968  2797
 1088   535  2364
 1089  1233   102
 1090   800  2629
 1091  1498   367
 1092  1065  2894
 1093   632  2461
 1094  1330   199
 1095   897  2726
 1096   464  2293
 1097  1162    31
 1098  1860   729
 1099  2558  1427
 1100   296  2125
 1101   994  2823
 1102   561  2390
 1103  1259   128
 1104   826  2655
 1105   393  2222
 1106  1091  2920
 1107   658  2487
 1108  1356   225
 1109   923  2752
 1110  1621   490
 1111  2319  1188
 1112    57   755
 1113  2584  1453
 1114   322  1020
 1115  2849   587
 1116  2416  1285
 1117   154  1983
 1118   852  2681
 1119   419  2248
 1120  1117  2946
 1121   684  2513
 1122  1382   251
 1123   949  2778
 1124   516  2345
 1125  1214    83
 1126   781  2610
 1127  1479   348
 1128  1046  2875
 1129  1744   613
 1130  2442  1311
 1131   180  2009
 1132   878  2707
 1133   445  2274
 1134  1143    12
 1135   710  2539
 1136  1408   277
 1137  2106   975
 1138  2804   542
 1139  2371  1240
 1140   109   807
 1141  2636  1505
 1142   374  1072
 1143  2901  1770
 1144   639  2468
 1145  1337   206
 1146   904  2733
 1147   471  2300
 1148  1169    38
 1149  1867   736
 1150  2565  1434
 1151   303  2132
 1152  1001  2830
 1153   568  2397
 1154  1266   135
 1155   833  2662
 1156  1531   400
 1157  2229  1098
 1158  2927   665
 1159  2494  1363
 1160   232   930
 1161  2759  1628
 1162   497  2326
 1163  1195    64
 1164  1893   762
 1165  2591  1460
 1166   329  1027
 1167  2856   594
 1168  2423  1292
 1169   161   859
 1170  2688   426
 1171  2255  1124
 1172  2953   691
 1173  2520  1389
 1174   258   956
 1175  2785  1654
 1176   523  2352
 1177  1221    90
 1178   788  2617
 1179   355  1053
 1180  2882   620
 1181  2449  1318
 1182   187  2016
 1183   885  2714
 1184   452  2281
 1185  1150    19
 1186   717  2546
 1187  1415   284
 1188   982  2811
 1189   549  2378
 1190  1247   116
 1191   814  2643
 1192  1512   381
 1193  1079  2908
 1194  1777   646
 1195  2475  1344
 1196   213   911
 1197  2740   478
 1198  2307  1176
 1199    45   743
 1200  2572  1441
 1201   310  2139
 1202  1008  2837
 1203   575  2404
 1204  1273   142
 1205   840  2669
 1206  1538   407
 1207  2236  1105
 1208  2934   672
 1209  2501  1370
 1210   239   937
 1211  2766   504
 1212  2333  1202
 1213    71  1900
 1214   769  2598
 1215  1467   336
 1216  2165  1034
 1217  2863   601
 1218  2430  1299
 1219   168   866
 1220  2695   433
 1221  2262  1131
