R80T05QL7
Channel Interleaving, Puncturing and Mapping to QPSK

Symbol	b1 	b0 
    0     0   774
    1  2801  1548
    2   295  1069
    3  3096   590
    4  2617  1364
    5   111   885
    6  2912   406
    7  1180  3207
    8   701  2728
    9  1475   222
   10   996  3023
   11   517  2544
   12  1291    38
   13   812  2839
   14  1586   333
   15  1107  3134
   16   628  2655
   17  1402   149
   18   923  2950
   19   444  2471
   20  1218  3245
   21   739  2766
   22  1513   260
   23  1034  3061
   24   555  2582
   25  1329    76
   26   850  2877
   27  1624   371
   28  1145  3172
   29   666  2693
   30  1440   187
   31   961  2988
   32   482  2509
   33  1256     3
   34   777  2804
   35  1551   298
   36  2325  1072
   37  3099   593
   38  2620  1367
   39   114   888
   40  2915   409
   41  1183  3210
   42   704  2731
   43  1478   225
   44   999  3026
   45   520  2547
   46  1294    41
   47   815  2842
   48  1589   336
   49  1110  3137
   50   631  2658
   51  1405   152
   52   926  2953
   53   447  2474
   54  1221  3248
   55   742  2769
   56  1516   263
   57  1037  3064
   58   558  2585
   59  1332    79
   60   853  2880
   61  1627   374
   62  1148  3175
   63   669  2696
   64  1443   190
   65   964  2991
   66   485  2512
   67  1259     6
   68   780  2807
   69  1554   301
   70  1075  3102
   71   596  2623
   72  1370   117
   73   891  2918
   74   412  1186
   75  3213   707
   76  2734  1481
   77   228  1002
   78  3029   523
   79  2550  1297
   80    44   818
   81  2845  1592
   82   339  1113
   83  3140   634
   84  2661  1408
   85   155   929
   86  2956   450
   87  2477  1224
   88  3251   745
   89  2772  1519
   90   266  1040
   91  3067   561
   92  2588  1335
   93    82   856
   94  2883  1630
   95   377  1151
   96  3178   672
   97  2699  1446
   98   193   967
   99  2994   488
  100  2515  1262
  101     9   783
  102  2810  1557
  103   304  1078
  104  3105   599
  105  2626  1373
  106   120   894
  107  2921   415
  108  1189  3216
  109   710  2737
  110  1484   231
  111  1005  3032
  112   526  2553
  113  1300    47
  114   821  2848
  115  1595   342
  116  1116  3143
  117   637  2664
  118  1411   158
  119   932  2959
  120   453  2480
  121  1227  3254
  122   748  2775
  123  1522   269
  124  1043  3070
  125   564  2591
  126  1338    85
  127   859  2886
  128  1633   380
  129  1154  3181
  130   675  2702
  131  1449   196
  132   970  2997
  133   491  2518
  134  1265    12
  135   786  2813
  136  1560   307
  137  1081  3108
  138   602  2629
  139  1376   123
  140   897  2924
  141   418  1192
  142  3219   713
  143  2740  1487
  144   234  1008
  145  3035   529
  146  2556  1303
  147    50   824
  148  2851  1598
  149   345  1119
  150  3146   640
  151  2667  1414
  152   161   935
  153  2962   456
  154  2483  1230
  155  3257   751
  156  2778  1525
  157   272  1046
  158  3073   567
  159  2594  1341
  160    88   862
  161  2889  1636
  162   383  1157
  163  3184   678
  164  2705  1452
  165   199   973
  166  3000   494
  167  2521  1268
  168    15   789
  169  2816  1563
  170   310  1084
  171  3111   605
  172  2632  1379
  173   126   900
  174  2927   421
  175  1195  3222
  176   716  2743
  177  1490   237
  178  1011  3038
  179   532  2559
  180  1306    53
  181   827  2854
  182  1601   348
  183  1122  3149
  184   643  2670
  185  1417   164
  186   938  2965
  187   459  2486
  188  1233  3260
  189   754  2781
  190  1528   275
  191  1049  3076
  192   570  2597
  193  1344    91
  194   865  2892
  195  1639   386
  196  1160  3187
  197   681  2708
  198  1455   202
  199   976  3003
  200   497  2524
  201  1271    18
  202   792  2819
  203  1566   313
  204  1087  3114
  205   608  2635
  206  1382   129
  207   903  2930
  208   424  1198
  209  3225   719
  210  2746  1493
  211   240  1014
  212  3041   535
  213  2562  1309
  214    56   830
  215  2857  1604
  216   351  1125
  217  3152   646
  218  2673  1420
  219   167   941
  220  2968   462
  221  2489  1236
  222  3263   757
  223  2784  1531
  224   278  1052
  225  3079   573
  226  2600  1347
  227    94   868
  228  2895   389
  229  1163  3190
  230   684  2711
  231  1458   205
  232   979  3006
  233   500  2527
  234  1274    21
  235   795  2822
  236  1569   316
  237  1090  3117
  238   611  2638
  239  1385   132
  240   906  2933
  241   427  1201
  242  3228   722
  243  2749  1496
  244   243  1017
  245  3044   538
  246  2565  1312
  247    59   833
  248  2860  1607
  249   354  1128
  250  3155   649
  251  2676  1423
  252   170   944
  253  2971   465
  254  2492  1239
  255  3266   760
  256  2787  1534
  257   281  1055
  258  3082   576
  259  2603  1350
  260    97   871
  261  2898   392
  262  1166  3193
  263   687  2714
  264  1461   208
  265   982  3009
  266   503  2530
  267  1277    24
  268  2051   798
  269  2825  1572
  270   319  1093
  271  3120   614
  272  2641  1388
  273   135   909
  274  2936   430
  275  1204  3231
  276   725  2752
  277  1499   246
  278  1020  3047
  279   541  2568
  280  1315    62
  281   836  2863
  282  1610   357
  283  1131  3158
  284   652  2679
  285  1426   173
  286   947  2974
  287   468  2495
  288  1242  3269
  289   763  2790
  290  1537   284
  291  1058  3085
  292   579  2606
  293  1353   100
  294   874  2901
  295   395  1169
  296  3196   690
  297  2717  1464
  298   211   985
  299  3012   506
  300  2533  1280
  301    27   801
  302  2828  1575
  303   322  1096
  304  3123   617
  305  2644  1391
  306   138   912
  307  2939   433
  308  2460  1207
  309  3234   728
  310  2755  1502
  311   249  1023
  312  3050   544
  313  2571  1318
  314    65   839
  315  2866  1613
  316   360  1134
  317  3161   655
  318  2682  1429
  319   176   950
  320  2977   471
  321  2498  1245
  322  3272   766
  323  2793  1540
  324   287  1061
  325  3088   582
  326  2609  1356
  327   103   877
  328  2904   398
  329  1172  3199
  330   693  2720
  331  1467   214
  332   988  3015
  333   509  2536
  334  1283    30
  335   804  2831
  336  1578   325
  337  1099  3126
  338   620  2647
  339  1394   141
  340   915  2942
  341   436  2463
  342  1210  3237
  343   731  2758
  344  1505   252
  345  1026  3053
  346   547  2574
  347  1321    68
  348   842  2869
  349  1616   363
  350  1137  3164
  351   658  2685
  352  1432   179
  353   953  2980
  354   474  2501
  355  1248  3275
  356   769  2796
  357  1543   290
  358  1064  3091
  359   585  2612
  360  1359   106
  361   880  2907
  362   401  1175
  363  3202   696
  364  2723  1470
  365   217   991
  366  3018   512
  367  2539  1286
  368    33   807
  369  2834  1581
  370   328  1102
  371  3129   623
  372  2650  1397
  373   144   918
  374  2945   439
  375  2466  1213
  376  3240   734
  377  2761  1508
  378   255  1029
  379  3056   550
  380  2577  1324
  381    71   845
  382  2872  1619
  383   366  1140
  384  3167   661
  385  2688  1435
  386   182   956
  387  2983   477
  388  2504  1251
  389  3278   772
  390  2799  1546
  391   293  1067
  392  3094   588
  393  2615  1362
  394   109   883
  395  2910   404
  396  1178  3205
  397   699  2726
  398  1473   220
  399   994  3021
  400   515  2542
  401  1289    36
  402   810  2837
  403  1584   331
  404  1105  3132
  405   626  2653
  406  1400   147
  407   921  2948
  408   442  2469
  409  1216  3243
  410   737  2764
  411  1511   258
  412  1032  3059
  413   553  2580
  414  1327    74
  415   848  2875
  416  1622   369
  417  1143  3170
  418   664  2691
  419  1438   185
  420   959  2986
  421   480  2507
  422  1254     1
  423   775  2802
  424  1549   296
  425  1070  3097
  426   591  2618
  427  1365   112
  428   886  2913
  429   407  1181
  430  3208   702
  431  2729  1476
  432   223   997
  433  3024   518
  434  2545  1292
  435    39   813
  436  2840  1587
  437   334  1108
  438  3135   629
  439  2656  1403
  440   150   924
  441  2951   445
  442  2472  1219
  443  3246   740
  444  2767  1514
  445   261  1035
  446  3062   556
  447  2583  1330
  448    77   851
  449  2878  1625
  450   372  1146
  451  3173   667
  452  2694  1441
  453   188   962
  454  2989   483
  455  2510  1257
  456     4   778
  457  2805  1552
  458   299  1073
  459  3100   594
  460  2621  1368
  461   115   889
  462  2916   410
  463  1184  3211
  464   705  2732
  465  1479   226
  466  1000  3027
  467   521  2548
  468  1295    42
  469   816  2843
  470  1590   337
  471  1111  3138
  472   632  2659
  473  1406   153
  474   927  2954
  475   448  2475
  476  1222  3249
  477   743  2770
  478  1517   264
  479  1038  3065
  480   559  2586
  481  1333    80
  482   854  2881
  483  1628   375
  484  1149  3176
  485   670  2697
  486  1444   191
  487   965  2992
  488   486  2513
  489  1260     7
  490   781  2808
  491  1555   302
  492  1076  3103
  493   597  2624
  494  1371   118
  495   892  2919
  496   413  1187
  497  3214   708
  498  2735  1482
  499   229  1003
  500  3030  1777
  501   524  2551
  502  1298    45
  503   819  2846
  504  1593   340
  505  1114  3141
  506   635  2662
  507  1409   156
  508   930  2957
  509   451  2478
  510  1225  3252
  511   746  2773
  512  1520   267
  513  1041  3068
  514   562  2589
  515  1336    83
  516   857  2884
  517  1631   378
  518  1152  3179
  519   673  2700
  520  1447   194
  521   968  2995
  522   489  2516
  523  1263    10
  524   784  2811
  525  1558   305
  526  1079  3106
  527   600  2627
  528  1374   121
  529   895  2922
  530   416  1190
  531  3217   711
  532  2738  1485
  533   232  1006
  534  3033   527
  535  2554  1301
  536    48   822
  537  2849  1596
  538   343  1117
  539  3144   638
  540  2665  1412
  541   159   933
  542  2960   454
  543  2481  1228
  544  3255   749
  545  2776  1523
  546   270  1044
  547  3071   565
  548  2592  1339
  549    86   860
  550  2887  1634
  551   381  1155
  552  3182   676
  553  2703  1450
  554   197   971
  555  2998   492
  556  2519  1266
  557    13   787
  558  2814  1561
  559   308  1082
  560  3109   603
  561  2630  1377
  562   124   898
  563  2925   419
  564  1193  3220
  565   714  2741
  566  1488   235
  567  1009  3036
  568   530  2557
  569  1304    51
  570   825  2852
  571  1599   346
  572  1120  3147
  573   641  2668
  574  1415   162
  575   936  2963
  576   457  2484
  577  1231  3258
  578   752  2779
  579  1526   273
  580  1047  3074
  581   568  2595
  582  1342    89
  583   863  2890
  584  1637   384
  585  1158  3185
  586   679  2706
  587  1453   200
  588   974  3001
  589   495  2522
  590  1269    16
  591   790  2817
  592  1564   311
  593  1085  3112
  594   606  2633
  595  1380   127
  596   901  2928
  597   422  1196
  598  3223   717
  599  2744  1491
  600   238  1012
  601  3039   533
  602  2560  1307
  603    54   828
  604  2855  1602
  605   349  1123
  606  3150   644
  607  2671  1418
  608   165   939
  609  2966   460
  610  2487  1234
  611  3261   755
  612  2782  1529
  613   276  1050
  614  3077   571
  615  2598  1345
  616    92   866
  617  2893  1640
  618   387  1161
  619  3188   682
  620  2709  1456
  621   203   977
  622  3004   498
  623  2525  1272
  624    19   793
  625  2820  1567
  626   314  1088
  627  3115   609
  628  2636  1383
  629   130   904
  630  2931   425
  631  1199  3226
  632   720  2747
  633  1494   241
  634  1015  3042
  635   536  2563
  636  1310    57
  637   831  2858
  638  1605   352
  639  1126  3153
  640   647  2674
  641  1421   168
  642   942  2969
  643   463  2490
  644  1237  3264
  645   758  2785
  646  1532   279
  647  1053  3080
  648   574  2601
  649  1348    95
  650   869  2896
  651   390  1164
  652  3191   685
  653  2712  1459
  654   206   980
  655  3007   501
  656  2528  1275
  657    22   796
  658  2823  1570
  659   317  1091
  660  3118   612
  661  2639  1386
  662   133   907
  663  2934   428
  664  1202  3229
  665   723  2750
  666  1497   244
  667  1018  3045
  668   539  2566
  669  1313    60
  670   834  2861
  671  1608   355
  672  1129  3156
  673   650  2677
  674  1424   171
  675   945  2972
  676   466  2493
  677  1240  3267
  678   761  2788
  679  1535   282
  680  1056  3083
  681   577  2604
  682  1351    98
  683   872  2899
  684   393  1167
  685  3194   688
  686  2715  1462
  687   209   983
  688  3010   504
  689  2531  1278
  690    25   799
  691  2826  1573
  692   320  1094
  693  3121   615
  694  2642  1389
  695   136   910
  696  2937   431
  697  1205  3232
  698   726  2753
  699  1500   247
  700  1021  3048
  701   542  2569
  702  1316    63
  703   837  2864
  704  1611   358
  705  1132  3159
  706   653  2680
  707  1427   174
  708   948  2975
  709   469  2496
  710  1243  3270
  711   764  2791
  712  1538   285
  713  1059  3086
  714   580  2607
  715  1354   101
  716   875  2902
  717   396  1170
  718  3197   691
  719  2718  1465
  720   212   986
  721  3013   507
  722  2534  1281
  723    28   802
  724  2829  1576
  725   323  1097
  726  3124   618
  727  2645  1392
  728   139   913
  729  2940   434
  730  2461  1208
  731  3235   729
  732  2756  1503
  733   250  1024
  734  3051   545
  735  2572  1319
  736    66   840
  737  2867  1614
  738   361  1135
  739  3162   656
  740  2683  1430
  741   177   951
  742  2978   472
  743  2499  1246
  744  3273   767
  745  2794  1541
  746   288  1062
  747  3089   583
  748  2610  1357
  749   104   878
  750  2905   399
  751  1173  3200
  752   694  2721
  753  1468   215
  754   989  3016
  755   510  2537
  756  1284    31
  757   805  2832
  758  1579   326
  759  1100  3127
  760   621  2648
  761  1395   142
  762   916  2943
  763   437  2464
  764  1211  3238
  765   732  2759
  766  1506   253
  767  1027  3054
  768   548  2575
  769  1322    69
  770   843  2870
  771  1617   364
  772  1138  3165
  773   659  2686
  774  1433   180
  775   954  2981
  776   475  2502
  777  1249  3276
  778   770  2797
  779  1544   291
  780  1065  3092
  781   586  2613
  782  1360   107
  783   881  2908
  784   402  1176
  785  3203   697
  786  2724  1471
  787   218   992
  788  3019   513
  789  2540  1287
  790    34   808
  791  2835  1582
  792   329  1103
  793  3130   624
  794  2651  1398
  795   145   919
  796  2946   440
  797  2467  1214
  798  3241   735
  799  2762  1509
  800   256  1030
  801  3057   551
  802  2578  1325
  803    72   846
  804  2873  1620
  805   367  1141
  806  3168   662
  807  2689  1436
  808   183   957
  809  2984   478
  810  2505  1252
  811  3279   773
  812  2800  1547
  813   294  1068
  814  3095   589
  815  2616  1363
  816   110   884
  817  2911   405
  818  1179  3206
  819   700  2727
  820  1474   221
  821   995  3022
  822   516  2543
  823  1290    37
  824   811  2838
  825  1585   332
  826  1106  3133
  827   627  2654
  828  1401   148
  829   922  2949
  830   443  2470
  831  1217  3244
  832   738  2765
  833  1512   259
  834  1033  3060
  835   554  2581
  836  1328    75
  837   849  2876
  838  1623   370
  839  1144  3171
  840   665  2692
  841  1439   186
  842   960  2987
  843   481  2508
  844  1255     2
  845   776  2803
  846  1550   297
  847  1071  3098
  848   592  2619
  849  1366   113
  850   887  2914
  851   408  1182
  852  3209   703
  853  2730  1477
  854   224   998
  855  3025   519
  856  2546  1293
  857    40   814
  858  2841  1588
  859   335  1109
  860  3136   630
  861  2657  1404
  862   151   925
  863  2952   446
  864  2473  1220
  865  3247   741
  866  2768  1515
  867   262  1036
  868  3063   557
  869  2584  1331
  870    78   852
  871  2879  1626
  872   373  1147
  873  3174   668
  874  2695  1442
  875   189   963
  876  2990   484
  877  2511  1258
  878     5   779
  879  2806  1553
  880   300  1074
  881  3101   595
  882  2622  1369
  883   116   890
  884  2917   411
  885  1185  3212
  886   706  2733
  887  1480   227
  888  1001  3028
  889   522  2549
  890  1296    43
  891   817  2844
  892  1591   338
  893  1112  3139
  894   633  2660
  895  1407   154
  896   928  2955
  897   449  2476
  898  1223  3250
  899   744  2771
  900  1518   265
  901  1039  3066
  902   560  2587
  903  1334    81
  904   855  2882
  905  1629   376
  906  1150  3177
  907   671  2698
  908  1445   192
  909   966  2993
  910   487  2514
  911  1261     8
  912   782  2809
  913  1556   303
  914  1077  3104
  915   598  2625
  916  1372   119
  917   893  2920
  918   414  1188
  919  3215   709
  920  2736  1483
  921   230  1004
  922  3031   525
  923  2552  1299
  924    46   820
  925  2847  1594
  926   341  1115
  927  3142   636
  928  2663  1410
  929   157   931
  930  2958   452
  931  2479  1226
  932  3253   747
  933  2774  1521
  934   268  1042
  935  3069   563
  936  2590  1337
  937    84   858
  938  2885  1632
  939   379  1153
  940  3180   674
  941  2701  1448
  942   195   969
  943  2996   490
  944  2517  1264
  945    11   785
  946  2812  1559
  947   306  1080
  948  3107   601
  949  2628  1375
  950   122   896
  951  2923   417
  952  1191  3218
  953   712  2739
  954  1486   233
  955  1007  3034
  956   528  2555
  957  1302    49
  958   823  2850
  959  1597   344
  960  1118  3145
  961   639  2666
  962  1413   160
  963   934  2961
  964   455  2482
  965  1229  3256
  966   750  2777
  967  1524   271
  968  1045  3072
  969   566  2593
  970  1340    87
  971   861  2888
  972  1635   382
  973  1156  3183
  974   677  2704
  975  1451   198
  976   972  2999
  977   493  2520
  978  1267    14
  979   788  2815
  980  1562   309
  981  1083  3110
  982   604  2631
  983  1378   125
  984   899  2926
  985   420  1194
  986  3221   715
  987  2742  1489
  988   236  1010
  989  3037   531
  990  2558  1305
  991    52   826
  992  2853  1600
  993   347  1121
  994  3148   642
  995  2669  1416
  996   163   937
  997  2964   458
  998  2485  1232
  999  3259   753
 1000  2780  1527
 1001   274  1048
 1002  3075   569
 1003  2596  1343
 1004    90   864
 1005  2891  1638
 1006   385  1159
 1007  3186   680
 1008  2707  1454
 1009   201   975
 1010  3002   496
 1011  2523  1270
 1012    17   791
 1013  2818  1565
 1014   312  1086
 1015  3113   607
 1016  2634  1381
 1017   128   902
 1018  2929   423
 1019  1197  3224
 1020   718  2745
 1021  1492   239
 1022  1013  3040
 1023   534  2561
 1024  1308    55
 1025   829  2856
 1026  1603   350
 1027  1124  3151
 1028   645  2672
 1029  1419   166
 1030   940  2967
 1031   461  2488
 1032  1235  3262
 1033   756  2783
 1034  1530   277
 1035  1051  3078
 1036   572  2599
 1037  1346    93
 1038   867  2894
 1039   388  1162
 1040  3189   683
 1041  2710  1457
 1042   204   978
 1043  3005   499
 1044  2526  1273
 1045    20   794
 1046  2821  1568
 1047   315  1089
 1048  3116   610
 1049  2637  1384
 1050   131   905
 1051  2932   426
 1052  1200  3227
 1053   721  2748
 1054  1495   242
 1055  1016  3043
 1056   537  2564
 1057  1311    58
 1058   832  2859
 1059  1606   353
 1060  1127  3154
 1061   648  2675
 1062  1422   169
 1063   943  2970
 1064   464  2491
 1065  1238  3265
 1066   759  2786
 1067  1533   280
 1068  1054  3081
 1069   575  2602
 1070  1349    96
 1071   870  2897
 1072   391  1165
 1073  3192   686
 1074  2713  1460
 1075   207   981
 1076  3008   502
 1077  2529  1276
 1078    23   797
 1079  2824  1571
 1080   318  1092
 1081  3119   613
 1082  2640  1387
 1083   134   908
 1084  2935   429
 1085  1203  3230
 1086   724  2751
 1087  1498   245
 1088  1019  3046
 1089   540  2567
 1090  1314    61
 1091   835  2862
 1092  1609   356
 1093  1130  3157
 1094   651  2678
 1095  1425   172
 1096   946  2973
 1097   467  2494
 1098  1241  3268
 1099   762  2789
 1100  1536   283
 1101  1057  3084
 1102   578  2605
 1103  1352    99
 1104   873  2900
 1105   394  1168
 1106  3195   689
 1107  2716  1463
 1108   210   984
 1109  3011   505
 1110  2532  1279
 1111    26   800
 1112  2827  1574
 1113   321  1095
 1114  3122   616
 1115  2643  1390
 1116   137   911
 1117  2938   432
 1118  1206  3233
 1119   727  2754
 1120  1501   248
 1121  1022  3049
 1122   543  2570
 1123  1317    64
 1124   838  2865
 1125  1612   359
 1126  1133  3160
 1127   654  2681
 1128  1428   175
 1129   949  2976
 1130   470  2497
 1131  1244  3271
 1132   765  2792
 1133  1539   286
 1134  1060  3087
 1135   581  2608
 1136  1355   102
 1137   876  2903
 1138   397  1171
 1139  3198   692
 1140  2719  1466
 1141   213   987
 1142  3014   508
 1143  2535  1282
 1144    29   803
 1145  2830  1577
 1146   324  1098
 1147  3125   619
 1148  2646  1393
 1149   140   914
 1150  2941   435
 1151  2462  1209
 1152  3236   730
 1153  2757  1504
 1154   251  1025
 1155  3052   546
 1156  2573  1320
 1157    67   841
 1158  2868  1615
 1159   362  1136
 1160  3163   657
 1161  2684  1431
 1162   178   952
 1163  2979   473
 1164  2500  1247
 1165  3274   768
 1166  2795  1542
 1167   289  1063
 1168  3090   584
 1169  2611  1358
 1170   105   879
 1171  2906   400
 1172  1174  3201
 1173   695  2722
 1174  1469   216
 1175   990  3017
 1176   511  2538
 1177  1285    32
 1178   806  2833
 1179  1580   327
 1180  1101  3128
 1181   622  2649
 1182  1396   143
 1183   917  2944
 1184   438  2465
 1185  1212  3239
 1186   733  2760
 1187  1507   254
 1188  1028  3055
 1189   549  2576
 1190  1323    70
 1191   844  2871
 1192  1618   365
 1193  1139  3166
 1194   660  2687
 1195  1434   181
 1196   955  2982
 1197   476  2503
 1198  1250  3277
 1199   771  2798
 1200  1545   292
 1201  1066  3093
 1202   587  2614
 1203  1361   108
 1204   882  2909
 1205   403  1177
 1206  3204   698
 1207  2725  1472
 1208   219   993
 1209  3020   514
 1210  2541  1288
 1211    35   809
 1212  2836  1583
 1213   330  1104
 1214  3131   625
 1215  2652  1399
 1216   146   920
 1217  2947   441
 1218  2468  1215
 1219  3242   736
 1220  2763  1510
 1221   257  1031
 1222  3058   552
 1223  2579  1326
 1224    73   847
 1225  2874  1621
 1226   368  1142
 1227  3169   663
 1228  2690  1437
 1229   184   958
 1230  2985   479
 1231  2506  1253
