1057 244
4 18
4 4 4 4 4 4 4 4 4 4 4 4 4 4 4 4 4 4 4 4 4 4 4 4 4 4 4 4 4 4 4 4 4 4 4 4 4 4 4 4 4 4 4 4 4 4 4 4 4 4 4 4 4 4 4 4 4 4 4 4 4 4 4 4 4 4 4 4 4 4 4 4 4 4 4 4 4 4 4 4 4 4 4 4 4 4 4 4 4 4 4 4 4 4 4 4 4 4 4 4 4 4 4 4 4 4 4 4 4 4 4 4 4 4 4 4 4 4 4 4 4 4 4 4 4 4 4 4 4 4 4 4 4 4 4 4 4 4 4 4 4 4 4 4 4 4 4 4 4 4 4 4 4 4 4 4 4 4 4 4 4 4 4 4 4 4 4 4 4 4 4 4 4 4 4 4 4 4 4 4 4 4 4 4 4 4 4 4 4 4 4 4 4 4 4 4 4 4 4 4 4 4 4 4 4 4 4 4 4 4 4 4 4 4 4 4 4 4 4 4 4 4 4 4 4 4 4 4 4 4 4 4 4 4 4 4 4 4 4 4 4 4 4 4 4 4 4 4 4 4 4 4 4 4 4 4 4 4 4 4 4 4 4 4 4 4 4 4 4 4 4 4 4 4 4 4 4 4 4 4 4 4 4 4 4 4 4 4 4 4 4 4 4 4 4 4 4 4 4 4 4 4 4 4 4 4 4 4 4 4 4 4 4 4 4 4 4 4 4 4 4 4 4 4 4 4 4 4 4 4 4 4 4 4 4 4 4 4 4 4 4 4 4 4 4 4 4 4 4 4 4 4 4 4 4 4 4 4 4 4 4 4 4 4 4 4 4 4 4 4 4 4 4 4 4 4 4 4 4 4 4 4 4 4 4 4 4 4 4 4 4 4 4 4 4 4 4 4 4 4 4 4 4 4 4 4 4 4 4 4 4 4 4 4 4 4 4 4 4 4 4 4 4 4 4 4 4 4 4 4 4 4 4 4 4 4 4 4 4 4 4 4 4 4 4 4 4 4 4 4 4 4 4 4 4 4 4 4 4 4 4 4 4 4 4 4 4 4 4 4 4 4 4 4 4 4 4 4 4 4 4 4 4 4 4 4 4 4 4 4 4 4 4 4 4 4 4 4 4 4 4 4 4 4 4 4 4 4 4 4 4 4 4 4 4 4 4 4 4 4 4 4 4 4 4 4 4 4 4 4 4 4 4 4 4 4 4 4 4 4 4 4 4 4 4 4 4 4 4 4 4 4 4 4 4 4 4 4 4 4 4 4 4 4 4 4 4 4 4 4 4 4 4 4 4 4 4 4 4 4 4 4 4 4 4 4 4 4 4 4 4 4 4 4 4 4 4 4 4 4 4 4 4 4 4 4 4 4 4 4 4 4 4 4 4 4 4 4 4 4 4 4 4 4 4 4 4 4 4 4 4 4 4 4 4 4 4 4 4 4 4 4 4 4 4 4 4 4 4 4 4 4 4 4 4 4 4 4 4 4 4 4 4 4 4 4 4 4 4 4 4 4 4 4 4 4 4 4 4 4 4 4 4 4 4 4 4 4 4 4 4 4 4 4 4 4 4 4 4 4 4 4 4 4 4 4 4 4 4 4 4 4 4 4 4 4 4 4 4 4 4 4 4 4 4 4 4 4 4 4 4 4 4 4 4 4 4 4 4 4 4 4 4 4 4 4 4 4 4 4 4 4 4 4 4 4 4 4 4 4 4 4 4 4 4 4 4 4 4 4 4 4 4 4 4 4 4 4 4 4 4 4 4 4 4 4 4 4 4 4 4 4 4 4 4 4 4 4 4 4 4 4 4 4 4 4 4 4 4 4 4 4 4 4 4 4 4 4 4 4 4 4 4 4 4 4 4 4 4 4 4 4 4 4 4 4 4 4 4 4 4 4 4 4 4 4 4 4 4 4 4 4 4 4 4 4 4 4 4 4 4 4 4 4 4 4 4 4 4 4 4 4 4 4 4 4 4 4 4 4 4 4 4 4 4 4 4 4 4 4 4 4 4 4 4 4 4 4 4 4 4 4 4 4 4 4 4 4 4 4 4 4 4 4 4 4 4 4 4 4 4 4 4 4 4 4 4 4 4 4 4 4 4 4 4 4 4 4 4 4 4 4 4 4 4 4 4 4 4 4 4 4 4 4 4 4 4 4 4 4 4 4 4 4 4 4 4 4 4 4 4 4 4 4 4 4 4 4 4 4 4 4 4 4 4 4 4 4 4 4 4 4 4 4 4 4 4 4 4 4 4 4 4 4 4 4 4 4 4 4 4 4 4 4 4 4 4 4 4 4 4 4 4 4 4 4 4 4 4 4 4 4 4 4 4 4 4 4 4 4 4 4 4 4 4 4 4 4 4 4 4 4 4 4 4 4 4 
18 18 18 18 18 18 18 18 18 18 18 18 18 18 18 18 18 18 18 18 18 18 18 18 18 18 18 18 18 18 18 18 18 18 18 18 18 18 18 18 18 18 18 18 18 18 18 18 18 18 18 18 18 18 18 18 18 18 18 18 18 18 18 18 18 18 18 18 18 18 18 18 18 18 18 18 18 18 18 18 17 17 17 17 17 17 17 17 17 17 17 17 17 17 17 17 17 17 17 17 17 17 17 17 17 17 17 17 17 17 17 17 17 17 17 17 17 17 17 17 17 17 17 17 17 17 17 17 17 17 17 17 17 17 17 17 17 17 17 17 17 17 17 17 17 17 17 17 17 17 17 17 17 17 17 17 17 17 17 17 17 17 17 17 17 17 17 17 17 17 17 17 17 17 17 17 17 17 17 17 17 17 17 17 17 17 17 17 17 17 17 17 17 17 17 17 17 17 17 17 17 17 17 17 17 17 17 17 17 17 17 17 17 17 17 17 17 17 17 17 17 17 17 17 17 17 17 17 17 17 17 17 17 17 17 17 17 17 17 17 17 17 17 17 
89 28 111 206 
216 57 102 16 
119 30 45 41 
11 190 208 139 
189 56 164 237 
38 139 9 64 
229 189 230 195 
37 199 55 236 
232 21 82 33 
108 55 122 179 
165 106 5 152 
19 11 192 58 
110 213 73 16 
104 107 14 168 
73 157 100 187 
21 42 221 79 
139 116 199 182 
205 2 104 175 
180 118 232 146 
101 117 160 71 
198 47 95 5 
84 128 132 178 
86 67 12 138 
217 129 220 53 
102 242 8 235 
143 8 17 118 
115 3 141 168 
32 24 75 189 
85 134 186 27 
50 192 40 136 
34 190 198 113 
88 99 127 149 
164 26 213 222 
164 11 206 40 
140 38 105 8 
28 174 55 11 
46 44 200 153 
205 195 10 83 
166 3 227 134 
176 208 71 224 
183 100 24 99 
210 130 128 221 
208 103 21 116 
121 98 87 28 
92 228 129 8 
25 165 11 242 
58 66 229 175 
200 241 147 132 
73 59 169 70 
221 36 239 83 
42 234 77 65 
151 28 178 34 
60 42 174 153 
124 175 28 228 
35 97 179 85 
48 72 15 209 
210 93 169 158 
77 144 54 181 
39 4 237 206 
171 244 107 30 
15 143 131 57 
62 72 59 186 
118 24 84 177 
242 239 179 94 
218 188 98 203 
38 12 6 157 
180 57 198 203 
70 219 200 20 
67 100 91 128 
149 72 150 75 
26 1 181 15 
132 97 114 72 
34 36 222 114 
69 36 68 155 
23 231 121 142 
48 218 221 190 
62 176 138 141 
47 204 13 242 
99 123 236 81 
211 143 95 112 
61 53 224 135 
12 58 166 230 
126 239 32 243 
207 178 82 130 
65 173 24 81 
211 167 53 192 
209 174 147 129 
94 93 4 194 
78 29 169 48 
3 229 47 21 
110 61 127 204 
58 36 183 204 
50 146 61 54 
55 68 46 183 
12 160 141 153 
121 104 207 155 
39 201 226 17 
147 204 225 171 
5 73 14 50 
55 59 103 206 
217 211 94 14 
82 17 176 87 
122 215 91 218 
198 124 158 89 
186 51 13 238 
59 47 88 46 
222 23 38 141 
25 128 196 64 
212 200 91 107 
198 83 91 40 
76 80 149 219 
229 77 79 25 
78 190 38 207 
194 139 209 158 
32 134 208 105 
222 188 21 70 
113 131 136 233 
202 148 97 244 
109 75 181 194 
204 63 123 235 
83 226 190 156 
71 11 7 116 
130 179 187 32 
234 230 158 28 
36 175 63 31 
92 219 71 44 
90 138 212 243 
86 1 51 237 
223 162 130 45 
43 41 75 98 
173 76 38 216 
115 171 101 199 
51 196 101 89 
71 21 98 205 
9 80 211 83 
140 95 232 68 
202 59 131 83 
19 68 41 226 
207 1 147 150 
202 149 22 166 
63 42 165 15 
83 188 124 5 
219 55 32 145 
165 100 231 1 
100 209 170 143 
147 140 61 30 
106 43 40 84 
26 18 241 89 
1 143 175 44 
135 64 76 23 
214 6 112 225 
233 178 186 16 
178 24 175 43 
221 46 5 219 
112 125 86 54 
43 238 224 36 
152 213 28 57 
78 21 146 62 
173 34 18 202 
110 82 242 83 
121 156 108 178 
104 38 119 63 
80 86 227 136 
101 216 142 149 
241 182 115 104 
55 94 209 16 
215 30 161 189 
185 170 145 153 
159 240 219 190 
59 171 69 56 
92 109 90 131 
137 120 9 134 
146 33 229 108 
152 182 130 240 
6 154 29 213 
202 183 85 71 
184 106 17 231 
142 41 196 218 
50 161 187 162 
98 131 166 129 
95 180 206 43 
163 184 114 166 
19 145 146 195 
29 177 141 32 
217 163 101 181 
22 96 181 146 
153 21 128 207 
244 7 49 121 
199 223 189 31 
214 54 212 201 
184 107 50 49 
217 166 11 97 
28 119 217 8 
158 98 165 24 
145 26 2 10 
234 7 208 235 
100 227 104 75 
65 153 84 67 
50 123 47 1 
102 155 221 201 
180 243 184 226 
161 131 137 112 
160 172 123 243 
65 92 82 75 
112 40 59 170 
177 27 144 211 
57 108 173 45 
238 7 113 155 
189 197 181 53 
79 208 57 165 
148 99 242 113 
167 47 11 118 
49 80 96 17 
120 150 57 66 
97 151 29 155 
17 230 40 193 
171 9 159 185 
170 147 156 223 
186 41 151 128 
117 166 95 14 
92 88 133 19 
114 24 240 17 
194 68 112 224 
170 210 51 108 
64 19 205 164 
204 70 83 84 
10 7 167 135 
33 73 13 243 
20 90 61 191 
6 135 114 50 
106 119 170 221 
219 122 132 58 
196 129 118 55 
109 169 193 14 
225 185 106 207 
44 5 179 203 
34 40 221 234 
54 238 208 33 
79 231 151 35 
39 150 236 238 
240 135 69 94 
193 42 44 194 
15 77 180 46 
194 186 179 244 
243 219 30 166 
14 182 71 228 
234 45 67 165 
117 144 88 29 
138 227 196 132 
48 77 92 85 
187 126 177 150 
162 93 137 66 
209 5 210 140 
6 13 169 172 
52 69 161 45 
66 29 94 156 
136 100 108 203 
232 42 125 87 
205 140 56 185 
214 102 80 21 
174 106 157 164 
188 139 236 26 
135 197 168 150 
217 82 234 70 
52 39 195 239 
85 207 74 20 
3 33 116 158 
42 139 89 37 
160 238 6 63 
163 198 37 147 
66 140 88 142 
106 37 74 129 
132 243 29 193 
105 39 26 107 
140 141 214 98 
172 40 143 16 
12 178 79 148 
72 66 125 77 
123 237 29 19 
56 130 79 115 
176 192 227 45 
128 27 116 57 
191 217 107 161 
18 204 94 104 
44 24 106 29 
149 143 178 193 
202 180 191 158 
89 169 217 91 
88 41 105 233 
227 148 119 186 
78 72 92 171 
124 67 88 44 
226 66 232 5 
75 190 210 46 
36 25 113 240 
64 157 66 91 
141 124 102 117 
180 163 134 63 
222 242 90 200 
210 66 194 12 
41 165 240 14 
1 88 229 193 
162 84 60 203 
11 26 175 144 
4 97 156 225 
183 146 238 165 
244 50 98 237 
230 135 151 127 
219 179 180 42 
108 26 104 81 
60 85 75 15 
236 240 90 179 
225 122 220 31 
137 213 71 133 
100 239 20 5 
84 199 145 16 
55 202 13 74 
135 138 232 174 
159 60 23 52 
48 216 237 22 
157 127 20 55 
197 95 61 240 
73 124 93 10 
148 109 54 44 
205 155 224 240 
162 152 131 20 
166 192 13 80 
28 29 10 137 
142 134 40 125 
13 164 118 185 
26 84 51 220 
77 137 228 26 
58 239 128 228 
37 16 132 8 
118 54 150 189 
68 48 91 142 
195 131 167 177 
192 156 244 127 
176 133 67 81 
7 185 241 156 
52 128 137 76 
214 15 188 186 
7 143 176 53 
118 9 240 76 
80 19 143 238 
175 21 224 45 
215 224 108 120 
228 225 168 24 
187 122 237 152 
161 219 8 11 
130 226 110 10 
218 39 90 170 
82 54 152 37 
201 107 237 25 
107 13 116 196 
192 62 175 162 
72 25 154 37 
212 216 105 126 
53 113 231 185 
196 30 137 233 
66 86 231 155 
123 202 221 90 
132 77 3 98 
83 114 93 145 
148 67 23 53 
74 105 139 76 
133 22 145 121 
48 46 125 31 
110 31 174 201 
192 111 182 191 
102 208 28 145 
238 111 213 56 
209 168 12 195 
112 107 203 85 
67 34 66 63 
86 150 4 20 
145 156 124 27 
141 135 212 46 
180 51 140 75 
93 56 12 220 
8 44 85 68 
212 75 58 116 
157 79 34 118 
3 197 103 161 
160 127 161 198 
183 214 22 87 
203 149 196 159 
129 1 80 138 
233 235 66 20 
196 152 135 186 
16 108 6 9 
70 157 71 76 
78 116 68 157 
186 189 154 212 
69 237 168 49 
241 190 203 70 
83 120 73 44 
78 80 64 56 
121 171 153 89 
205 139 137 166 
231 223 221 109 
173 224 47 177 
6 178 115 32 
205 48 18 143 
29 195 170 111 
46 117 151 64 
31 74 32 26 
86 146 127 131 
200 52 143 10 
6 207 201 81 
13 103 24 210 
221 110 148 125 
109 96 236 144 
137 189 129 226 
169 229 192 9 
176 118 134 77 
151 9 138 122 
43 172 174 203 
215 90 44 151 
210 129 197 218 
213 173 119 17 
62 219 158 228 
53 172 25 223 
80 57 91 244 
13 230 200 112 
32 155 154 191 
5 177 30 67 
198 196 14 241 
239 72 183 53 
96 51 132 124 
185 233 1 45 
30 223 95 54 
226 223 122 240 
2 54 85 103 
62 244 33 188 
190 183 74 95 
84 117 193 176 
68 127 138 124 
16 33 191 142 
146 120 2 159 
168 101 203 186 
35 100 57 62 
199 8 70 80 
72 207 217 76 
174 111 235 104 
76 213 159 42 
194 187 70 240 
198 12 101 35 
139 117 216 229 
176 18 4 38 
19 149 36 228 
205 35 53 105 
182 207 67 171 
167 215 194 217 
134 20 15 179 
225 155 51 34 
126 35 185 148 
74 199 88 49 
59 102 50 27 
148 40 229 114 
191 52 230 82 
35 92 89 224 
131 165 239 101 
58 34 90 9 
212 120 40 24 
184 120 193 209 
81 37 153 213 
33 171 114 220 
218 97 191 231 
161 136 184 144 
3 30 187 68 
103 143 83 241 
216 64 218 51 
119 18 149 113 
65 88 163 239 
64 48 127 225 
163 46 82 237 
182 127 239 59 
60 135 78 118 
173 117 35 218 
241 31 106 11 
35 234 142 184 
194 232 236 108 
243 121 66 199 
207 162 15 47 
52 229 243 206 
111 203 237 214 
214 12 53 99 
32 48 4 214 
236 22 134 113 
1 148 29 159 
83 134 43 42 
90 51 42 115 
201 44 199 172 
158 159 204 172 
153 111 243 156 
216 160 111 208 
64 162 169 100 
31 198 23 130 
41 140 94 50 
231 114 206 227 
76 201 136 22 
214 94 206 72 
232 52 123 75 
160 96 169 120 
96 214 145 43 
7 144 223 187 
236 178 195 102 
96 179 230 78 
4 45 210 144 
31 96 159 99 
167 202 133 36 
17 187 41 111 
86 165 147 182 
233 244 67 184 
138 41 2 47 
184 33 76 187 
183 84 1 89 
197 211 175 56 
92 154 30 16 
94 73 199 42 
227 34 74 39 
26 21 215 41 
216 12 128 4 
84 185 3 81 
123 22 207 215 
197 193 74 112 
2 185 30 34 
2 65 147 110 
151 191 71 78 
169 171 197 25 
49 48 45 102 
242 220 46 174 
225 154 22 46 
198 200 159 191 
51 141 56 206 
4 100 186 127 
215 99 176 47 
217 73 6 23 
157 97 112 82 
133 158 135 236 
4 217 228 31 
147 210 55 235 
134 131 140 58 
28 25 101 120 
126 96 139 189 
71 154 175 33 
142 78 82 93 
187 89 34 195 
133 212 146 139 
111 86 242 107 
154 151 159 50 
154 49 226 174 
69 187 164 215 
136 92 32 180 
104 23 190 96 
169 189 182 50 
191 172 140 197 
91 44 144 12 
116 47 43 222 
142 124 169 61 
192 210 157 198 
236 97 115 10 
181 235 118 222 
97 243 232 197 
241 19 96 60 
91 124 8 58 
84 173 233 116 
177 178 235 155 
17 174 128 107 
151 162 104 173 
146 109 73 36 
129 195 49 9 
133 163 61 5 
158 41 96 123 
180 6 181 31 
181 71 123 152 
224 95 63 102 
74 162 43 38 
218 6 156 42 
193 104 103 15 
206 200 188 29 
179 182 150 88 
167 27 240 39 
40 209 111 119 
134 170 28 196 
232 111 215 55 
82 224 190 105 
180 235 79 50 
79 71 23 209 
188 183 92 66 
103 122 93 216 
168 106 77 39 
126 127 60 107 
23 55 164 161 
27 138 20 149 
167 18 120 70 
165 92 94 175 
110 4 138 7 
229 86 241 181 
22 230 173 244 
154 105 125 109 
109 121 100 126 
211 204 125 152 
23 54 145 230 
63 243 17 117 
1 220 37 103 
78 122 181 90 
179 69 167 16 
47 172 39 57 
58 220 61 190 
38 206 75 142 
15 87 138 189 
68 163 75 160 
223 29 72 60 
156 45 61 211 
227 27 95 16 
27 228 176 210 
169 103 141 129 
90 172 107 117 
162 108 226 133 
64 212 195 33 
159 37 59 232 
178 122 162 174 
224 27 188 131 
228 113 177 39 
166 77 133 40 
176 142 222 139 
21 121 218 150 
197 196 80 52 
10 48 62 42 
133 183 25 4 
101 197 124 7 
38 136 84 69 
64 99 15 27 
144 18 103 105 
19 8 110 108 
172 206 184 61 
195 99 125 160 
191 58 53 14 
211 37 113 116 
223 14 153 233 
110 91 137 78 
105 155 5 244 
234 137 238 88 
132 156 57 67 
115 102 110 191 
144 69 99 128 
154 3 7 24 
234 224 121 39 
81 164 85 231 
64 231 242 159 
69 216 181 145 
170 172 161 2 
132 234 1 52 
94 106 2 75 
105 14 201 173 
52 18 49 109 
10 32 113 173 
225 126 104 116 
211 132 23 110 
227 67 10 232 
244 8 65 54 
225 241 27 90 
37 200 98 18 
150 16 194 204 
204 114 186 124 
136 239 81 9 
58 56 45 2 
3 52 211 193 
162 13 235 121 
95 33 163 157 
46 194 146 207 
171 97 208 20 
233 23 238 10 
171 73 188 1 
171 112 36 10 
113 223 56 57 
53 157 222 206 
238 148 31 37 
125 63 200 167 
122 164 74 180 
63 13 115 157 
95 2 200 193 
234 130 98 105 
58 17 13 86 
93 155 3 76 
202 111 19 163 
129 7 22 231 
232 36 93 212 
172 30 218 60 
153 173 168 149 
8 51 99 73 
8 227 222 78 
101 215 50 80 
231 4 10 220 
34 76 115 120 
149 192 14 35 
34 117 49 41 
15 142 70 243 
130 27 114 87 
31 115 195 87 
87 147 47 23 
208 147 167 89 
17 163 109 85 
219 130 140 202 
52 19 59 130 
95 103 228 70 
223 112 215 141 
3 56 153 151 
35 49 160 177 
4 69 63 222 
19 99 3 220 
17 38 160 5 
74 204 48 146 
62 61 239 134 
101 109 167 218 
43 241 35 213 
149 198 155 174 
233 25 241 87 
220 54 234 163 
79 128 225 80 
199 183 120 229 
161 14 31 152 
176 102 126 22 
60 147 230 44 
25 182 18 123 
52 35 122 56 
7 126 87 242 
242 108 123 164 
234 72 136 27 
230 163 221 199 
184 242 65 168 
213 187 51 239 
57 73 126 215 
227 69 25 96 
47 236 182 226 
113 135 73 63 
87 92 99 229 
30 122 65 79 
220 212 148 38 
6 220 24 166 
102 209 89 56 
214 202 39 184 
237 209 97 81 
32 93 148 63 
20 236 125 43 
204 115 65 136 
126 233 168 93 
61 60 18 225 
208 212 140 182 
3 35 74 65 
59 33 125 126 
49 116 65 118 
205 33 235 199 
244 71 119 12 
9 87 197 85 
79 211 181 129 
43 208 114 192 
168 11 48 136 
70 77 226 158 
120 139 49 130 
32 94 170 20 
202 196 11 201 
133 86 119 62 
74 68 203 89 
210 67 213 18 
22 62 233 2 
81 21 15 91 
38 179 70 53 
78 152 36 65 
85 7 194 14 
235 160 158 59 
77 160 22 114 
117 45 6 177 
205 40 165 55 
193 81 228 30 
69 214 93 119 
141 170 101 60 
26 49 25 91 
119 238 156 64 
5 217 21 131 
211 164 68 168 
235 223 88 119 
177 82 72 185 
133 152 185 201 
9 54 203 222 
62 13 123 65 
98 106 51 136 
145 117 189 175 
12 201 46 62 
226 60 192 26 
205 28 97 109 
41 237 28 188 
81 19 141 86 
166 188 154 112 
221 16 177 20 
230 137 43 188 
76 222 125 178 
213 36 59 121 
164 150 18 115 
161 79 200 183 
62 167 216 190 
39 138 144 60 
216 100 98 150 
170 144 127 79 
87 2 37 209 
45 77 151 219 
227 154 201 153 
69 152 143 61 
68 184 103 110 
24 11 2 72 
9 205 132 106 
180 58 49 205 
27 198 229 218 
171 194 174 37 
146 119 1 55 
105 232 117 158 
195 60 22 213 
75 59 192 234 
66 10 151 187 
50 166 211 232 
214 199 241 136 
164 153 47 22 
70 129 14 69 
107 143 155 197 
163 89 16 62 
103 189 61 201 
156 95 212 199 
129 110 21 90 
239 42 54 235 
130 135 225 180 
205 123 51 66 
50 68 97 147 
75 146 49 83 
16 193 128 175 
201 84 100 228 
42 130 172 71 
174 1 120 99 
188 177 240 140 
22 105 94 10 
97 216 177 15 
241 98 159 58 
172 234 231 205 
186 112 158 145 
86 168 210 142 
230 114 41 92 
24 187 93 92 
211 230 176 26 
243 208 45 189 
119 128 229 150 
228 20 242 160 
68 221 166 207 
157 36 143 99 
140 84 137 87 
238 164 140 17 
114 113 3 200 
92 204 162 86 
133 144 126 217 
191 224 4 185 
200 121 118 67 
34 232 12 85 
140 148 42 46 
115 109 8 216 
121 106 64 20 
194 134 223 123 
202 14 181 207 
220 96 110 153 
134 141 171 237 
107 47 48 36 
46 206 149 240 
87 170 61 120 
173 210 70 74 
96 134 44 157 
136 177 138 181 
108 207 125 60 
6 242 153 224 
130 193 118 204 
135 223 38 209 
18 192 228 190 
137 2 144 101 
114 51 175 146 
103 188 57 147 
161 150 40 176 
12 78 165 73 
233 239 139 111 
179 8 106 214 
174 139 59 87 
169 132 133 231 
46 168 229 16 
116 18 243 72 
15 224 202 88 
118 169 220 152 
154 148 85 122 
60 63 28 5 
39 123 126 79 
213 163 30 7 
152 91 223 188 
203 130 233 161 
197 47 127 111 
112 39 69 118 
36 32 52 7 
195 57 68 162 
219 79 83 81 
5 132 186 237 
128 59 32 39 
146 5 57 70 
179 43 152 216 
151 120 69 242 
166 54 241 209 
75 35 187 91 
29 58 221 96 
115 7 80 84 
104 106 142 109 
95 84 20 188 
211 242 133 30 
27 51 183 10 
67 1 3 136 
98 62 79 101 
37 186 126 76 
24 126 88 9 
190 239 25 191 
15 203 8 229 
11 52 108 44 
234 236 17 151 
165 74 212 170 
115 82 166 67 
154 244 74 167 
172 18 155 110 
150 105 90 80 
34 141 20 199 
23 40 14 12 
158 4 181 196 
102 205 184 42 
129 162 2 191 
163 96 173 100 
35 44 178 210 
132 173 134 190 
216 185 132 89 
131 121 115 12 
123 154 9 209 
125 117 103 82 
25 47 152 139 
19 78 182 31 
56 136 24 62 
143 2 63 116 
124 226 207 30 
94 222 167 51 
182 145 159 162 
40 72 61 235 
54 72 218 133 
169 57 185 206 
226 119 97 65 
128 74 131 149 
95 25 187 29 
119 141 73 208 
21 170 27 77 
238 129 219 38 
9 48 234 215 
60 11 148 56 
27 226 212 163 
102 206 66 116 
104 3 144 218 
11 17 169 149 
101 58 225 138 
80 148 95 201 
244 100 147 153 
107 178 71 97 
203 147 236 124 
120 168 41 243 
111 77 102 244 
231 36 41 16 
171 183 11 76 
138 165 233 29 
72 227 208 156 
122 23 81 63 
124 183 180 240 
179 24 113 33 
85 237 184 167 
142 94 1 34 
175 155 206 220 
236 91 3 192 
52 71 111 217 
211 215 76 117 
6 65 179 141 
26 244 35 196 
227 4 124 172 
77 177 28 214 
45 37 13 83 
53 125 145 161 
93 200 45 99 
158 195 75 103 
61 218 17 113 
139 165 160 23 
71 32 53 8 
137 210 21 125 
108 143 41 67 
176 34 183 32 
106 127 69 85 
43 176 164 219 
227 89 135 159 
235 194 226 86 
45 9 82 113 
25 43 157 19 
215 53 31 109 
145 64 73 222 
131 185 192 160 
98 221 73 88 
38 116 203 201 
239 23 184 174 
53 199 62 87 
6 121 198 144 
88 10 175 6 
182 109 196 79 
91 131 186 82 
105 122 227 50 
65 107 170 222 
189 83 142 225 
93 225 54 221 
30 155 157 173 
135 214 233 200 
197 46 29 18 
178 81 198 78 
204 55 44 156 
150 89 215 220 
181 154 238 28 
90 197 102 160 
13 48 56 38 
64 149 230 55 
122 212 127 202 
195 222 48 81 
217 198 237 238 
65 4 70 159 
59 137 104 178 
7 236 31 13 
228 40 37 56 
2 182 223 243 
86 167 49 224 
117 50 202 230 
52 28 15 110 
94 189 99 114 
49 112 55 21 
77 171 35 127 
90 19 180 209 
33 80 5 164 
98 14 204 33 
13 93 161 64 
112 22 33 43 
184 194 241 208 
191 31 101 66 
92 63 213 108 
156 26 151 68 
19 235 138 190 
100 232 168 213 
231 104 196 240 
26 193 217 219 
76 78 193 39 
980 918 839 817 676 655 607 518 491 431 388 302 199 149 144 139 128 71 
1037 946 935 881 812 807 768 684 669 656 654 529 528 516 440 434 195 18 
982 963 918 857 752 713 710 687 670 649 525 471 384 363 267 90 39 27 
1033 987 933 860 712 696 632 599 542 537 524 510 489 450 376 305 88 59 
1045 907 905 895 782 714 644 574 427 315 293 253 236 154 142 99 21 11 
1013 1012 985 877 775 742 580 576 539 410 403 391 269 254 230 175 151 66 
1035 913 902 897 772 729 689 649 633 599 507 343 340 227 208 196 188 122 
995 923 887 864 694 693 663 637 567 443 381 350 334 193 45 35 26 25 
1003 959 941 921 813 787 757 668 573 464 417 415 391 344 217 172 135 6 
1013 917 841 821 696 677 675 662 659 631 563 409 351 328 323 227 195 38 
973 964 960 924 812 764 760 481 350 304 212 192 122 46 36 34 12 4 
940 932 885 862 791 756 559 524 488 448 380 373 300 277 95 82 66 23 
1047 1035 1028 989 788 686 683 671 425 411 355 330 327 317 254 228 105 78 
1046 932 867 825 772 724 698 657 642 640 428 301 246 234 220 101 99 14 
1040 923 892 842 769 700 635 613 581 485 455 342 311 243 141 71 61 56 
972 890 836 827 797 666 617 609 520 439 391 334 316 276 166 152 13 2 
993 964 925 856 714 705 686 606 570 513 421 222 216 213 177 102 97 26 
1022 929 891 880 801 767 750 727 665 658 636 597 474 450 404 284 159 148 
1053 1044 1004 944 795 713 707 688 637 566 451 345 279 225 221 183 138 12 
931 915 865 852 797 763 747 674 596 455 389 376 326 321 315 266 229 68 
1042 996 957 830 782 769 629 523 346 260 187 158 134 116 90 43 16 9 
1048 841 824 819 774 768 725 689 601 534 526 502 490 386 367 320 186 140 
1010 994 976 932 703 675 661 605 595 590 556 539 499 365 319 150 107 75 
978 945 921 848 812 742 649 465 411 348 285 222 194 153 85 63 41 28 
1004 955 943 922 780 736 727 720 632 545 531 423 357 354 295 112 108 46 
1056 1052 986 849 792 780 523 407 332 331 310 304 274 262 195 148 71 33 
961 957 917 815 731 701 664 635 625 618 617 596 584 459 377 282 206 29 
1040 1026 988 895 794 793 586 545 371 328 193 157 124 54 52 44 36 1 
1022 974 955 912 615 582 491 405 328 285 279 273 256 248 215 184 175 89 
1020 947 916 897 777 740 691 528 520 471 432 427 360 245 167 146 60 3 
1050 1035 1005 944 724 702 680 576 542 511 499 481 407 369 368 313 189 125 
998 995 906 902 763 746 659 555 489 426 407 403 184 143 123 115 83 28 
1048 1046 1045 978 755 753 672 622 547 517 468 439 435 267 238 228 173 9 
998 980 931 862 699 697 549 528 522 464 456 383 375 237 159 73 52 31 
1043 986 937 911 752 728 718 711 698 482 480 462 457 452 448 442 239 55 
972 902 870 854 800 771 690 677 572 512 451 295 156 125 92 74 73 50 
1036 989 920 816 807 680 665 641 623 607 467 357 353 334 272 270 268 8 
1028 1009 958 879 770 741 714 634 612 579 450 162 131 113 107 66 35 6 
1057 906 901 896 804 744 650 626 610 593 584 522 352 274 265 240 97 59 
1036 950 932 884 776 627 585 465 460 329 276 237 216 205 147 110 34 30 
997 972 970 847 794 699 575 523 516 513 500 301 289 219 178 138 130 3 
934 863 838 831 631 580 521 493 492 446 309 268 258 242 141 53 51 16 
1048 1004 1000 908 798 759 747 718 579 560 506 492 418 181 156 153 147 130 
1024 937 924 874 726 559 494 419 397 381 324 292 285 242 236 149 126 37 
1003 991 989 850 808 775 669 616 532 510 431 346 281 255 247 207 129 3 
1022 890 871 863 791 673 534 533 477 406 378 368 294 243 154 106 94 37 
943 900 870 824 737 703 610 560 538 516 485 402 212 199 106 90 78 21 
1031 1028 959 870 760 715 631 532 489 476 404 368 336 320 250 89 76 56 
1042 1038 835 814 780 762 754 711 699 658 573 553 532 458 395 213 191 188 
1039 1016 834 822 695 589 557 552 500 459 307 230 199 191 179 99 93 30 
948 917 882 833 789 734 693 536 493 473 456 430 379 331 224 133 128 105 
1040 983 924 902 728 707 670 658 655 630 504 486 461 409 341 319 265 255 
1011 1005 995 990 770 679 640 488 452 429 423 365 359 343 209 86 81 24 
1019 951 910 831 787 721 663 605 434 432 353 335 324 238 190 155 93 58 
1042 1029 1024 817 776 595 587 543 321 317 233 166 143 100 94 36 10 8 
1036 1028 960 945 743 728 710 678 669 536 519 398 380 372 280 259 170 5 
952 907 903 883 735 678 646 610 442 424 282 214 210 207 157 67 61 2 
965 912 843 814 686 669 640 611 567 544 464 382 333 232 92 82 47 12 
1034 906 888 820 800 773 753 707 623 478 459 205 170 137 106 100 62 49 
960 895 876 819 804 792 779 750 726 691 615 594 566 479 319 311 303 53 
993 950 872 828 810 750 716 638 616 611 574 561 322 229 146 93 91 81 
1011 945 919 827 803 791 788 768 765 716 631 442 435 422 356 158 77 62 
1051 976 946 895 746 738 712 683 681 606 578 375 298 269 162 141 125 120 
1047 1029 1006 865 781 652 635 622 498 476 473 406 398 296 225 150 108 6 
1033 1017 985 953 788 771 754 752 748 740 733 663 529 475 204 198 85 51 
1050 962 833 821 591 484 389 375 361 300 296 293 278 271 256 252 214 47 
997 927 918 861 767 662 646 515 453 427 375 365 339 292 247 198 69 23 
1052 903 853 834 811 783 766 614 471 438 393 381 336 223 138 136 94 74 
999 909 901 825 810 778 736 712 653 648 634 609 554 395 255 241 170 74 
1033 907 873 825 770 761 708 700 597 447 443 396 392 264 226 116 68 49 
995 983 968 838 756 590 577 547 530 392 314 246 176 134 126 122 40 20 
975 951 950 891 812 785 731 615 503 444 429 357 291 278 72 70 62 56 
1008 1006 956 885 738 735 693 676 572 539 521 397 323 228 99 49 15 13 
954 928 926 873 766 752 715 682 579 527 522 458 436 407 366 317 272 266 
992 911 835 820 656 614 612 504 382 379 311 294 204 197 130 119 70 28 
1057 984 973 920 799 697 687 517 502 446 444 392 366 344 341 150 131 111 
1043 988 971 957 808 774 761 627 593 416 363 332 278 250 243 112 58 51 
1057 1023 944 885 771 694 643 608 548 530 509 479 398 393 291 158 113 89 
1014 919 904 896 806 802 758 740 722 590 589 383 280 277 239 210 112 16 
1045 966 930 913 722 695 630 443 424 398 388 345 327 260 213 163 135 111 
1031 1023 976 904 795 777 769 745 668 651 525 467 410 339 310 85 79 0 
1015 1003 942 927 785 588 548 540 477 461 353 264 204 160 102 84 9 0 
1018 989 904 835 492 472 397 364 226 160 142 137 135 121 110 50 38 0 
915 913 855 837 634 568 525 518 437 331 316 303 226 198 147 63 22 0 
999 979 894 862 772 757 705 651 434 381 374 311 266 250 176 55 29 0 
1038 1002 858 846 795 765 686 600 551 514 408 376 361 163 155 128 23 0 
1011 888 872 855 807 757 739 729 720 703 702 701 613 386 258 102 44 0 
1013 1008 921 892 784 645 583 475 458 302 292 289 271 248 221 106 32 0 
1025 1001 939 827 766 743 704 549 518 462 399 288 268 148 133 104 1 0 
1044 1027 930 830 664 620 608 493 464 419 362 352 312 299 229 171 127 0 
1015 982 911 898 780 769 643 567 559 424 336 296 288 110 109 103 69 0 
1051 858 848 847 739 598 591 555 520 462 291 250 221 204 171 126 45 0 
1047 1019 991 848 778 749 746 690 687 592 548 380 364 323 252 88 57 0 
1041 980 948 841 763 656 598 521 503 500 284 256 241 166 101 88 64 0 
966 955 915 829 708 684 672 617 578 436 432 322 220 181 136 80 21 0 
936 912 874 868 736 575 566 556 546 511 509 506 505 430 413 213 186 0 
968 953 842 834 793 745 674 565 563 540 469 305 215 192 118 72 55 0 
1046 1008 919 843 805 789 685 665 363 307 275 194 180 134 130 65 44 0 
1041 991 854 839 739 713 693 648 639 635 538 511 488 211 79 41 32 0 
1054 967 936 837 805 603 537 498 442 315 257 197 145 144 69 41 15 0 
1050 965 919 881 779 717 695 633 545 463 448 441 185 164 133 132 20 0 
1027 971 962 934 743 725 647 578 532 508 459 371 297 260 200 25 2 0 
992 942 883 828 811 708 636 619 607 592 581 472 434 411 384 100 43 0 
1055 1034 963 914 660 581 571 556 445 310 284 197 165 162 96 18 14 0 
1016 930 841 818 685 657 644 636 602 588 452 366 358 289 274 115 35 0 
999 914 887 865 813 789 656 593 481 285 272 261 235 231 177 147 11 0 
1017 968 870 826 620 594 570 551 374 355 354 283 274 191 109 60 14 0 
1051 997 924 876 730 637 621 483 391 347 310 257 224 207 173 161 10 0 
1014 1005 914 864 793 717 705 658 603 602 572 413 401 324 234 171 119 0 
1040 929 868 830 811 661 647 643 637 599 529 412 369 351 160 91 13 0 
983 971 900 886 688 587 585 551 513 497 496 487 445 405 372 370 1 0 
1048 1042 901 845 796 709 677 540 527 425 374 223 205 202 155 151 80 0 
1003 993 978 857 738 678 659 641 626 490 474 359 295 211 208 117 31 0 
1041 882 857 847 774 759 701 667 501 468 460 364 230 222 182 73 72 0 
940 927 913 864 801 748 702 697 683 647 563 493 403 280 165 132 27 0 
1009 962 946 891 754 660 641 568 560 393 382 355 282 267 122 43 17 0 
1039 984 942 818 790 775 699 620 606 480 449 437 406 297 248 220 20 0 
901 893 878 861 754 564 479 416 383 344 335 330 233 212 63 26 19 0 
956 953 851 817 784 781 778 765 756 585 474 421 290 231 193 162 3 0 
970 909 872 839 762 723 697 597 545 505 466 465 440 397 347 214 172 0 
1012 940 865 861 800 671 650 629 603 484 399 367 188 161 96 75 44 0 
1030 1016 976 894 740 728 682 624 608 592 433 417 349 313 232 103 10 0 
941 896 866 833 788 730 727 577 575 526 504 362 279 203 199 120 79 0 
987 977 969 947 667 633 567 561 438 430 377 323 297 292 142 104 54 0 
996 990 942 876 799 753 747 681 639 604 602 412 368 329 278 258 155 0 
921 920 896 859 753 749 735 729 725 660 603 594 546 457 358 251 83 0 
1043 1030 999 900 806 594 537 478 476 438 408 385 338 321 308 91 32 0 
954 906 851 836 722 648 570 524 341 333 282 219 187 108 69 42 22 0 
958 935 830 825 758 689 619 573 420 414 388 272 233 180 87 45 24 0 
899 878 838 832 762 707 706 701 685 499 351 280 174 129 123 84 42 0 
1015 1007 954 940 782 625 544 463 408 337 326 202 180 171 137 117 61 0 
939 938 905 889 813 661 655 646 430 363 334 273 249 232 72 48 22 0 
951 916 889 859 786 765 632 627 621 574 550 541 512 367 339 314 221 0 
938 874 869 866 716 586 544 492 490 455 416 329 298 172 115 39 29 0 
1021 1001 879 832 738 541 479 390 378 318 308 263 241 230 227 150 81 0 
945 918 875 823 789 760 748 731 668 634 555 502 470 257 163 117 30 0 
1034 996 881 855 798 645 643 414 400 360 341 332 328 314 252 202 172 0 
1053 974 965 875 804 613 599 596 516 438 417 388 318 249 127 77 23 0 
994 943 888 886 762 628 550 546 449 400 366 268 262 114 17 6 4 0 
863 856 855 840 751 706 558 544 500 379 275 271 259 253 146 136 35 0 
985 956 931 869 795 779 709 619 536 378 297 275 184 107 95 77 27 0 
1018 980 914 846 700 628 612 561 548 482 439 336 329 271 178 164 75 0 
997 946 854 826 810 472 409 404 345 343 286 276 149 145 80 61 26 0 
1012 963 881 859 806 804 648 636 559 510 507 470 413 304 248 206 58 0 
1006 990 949 845 790 653 605 506 377 371 367 364 316 195 183 168 143 0 
907 882 835 817 715 673 572 550 440 408 306 186 183 173 158 93 19 0 
969 967 883 834 726 704 703 543 529 514 270 218 146 139 98 87 48 0 
966 960 894 863 746 741 680 491 460 457 412 365 324 290 277 211 118 0 
1029 964 954 871 719 698 692 596 474 451 387 286 164 140 111 70 32 0 
1025 930 884 851 805 801 666 629 583 376 335 263 251 240 214 139 70 0 
1052 925 909 821 808 710 571 552 530 419 417 406 308 239 219 215 52 0 
943 908 898 893 810 786 771 724 604 577 390 353 349 326 174 157 11 0 
967 877 868 824 809 710 692 642 496 467 399 198 187 168 95 53 37 0 
1026 941 928 894 809 796 649 602 553 552 547 534 520 426 394 357 175 0 
1020 981 929 826 719 687 644 569 456 426 361 325 215 208 200 96 74 0 
1052 1024 975 829 781 646 616 580 496 377 340 338 305 256 218 161 121 0 
1020 1004 874 854 683 679 672 562 540 393 392 383 321 296 261 66 15 0 
992 933 845 818 773 761 575 541 495 422 287 267 194 124 114 104 57 0 
1033 1001 949 843 652 623 552 535 511 495 491 446 440 387 319 217 169 0 
1027 1007 994 852 774 773 714 711 639 614 505 497 385 269 203 95 20 0 
1047 990 899 884 802 724 654 595 470 385 384 350 283 255 202 179 167 0 
949 935 903 858 671 624 621 579 571 498 485 356 326 303 252 179 129 0 
961 936 897 827 732 721 705 688 672 614 574 477 475 298 270 185 182 0 
1045 1000 856 824 801 783 730 682 651 595 554 330 261 225 34 33 5 0 
994 974 926 885 776 598 514 463 306 301 247 210 194 144 141 46 11 0 
927 910 853 822 796 742 627 400 327 245 220 192 182 180 140 82 39 0 
1038 979 948 928 803 717 704 681 609 597 584 512 454 337 227 212 86 0 
1054 970 890 846 783 760 749 733 692 593 441 395 373 348 263 27 14 0 
964 952 893 889 619 561 557 531 505 498 415 288 254 234 89 57 49 0 
1017 957 926 872 806 779 763 654 586 405 352 231 224 218 205 168 145 0 
1043 973 869 816 677 676 674 531 468 453 399 291 217 170 132 98 60 0 
987 929 844 838 691 654 638 620 610 558 495 494 423 418 276 254 203 0 
1020 938 936 873 692 659 657 601 571 568 480 421 402 207 159 131 85 0 
1010 888 839 816 719 624 570 553 533 445 418 369 318 261 87 53 36 0 
1013 981 882 836 790 598 547 519 356 346 304 153 149 125 54 47 18 0 
1000 998 884 849 725 628 618 538 450 437 416 343 339 281 102 77 40 0 
988 875 842 840 797 785 775 711 626 569 427 402 337 251 206 184 63 0 
1034 1023 968 937 799 624 569 508 403 286 277 161 153 152 84 52 22 0 
985 978 908 887 770 609 583 509 455 312 309 244 236 123 64 55 10 0 
1044 977 832 814 682 589 576 555 379 309 298 287 243 201 181 67 19 0 
1026 933 875 867 758 653 608 600 577 576 564 209 186 185 119 71 58 0 
1037 1014 949 944 751 737 727 583 557 514 478 453 370 246 174 165 17 0 
998 977 973 917 802 723 632 591 518 436 429 386 306 176 94 92 41 0 
1049 1010 979 934 811 744 733 638 517 515 482 470 466 201 191 182 177 0 
1007 952 939 860 786 785 528 525 457 431 359 340 330 259 235 217 168 0 
1015 920 905 845 667 537 441 394 390 342 290 244 219 152 105 62 29 0 
955 911 848 821 734 554 549 517 513 507 471 447 349 251 179 123 15 0 
915 898 883 840 798 796 794 676 625 591 582 435 342 262 142 116 65 0 
1041 1018 850 828 790 613 557 546 414 394 335 209 189 167 28 7 5 0 
1053 938 922 880 803 611 588 556 436 396 294 169 121 113 76 31 4 0 
1050 935 922 860 647 640 558 535 530 469 461 439 426 370 287 283 229 0 
1007 982 880 820 792 759 698 562 415 370 356 338 327 281 86 30 12 0 
1057 1056 878 836 777 684 670 581 527 466 437 302 286 273 242 234 216 0 
1049 1002 866 816 772 673 666 483 454 447 300 244 242 223 119 114 88 0 
1031 992 903 819 702 639 622 573 549 508 405 373 337 265 183 38 7 0 
1055 1014 986 933 764 630 586 428 390 387 360 355 249 233 178 133 108 0 
1027 1022 900 826 757 633 630 565 558 531 527 519 420 384 322 263 209 0 
1032 1023 1012 815 719 562 535 499 448 428 385 270 110 104 67 31 21 0 
1011 931 829 823 755 732 723 521 494 484 458 443 316 189 132 17 8 0 
1021 991 861 857 802 684 681 665 582 535 425 409 299 109 68 48 37 0 
1009 966 837 828 809 791 786 764 657 502 494 410 369 354 200 190 97 0 
1039 1030 892 867 764 744 706 688 512 362 317 287 176 159 140 137 118 0 
1009 969 923 899 787 766 487 441 418 396 387 374 303 257 236 67 65 0 
1046 1024 878 858 748 715 667 666 604 495 284 226 120 98 92 91 78 0 
934 844 833 814 813 793 776 755 452 404 400 325 259 225 134 38 18 0 
981 962 952 871 679 638 612 582 536 503 501 486 181 100 59 34 1 0 
947 876 867 853 673 526 485 453 444 410 266 235 187 139 113 96 84 0 
1049 975 956 850 759 751 704 674 497 371 238 210 196 115 43 40 4 0 
1044 941 910 879 807 745 743 590 585 466 373 253 166 145 114 87 56 0 
996 937 873 846 767 618 562 543 510 420 411 300 294 253 224 57 42 0 
984 916 849 822 783 758 670 661 641 616 604 519 206 135 101 86 80 0 
1030 961 926 829 751 741 690 622 550 465 394 382 378 358 190 127 109 0 
1054 1051 897 819 800 767 734 718 467 446 421 372 314 175 157 33 13 0 
1021 988 887 823 778 744 506 503 489 488 487 386 342 275 260 190 151 0 
1025 1005 984 959 735 709 695 587 554 538 526 523 454 419 347 167 103 0 
939 908 864 842 805 803 653 592 524 497 473 449 358 320 164 131 2 0 
1056 1032 983 859 782 542 539 454 444 288 283 264 193 192 185 101 24 0 
993 963 951 815 717 691 629 580 480 473 469 420 352 178 103 76 65 0 
1056 1000 958 904 808 706 422 350 309 245 232 169 154 143 126 111 68 0 
1025 981 893 868 742 741 721 713 696 611 607 533 468 380 331 313 24 0 
1019 1008 912 853 797 732 412 401 362 237 231 200 154 76 50 42 16 0 
1031 1017 1006 948 799 787 712 694 679 628 564 560 299 116 107 73 33 0 
1037 898 879 866 784 709 678 642 615 507 433 432 423 401 218 189 129 0 
1038 892 877 860 650 625 588 578 462 402 347 346 325 223 156 81 40 0 
1019 1018 965 832 750 722 664 660 534 476 456 348 313 305 235 151 98 0 
1002 961 953 947 792 761 737 621 553 433 414 351 293 201 138 121 97 0 
1016 1001 987 975 809 736 694 662 617 522 501 290 281 249 197 163 39 0 
1036 880 852 837 777 708 626 618 542 451 422 348 333 332 246 54 45 0 
923 890 851 815 739 723 600 486 460 449 415 302 173 112 90 47 7 0 
1039 1029 849 847 798 732 726 605 601 509 461 425 308 216 124 82 7 0 
1055 972 889 844 696 689 652 651 501 469 401 361 359 239 177 144 75 0 
1054 862 822 818 690 662 623 587 565 504 483 318 293 258 136 19 9 0 
1021 974 899 886 768 749 720 675 642 568 515 431 389 360 289 152 117 0 
959 925 844 820 731 721 685 655 650 645 482 264 247 237 196 124 51 0 
1053 1002 950 831 784 773 755 671 589 569 564 543 445 389 196 120 25 0 
1035 982 969 925 747 737 563 541 508 490 483 413 312 262 240 79 8 0 
1032 979 905 869 794 745 487 477 395 354 349 320 307 279 128 59 5 0 
1032 1026 958 856 781 680 675 645 372 345 306 269 240 238 208 156 105 0 
1010 922 886 831 734 716 668 478 475 463 429 333 315 265 83 64 50 0 
1055 977 871 840 584 447 433 344 325 322 312 301 295 241 222 174 169 0 
1049 910 843 823 720 718 664 600 566 481 472 428 396 340 165 148 48 0 
916 909 877 852 733 730 729 652 551 533 299 211 160 78 64 46 25 0 
1037 970 891 850 700 606 565 496 486 484 273 245 228 203 201 127 83 0 
986 971 967 928 756 663 644 601 515 435 424 338 307 244 188 118 60 0 
