1057 244
4 18
4 4 4 4 4 4 4 4 4 4 4 4 4 4 4 4 4 4 4 4 4 4 4 4 4 4 4 4 4 4 4 4 4 4 4 4 4 4 4 4 4 4 4 4 4 4 4 4 4 4 4 4 4 4 4 4 4 4 4 4 4 4 4 4 4 4 4 4 4 4 4 4 4 4 4 4 4 4 4 4 4 4 4 4 4 4 4 4 4 4 4 4 4 4 4 4 4 4 4 4 4 4 4 4 4 4 4 4 4 4 4 4 4 4 4 4 4 4 4 4 4 4 4 4 4 4 4 4 4 4 4 4 4 4 4 4 4 4 4 4 4 4 4 4 4 4 4 4 4 4 4 4 4 4 4 4 4 4 4 4 4 4 4 4 4 4 4 4 4 4 4 4 4 4 4 4 4 4 4 4 4 4 4 4 4 4 4 4 4 4 4 4 4 4 4 4 4 4 4 4 4 4 4 4 4 4 4 4 4 4 4 4 4 4 4 4 4 4 4 4 4 4 4 4 4 4 4 4 4 4 4 4 4 4 4 4 4 4 4 4 4 4 4 4 4 4 4 4 4 4 4 4 4 4 4 4 4 4 4 4 4 4 4 4 4 4 4 4 4 4 4 4 4 4 4 4 4 4 4 4 4 4 4 4 4 4 4 4 4 4 4 4 4 4 4 4 4 4 4 4 4 4 4 4 4 4 4 4 4 4 4 4 4 4 4 4 4 4 4 4 4 4 4 4 4 4 4 4 4 4 4 4 4 4 4 4 4 4 4 4 4 4 4 4 4 4 4 4 4 4 4 4 4 4 4 4 4 4 4 4 4 4 4 4 4 4 4 4 4 4 4 4 4 4 4 4 4 4 4 4 4 4 4 4 4 4 4 4 4 4 4 4 4 4 4 4 4 4 4 4 4 4 4 4 4 4 4 4 4 4 4 4 4 4 4 4 4 4 4 4 4 4 4 4 4 4 4 4 4 4 4 4 4 4 4 4 4 4 4 4 4 4 4 4 4 4 4 4 4 4 4 4 4 4 4 4 4 4 4 4 4 4 4 4 4 4 4 4 4 4 4 4 4 4 4 4 4 4 4 4 4 4 4 4 4 4 4 4 4 4 4 4 4 4 4 4 4 4 4 4 4 4 4 4 4 4 4 4 4 4 4 4 4 4 4 4 4 4 4 4 4 4 4 4 4 4 4 4 4 4 4 4 4 4 4 4 4 4 4 4 4 4 4 4 4 4 4 4 4 4 4 4 4 4 4 4 4 4 4 4 4 4 4 4 4 4 4 4 4 4 4 4 4 4 4 4 4 4 4 4 4 4 4 4 4 4 4 4 4 4 4 4 4 4 4 4 4 4 4 4 4 4 4 4 4 4 4 4 4 4 4 4 4 4 4 4 4 4 4 4 4 4 4 4 4 4 4 4 4 4 4 4 4 4 4 4 4 4 4 4 4 4 4 4 4 4 4 4 4 4 4 4 4 4 4 4 4 4 4 4 4 4 4 4 4 4 4 4 4 4 4 4 4 4 4 4 4 4 4 4 4 4 4 4 4 4 4 4 4 4 4 4 4 4 4 4 4 4 4 4 4 4 4 4 4 4 4 4 4 4 4 4 4 4 4 4 4 4 4 4 4 4 4 4 4 4 4 4 4 4 4 4 4 4 4 4 4 4 4 4 4 4 4 4 4 4 4 4 4 4 4 4 4 4 4 4 4 4 4 4 4 4 4 4 4 4 4 4 4 4 4 4 4 4 4 4 4 4 4 4 4 4 4 4 4 4 4 4 4 4 4 4 4 4 4 4 4 4 4 4 4 4 4 4 4 4 4 4 4 4 4 4 4 4 4 4 4 4 4 4 4 4 4 4 4 4 4 4 4 4 4 4 4 4 4 4 4 4 4 4 4 4 4 4 4 4 4 4 4 4 4 4 4 4 4 4 4 4 4 4 4 4 4 4 4 4 4 4 4 4 4 4 4 4 4 4 4 4 4 4 4 4 4 4 4 4 4 4 4 4 4 4 4 4 4 4 4 4 4 4 4 4 4 4 4 4 4 4 4 4 4 4 4 4 4 4 4 4 4 4 4 4 4 4 4 4 4 4 4 4 4 4 4 4 4 4 4 4 4 4 4 4 4 4 4 4 4 4 4 4 4 4 4 4 4 4 4 4 4 4 4 4 4 4 4 4 4 4 4 4 4 4 4 4 4 4 4 4 4 4 4 4 4 4 4 4 4 4 4 4 4 4 4 4 4 4 4 4 4 4 4 4 4 4 4 4 4 4 4 4 4 4 4 4 4 4 4 4 4 4 4 4 4 4 4 4 4 4 4 4 4 4 4 4 4 4 4 4 4 4 4 4 4 4 4 4 4 4 4 4 4 4 4 4 4 4 4 
18 18 18 18 18 18 18 18 18 18 18 18 18 18 18 18 18 18 18 18 18 18 18 18 18 18 18 18 18 18 18 18 18 18 18 18 18 18 18 18 18 18 18 18 18 18 18 18 18 18 18 18 18 18 18 18 18 18 18 18 18 18 18 18 18 18 18 18 18 18 18 18 18 18 18 18 18 18 18 18 17 17 17 17 17 17 17 17 17 17 17 17 17 17 17 17 17 17 17 17 17 17 17 17 17 17 17 17 17 17 17 17 17 17 17 17 17 17 17 17 17 17 17 17 17 17 17 17 17 17 17 17 17 17 17 17 17 17 17 17 17 17 17 17 17 17 17 17 17 17 17 17 17 17 17 17 17 17 17 17 17 17 17 17 17 17 17 17 17 17 17 17 17 17 17 17 17 17 17 17 17 17 17 17 17 17 17 17 17 17 17 17 17 17 17 17 17 17 17 17 17 17 17 17 17 17 17 17 17 17 17 17 17 17 17 17 17 17 17 17 17 17 17 17 17 17 17 17 17 17 17 17 17 17 17 17 17 17 17 17 17 17 17 17 
20 237 240 211 
45 80 89 153 
20 63 64 30 
37 191 165 144 
170 51 48 109 
97 44 231 102 
179 16 163 235 
26 136 50 239 
91 197 22 71 
92 186 155 57 
54 140 244 180 
237 3 30 70 
201 112 165 158 
130 27 23 203 
173 91 190 25 
55 175 189 122 
156 162 49 144 
224 226 12 19 
89 222 102 141 
211 117 56 196 
217 6 228 32 
43 215 165 120 
33 76 36 204 
155 122 184 149 
59 236 186 85 
223 9 2 73 
212 205 94 61 
136 93 135 157 
216 239 4 226 
238 31 48 91 
42 206 141 79 
88 110 147 222 
153 135 191 140 
52 124 220 194 
8 46 25 226 
49 125 200 103 
97 134 210 159 
90 54 26 132 
180 175 169 176 
172 117 120 193 
112 13 202 117 
55 30 152 217 
164 141 22 157 
105 162 33 44 
32 238 160 237 
180 191 39 57 
3 62 170 116 
160 1 184 57 
229 78 23 42 
82 13 72 110 
41 135 16 43 
62 237 44 61 
204 182 152 192 
161 6 7 62 
67 146 108 240 
124 151 204 29 
133 109 52 10 
19 127 82 152 
166 95 92 235 
27 206 147 68 
7 212 56 107 
11 36 18 107 
202 194 34 150 
238 174 1 74 
169 103 220 47 
93 188 7 51 
131 85 76 158 
124 191 87 156 
217 134 230 161 
40 102 79 91 
67 122 214 66 
170 87 2 190 
215 112 38 204 
25 69 195 84 
216 38 85 102 
55 100 147 69 
54 156 109 184 
234 115 174 51 
86 120 222 169 
218 207 221 82 
106 84 131 99 
35 13 137 160 
110 169 167 138 
144 7 70 142 
46 36 131 193 
25 47 238 128 
143 109 158 149 
49 148 82 4 
105 114 9 202 
157 76 140 176 
233 84 53 59 
50 86 165 80 
22 124 224 63 
165 202 198 218 
63 223 188 4 
162 188 59 173 
114 217 218 90 
145 143 12 191 
79 163 151 84 
163 127 232 201 
121 1 64 139 
59 194 219 74 
229 88 154 216 
116 72 191 179 
189 136 116 166 
90 145 44 131 
121 206 22 143 
104 9 35 100 
139 171 92 33 
182 80 228 142 
104 58 163 111 
178 59 226 29 
37 33 154 11 
14 106 120 195 
20 99 47 29 
217 208 87 5 
139 117 98 200 
169 231 130 188 
194 218 210 17 
66 45 201 110 
69 176 145 80 
160 104 119 82 
216 200 214 3 
183 75 5 219 
38 117 185 53 
96 30 77 189 
46 9 120 241 
11 187 234 170 
157 13 103 217 
101 51 43 144 
44 39 194 182 
52 183 90 40 
197 147 236 83 
115 73 88 84 
187 38 166 154 
35 147 184 42 
95 145 198 242 
71 193 154 122 
47 196 4 231 
96 34 76 107 
152 29 81 138 
240 18 44 16 
87 17 70 108 
31 130 10 70 
7 74 45 166 
158 163 176 228 
98 127 89 133 
63 35 43 125 
182 76 41 150 
18 129 100 173 
143 142 137 239 
129 31 203 187 
123 196 236 213 
203 133 75 210 
32 133 65 230 
82 60 214 81 
190 101 36 216 
53 206 164 105 
184 190 55 75 
83 128 188 105 
170 225 10 113 
87 176 155 220 
182 35 66 65 
137 106 214 93 
124 66 235 168 
47 235 132 230 
22 200 9 165 
65 67 202 125 
55 149 79 219 
56 76 65 12 
78 217 57 212 
42 199 223 89 
12 71 216 8 
82 78 141 219 
20 73 116 207 
66 161 85 100 
229 242 199 192 
23 198 103 69 
25 139 211 51 
26 128 228 185 
62 135 243 242 
60 73 105 71 
32 132 170 236 
75 24 177 236 
172 77 208 75 
227 97 50 63 
112 95 29 35 
241 14 44 144 
33 116 222 153 
232 25 148 120 
125 168 15 1 
175 34 143 9 
212 186 164 227 
240 80 218 22 
21 153 230 220 
6 17 56 89 
79 145 18 103 
213 19 223 36 
201 152 126 189 
207 80 47 177 
23 17 88 221 
148 188 150 197 
88 119 6 95 
151 176 121 75 
38 239 20 69 
123 193 24 50 
117 18 111 81 
75 170 60 38 
236 190 162 119 
29 228 13 230 
118 149 225 60 
197 141 204 64 
175 221 227 182 
199 225 45 1 
48 121 232 219 
211 157 72 222 
25 36 96 196 
163 181 29 213 
16 120 225 94 
16 85 115 180 
171 189 7 240 
15 223 24 146 
77 154 231 178 
144 17 28 143 
203 49 101 5 
23 147 70 140 
164 96 43 113 
45 187 94 242 
214 142 73 236 
95 42 130 129 
176 225 147 229 
174 172 80 36 
118 109 150 14 
125 52 39 2 
65 201 1 107 
61 11 146 139 
1 30 242 76 
86 131 93 10 
224 14 203 143 
190 76 49 137 
210 104 204 53 
186 184 29 168 
101 8 23 96 
111 119 7 226 
219 21 49 77 
232 54 106 41 
83 180 226 195 
28 96 140 204 
49 104 2 98 
49 206 70 193 
92 24 136 131 
100 166 30 75 
118 175 231 152 
209 195 206 221 
207 223 106 187 
182 18 12 34 
228 33 14 140 
107 209 97 73 
164 149 160 27 
177 60 10 243 
41 138 83 87 
50 7 197 244 
152 188 134 211 
163 110 197 123 
140 134 105 79 
182 193 63 78 
188 230 9 196 
24 51 126 111 
46 160 126 180 
12 1 135 220 
113 205 194 184 
59 223 126 26 
228 186 94 105 
242 124 208 193 
181 51 61 241 
203 32 134 226 
86 128 151 54 
145 99 156 218 
97 222 100 108 
37 158 137 31 
43 38 39 123 
109 59 75 94 
45 34 183 41 
206 11 225 157 
179 202 228 54 
48 120 155 6 
118 202 44 81 
31 62 155 169 
88 190 171 112 
158 232 197 185 
239 139 241 108 
223 8 164 128 
221 98 132 70 
21 75 26 2 
32 148 157 101 
141 195 202 240 
212 119 71 45 
16 151 90 9 
3 128 35 210 
106 28 111 199 
123 235 172 112 
237 77 17 16 
52 132 73 239 
30 186 122 120 
38 9 18 74 
37 151 199 153 
134 213 138 237 
128 27 242 220 
72 88 160 153 
50 209 55 23 
77 127 116 46 
38 61 78 132 
76 72 141 210 
1 156 231 148 
13 239 166 179 
189 78 86 123 
146 148 239 229 
164 215 129 226 
82 150 115 244 
168 176 102 242 
18 63 191 209 
229 21 170 235 
132 161 208 144 
18 134 148 164 
116 241 23 146 
221 141 178 129 
182 167 6 158 
189 214 205 90 
85 167 153 19 
238 28 60 5 
16 101 206 46 
171 102 211 203 
223 175 67 47 
204 180 157 209 
194 81 241 201 
147 8 76 227 
68 129 162 139 
243 183 84 37 
241 121 174 71 
200 142 190 78 
132 128 233 66 
116 92 193 177 
49 234 52 97 
187 100 111 48 
102 56 243 237 
87 123 143 181 
175 97 91 167 
218 21 84 108 
117 231 162 55 
16 185 89 7 
198 33 5 172 
29 187 10 27 
126 10 214 184 
87 114 92 215 
167 171 21 28 
58 191 6 242 
211 118 24 93 
114 205 78 27 
151 179 15 226 
33 98 159 232 
142 126 112 43 
172 68 189 13 
236 38 225 244 
40 213 70 77 
159 163 23 13 
67 164 116 32 
133 238 197 196 
74 2 189 31 
221 202 183 51 
7 61 30 5 
233 154 167 211 
109 38 192 163 
30 24 134 33 
67 40 170 204 
68 40 24 161 
244 152 130 59 
156 42 203 165 
84 229 135 158 
153 82 227 47 
220 90 172 98 
207 208 158 97 
4 173 224 65 
146 74 92 117 
26 213 106 60 
87 119 77 22 
156 123 9 183 
224 42 192 2 
26 159 44 183 
11 55 118 168 
225 204 168 223 
185 28 49 196 
91 209 171 179 
48 212 200 41 
215 145 244 137 
66 232 228 61 
100 169 178 122 
136 118 119 61 
95 60 180 91 
27 39 110 33 
189 50 137 169 
81 58 42 208 
35 174 94 235 
231 80 92 98 
177 127 68 95 
64 58 225 78 
243 15 114 235 
64 177 117 194 
171 215 228 146 
67 222 150 220 
215 152 140 71 
6 213 218 34 
62 167 17 186 
57 44 3 232 
36 63 82 14 
144 4 160 84 
241 168 75 6 
152 74 112 17 
114 72 233 69 
12 50 93 15 
135 3 39 119 
69 216 124 60 
140 78 243 230 
215 45 161 229 
3 126 54 29 
241 110 124 133 
210 166 127 84 
14 91 87 47 
22 148 126 221 
205 199 133 8 
85 90 192 126 
239 2 66 14 
85 221 118 205 
44 208 74 230 
19 180 172 53 
145 66 141 81 
109 131 186 195 
58 229 200 34 
196 194 125 130 
57 108 69 75 
6 186 106 31 
169 192 21 237 
33 77 106 244 
196 84 34 159 
191 161 31 127 
21 68 233 3 
110 53 127 220 
151 30 32 102 
121 41 5 107 
130 230 54 227 
53 168 140 192 
21 34 86 35 
93 224 102 142 
232 233 138 56 
206 242 35 202 
233 240 124 34 
184 173 67 19 
159 241 74 213 
22 113 93 114 
124 94 113 227 
186 170 96 174 
194 68 190 138 
49 20 139 93 
74 76 231 46 
37 209 214 155 
136 48 88 201 
95 136 122 16 
19 79 240 52 
200 134 234 238 
222 187 50 28 
71 110 28 229 
167 52 148 104 
115 20 71 89 
162 147 143 36 
88 71 37 21 
201 93 141 56 
38 243 46 128 
130 216 198 37 
201 218 144 53 
64 100 82 151 
114 119 116 192 
142 233 212 125 
196 121 180 3 
20 94 131 68 
199 43 208 105 
192 216 179 107 
163 212 74 130 
80 197 233 208 
97 40 92 172 
137 178 34 243 
89 182 240 97 
238 126 235 103 
109 136 203 177 
94 51 107 196 
11 177 138 88 
62 46 104 202 
215 243 223 83 
148 99 28 92 
211 91 241 55 
189 54 51 62 
162 121 81 25 
66 240 83 86 
108 151 154 159 
113 201 105 212 
89 136 162 191 
24 190 42 45 
59 107 79 6 
83 104 193 121 
160 18 195 196 
12 118 233 32 
148 111 63 85 
204 56 181 173 
105 115 230 3 
179 204 213 167 
188 16 220 145 
9 171 27 75 
118 36 160 235 
145 202 39 11 
132 174 8 56 
102 179 117 82 
27 214 176 86 
40 16 93 69 
159 40 218 152 
143 185 127 221 
222 61 235 217 
35 62 115 18 
244 113 45 67 
108 101 142 173 
138 149 239 96 
154 8 127 121 
133 19 64 165 
135 168 178 70 
61 183 149 103 
224 174 119 169 
218 29 109 70 
51 56 67 129 
174 181 114 21 
15 120 161 19 
7 157 150 9 
23 200 166 138 
138 225 9 99 
146 98 185 95 
155 44 193 86 
26 181 212 104 
23 205 171 135 
242 91 181 3 
62 172 50 78 
44 11 184 115 
170 59 134 90 
48 227 132 104 
46 145 195 161 
107 113 61 142 
67 26 79 215 
226 108 65 136 
198 203 100 40 
74 5 234 48 
12 134 11 129 
64 3 201 175 
209 11 106 238 
162 58 14 130 
81 157 65 221 
103 17 32 146 
13 207 215 7 
13 129 109 154 
211 207 132 83 
103 5 15 35 
211 45 95 131 
188 205 240 217 
53 116 66 219 
150 114 212 193 
223 231 216 151 
47 201 151 143 
117 173 210 31 
101 199 69 115 
26 58 158 61 
177 63 65 234 
122 56 46 43 
4 190 31 182 
119 14 54 209 
180 29 167 15 
178 65 50 68 
19 47 95 107 
4 41 192 206 
83 166 209 199 
77 8 126 134 
215 73 173 33 
205 123 2 40 
234 122 94 125 
83 178 55 24 
200 32 72 194 
98 48 165 224 
56 94 28 57 
124 163 162 215 
210 180 122 137 
232 230 125 46 
153 41 214 159 
48 29 45 58 
169 105 235 244 
147 15 67 200 
203 227 70 145 
52 177 147 237 
153 40 219 144 
145 155 162 10 
15 62 108 141 
123 135 21 239 
173 103 223 94 
31 118 242 224 
100 67 95 87 
42 20 85 74 
240 4 11 167 
54 16 198 79 
159 49 68 63 
140 210 92 163 
73 112 148 203 
14 86 64 105 
183 142 18 86 
127 218 96 224 
39 236 72 20 
229 1 68 137 
28 210 214 183 
10 217 35 171 
208 56 200 236 
138 104 229 197 
48 133 96 195 
106 210 182 197 
167 237 108 161 
241 134 165 117 
130 177 178 113 
21 64 87 25 
220 149 107 224 
50 155 198 107 
57 37 116 103 
227 88 158 53 
72 156 217 41 
177 189 173 27 
34 221 164 28 
185 21 14 139 
225 106 96 100 
179 127 5 81 
51 143 153 118 
3 226 110 157 
207 65 54 36 
187 143 171 67 
138 156 147 125 
102 125 217 25 
72 8 221 105 
232 212 58 144 
81 192 135 98 
198 71 7 66 
149 238 15 178 
69 139 17 184 
102 55 71 156 
126 76 185 181 
77 114 91 104 
232 17 130 128 
19 207 155 70 
216 150 241 236 
114 42 185 25 
7 79 4 80 
199 126 32 190 
15 57 154 206 
186 154 39 201 
50 181 9 25 
4 181 99 85 
64 48 158 75 
193 57 175 5 
117 207 166 46 
53 129 1 191 
85 175 184 14 
144 18 205 166 
26 64 52 41 
8 124 58 230 
85 244 94 146 
22 115 81 195 
6 185 29 43 
37 10 142 22 
99 154 123 34 
167 156 229 63 
238 212 207 219 
24 179 227 225 
199 39 198 62 
129 121 199 168 
78 149 204 69 
133 235 161 80 
54 226 99 219 
59 174 240 113 
159 115 121 2 
176 77 71 90 
222 111 10 188 
238 182 102 123 
160 73 187 25 
157 197 131 170 
150 199 22 70 
181 151 80 63 
213 139 128 175 
83 60 61 219 
222 234 165 55 
39 98 101 149 
239 23 106 76 
101 244 209 239 
136 164 69 73 
43 10 189 81 
43 154 156 174 
58 30 171 227 
17 197 124 84 
30 34 98 157 
38 15 233 129 
51 214 76 70 
140 237 99 101 
42 10 139 15 
183 72 73 161 
24 234 26 99 
181 172 1 158 
24 52 198 206 
137 165 170 33 
131 82 206 112 
132 159 79 111 
65 86 156 244 
40 49 230 22 
93 195 149 41 
62 168 91 89 
164 135 103 87 
224 47 141 37 
28 22 122 152 
220 131 198 234 
45 185 159 243 
110 202 188 2 
112 4 57 54 
27 12 41 113 
56 140 73 186 
192 200 60 172 
5 181 59 122 
208 128 10 244 
57 41 24 32 
120 178 104 228 
98 169 209 123 
53 176 3 150 
150 191 20 60 
69 185 242 237 
163 191 196 183 
138 40 53 128 
116 47 48 13 
171 71 19 78 
83 52 111 33 
120 237 113 110 
37 73 58 90 
72 92 63 168 
127 79 195 175 
187 155 173 97 
97 31 236 125 
27 224 111 99 
59 89 51 65 
228 141 112 226 
46 133 142 39 
190 39 37 12 
213 112 121 113 
144 136 42 52 
108 6 203 68 
99 193 174 95 
30 93 99 216 
65 25 231 222 
161 213 13 192 
79 88 166 2 
57 55 135 14 
28 1 153 136 
125 220 40 228 
211 17 11 205 
89 130 172 32 
30 119 17 13 
133 4 219 211 
219 2 234 18 
27 131 8 233 
20 58 234 209 
12 108 4 176 
16 129 155 137 
120 174 184 198 
53 103 12 194 
88 68 90 89 
207 91 194 27 
169 60 160 165 
101 162 187 52 
92 31 207 227 
179 23 59 2 
11 97 137 80 
6 160 231 114 
205 148 44 122 
232 50 19 37 
36 64 45 77 
90 152 101 238 
218 118 188 178 
233 115 183 216 
164 210 139 86 
5 168 26 39 
179 177 208 100 
58 147 133 146 
8 55 61 115 
208 175 62 72 
26 42 36 57 
64 132 178 205 
36 187 12 225 
19 217 74 77 
146 96 109 83 
5 186 1 66 
236 111 66 176 
231 109 43 72 
150 243 111 110 
84 96 20 35 
222 214 166 243 
20 213 149 80 
13 60 173 78 
234 180 155 47 
8 43 243 146 
31 23 49 119 
195 153 68 38 
69 120 205 187 
96 227 41 39 
20 106 108 228 
102 72 45 22 
173 14 53 34 
184 72 164 195 
236 94 191 44 
220 115 80 202 
185 108 37 129 
186 34 103 117 
22 30 38 90 
123 194 11 85 
202 177 129 21 
82 174 145 209 
85 13 156 177 
111 200 203 180 
89 192 159 175 
33 41 205 160 
83 230 204 221 
67 104 133 136 
218 100 227 195 
181 236 77 205 
61 81 210 243 
101 217 224 62 
82 232 137 196 
189 203 1 33 
234 162 96 21 
102 209 215 68 
140 125 32 239 
84 22 27 11 
147 153 26 48 
220 162 183 24 
220 5 207 104 
234 207 242 178 
162 54 225 158 
39 178 127 167 
233 107 243 54 
11 179 158 47 
212 30 203 184 
208 88 114 130 
4 51 145 34 
160 148 55 233 
60 143 65 138 
35 126 1 183 
122 7 27 168 
76 53 160 97 
115 168 172 100 
171 196 243 174 
10 154 223 194 
10 119 148 67 
227 199 79 187 
164 119 19 2 
140 233 50 143 
2 6 139 83 
109 141 127 30 
44 53 156 91 
150 165 171 131 
193 72 52 163 
237 5 146 45 
231 234 141 36 
211 197 235 115 
150 147 183 189 
198 117 152 169 
124 46 48 73 
160 67 221 191 
157 14 15 74 
117 37 17 118 
87 112 111 69 
59 68 9 145 
244 75 138 139 
235 192 155 54 
126 109 159 31 
226 120 182 146 
93 79 63 172 
35 87 228 97 
24 241 237 97 
216 165 189 15 
205 55 95 12 
120 239 210 89 
128 95 48 118 
241 185 99 204 
229 196 143 244 
186 163 188 219 
11 49 164 90 
9 47 204 133 
224 112 23 61 
66 187 34 226 
2 3 174 86 
9 33 131 208 
20 241 31 98 
232 133 175 156 
51 161 168 83 
213 96 82 172 
48 1 190 166 
51 179 73 44 
166 62 182 110 
116 4 121 101 
182 215 86 88 
212 135 132 213 
128 63 136 102 
132 113 21 166 
37 20 32 25 
143 95 116 8 
63 13 86 37 
103 109 240 209 
35 114 58 221 
173 121 238 191 
150 31 94 184 
46 190 151 94 
178 49 210 179 
123 237 79 114 
36 152 142 75 
158 215 8 104 
81 224 103 64 
73 43 170 240 
236 112 195 194 
180 105 152 163 
64 90 42 200 
123 232 129 70 
92 156 29 18 
30 176 181 142 
216 155 119 161 
68 28 234 104 
93 213 65 147 
213 117 240 153 
127 101 91 233 
108 23 180 206 
123 81 229 16 
80 91 39 70 
218 215 9 77 
186 95 7 190 
113 236 137 148 
26 68 19 92 
127 78 122 6 
220 71 10 138 
118 10 6 80 
155 18 153 93 
38 111 136 17 
84 235 180 189 
82 94 142 74 
85 190 168 198 
149 130 242 8 
207 60 3 198 
134 65 2 55 
130 151 3 7 
219 126 230 171 
42 84 46 240 
172 15 228 111 
52 208 25 202 
74 27 124 229 
99 126 211 98 
28 170 184 4 
192 221 66 223 
161 41 110 49 
56 239 225 192 
142 50 230 4 
109 39 144 89 
43 121 181 47 
165 105 107 146 
15 49 166 241 
139 112 218 50 
61 145 171 147 
141 98 182 181 
59 22 129 60 
36 239 206 103 
163 76 154 218 
13 107 223 227 
29 74 158 170 
124 154 32 59 
191 77 69 212 
144 23 110 97 
188 43 124 31 
231 197 59 242 
154 25 29 23 
214 25 175 83 
157 118 186 45 
106 169 153 157 
38 63 71 214 
92 185 122 101 
96 13 144 12 
62 201 132 40 
76 100 159 125 
176 7 204 52 
26 176 206 149 
146 238 71 203 
128 87 12 212 
78 199 33 113 
28 64 134 80 
130 19 16 214 
67 18 201 138 
149 119 35 105 
237 57 244 226 
194 73 151 217 
187 70 175 217 
128 167 125 225 
3 141 211 27 
161 159 131 16 
100 17 21 157 
201 200 170 202 
244 132 120 58 
222 81 114 178 
89 243 69 155 
131 201 57 214 
222 179 99 90 
210 24 1 116 
18 135 20 208 
72 122 188 58 
55 199 137 87 
193 79 41 222 
66 133 88 231 
16 140 58 224 
78 148 198 14 
137 70 56 162 
209 173 231 115 
17 53 5 71 
47 135 8 24 
167 84 176 238 
75 102 169 229 
65 216 61 206 
195 60 50 77 
36 88 197 140 
98 106 242 174 
222 200 144 46 
6 57 164 199 
139 52 62 230 
193 151 76 40 
86 5 188 19 
106 177 134 149 
225 226 51 217 
42 99 32 66 
167 219 136 57 
93 165 228 44 
64 135 40 85 
223 45 92 91 
38 12 107 183 
235 113 75 42 
232 28 26 150 
238 78 211 29 
193 169 216 56 
43 152 173 219 
105 54 56 185 
121 108 110 177 
197 134 116 125 
207 196 40 14 
1018 907 857 839 802 764 712 667 618 314 270 237 235 214 191 101 64 48 
957 901 867 865 782 770 762 726 686 586 431 387 368 294 249 234 72 26 
1009 958 956 901 736 640 557 545 512 482 445 424 420 413 299 123 47 12 
969 965 910 854 773 769 727 663 658 609 582 577 415 382 139 95 88 29 
1040 1028 872 846 802 792 731 665 638 565 555 448 370 351 330 225 124 116 
1037 949 947 867 784 757 674 506 440 416 411 356 327 286 203 196 54 21 
996 958 944 858 658 648 562 538 370 350 262 244 221 145 84 66 61 54 
1029 955 926 916 811 795 771 671 645 584 529 518 429 336 292 243 173 35 
943 902 898 882 662 540 538 515 386 305 298 267 192 167 127 108 89 26 
949 948 863 862 732 709 701 688 675 620 602 353 352 260 238 161 144 57 
897 851 843 825 783 766 609 558 556 547 517 494 389 284 236 128 113 62 
1048 999 993 891 799 776 773 754 728 556 509 419 270 256 173 170 98 18 
993 980 917 828 809 768 761 741 563 562 365 362 315 210 129 82 50 41 
1057 1025 879 818 763 668 636 614 578 559 431 427 414 257 239 233 188 114 
973 961 890 879 709 706 660 649 603 598 579 565 537 419 406 359 222 191 
1024 1010 1002 941 774 610 521 514 466 350 331 302 298 220 219 142 51 7 
1028 1011 951 880 768 766 704 654 650 561 417 412 302 224 201 196 143 119 
1019 1003 950 933 770 669 615 525 508 324 321 305 256 207 197 150 142 62 
1040 1002 946 865 800 786 742 655 581 537 530 467 456 434 329 198 58 18 
1019 915 903 816 808 806 772 737 617 608 483 472 462 205 175 115 3 1 
1011 914 840 826 636 628 604 536 474 451 445 441 355 348 322 294 245 195 
977 843 824 817 723 718 692 675 673 458 428 385 194 167 107 93 43 9 
987 984 940 899 812 782 698 544 539 365 325 310 243 226 201 178 49 14 
1029 1018 889 845 733 713 711 679 588 505 375 373 357 268 251 222 206 184 
988 987 962 915 760 690 662 657 644 628 500 217 190 179 86 74 35 15 
1050 997 946 844 797 792 711 670 574 552 543 388 384 294 272 180 38 8 
1009 963 858 843 778 771 750 728 634 520 515 399 358 352 308 259 60 14 
1050 1001 965 936 764 723 635 619 591 497 470 469 391 355 330 300 248 224 
1051 987 981 933 674 596 579 534 424 352 242 218 210 187 141 115 112 56 
934 868 852 824 768 759 705 703 447 373 370 304 252 237 126 42 12 3 
985 921 903 885 812 781 749 606 577 572 444 440 368 288 280 152 144 30 
1043 982 915 842 767 733 659 589 561 509 447 366 295 276 183 155 45 21 
1000 902 839 831 743 714 585 442 399 373 360 351 257 189 113 109 44 23 
900 854 823 818 705 676 635 489 455 451 443 437 411 283 256 192 140 63 
1004 919 888 857 806 620 565 525 454 451 402 299 187 163 148 136 108 82 
1034 978 925 873 799 797 787 641 516 473 414 232 217 198 157 85 62 23 
917 915 880 822 786 754 745 722 675 631 477 474 464 338 306 280 113 4 
1048 991 951 824 813 706 476 372 363 312 305 281 208 205 135 125 75 73 
970 942 849 815 792 754 753 697 680 661 617 517 420 399 281 234 131 46 
1057 1046 1039 994 765 740 718 601 586 554 522 521 488 375 374 364 132 70 
1022 967 831 815 733 728 719 670 633 595 582 448 393 283 261 246 149 51 
1049 1043 960 931 797 756 709 657 608 505 401 387 377 230 172 136 49 31 
1053 985 971 928 811 804 702 701 674 576 484 361 281 227 148 130 51 22 
1045 908 869 820 785 547 542 433 413 388 287 188 142 131 106 52 44 6 
1047 989 872 817 787 725 596 566 526 505 423 297 283 228 214 145 120 2 
1036 960 922 877 753 666 594 576 550 495 476 463 331 311 269 127 85 35 
1029 971 898 851 810 741 722 581 571 427 379 333 200 166 139 115 86 65 
907 893 877 844 741 664 623 596 590 555 549 465 393 344 286 215 30 5 
973 967 923 897 812 718 611 462 391 343 250 249 245 240 225 88 36 17 
1033 974 969 866 786 662 630 580 546 469 419 400 310 262 206 186 92 8 
1042 908 905 854 751 707 639 535 499 493 369 275 268 179 130 78 66 5 
1038 996 962 871 780 756 743 713 670 600 471 467 343 303 234 132 57 34 
1028 869 859 818 776 740 736 667 632 568 478 450 446 434 241 158 125 91 
1054 884 850 848 727 684 641 610 578 499 449 424 285 277 246 77 38 11 
1021 957 891 855 795 763 696 651 588 498 389 349 310 169 159 76 42 16 
1054 1052 1026 968 729 621 591 576 535 518 511 475 453 345 196 170 61 20 
1044 1037 1016 1005 797 763 733 727 665 660 631 591 439 413 171 48 46 10 
1024 1020 1013 919 794 772 745 703 671 646 596 574 559 437 405 401 356 111 
986 982 977 882 782 751 731 685 548 506 376 282 272 112 102 96 91 25 
1033 977 956 856 809 779 737 730 695 421 398 384 330 260 211 208 182 156 
1032 975 899 836 795 695 574 551 532 524 397 395 370 312 275 236 52 27 
1038 994 909 837 796 720 680 603 546 525 499 495 412 288 181 54 52 47 
991 917 913 887 746 693 677 611 575 510 414 321 266 186 148 95 93 3 
1046 1001 931 927 798 787 670 664 628 614 557 530 479 407 405 212 101 3 
1032 957 937 856 760 751 717 641 580 575 560 553 382 235 170 168 163 155 
1043 1023 966 900 803 802 648 568 501 435 431 395 341 176 165 163 120 71 
1003 878 863 833 642 607 598 552 535 526 456 409 374 366 333 168 71 55 
946 936 882 841 813 777 757 618 611 580 483 461 445 404 375 362 337 60 
1015 983 881 814 738 700 682 650 573 521 439 421 418 205 178 121 76 74 
1026 1007 942 932 707 692 655 599 534 531 364 293 250 226 144 143 84 12 
1028 998 991 948 742 687 651 648 474 472 470 410 339 297 182 173 138 9 
1020 871 819 817 804 796 746 710 645 633 617 589 418 313 309 216 104 50 
1006 928 908 877 745 729 710 700 690 613 585 303 258 229 182 175 134 26 
981 963 953 879 800 608 555 486 463 457 433 417 383 368 305 145 102 64 
1049 1031 925 883 664 515 439 416 294 282 252 208 204 185 184 159 154 124 
1039 995 979 859 707 698 652 463 336 313 240 237 170 149 140 90 67 23 
1033 983 943 835 800 787 687 653 584 442 385 364 311 302 245 223 185 126 
1051 1025 1000 947 809 742 682 546 422 405 358 340 316 312 266 174 171 49 
1022 924 887 864 762 747 716 658 610 552 506 467 265 197 169 99 70 31 
1001 949 942 821 808 783 693 683 658 487 403 232 200 194 121 110 92 2 
1014 941 927 836 701 673 647 638 560 500 435 401 335 287 207 156 141 0 
953 906 838 827 715 519 479 414 379 319 174 156 122 88 80 58 50 0 
988 905 867 832 801 743 695 588 583 564 507 501 496 261 247 160 133 0 
1030 960 952 843 806 704 443 426 415 378 348 338 134 99 91 81 74 0 
1046 954 828 825 672 668 663 608 510 432 430 329 220 176 75 67 25 0 
1040 917 911 901 791 717 615 614 542 520 501 451 316 277 238 92 79 0 
1021 999 888 881 721 628 607 427 385 354 346 261 162 143 116 72 68 0 
1034 1023 911 853 777 762 632 494 474 465 309 289 203 201 134 103 32 0 
1015 970 892 830 777 767 751 720 504 490 472 350 196 172 147 19 2 0 
1017 931 897 824 788 777 745 687 548 430 380 328 298 132 106 97 38 0 
1047 942 939 869 778 720 653 545 498 427 398 392 347 70 30 15 9 0 
1047 992 946 933 781 746 612 497 488 403 383 354 342 251 109 59 10 0 
1045 950 937 887 759 719 521 475 462 458 452 419 357 238 164 66 28 0 
953 922 921 820 672 605 591 587 493 483 459 402 282 273 228 219 27 0 
944 916 893 891 758 607 581 566 541 466 404 398 230 203 187 137 59 0 
993 906 840 815 806 801 637 623 616 528 460 248 243 227 217 140 126 0 
984 889 888 859 783 749 748 490 488 381 347 343 279 258 186 37 6 0 
1035 976 964 903 735 705 697 647 590 541 403 380 360 293 249 147 117 0 
1043 1017 964 894 759 758 750 711 708 684 676 663 540 497 278 115 81 0 
1011 995 860 834 793 637 607 554 479 396 344 279 252 176 150 108 76 0 
992 939 910 837 788 780 708 699 697 573 527 331 295 243 225 157 130 0 
1031 913 841 817 689 651 644 519 452 447 345 332 320 75 70 19 6 0 
978 927 918 823 776 721 631 605 565 561 532 491 197 178 129 65 36 0 
936 926 846 833 734 653 622 549 543 507 495 471 249 241 122 111 108 0 
1054 1004 972 930 645 614 597 512 503 484 273 265 182 160 158 89 44 0 
1041 1035 990 816 698 637 624 558 442 440 384 300 255 246 164 114 81 0 
1048 980 972 850 630 629 581 551 506 493 485 448 258 235 140 62 61 0 
1055 940 822 816 773 757 625 603 553 527 502 439 348 291 279 143 55 0 
970 918 885 868 804 801 563 534 492 436 372 282 233 87 77 57 5 0 
1055 984 967 909 805 744 726 640 470 446 425 399 264 120 83 50 32 0 
961 951 881 829 805 803 750 743 716 688 510 344 300 268 244 207 111 0 
974 929 899 881 755 752 727 715 613 417 361 301 289 187 73 41 13 0 
1049 1000 945 914 755 744 728 685 627 551 526 503 459 458 271 227 161 0 
1014 924 919 853 784 657 653 569 536 480 458 418 406 358 354 97 89 0 
1027 874 860 821 795 790 686 673 573 547 525 512 472 319 220 134 78 0 
1056 1018 916 910 741 631 568 480 366 342 325 311 189 175 105 104 47 0 
938 880 876 823 666 626 572 519 407 383 349 207 125 117 41 40 20 0 
989 949 893 880 789 639 606 516 509 432 397 389 357 287 253 233 211 0 
1004 935 865 863 812 768 578 533 480 420 397 385 297 244 209 203 122 0 
1013 892 886 814 775 744 734 537 304 286 219 190 127 114 79 40 22 0 
1055 971 920 910 755 686 681 529 507 500 482 448 339 215 204 107 101 0 
1020 992 947 858 785 731 723 593 587 576 466 396 304 138 71 24 16 0 
941 932 924 825 735 689 676 604 586 386 346 316 301 281 264 206 153 0 
985 982 963 877 704 671 592 459 455 425 421 274 165 93 68 56 34 0 
1056 1008 995 842 765 749 644 643 594 587 481 438 234 191 168 148 36 0 
964 959 885 857 659 652 584 491 430 428 424 361 353 272 269 268 199 0 
947 939 868 849 747 638 616 529 523 446 444 426 404 311 147 100 58 0 
1008 999 913 893 740 732 694 654 476 341 308 299 292 277 180 160 86 0 
977 932 826 822 774 706 681 667 563 556 535 337 326 318 230 152 150 0 
1002 958 955 853 767 654 627 559 486 477 449 438 376 230 144 118 14 0 
1016 1010 902 870 771 724 715 691 566 483 436 251 238 106 85 81 67 0 
1013 994 914 912 798 716 564 549 518 341 323 312 303 293 183 166 38 0 
1023 904 898 833 794 769 753 683 623 530 429 425 367 155 154 147 57 0 
1056 1041 1001 957 626 584 556 548 468 373 324 307 276 265 263 69 37 0 
1046 1029 1019 912 763 721 647 604 544 531 420 378 270 181 51 33 28 0 
1044 951 913 833 764 756 700 553 504 492 466 465 397 251 105 28 8 0 
1026 1021 945 838 783 774 714 618 593 489 400 394 280 240 164 151 82 0 
1003 948 883 856 740 643 622 540 539 528 494 461 453 307 261 141 83 0 
1038 974 883 867 791 709 694 650 636 462 337 291 236 179 117 109 101 0 
1034 1024 866 842 729 708 612 450 422 410 265 257 248 226 90 33 11 0 
1009 976 873 868 752 722 603 475 435 326 313 296 212 174 43 31 19 0 
969 953 934 925 753 675 615 551 527 481 452 361 340 229 151 110 84 0 
916 895 866 856 642 639 571 523 473 346 239 224 192 151 107 98 87 0 
1036 993 984 970 756 669 646 601 478 415 323 224 188 130 84 17 4 0 
975 882 854 827 602 599 550 517 514 435 394 278 197 137 121 106 98 0 
998 972 886 872 811 801 794 672 561 541 408 383 325 317 236 222 55 0 
975 937 875 844 794 643 600 598 473 336 231 226 136 133 76 60 32 0 
1025 945 863 855 785 613 510 497 471 428 324 317 314 295 202 190 88 0 
1041 1004 997 955 808 719 697 682 649 629 532 528 259 211 169 87 24 0 
1050 921 875 870 805 737 736 692 656 569 538 409 319 233 202 149 63 0 
1039 1006 958 922 693 571 570 502 479 447 359 306 298 277 204 99 56 0 
1053 930 925 876 788 723 522 417 410 376 263 253 199 141 58 53 42 0 
990 950 938 844 813 764 639 601 595 379 329 309 306 195 189 33 2 0 
987 982 979 862 702 676 661 660 563 529 502 371 223 138 135 113 103 0 
1015 950 935 884 810 774 748 655 630 602 542 464 288 286 162 24 10 0 
933 904 869 828 717 702 677 651 643 633 386 377 314 278 77 68 17 0 
1011 990 989 879 705 691 640 560 538 334 295 284 216 129 90 43 28 0 
981 926 851 848 712 664 632 574 381 378 327 290 280 146 87 67 13 0 
1010 995 885 830 725 716 686 611 595 522 502 457 443 388 365 360 37 0 
878 859 855 831 784 779 690 516 508 415 309 269 259 122 82 48 45 0 
1010 967 935 905 761 710 683 625 550 537 444 423 375 323 176 69 54 0 
1026 848 845 840 780 602 592 559 504 500 473 349 337 209 96 44 17 0 
979 930 896 871 739 612 592 486 372 365 264 218 146 111 100 99 7 0 
1037 897 865 819 791 721 700 635 366 324 318 292 259 227 193 158 43 0 
1045 972 890 870 779 714 696 626 590 530 377 167 94 92 22 13 4 0 
973 914 909 907 807 762 669 666 583 539 426 315 252 145 135 105 59 0 
1044 1030 1008 849 677 625 609 579 513 471 412 371 355 347 329 327 83 0 
954 905 860 858 792 746 720 681 531 450 416 390 389 320 242 191 165 0 
1052 1031 990 876 779 735 597 533 441 400 396 288 118 83 79 65 39 0 
1012 981 965 928 714 691 548 460 374 322 208 183 161 128 72 47 5 0 
975 959 870 861 742 703 642 620 544 515 408 392 355 332 289 221 109 0 
961 906 887 860 767 730 712 546 488 434 380 362 351 301 232 185 40 0 
1053 1027 920 818 809 748 634 605 585 572 527 511 456 382 150 96 15 0 
1035 901 861 827 775 758 702 685 536 533 518 460 402 339 232 78 64 0 
1007 988 904 830 796 747 694 668 665 557 347 333 253 213 192 39 16 0 
1030 997 996 934 803 773 736 687 520 320 231 204 162 146 121 90 39 0 
1055 1041 828 826 793 634 627 600 575 494 492 407 404 342 260 200 184 0 
1014 923 849 847 798 789 734 649 627 588 580 531 489 396 326 223 112 0 
1017 923 908 851 793 782 679 638 519 513 485 392 359 315 285 104 7 0 
952 940 930 829 810 593 579 482 434 398 334 269 247 220 46 39 11 0 
976 971 934 835 731 712 693 663 662 652 545 543 536 511 346 275 218 0 
976 911 909 886 689 624 577 490 327 266 256 213 163 149 131 110 53 0 
1048 875 857 845 790 739 710 619 615 532 388 386 369 338 283 132 124 0 
965 921 852 819 775 668 650 547 456 353 271 242 159 136 77 48 24 0 
1054 992 894 822 738 725 674 657 652 636 541 523 391 350 290 180 125 0 
989 944 896 823 802 729 661 460 440 436 412 304 273 242 193 25 10 0 
1007 900 864 814 799 780 748 690 642 469 352 344 255 228 152 135 128 0 
1040 1020 985 896 789 726 688 567 514 267 263 202 160 118 96 95 66 0 
952 890 875 839 701 634 499 400 368 362 328 316 221 199 126 105 16 0 
954 944 922 907 754 659 577 505 461 340 289 240 209 159 157 72 15 0 
983 920 878 820 739 737 667 504 444 356 321 104 98 68 46 33 4 0 
968 966 884 830 761 730 647 582 485 480 450 441 430 387 372 177 53 0 
1052 1039 1022 871 758 665 569 542 507 342 274 266 250 206 138 85 40 0 
1006 929 862 825 778 776 589 461 438 407 335 271 131 119 102 63 34 0 
1033 929 834 819 813 747 719 673 623 550 508 436 296 254 247 114 74 0 
1057 895 861 838 739 508 493 482 443 438 391 367 267 217 153 139 20 0 
1056 1034 986 874 704 691 624 622 487 367 290 264 262 212 202 133 9 0 
1025 956 954 876 775 724 713 680 648 630 610 554 477 351 178 137 94 0 
1037 1021 1000 864 692 681 680 659 583 573 484 429 306 300 214 177 172 0 
1036 1012 931 829 730 621 598 589 539 468 437 393 340 167 123 117 36 0 
1016 1012 1003 994 661 571 557 503 478 475 465 335 235 199 120 100 13 0 
1012 962 826 821 726 517 495 454 369 296 287 285 168 94 89 63 41 0 
998 852 839 829 757 613 599 554 492 377 332 276 239 225 154 152 14 0 
996 898 894 832 682 513 511 390 374 334 248 241 212 73 56 53 23 0 
891 835 831 814 798 785 766 669 586 567 544 432 429 358 328 271 27 0 
1032 997 978 940 715 713 660 582 454 331 284 254 250 158 107 60 31 0 
1057 956 847 846 781 778 678 666 655 641 564 562 381 255 200 175 80 0 
1019 962 902 853 796 793 732 621 487 484 433 401 381 323 274 185 116 0 
1027 918 841 827 772 735 699 583 578 558 464 392 334 321 310 258 254 0 
1018 923 892 836 791 624 619 612 593 572 426 313 299 241 154 119 37 0 
1051 1009 964 874 769 766 566 564 498 371 357 332 263 216 179 20 1 0 
999 983 912 852 678 646 569 543 503 486 481 393 297 193 171 61 27 0 
938 937 912 906 808 761 755 694 513 457 411 384 364 307 218 198 153 0 
1016 1002 991 988 807 707 619 595 520 464 353 328 229 164 156 123 71 0 
943 926 911 841 592 585 562 552 496 423 410 408 394 354 318 73 22 0 
1052 1032 935 890 790 759 656 570 485 477 421 173 157 123 103 75 29 0 
1042 1007 1006 837 800 644 633 620 567 524 171 129 116 97 69 42 21 0 
979 974 943 834 789 616 534 522 478 411 348 278 194 119 97 94 80 0 
1053 1044 959 896 770 769 695 684 678 601 568 245 215 174 169 124 102 0 
948 846 845 821 765 724 629 514 446 409 380 308 270 195 162 65 34 0 
966 919 878 832 645 635 560 523 432 428 369 326 293 254 213 201 80 0 
1036 1022 1017 1014 807 760 696 688 524 469 409 279 216 189 79 32 19 0 
1047 980 966 862 605 570 496 390 333 292 272 255 222 198 172 95 26 0 
1024 927 899 837 750 722 629 616 606 590 533 452 387 382 239 93 18 0 
1042 1008 968 848 799 679 637 540 405 390 363 284 231 219 214 211 161 0 
1042 1005 900 886 752 684 640 553 359 318 276 247 244 112 35 29 18 0 
980 864 834 815 781 703 679 632 599 549 459 449 379 336 213 193 186 0 
1045 961 888 816 765 752 734 408 395 285 273 257 210 180 146 110 21 0 
1031 963 941 895 677 622 618 470 437 423 378 322 317 231 177 103 49 0 
1038 969 959 832 718 671 594 512 449 433 422 267 210 195 166 155 69 0 
1027 1023 986 873 804 784 760 570 463 403 349 314 253 223 139 118 6 0 
1050 932 904 838 786 654 646 594 453 413 395 360 290 246 215 190 100 0 
939 866 855 850 790 771 706 509 487 481 455 453 445 418 371 341 91 0 
936 873 847 840 810 772 770 724 711 696 587 575 555 468 343 128 78 0 
1049 952 884 874 683 597 524 516 491 406 402 322 301 166 165 59 7 0 
945 929 835 820 803 749 656 621 617 363 229 209 184 183 153 133 25 0 
1005 924 889 872 744 738 708 625 600 441 345 307 302 52 45 12 1 0 
1051 1030 998 920 788 689 678 649 558 491 468 367 330 86 64 45 30 0 
978 968 892 842 699 698 604 528 431 317 315 303 291 205 151 29 8 0 
960 938 928 918 685 609 567 501 490 467 455 296 221 194 142 55 1 0 
973 903 894 889 656 626 498 457 425 416 339 335 325 291 275 188 127 0 
1035 986 955 847 738 606 545 454 356 320 308 274 237 228 181 177 137 0 
1015 861 850 836 811 807 805 725 496 489 476 422 406 345 338 260 181 0 
1013 1005 895 883 732 717 699 672 597 526 442 394 376 363 319 262 11 0 
