204 102
5 10
5 5 5 5 5 5 5 5 5 5 5 5 5 5 5 5 5 5 5 5 5 5 5 5 5 5 5 5 5 5 5 5 5 5 5 5 5 5 5 5 5 5 5 5 5 5 5 5 5 5 5 5 5 5 5 5 5 5 5 5 5 5 5 5 5 5 5 5 5 5 5 5 5 5 5 5 5 5 5 5 5 5 5 5 5 5 5 5 5 5 5 5 5 5 5 5 5 5 5 5 5 5 5 5 5 5 5 5 5 5 5 5 5 5 5 5 5 5 5 5 5 5 5 5 5 5 5 5 5 5 5 5 5 5 5 5 5 5 5 5 5 5 5 5 5 5 5 5 5 5 5 5 5 5 5 5 5 5 5 5 5 5 5 5 5 5 5 5 5 5 5 5 5 5 5 5 5 5 5 5 5 5 5 5 5 5 5 5 5 5 5 5 5 5 5 5 5 5 5 5 5 5 5 5 
10 10 10 10 10 10 10 10 10 10 10 10 10 10 10 10 10 10 10 10 10 10 10 10 10 10 10 10 10 10 10 10 10 10 10 10 10 10 10 10 10 10 10 10 10 10 10 10 10 10 10 10 10 10 10 10 10 10 10 10 10 10 10 10 10 10 10 10 10 10 10 10 10 10 10 10 10 10 10 10 10 10 10 10 10 10 10 10 10 10 10 10 10 10 10 10 10 10 10 10 10 10 
1	65	7	47	21
2	16	42	62	14
3	5	50	102	44
4	15	63	42	101
5	59	60	83	13
6	97	70	94	96
7	94	29	63	74
8	14	100	92	55
9	24	80	26	90
10	74	37	21	84
11	77	75	72	15
12	4	54	44	35
13	47	31	76	29
14	99	47	12	27
15	95	69	50	48
16	84	77	67	79
17	42	28	54	36
18	21	76	98	99
19	54	72	25	8
20	58	81	10	39
21	27	61	81	97
22	35	91	79	11
23	70	27	41	2
24	39	46	66	76
25	7	35	96	67
26	64	39	18	75
27	45	19	49	3
28	93	56	4	37
29	71	12	11	38
30	88	1	8	16
31	78	40	77	7
32	63	57	34	82
33	56	32	24	73
34	51	64	70	83
35	49	23	64	40
36	22	87	51	10
37	73	38	30	9
38	79	90	15	60
39	43	94	37	69
40	89	48	19	34
41	98	30	40	56
42	48	8	85	58
43	85	97	84	24
44	92	22	1	59
45	38	99	101	77
46	33	43	75	53
47	61	2	3	86
48	100	24	78	61
49	90	58	31	5
50	68	84	52	91
51	8	3	20	95
52	23	102	69	87
53	80	71	93	49
54	60	18	22	80
55	72	83	39	98
56	82	20	45	18
57	66	86	48	23
58	30	4	65	62
59	20	11	33	47
60	40	93	43	100
61	9	96	36	46
62	37	45	100	1
63	46	44	97	17
64	55	59	80	12
65	2	95	38	93
66	101	21	73	51
67	10	65	82	66
68	87	13	6	19
69	32	68	89	64
70	69	85	56	72
71	81	34	68	92
72	53	26	16	32
73	17	92	61	50
74	28	53	88	85
75	34	79	58	102
76	102	78	28	33
77	18	6	71	65
78	62	52	59	81
79	86	74	55	78
80	41	16	95	68
81	31	82	17	6
82	96	88	13	71
83	26	17	35	52
84	6	66	14	22
85	1	55	29	26
86	52	14	5	28
87	12	101	9	41
88	76	41	32	43
89	44	9	23	94
90	50	33	7	89
91	67	15	86	30
92	36	49	91	57
93	3	67	57	88
94	11	36	99	4
95	13	98	53	25
96	75	62	90	54
97	29	89	2	45
98	19	5	74	20
99	83	73	87	31
100	91	25	27	42
101	57	10	46	70
102	25	51	60	63
1	78	35	50	43
2	72	76	60	36
3	42	56	21	52
4	1	27	38	72
5	8	71	79	89
6	9	86	88	54
7	80	8	70	62
8	84	99	28	9
9	66	77	42	92
10	98	80	94	47
11	100	96	30	68
12	56	90	53	66
13	62	61	15	32
14	10	17	40	33
15	87	100	76	5
16	90	28	57	97
17	65	79	13	51
18	57	84	69	58
19	73	41	18	96
20	38	48	35	53
21	33	83	91	4
22	86	82	64	76
23	14	25	31	26
24	60	34	52	74
25	85	57	78	6
26	94	81	102	42
27	29	78	36	67
28	30	69	34	25
29	17	91	37	77
30	101	32	44	39
31	52	19	80	15
32	55	75	87	48
33	18	97	51	37
34	41	47	72	100
35	71	55	62	31
36	15	16	43	7
37	75	7	95	85
38	68	5	56	55
39	50	11	65	80
40	12	58	6	63
41	92	45	74	102
42	83	53	84	11
43	25	9	55	21
44	2	33	71	98
45	24	13	67	8
46	67	1	99	41
47	74	101	25	22
48	54	73	81	29
49	26	66	47	78
50	77	46	4	87
51	44	40	45	61
52	6	38	98	75
53	69	62	22	3
54	79	21	41	57
55	47	23	90	93
56	97	87	59	71
57	37	68	20	12
58	45	64	54	95
59	76	37	101	90
60	32	50	29	99
61	93	12	8	69
62	51	24	11	19
63	59	10	48	45
64	81	63	96	91
65	102	98	61	35
66	40	54	3	70
67	19	94	83	56
68	35	85	9	18
69	21	59	2	46
70	16	65	19	60
71	23	22	85	20
72	48	49	97	30
73	82	2	12	28
74	3	6	26	59
75	99	88	10	2
76	89	26	27	84
77	43	3	63	14
78	22	93	39	16
79	31	70	32	1
80	36	102	73	88
81	95	72	33	23
82	5	39	92	40
83	63	20	16	50
84	61	4	75	82
85	39	36	100	79
86	34	44	7	10
87	58	43	17	86
88	7	18	49	83
89	46	15	82	49
90	91	51	46	94
91	88	95	89	101
92	53	60	58	27
93	13	30	14	81
94	27	52	77	73
95	70	67	5	17
96	49	42	24	38
97	11	92	23	13
98	96	14	1	34
99	64	74	93	44
100	20	89	86	65
101	28	31	68	24
102	4	29	66	64
1	103	85	106	30	148	44	200	62	181
2	104	65	146	47	175	97	171	23	177
3	105	93	176	51	179	47	168	27	155
4	106	12	204	58	186	28	152	94	123
5	107	3	184	98	140	86	197	49	117
6	108	84	154	77	176	68	142	81	127
7	109	25	190	1	139	90	188	31	138
8	110	51	107	42	109	30	163	19	147
9	111	61	108	89	145	87	170	37	110
10	112	67	116	101	165	20	177	36	188
11	113	94	199	59	141	29	164	22	144
12	114	87	142	29	163	14	175	64	159
13	115	95	195	68	147	82	119	5	199
14	116	8	125	86	200	84	195	2	179
15	117	4	138	91	191	38	115	11	133
16	118	2	172	80	138	72	185	30	180
17	119	73	131	83	116	81	189	63	197
18	120	77	135	54	190	26	121	56	170
19	121	98	169	27	133	40	172	68	164
20	122	59	202	56	185	51	159	98	173
21	123	18	171	66	156	10	105	1	145
22	124	36	180	44	173	54	155	84	149
23	125	52	173	35	157	89	199	57	183
24	126	9	147	48	164	33	198	43	203
25	127	102	145	100	125	19	149	95	130
26	128	83	151	72	178	9	176	85	125
27	129	21	196	23	106	100	178	14	194
28	130	74	203	17	118	76	110	86	175
29	131	97	129	7	204	85	162	13	150
30	132	58	130	41	195	37	113	91	174
31	133	81	181	13	203	49	125	99	137
32	134	69	162	33	132	88	181	72	115
33	135	46	123	90	146	59	183	76	116
34	136	75	188	71	126	32	130	40	200
35	137	22	170	25	103	83	122	12	167
36	138	92	182	94	187	61	129	17	104
37	139	62	159	10	161	39	131	28	135
38	140	45	122	37	154	65	106	29	198
39	141	24	187	26	184	55	180	20	132
40	142	60	168	31	153	41	116	35	184
41	143	80	136	88	121	23	156	87	148
42	144	17	105	2	198	4	111	100	128
43	145	39	179	46	189	60	138	88	103
44	146	89	153	63	188	12	132	3	201
45	147	27	160	62	143	56	153	97	165
46	148	63	191	24	152	101	192	61	171
47	149	13	157	14	136	1	151	59	112
48	150	42	174	40	122	57	165	15	134
49	151	35	198	92	174	27	190	53	191
50	152	90	141	3	162	15	103	73	185
51	153	34	164	102	192	36	135	66	119
52	154	86	133	78	196	50	126	83	105
53	155	72	194	74	144	95	114	46	122
54	156	19	150	12	168	17	160	96	108
55	157	64	134	85	137	79	145	8	140
56	158	33	114	28	105	70	140	41	169
57	159	101	120	32	127	93	118	92	156
58	160	20	189	49	142	75	194	42	120
59	161	5	165	64	171	78	158	44	176
60	162	54	126	5	194	102	104	38	172
61	163	47	186	21	115	73	167	48	153
62	164	78	115	96	155	2	137	58	109
63	165	32	185	4	166	7	179	102	142
64	166	26	201	34	160	35	124	69	204
65	167	1	119	67	172	58	141	77	202
66	168	57	111	84	151	24	204	67	114
67	169	91	148	93	197	16	147	25	129
68	170	50	140	69	159	71	203	80	113
69	171	70	155	15	130	52	120	39	163
70	172	23	197	6	181	34	109	101	168
71	173	29	137	53	107	77	146	82	158
72	174	55	104	19	183	11	136	70	106
73	175	37	121	99	150	66	182	33	196
74	176	10	149	79	201	98	143	7	126
75	177	96	139	11	134	46	186	26	154
76	178	88	161	18	104	13	117	24	124
77	179	11	152	16	111	31	196	45	131
78	180	31	103	76	129	48	127	79	151
79	181	38	156	75	119	22	107	16	187
80	182	53	109	9	112	64	133	54	141
81	183	71	166	20	128	21	150	78	195
82	184	56	175	81	124	67	191	32	186
83	185	99	144	55	123	5	169	34	190
84	186	16	110	50	120	43	144	10	178
85	187	43	127	70	170	42	173	74	139
86	188	79	124	57	108	91	202	47	189
87	189	68	117	36	158	99	134	52	152
88	190	30	193	82	177	74	108	93	182
89	191	40	178	97	202	69	193	90	107
90	192	49	118	38	114	96	157	9	161
91	193	100	192	22	131	92	123	50	166
92	194	44	143	73	199	8	184	71	111
93	195	28	163	60	180	53	201	65	157
94	196	7	128	39	169	6	112	89	192
95	197	15	183	65	193	80	139	51	160
96	198	82	200	61	113	25	166	6	121
97	199	6	158	43	135	63	174	21	118
98	200	41	112	95	167	18	154	55	146
99	201	14	177	45	110	94	148	18	162
100	202	48	113	8	117	62	187	60	136
101	203	66	132	87	149	45	161	4	193
102	204	76	167	52	182	3	128	75	143
