204 102
5 10
5 5 5 5 5 5 5 5 5 5 5 5 5 5 5 5 5 5 5 5 5 5 5 5 5 5 5 5 5 5 5 5 5 5 5 5 5 5 5 5 5 5 5 5 5 5 5 5 5 5 5 5 5 5 5 5 5 5 5 5 5 5 5 5 5 5 5 5 5 5 5 5 5 5 5 5 5 5 5 5 5 5 5 5 5 5 5 5 5 5 5 5 5 5 5 5 5 5 5 5 5 5 5 5 5 5 5 5 5 5 5 5 5 5 5 5 5 5 5 5 5 5 5 5 5 5 5 5 5 5 5 5 5 5 5 5 5 5 5 5 5 5 5 5 5 5 5 5 5 5 5 5 5 5 5 5 5 5 5 5 5 5 5 5 5 5 5 5 5 5 5 5 5 5 5 5 5 5 5 5 5 5 5 5 5 5 5 5 5 5 5 5 5 5 5 5 5 5 5 5 5 5 5 5 
10 10 10 10 10 10 10 10 10 10 10 10 10 10 10 10 10 10 10 10 10 10 10 10 10 10 10 10 10 10 10 10 10 10 10 10 10 10 10 10 10 10 10 10 10 10 10 10 10 10 10 10 10 10 10 10 10 10 10 10 10 10 10 10 10 10 10 10 10 10 10 10 10 10 10 10 10 10 10 10 10 10 10 10 10 10 10 10 10 10 10 10 10 10 10 10 10 10 10 10 10 10 
1	25	78	48	81
2	11	79	95	32
3	10	9	41	80
4	102	30	96	73
5	84	93	18	7
6	71	83	5	82
7	13	3	34	50
8	66	75	94	69
9	68	55	54	72
10	44	89	24	51
11	63	97	30	12
12	22	13	70	66
13	73	37	8	1
14	90	17	38	61
15	77	2	61	5
16	31	41	27	56
17	79	100	89	58
18	28	19	60	64
19	50	98	56	29
20	49	66	102	45
21	56	5	40	22
22	61	76	31	87
23	17	50	78	37
24	6	62	93	3
25	27	102	35	68
26	96	70	82	52
27	45	28	83	77
28	24	52	75	85
29	38	58	53	60
30	23	54	57	99
31	82	35	12	43
32	18	91	22	96
33	39	34	55	48
34	70	63	32	59
35	34	22	44	14
36	97	20	21	75
37	88	71	101	38
38	2	81	63	26
39	86	82	92	102
40	75	23	15	100
41	69	87	33	17
42	1	67	58	24
43	76	39	37	63
44	5	1	87	53
45	72	85	6	57
46	4	27	59	21
47	93	90	97	39
48	47	60	67	84
49	64	57	9	88
50	33	14	26	9
51	19	31	42	8
52	65	48	17	27
53	7	16	14	54
54	95	47	36	19
55	51	18	81	97
56	52	69	47	10
57	14	101	74	55
58	78	99	65	92
59	36	12	16	15
60	100	68	1	70
61	29	24	45	18
62	53	65	68	31
63	35	4	52	79
64	58	77	7	86
65	42	32	13	16
66	55	80	19	46
67	99	59	43	95
68	91	42	98	33
69	30	45	79	62
70	48	38	72	94
71	46	96	62	74
72	83	33	46	13
73	89	86	3	76
74	87	49	39	35
75	101	6	50	91
76	9	53	77	42
77	40	84	73	44
78	60	40	4	89
79	67	92	80	83
80	37	72	25	49
81	57	44	100	47
82	81	7	28	90
83	15	95	66	25
84	54	56	20	6
85	3	94	2	40
86	16	25	10	93
87	26	8	71	11
88	62	61	85	98
89	92	26	88	36
90	94	73	11	65
91	85	36	76	67
92	20	29	90	23
93	12	21	23	101
94	98	10	64	78
95	74	88	69	20
96	41	43	84	2
97	8	46	49	34
98	80	11	99	4
99	32	15	86	41
100	21	74	29	28
101	43	64	51	30
102	59	51	91	71
1	4	10	72	75
2	25	52	7	46
3	88	35	65	84
4	90	70	86	49
5	74	63	102	80
6	80	87	15	13
7	29	31	85	10
8	65	18	14	79
9	46	93	82	73
10	57	90	77	96
11	3	42	48	14
12	27	33	94	60
13	52	67	29	89
14	30	71	92	98
15	11	56	18	38
16	84	92	75	55
17	86	6	30	28
18	31	98	70	95
19	23	2	27	74
20	26	40	67	53
21	47	32	45	9
22	60	8	25	20
23	67	28	51	4
24	17	5	34	99
25	39	88	28	42
26	37	75	57	56
27	78	53	22	82
28	54	49	101	61
29	15	101	97	76
30	100	27	42	72
31	92	17	54	81
32	48	26	49	51
33	10	73	74	92
34	40	38	68	12
35	89	66	61	6
36	71	29	44	70
37	33	77	6	59
38	76	84	79	57
39	70	57	80	2
40	19	65	71	7
41	5	97	78	67
42	83	86	55	23
43	73	24	83	87
44	69	15	39	31
45	14	41	91	94
46	18	68	23	16
47	75	61	11	64
48	28	12	99	44
49	2	47	31	33
50	12	55	88	41
51	72	7	36	35
52	6	94	32	88
53	51	45	84	11
54	66	3	33	29
55	94	36	43	17
56	63	44	93	83
57	61	1	40	27
58	85	102	47	8
59	64	39	13	45
60	62	59	2	50
61	91	43	81	69
62	82	20	87	63
63	98	22	3	77
64	79	74	50	93
65	96	54	1	15
66	7	78	21	24
67	22	19	90	62
68	24	69	59	26
69	21	37	98	86
70	87	9	56	25
71	93	34	58	52
72	34	21	26	90
73	97	14	64	66
74	81	11	52	22
75	68	76	5	48
76	50	4	20	71
77	32	25	24	19
78	56	79	73	36
79	13	91	19	97
80	77	82	16	1
81	41	58	95	39
82	42	95	37	40
83	58	30	76	32
84	101	72	8	78
85	38	46	89	54
86	45	48	46	43
87	102	81	60	3
88	59	23	66	58
89	95	62	12	102
90	35	80	69	100
91	49	16	38	30
92	1	51	41	21
93	99	100	53	37
94	44	50	96	68
95	8	64	17	91
96	53	89	63	47
97	9	60	35	85
98	55	96	100	5
99	36	13	62	18
100	43	85	4	34
101	20	83	10	65
102	16	99	9	101
1	103	42	194	44	159	60	167	13	182
2	104	38	151	15	121	85	162	96	141
3	105	85	113	7	156	73	165	24	189
4	106	46	103	63	178	78	202	98	125
5	107	44	143	21	126	6	177	15	200
6	108	24	154	75	119	45	139	84	137
7	109	53	168	82	153	64	104	5	142
8	110	97	197	87	124	13	186	51	160
9	111	76	199	3	172	49	204	50	123
10	112	3	135	94	103	86	203	56	109
11	113	2	117	98	176	90	149	87	155
12	114	93	152	59	150	31	191	11	136
13	115	7	181	12	201	65	161	72	108
14	116	57	147	50	175	53	110	35	113
15	117	83	131	99	146	40	108	59	167
16	118	86	204	53	193	59	182	65	148
17	119	23	126	14	133	52	197	41	157
18	120	32	148	55	110	5	117	61	201
19	121	51	142	18	169	66	181	54	179
20	122	92	203	36	164	84	178	95	124
21	123	100	171	93	174	36	168	46	194
22	124	12	169	35	165	32	129	21	176
23	125	30	121	40	190	93	148	92	144
24	126	28	170	61	145	10	179	42	168
25	127	1	104	86	179	80	124	83	172
26	128	87	122	89	134	50	174	38	170
27	129	25	114	46	132	16	121	52	159
28	130	18	150	27	125	82	127	100	119
29	131	61	109	92	138	100	115	19	156
30	132	69	116	4	185	11	119	101	193
31	133	16	120	51	109	22	151	62	146
32	134	99	179	65	123	34	154	2	185
33	135	50	139	72	114	41	156	68	151
34	136	35	174	33	173	7	126	97	202
35	137	63	192	31	105	25	199	74	153
36	138	59	201	91	157	54	153	89	180
37	139	80	128	13	171	43	184	23	195
38	140	29	187	70	136	14	193	37	117
39	141	33	127	43	161	74	146	47	183
40	142	77	136	78	122	21	159	85	184
41	143	96	183	16	147	3	194	99	152
42	144	65	184	68	113	51	132	76	127
43	145	101	202	96	163	67	157	31	188
44	146	10	196	81	158	35	138	77	150
45	147	27	188	69	155	61	123	20	161
46	148	71	111	97	187	72	188	66	104
47	149	48	123	54	151	56	160	81	198
48	150	70	134	52	188	1	113	33	177
49	151	20	193	74	130	97	134	80	106
50	152	19	178	23	196	75	166	7	162
51	153	55	155	102	194	101	125	10	134
52	154	56	115	28	104	63	176	26	173
53	155	62	198	76	129	29	195	44	122
54	156	84	130	30	167	9	133	53	187
55	157	66	200	9	152	33	144	57	118
56	158	21	180	84	117	19	172	16	128
57	159	81	112	49	141	30	128	45	140
58	160	64	185	29	183	42	173	17	190
59	161	102	190	67	162	46	170	34	139
60	162	78	124	48	199	18	189	29	114
61	163	22	159	88	149	15	137	14	130
62	164	88	162	24	191	71	201	69	169
63	165	11	158	34	107	38	198	43	164
64	166	49	161	101	197	94	175	18	149
65	167	52	110	62	142	58	105	90	203
66	168	8	156	20	137	83	190	12	175
67	169	79	125	42	115	48	122	91	143
68	170	9	177	60	148	62	136	25	196
69	171	41	146	56	170	95	192	8	163
70	172	34	141	26	106	12	120	60	138
71	173	6	138	37	116	87	142	102	178
72	174	45	153	80	186	70	103	9	132
73	175	13	145	90	135	77	180	4	111
74	176	95	107	100	166	57	135	71	121
75	177	40	149	8	128	28	118	36	103
76	178	43	140	22	177	91	185	73	131
77	179	15	182	64	139	76	112	27	165
78	180	58	129	1	168	23	143	94	186
79	181	17	166	2	180	69	140	63	110
80	182	98	108	66	192	79	141	3	107
81	183	82	176	38	189	55	163	1	133
82	184	31	164	39	182	26	111	6	129
83	185	72	144	6	203	27	145	79	158
84	186	5	118	77	140	96	155	48	105
85	187	91	160	45	202	88	109	28	199
86	188	39	119	73	144	99	106	64	171
87	189	74	172	41	108	44	164	22	145
88	190	37	105	95	127	89	152	49	154
89	191	73	137	10	198	17	187	78	115
90	192	14	106	47	112	92	169	82	174
91	193	68	163	32	181	102	147	75	197
92	194	89	133	79	118	39	116	58	135
93	195	47	173	5	111	24	158	86	166
94	196	90	157	85	154	8	114	70	147
95	197	54	191	83	184	2	183	67	120
96	198	26	167	71	200	4	196	32	112
97	199	36	175	11	143	47	131	55	181
98	200	94	165	19	120	68	171	88	116
99	201	67	195	58	204	98	150	30	126
100	202	60	132	17	195	81	200	40	192
101	203	75	186	57	131	37	130	93	204
102	204	4	189	25	160	20	107	39	191
