271 127
3 7
3 3 3 3 3 3 3 3 3 3 3 3 3 3 3 3 3 3 3 3 3 3 3 3 3 3 3 3 3 3 3 3 3 3 3 3 3 3 3 3 3 3 3 3 3 3 3 3 3 3 3 3 3 3 3 3 3 3 3 3 3 3 3 3 3 3 3 3 3 3 3 3 3 3 3 3 3 3 3 3 3 3 3 3 3 3 3 3 3 3 3 3 3 3 3 3 3 3 3 3 3 3 3 3 3 3 3 3 3 3 3 3 3 3 3 3 3 3 3 3 3 3 3 3 3 3 3 3 3 3 3 3 3 3 3 3 3 3 3 3 3 3 3 3 3 3 3 3 3 3 3 3 3 3 3 3 3 3 3 3 3 3 3 3 3 3 3 3 3 3 3 3 3 3 3 3 3 3 3 3 3 3 3 3 3 3 3 3 3 3 3 3 3 3 3 3 3 3 3 3 3 3 3 3 3 3 3 3 3 3 3 3 3 3 3 3 3 3 3 3 3 3 3 3 3 3 3 3 3 3 3 3 3 3 3 3 3 3 3 3 3 3 3 3 3 3 3 3 3 3 3 3 3 3 3 3 3 3 3 3 3 3 3 3 3 3 3 3 3 3 3 
7 7 7 7 7 7 7 7 7 7 7 7 7 7 7 7 7 7 7 7 7 7 7 7 7 7 7 7 7 7 7 7 7 7 7 7 7 7 7 7 7 7 7 7 7 7 7 7 7 7 7 6 6 6 6 6 6 6 6 6 6 6 6 6 6 6 6 6 6 6 6 6 6 6 6 6 6 6 6 6 6 6 6 6 6 6 6 6 6 6 6 6 6 6 6 6 6 6 6 6 6 6 6 6 6 6 6 6 6 6 6 6 6 6 6 6 6 6 6 6 6 6 6 6 6 6 6 
83 29 88 
122 110 34 
25 47 64 
91 46 103 
4 100 58 
53 66 113 
123 31 57 
11 5 30 
81 77 96 
9 84 118 
39 69 41 
43 51 39 
28 106 69 
74 7 22 
59 75 38 
97 119 112 
58 114 73 
115 64 8 
2 108 54 
18 55 80 
64 98 61 
24 99 1 
125 59 2 
60 45 40 
114 8 37 
13 31 48 
102 117 92 
75 85 82 
91 8 78 
52 20 8 
121 62 81 
88 100 19 
77 34 37 
87 27 26 
60 96 56 
32 113 27 
5 72 47 
4 117 54 
48 52 84 
73 47 120 
53 107 3 
34 71 6 
24 118 79 
44 99 65 
127 27 79 
61 79 30 
32 20 87 
26 93 109 
33 74 62 
54 80 46 
111 104 101 
94 71 18 
67 86 49 
15 122 27 
121 65 14 
9 72 15 
35 90 5 
44 114 111 
16 86 7 
12 41 16 
11 112 85 
55 106 124 
36 57 102 
78 39 115 
29 14 25 
34 126 48 
77 94 98 
45 68 76 
92 100 46 
101 7 37 
21 65 115 
37 32 63 
12 51 30 
15 40 124 
38 16 94 
47 31 105 
58 86 87 
43 25 12 
4 17 40 
22 42 44 
80 13 96 
67 82 26 
103 61 116 
40 71 70 
22 33 102 
90 92 45 
10 109 122 
29 66 125 
84 51 108 
22 49 113 
30 36 116 
36 59 28 
48 12 6 
105 29 70 
95 3 5 
72 103 26 
60 127 14 
68 13 67 
68 38 125 
120 13 57 
2 50 93 
107 56 112 
116 35 83 
6 49 28 
110 74 88 
41 35 78 
23 11 53 
23 119 50 
43 17 20 
89 46 98 
85 23 105 
49 118 35 
123 62 21 
82 33 31 
21 121 39 
25 126 73 
106 101 42 
109 6 18 
120 38 19 
41 28 24 
50 107 45 
89 52 1 
1 56 15 
90 99 76 
3 17 63 
83 36 1 
108 91 95 
20 104 97 
7 10 124 
16 81 111 
63 2 69 
18 32 10 
17 42 104 
24 9 44 
50 95 43 
75 23 89 
14 19 9 
119 55 76 
3 21 19 
117 11 97 
93 10 126 
110 4 123 
70 33 66 
127 42 51 
96 69 25 
63 48 96 
51 17 95 
105 61 34 
41 45 126 
84 41 124 
1 57 48 
97 12 44 
101 22 2 
33 92 73 
125 8 84 
85 99 126 
122 87 112 
111 37 115 
100 14 74 
93 100 54 
123 74 53 
75 40 1 
44 46 31 
52 10 22 
105 55 118 
75 51 120 
16 77 31 
85 113 25 
49 14 55 
71 33 4 
72 34 33 
82 12 74 
8 30 21 
118 11 102 
94 114 70 
39 112 81 
58 63 45 
95 19 70 
122 39 77 
107 99 20 
24 66 110 
2 43 102 
79 67 126 
112 4 116 
21 88 1 
108 49 38 
39 13 90 
15 123 115 
96 43 119 
127 20 117 
92 48 66 
36 34 76 
27 65 61 
36 46 106 
6 23 9 
93 59 104 
32 62 86 
47 68 99 
35 107 108 
27 78 3 
120 88 37 
53 81 79 
83 101 32 
106 57 114 
71 30 72 
60 64 72 
106 63 14 
65 6 91 
9 5 26 
73 53 127 
64 58 36 
4 81 65 
79 121 7 
91 21 122 
51 104 80 
125 32 61 
19 24 57 
103 27 98 
7 95 98 
69 17 62 
103 19 67 
86 94 40 
77 124 13 
98 31 110 
5 55 22 
16 28 56 
7 69 44 
38 93 3 
110 52 23 
37 121 59 
70 86 35 
76 71 38 
117 52 80 
111 35 42 
60 10 113 
68 54 12 
11 17 84 
90 82 28 
119 49 62 
40 50 10 
13 20 89 
111 26 46 
8 90 94 
108 59 103 
109 117 45 
9 127 83 
105 113 116 
6 42 78 
47 85 56 
24 18 87 
115 28 92 
123 54 87 
66 58 47 
41 29 97 
89 91 29 
15 82 101 
109 73 56 
119 125 120 
42 43 88 
3 102 104 
107 11 76 
116 89 25 
118 15 121 
26 16 23 
67 109 97 
29 124 50 
30 100 60 
114 78 75 
68 50 18 
64 2 80 
18 5 83 
185 162 151 126 123 122 22 
270 182 153 131 101 23 19 
260 228 200 139 125 95 41 
212 184 170 142 79 38 5 
271 225 209 95 57 37 8 
248 208 195 118 104 93 42 
227 219 213 129 70 59 14 
243 173 155 30 29 25 18 
246 209 195 137 134 56 10 
240 235 164 141 132 129 87 
261 237 174 140 107 61 8 
236 172 152 93 78 73 60 
241 223 187 100 98 81 26 
207 169 159 137 97 65 55 
263 256 188 123 74 56 54 
264 226 167 130 75 60 59 
237 220 147 133 125 109 79 
271 269 250 132 118 52 20 
221 217 178 139 137 119 32 
241 190 180 128 109 47 30 
214 185 173 139 115 113 71 
225 164 153 90 85 80 14 
264 229 195 136 111 108 107 
250 217 181 134 120 43 22 
262 168 145 116 78 65 3 
264 242 209 96 82 48 34 
218 200 193 54 45 36 34 
251 238 226 120 104 92 13 
266 255 254 94 88 65 1 
267 205 173 91 73 46 8 
224 167 163 114 76 26 7 
216 203 197 132 72 47 36 
171 170 154 143 114 85 49 
192 171 148 66 42 33 2 
234 231 199 112 106 103 57 
211 194 192 126 92 91 63 
230 201 158 72 70 33 25 
232 228 186 119 99 75 15 
187 179 176 115 64 12 11 
240 222 162 84 79 74 24 
254 150 149 120 106 60 11 
259 248 234 144 133 117 80 
259 189 182 135 109 78 12 
227 163 152 134 80 58 44 
245 177 149 121 86 68 24 
242 194 163 110 69 50 4 
253 249 198 76 40 37 3 
191 151 146 93 66 39 26 
239 186 169 112 104 90 53 
269 266 240 135 121 108 101 
215 166 147 144 89 73 12 
233 229 164 122 39 30 0 
210 202 161 107 41 6 0 
252 236 160 50 38 19 0 
225 169 165 138 62 20 0 
257 249 226 123 102 35 0 
217 204 151 100 63 7 0 
253 211 177 77 17 5 0 
244 230 196 92 23 15 0 
267 235 206 97 35 24 0 
216 193 148 83 46 21 0 
239 220 197 113 49 31 0 
207 177 146 131 125 72 0 
270 211 206 21 18 3 0 
212 208 193 71 55 44 0 
253 191 181 143 88 6 0 
265 221 183 98 82 53 0 
269 236 198 99 98 68 0 
227 220 145 131 13 11 0 
231 178 175 143 94 84 0 
232 205 170 84 52 42 0 
206 205 171 96 56 37 0 
257 210 154 116 40 17 0 
172 161 159 105 49 14 0 
268 166 162 136 28 15 0 
261 232 192 138 124 68 0 
223 179 167 67 33 9 0 
268 248 200 106 64 29 0 
213 202 183 46 45 43 0 
270 233 215 81 50 20 0 
212 202 176 130 31 9 0 
256 238 172 114 82 28 0 
271 246 203 126 103 1 0 
237 155 150 89 39 10 0 
249 168 156 111 61 28 0 
231 222 197 77 59 53 0 
252 250 157 77 47 34 0 
259 201 185 105 32 1 0 
262 255 241 136 122 110 0 
243 238 187 124 86 57 0 
255 214 208 127 29 4 0 
251 191 154 86 69 27 0 
228 196 160 141 101 48 0 
243 222 175 75 67 52 0 
219 178 147 135 127 95 0 
189 146 145 81 35 9 0 
265 254 152 140 128 16 0 
224 219 218 110 67 21 0 
198 180 156 124 44 22 0 
267 160 159 69 32 5 0 
256 203 153 117 70 51 0 
260 182 174 85 63 27 0 
244 221 218 96 83 4 0 
260 215 196 133 128 51 0 
247 165 148 111 94 76 0 
207 204 194 117 62 13 0 
261 199 180 121 102 41 0 
244 199 186 127 89 19 0 
265 257 245 118 87 48 0 
229 224 181 142 105 2 0 
242 234 158 130 58 51 0 
184 176 157 102 61 16 0 
247 235 168 90 36 6 0 
268 204 175 58 25 17 0 
251 188 158 71 64 18 0 
262 247 184 103 91 83 0 
245 233 190 140 38 27 0 
263 174 165 112 43 10 0 
258 239 189 138 108 16 0 
258 201 166 119 100 40 0 
263 230 213 115 55 31 0 
214 179 157 87 54 2 0 
252 188 161 142 113 7 0 
266 223 150 129 74 62 0 
258 216 155 99 88 23 0 
183 156 149 141 116 66 0 
246 210 190 144 97 45 0 
