273 82
4 14
4 4 4 4 4 4 4 4 4 4 4 4 4 4 4 4 4 4 4 4 4 4 4 4 4 4 4 4 4 4 4 4 4 4 4 4 4 4 4 4 4 4 4 4 4 4 4 4 4 4 4 4 4 4 4 4 4 4 4 4 4 4 4 4 4 4 4 4 4 4 4 4 4 4 4 4 4 4 4 4 4 4 4 4 4 4 4 4 4 4 4 4 4 4 4 4 4 4 4 4 4 4 4 4 4 4 4 4 4 4 4 4 4 4 4 4 4 4 4 4 4 4 4 4 4 4 4 4 4 4 4 4 4 4 4 4 4 4 4 4 4 4 4 4 4 4 4 4 4 4 4 4 4 4 4 4 4 4 4 4 4 4 4 4 4 4 4 4 4 4 4 4 4 4 4 4 4 4 4 4 4 4 4 4 4 4 4 4 4 4 4 4 4 4 4 4 4 4 4 4 4 4 4 4 4 4 4 4 4 4 4 4 4 4 4 4 4 4 4 4 4 4 4 4 4 4 4 4 4 4 4 4 4 4 4 4 4 4 4 4 4 4 4 4 4 4 4 4 4 4 4 4 4 4 4 4 4 4 4 4 4 4 4 4 4 4 4 4 4 4 4 4 4 
14 14 14 14 14 14 14 14 14 14 14 14 14 14 14 14 14 14 14 14 14 14 14 14 14 14 13 13 13 13 13 13 13 13 13 13 13 13 13 13 13 13 13 13 13 13 13 13 13 13 13 13 13 13 13 13 13 13 13 13 13 13 13 13 13 13 13 13 13 13 13 13 13 13 13 13 13 13 13 13 13 13 
73 1 67 26 
25 14 5 81 
32 81 13 8 
34 57 65 45 
81 23 71 47 
9 22 25 60 
15 66 20 52 
22 1 54 16 
28 30 75 51 
35 18 55 3 
33 19 11 42 
63 35 61 72 
76 36 26 57 
59 46 31 8 
28 64 15 67 
74 13 76 40 
4 8 37 43 
24 14 72 58 
36 35 1 12 
63 49 46 5 
39 27 58 43 
23 62 10 70 
66 55 5 82 
17 51 64 6 
19 68 41 44 
69 57 43 50 
38 44 21 51 
15 4 25 49 
24 29 5 9 
20 21 29 11 
71 56 62 20 
82 75 24 70 
2 56 77 50 
65 27 18 26 
28 3 17 31 
6 33 7 43 
36 73 21 27 
32 54 46 10 
6 73 47 78 
44 40 77 61 
80 27 12 68 
42 27 35 37 
74 11 64 24 
28 76 35 52 
20 73 10 81 
16 61 78 32 
73 14 74 7 
54 49 58 68 
45 5 53 20 
22 23 6 48 
37 53 79 78 
76 18 10 33 
12 30 3 67 
16 77 15 7 
59 50 80 22 
76 37 14 55 
53 2 21 61 
38 47 13 58 
65 51 79 76 
19 34 55 2 
51 37 63 77 
19 74 53 36 
38 3 39 70 
12 72 9 66 
48 62 44 65 
52 26 4 42 
41 63 9 58 
75 72 32 7 
48 71 75 40 
55 60 41 50 
72 20 48 69 
29 33 13 53 
33 12 25 62 
74 58 5 50 
1 14 8 19 
21 22 24 79 
39 55 28 42 
30 16 23 2 
45 41 82 21 
18 66 79 34 
60 70 44 20 
59 56 43 11 
79 77 8 25 
69 17 75 52 
34 1 52 37 
18 75 9 80 
11 37 62 18 
1 47 40 46 
70 59 14 69 
64 3 66 40 
49 19 26 72 
71 82 13 30 
81 38 66 4 
21 16 33 52 
61 81 60 31 
82 22 44 49 
74 27 69 4 
30 7 52 63 
18 57 2 41 
52 8 57 39 
4 32 11 53 
47 7 67 20 
67 70 19 51 
26 23 25 3 
24 31 56 54 
22 29 15 70 
13 19 15 59 
64 49 43 48 
66 14 22 42 
11 54 44 6 
71 46 77 6 
35 26 80 40 
56 45 17 58 
18 20 32 30 
24 10 38 43 
17 9 55 65 
21 15 57 9 
79 14 30 11 
16 65 49 67 
63 57 54 64 
27 2 17 76 
22 38 55 71 
61 13 41 43 
17 16 53 70 
26 41 77 54 
69 5 21 12 
26 61 58 29 
69 61 34 80 
80 8 24 2 
79 16 4 5 
73 77 31 30 
8 12 38 74 
65 25 73 64 
46 82 18 23 
58 57 71 42 
10 15 72 60 
28 80 78 25 
8 11 60 7 
73 38 33 79 
79 39 32 40 
13 50 48 7 
42 23 36 32 
75 62 4 73 
39 7 37 80 
51 36 13 56 
23 19 57 35 
68 31 6 39 
17 29 39 63 
54 59 3 29 
22 5 34 51 
12 56 34 60 
32 14 17 77 
39 12 2 49 
68 78 62 50 
27 60 47 24 
49 10 6 29 
63 1 3 11 
25 17 1 74 
36 41 8 28 
31 35 33 34 
3 9 76 4 
45 70 54 35 
67 36 45 10 
64 45 14 68 
48 60 38 59 
27 55 72 59 
78 67 76 56 
9 78 33 36 
2 72 28 71 
62 82 40 16 
47 15 69 18 
64 4 80 31 
65 37 5 10 
82 50 28 10 
6 61 42 56 
47 25 51 16 
68 47 3 53 
24 26 66 71 
23 20 65 1 
2 45 62 46 
45 19 48 12 
68 75 34 13 
78 41 46 7 
21 30 50 46 
69 6 53 40 
29 74 31 42 
75 63 44 66 
81 9 67 43 
15 78 81 1 
59 23 52 44 
81 48 82 68 
41 6 59 35 
19 16 63 56 
64 22 75 8 
9 10 1 53 
32 76 71 25 
28 56 7 44 
41 11 27 52 
50 40 72 29 
3 42 44 73 
81 45 39 18 
33 60 40 51 
36 66 43 65 
37 61 66 48 
68 55 23 63 
42 40 38 49 
43 82 1 29 
57 79 44 72 
15 14 82 54 
4 24 65 59 
2 74 35 78 
51 15 46 80 
80 38 30 17 
22 63 13 18 
55 48 53 58 
18 72 77 74 
5 13 80 23 
25 20 31 57 
50 19 6 24 
12 4 58 20 
17 61 54 12 
39 25 10 35 
49 79 1 13 
67 13 69 25 
7 59 58 36 
5 35 67 8 
2 11 31 70 
26 2 59 5 
33 75 20 54 
17 66 33 47 
65 28 53 81 
38 2 32 9 
33 30 27 70 
24 73 17 34 
45 66 8 78 
14 27 31 62 
29 37 68 57 
48 28 47 11 
78 5 19 38 
64 46 44 36 
62 34 58 6 
30 76 62 47 
6 80 45 16 
14 75 3 78 
73 37 12 22 
8 63 42 34 
47 39 77 21 
34 81 64 41 
54 4 71 67 
52 70 61 46 
43 55 45 30 
36 15 50 61 
79 71 12 10 
77 29 65 60 
51 4 50 14 
46 56 72 3 
9 49 37 23 
68 70 32 26 
18 7 40 19 
42 24 7 76 
11 49 77 55 
3 51 81 69 
74 15 75 23 
9 69 31 82 
26 21 74 60 
16 73 28 69 
26 82 79 20 
39 41 16 71 
52 60 32 67 
64 52 62 53 
68 43 76 21 
22 27 10 57 
48 56 1 21 
273 223 207 195 189 179 158 157 88 85 75 19 8 1 
232 228 227 211 180 169 153 129 121 99 78 60 57 33 
262 256 244 200 177 161 157 149 104 90 63 53 35 10 
255 249 220 210 172 161 143 130 101 97 93 66 28 17 
239 228 226 217 173 150 130 126 74 49 29 23 20 2 
243 241 219 192 185 175 156 147 111 110 50 39 36 24 
260 259 225 197 183 144 141 138 102 98 68 54 47 36 
246 235 226 194 159 138 132 129 100 83 75 17 14 3 
264 257 232 195 188 168 161 117 116 86 67 64 29 6 
272 253 222 195 174 173 163 156 136 115 52 45 38 22 
261 238 227 198 157 138 118 110 101 87 82 43 30 11 
253 245 221 220 181 153 151 132 126 73 64 53 41 19 
224 223 217 214 182 145 141 123 107 92 72 58 16 3 
255 244 236 209 164 152 118 109 89 75 56 47 18 2 
263 252 212 209 189 171 136 117 107 106 54 28 15 7 
268 266 243 193 176 170 130 124 119 94 78 54 46 8 
234 230 221 213 158 152 148 124 121 116 113 84 35 24 
259 216 214 201 171 134 114 99 87 86 80 52 34 10 
259 239 219 193 181 146 107 103 91 75 62 60 25 11 
267 229 220 218 179 114 102 81 71 49 45 31 30 7 
273 271 265 247 184 126 117 94 79 76 57 37 30 27 
272 245 214 194 150 122 109 106 96 76 55 50 8 6 
263 257 217 205 190 179 146 142 134 104 78 50 22 5 
260 234 219 210 178 155 129 115 105 76 43 32 29 18 
224 222 218 196 176 158 137 133 104 83 73 28 6 2 
267 265 258 228 178 127 125 112 104 91 66 34 13 1 
272 236 233 198 166 155 121 97 42 41 37 34 21 0 
266 238 231 197 174 169 159 137 77 44 35 15 9 0 
254 237 207 199 186 156 149 148 127 106 72 30 29 0 
251 242 233 213 184 131 118 114 98 92 78 53 9 0 
264 236 227 218 186 172 160 147 131 105 95 35 14 0 
269 258 232 196 152 142 140 114 101 68 46 38 3 0 
233 230 229 202 168 160 139 94 73 72 52 36 11 0 
248 246 241 234 182 160 151 150 128 85 80 60 4 0 
226 222 211 192 162 160 146 112 44 42 19 12 10 0 
252 240 225 203 168 163 159 145 142 62 37 19 13 0 
257 245 237 204 173 144 87 85 61 56 51 42 17 0 
239 232 213 206 165 139 132 122 115 93 63 58 27 0 
268 247 222 201 153 148 147 144 140 100 77 63 21 0 
259 206 202 199 185 170 140 112 90 88 69 40 16 0 
268 248 198 192 183 159 125 123 99 79 70 67 25 0 
260 246 206 200 186 175 142 135 109 77 66 42 11 0 
271 251 207 203 188 123 115 108 82 36 26 21 17 0 
240 208 200 197 190 187 110 96 81 65 40 27 25 0 
251 243 235 201 181 180 164 163 162 113 79 49 4 0 
256 250 240 212 184 183 180 134 111 88 38 20 14 0 
247 242 238 230 177 176 171 155 102 88 58 39 5 0 
273 238 215 204 191 181 165 141 108 71 69 65 50 0 
261 257 223 206 156 153 119 108 96 91 48 28 20 0 
255 252 219 199 184 174 154 141 74 70 55 33 26 0 
262 255 212 202 176 150 145 103 61 59 27 24 9 0 
270 269 250 198 190 100 98 94 85 84 66 44 7 0 
270 231 215 195 185 177 124 101 72 62 57 51 49 0 
249 229 221 209 162 149 125 120 110 105 48 38 8 0 
261 251 215 205 166 122 116 77 70 60 56 23 10 0 
273 256 197 193 175 167 151 145 113 105 82 33 31 0 
272 237 218 208 146 135 120 117 100 99 26 13 4 0 
241 225 220 215 135 127 113 74 67 58 48 21 18 0 
228 225 210 192 190 166 165 149 107 89 82 55 14 0 
269 265 254 202 165 155 151 138 136 95 81 70 6 0 
252 250 221 204 175 128 127 123 95 57 46 40 12 0 
270 242 241 236 180 170 154 143 87 73 65 31 22 0 
246 214 205 193 187 157 148 120 98 67 61 20 12 0 
270 248 240 194 172 164 133 120 108 90 43 24 15 0 
254 231 210 203 179 173 133 119 116 65 59 34 4 0 
235 230 204 203 187 178 109 93 90 80 64 23 7 0 
269 249 226 224 188 167 163 119 103 102 53 15 1 0 
271 258 237 205 191 182 177 164 154 147 48 41 25 0 
266 264 262 224 185 171 128 126 97 89 84 71 26 0 
258 250 233 227 162 124 106 103 89 81 63 32 22 0 
268 253 249 196 178 169 135 122 111 92 69 31 5 0 
256 216 208 199 169 166 136 91 71 68 64 18 12 0 
266 245 234 200 143 139 133 131 47 45 39 37 1 0 
265 263 216 211 186 158 132 97 74 62 47 43 16 0 
263 244 229 194 187 182 143 86 84 69 68 32 9 0 
271 260 242 196 167 161 121 59 56 52 44 16 13 0 
261 254 247 216 152 131 125 111 83 61 54 40 33 0 
244 239 235 211 189 183 168 167 154 137 51 46 39 0 
267 253 223 208 140 139 130 118 83 80 76 59 51 0 
243 217 213 212 172 144 137 129 128 112 86 55 41 0 
262 248 231 201 191 189 188 95 93 45 5 3 2 0 
267 264 209 207 191 174 170 134 96 92 79 32 23 0 
