273 82
3 10
3 3 3 3 3 3 3 3 3 3 3 3 3 3 3 3 3 3 3 3 3 3 3 3 3 3 3 3 3 3 3 3 3 3 3 3 3 3 3 3 3 3 3 3 3 3 3 3 3 3 3 3 3 3 3 3 3 3 3 3 3 3 3 3 3 3 3 3 3 3 3 3 3 3 3 3 3 3 3 3 3 3 3 3 3 3 3 3 3 3 3 3 3 3 3 3 3 3 3 3 3 3 3 3 3 3 3 3 3 3 3 3 3 3 3 3 3 3 3 3 3 3 3 3 3 3 3 3 3 3 3 3 3 3 3 3 3 3 3 3 3 3 3 3 3 3 3 3 3 3 3 3 3 3 3 3 3 3 3 3 3 3 3 3 3 3 3 3 3 3 3 3 3 3 3 3 3 3 3 3 3 3 3 3 3 3 3 3 3 3 3 3 3 3 3 3 3 3 3 3 3 3 3 3 3 3 3 3 3 3 3 3 3 3 3 3 3 3 3 3 3 3 3 3 3 3 3 3 3 3 3 3 3 3 3 3 3 3 3 3 3 3 3 3 3 3 3 3 3 3 3 3 3 3 3 3 3 3 3 3 3 3 3 3 3 3 3 3 3 3 3 3 3 
10 10 10 10 10 10 10 10 10 10 10 10 10 10 10 10 10 10 10 10 10 10 10 10 10 10 10 10 10 10 10 10 10 10 10 10 10 10 10 10 10 10 10 10 10 10 10 10 10 10 10 10 10 10 10 10 10 10 10 10 10 10 10 10 10 10 10 10 10 10 10 10 10 10 10 10 10 10 10 10 10 9 
76 20 52 
29 78 33 
46 67 72 
64 58 50 
44 16 23 
61 78 54 
78 67 77 
72 54 22 
8 35 3 
41 64 19 
58 67 69 
7 27 1 
12 55 77 
73 38 13 
8 59 44 
23 4 24 
24 79 38 
52 66 25 
28 64 18 
43 28 61 
66 6 69 
66 81 40 
50 49 17 
54 66 55 
45 42 7 
32 79 14 
46 77 61 
69 44 18 
26 17 27 
37 30 51 
16 30 5 
65 44 60 
67 30 35 
60 1 43 
80 48 8 
38 33 2 
69 71 29 
60 71 37 
75 63 5 
80 36 23 
56 22 59 
63 40 55 
49 29 57 
70 49 77 
41 11 32 
32 71 77 
68 47 82 
69 16 65 
65 55 13 
56 16 42 
73 6 81 
6 35 19 
53 9 48 
29 80 56 
23 12 78 
5 28 48 
51 15 14 
4 72 43 
35 21 7 
66 46 74 
62 70 73 
31 37 52 
58 20 42 
26 32 45 
14 54 45 
60 47 62 
36 69 43 
20 2 81 
53 76 30 
68 75 45 
65 40 68 
46 75 13 
70 6 65 
1 49 33 
38 17 60 
51 34 64 
19 55 52 
78 80 47 
37 62 3 
47 19 29 
77 16 57 
77 39 6 
81 25 5 
40 58 74 
53 54 28 
20 21 11 
11 3 15 
52 29 75 
15 42 36 
36 13 22 
9 17 3 
55 74 25 
44 64 79 
43 19 10 
13 50 2 
14 73 52 
40 23 82 
57 17 81 
70 25 11 
18 75 30 
27 28 40 
67 10 42 
34 35 49 
36 31 28 
7 64 72 
81 44 10 
22 1 2 
46 32 21 
26 33 12 
3 65 80 
5 17 36 
15 69 39 
4 19 79 
56 25 72 
58 38 27 
57 22 24 
57 59 7 
53 36 51 
71 82 18 
39 75 2 
59 62 12 
48 7 68 
8 14 5 
4 54 1 
62 67 34 
66 56 31 
59 33 11 
15 61 71 
60 45 59 
46 65 73 
63 29 45 
41 38 4 
41 53 3 
71 42 39 
35 27 9 
16 52 47 
7 26 62 
8 21 49 
1 21 39 
10 31 75 
13 23 20 
73 45 58 
18 63 70 
76 39 32 
22 43 25 
44 51 31 
8 64 10 
39 48 24 
9 26 80 
43 74 12 
3 16 79 
73 20 4 
51 50 18 
9 76 72 
56 34 70 
21 38 34 
2 49 74 
51 33 19 
76 47 27 
50 31 68 
53 35 61 
23 32 68 
50 79 42 
40 57 14 
82 37 25 
34 82 78 
12 14 6 
58 63 4 
26 46 56 
78 10 24 
76 71 54 
41 8 27 
21 41 63 
62 81 61 
9 37 11 
28 80 63 
57 48 31 
53 70 74 
79 30 1 
66 17 24 
22 61 48 
9 82 12 
67 76 2 
41 59 26 
60 10 72 
15 13 5 
50 55 30 
68 15 33 
34 20 74 
6 37 47 
24 11 18 
45 56 79 
1 45 44 
28 52 6 
37 15 48 
68 53 20 
62 28 75 
41 48 51 
82 70 79 
37 16 4 
29 43 9 
13 49 6 
72 13 8 
40 46 16 
24 76 44 
60 61 49 
54 41 24 
48 40 76 
26 35 14 
42 69 81 
8 58 56 
17 67 23 
32 2 42 
66 47 32 
3 55 1 
57 41 61 
28 35 44 
58 29 37 
25 39 54 
72 59 32 
47 36 75 
23 74 10 
49 51 55 
46 70 78 
63 62 17 
12 7 58 
30 62 29 
66 21 16 
51 25 68 
82 3 50 
33 72 73 
59 52 80 
11 34 65 
38 54 5 
17 20 15 
24 50 77 
20 43 71 
45 67 64 
74 19 30 
73 67 80 
25 2 26 
53 23 47 
38 59 3 
80 12 4 
77 15 21 
1 61 75 
82 30 57 
18 76 42 
19 69 77 
18 10 5 
39 33 64 
36 40 18 
39 19 8 
27 57 13 
43 31 7 
60 70 12 
27 2 55 
34 5 68 
11 4 31 
53 22 38 
7 11 14 
60 64 81 
69 63 10 
34 22 31 
21 71 36 
52 9 50 
22 6 79 
46 63 33 
78 56 71 
78 35 66 
81 9 65 
73 74 26 
27 65 14 
246 215 193 179 139 124 107 74 34 12 
257 241 213 183 157 120 107 95 68 36 
243 230 215 151 133 110 91 87 79 9 
259 244 200 168 152 132 124 113 58 16 
258 250 234 186 123 111 83 56 39 31 
267 202 194 190 167 82 73 52 51 21 
261 255 226 137 122 117 105 59 25 12 
253 211 203 172 147 138 123 35 15 9 
271 266 201 182 175 154 149 135 91 53 
263 250 222 185 170 147 140 106 102 94 
261 259 233 191 175 127 99 87 86 45 
256 244 226 182 167 150 121 109 55 13 
254 203 202 186 141 95 90 72 49 14 
273 261 209 167 164 123 96 65 57 26 
245 235 195 188 186 128 112 89 87 57 
228 204 200 151 136 81 50 48 31 5 
235 225 212 180 111 98 91 75 29 23 
252 250 248 191 153 143 119 100 28 19 
253 249 239 158 113 94 80 77 52 10 
237 235 196 189 152 141 86 68 63 1 
265 245 228 173 156 139 138 108 86 59 
267 264 260 181 145 116 107 90 41 8 
242 222 212 162 141 97 55 40 16 5 
236 207 205 191 180 170 148 116 17 16 
241 229 219 165 145 114 99 92 83 18 
272 241 209 184 169 149 137 109 64 29 
273 257 254 172 159 135 115 101 29 12 
217 197 194 176 104 101 85 56 20 19 
227 218 201 131 88 80 54 43 37 2 
247 239 227 187 179 100 69 33 31 30 
264 259 255 177 160 146 140 126 104 62 
220 214 213 162 144 108 64 46 45 26 
268 251 231 188 158 127 109 74 36 2 
264 258 233 189 166 156 155 125 103 76 
270 217 209 161 135 103 59 52 33 9 
265 252 221 118 111 104 90 89 67 40 
218 200 195 190 175 165 79 62 38 30 
260 243 234 156 132 115 75 36 17 14 
253 251 219 148 144 139 134 120 112 82 
252 208 204 164 101 97 84 71 42 22 
216 207 198 184 173 172 133 132 45 10 
248 213 210 163 134 102 89 63 50 25 
255 237 201 150 145 94 67 58 34 20 
217 205 193 146 106 93 32 28 15 5 
238 193 192 142 131 129 70 65 64 25 
268 224 204 169 130 108 72 60 27 3 
242 221 214 190 159 136 80 78 66 47 
208 198 195 181 177 148 122 56 53 35 
223 206 202 157 138 103 74 44 43 23 
266 236 230 187 163 160 153 95 23 4 
229 223 198 158 153 146 118 76 57 30 
266 232 194 136 96 88 77 62 18 1 
260 242 196 178 161 133 118 85 69 53 
234 219 207 171 124 85 65 24 8 6 
257 223 215 187 92 77 49 42 24 13 
269 211 192 169 155 126 114 54 50 41 
254 247 216 177 164 117 116 98 81 43 
226 218 211 168 142 115 84 63 11 4 
243 232 220 184 129 127 121 117 41 15 
262 256 206 185 129 75 66 38 34 32 
246 216 206 181 174 161 128 27 20 6 
227 225 197 174 137 125 121 79 66 61 
268 263 225 176 173 168 143 131 42 39 
262 251 238 147 105 93 76 19 10 4 
273 271 233 130 110 73 71 49 48 32 
270 228 214 180 126 60 24 22 21 18 
240 238 212 183 125 102 33 11 7 3 
258 229 196 188 162 160 122 71 70 47 
263 249 210 112 67 48 37 28 21 11 
256 224 199 178 155 143 99 73 61 44 
269 265 237 171 134 128 119 46 38 37 
231 220 203 185 154 114 105 58 8 3 
272 240 231 152 142 130 96 61 51 14 
272 239 222 189 178 157 150 92 84 60 
246 221 197 140 120 100 88 72 70 39 
248 208 205 183 171 159 154 144 69 1 
249 245 236 82 81 46 44 27 13 7 
270 269 224 170 166 78 55 7 6 2 
267 199 192 179 163 151 113 93 26 17 
244 240 232 176 149 110 78 54 40 35 
271 262 210 174 106 98 83 68 51 22 
247 230 199 182 166 165 119 97 47 0 
