273 82
4 14
4 4 4 4 4 4 4 4 4 4 4 4 4 4 4 4 4 4 4 4 4 4 4 4 4 4 4 4 4 4 4 4 4 4 4 4 4 4 4 4 4 4 4 4 4 4 4 4 4 4 4 4 4 4 4 4 4 4 4 4 4 4 4 4 4 4 4 4 4 4 4 4 4 4 4 4 4 4 4 4 4 4 4 4 4 4 4 4 4 4 4 4 4 4 4 4 4 4 4 4 4 4 4 4 4 4 4 4 4 4 4 4 4 4 4 4 4 4 4 4 4 4 4 4 4 4 4 4 4 4 4 4 4 4 4 4 4 4 4 4 4 4 4 4 4 4 4 4 4 4 4 4 4 4 4 4 4 4 4 4 4 4 4 4 4 4 4 4 4 4 4 4 4 4 4 4 4 4 4 4 4 4 4 4 4 4 4 4 4 4 4 4 4 4 4 4 4 4 4 4 4 4 4 4 4 4 4 4 4 4 4 4 4 4 4 4 4 4 4 4 4 4 4 4 4 4 4 4 4 4 4 4 4 4 4 4 4 4 4 4 4 4 4 4 4 4 4 4 4 4 4 4 4 4 4 4 4 4 4 4 4 4 4 4 4 4 4 4 4 4 4 4 4 
14 14 14 14 14 14 14 14 14 14 14 14 14 14 14 14 14 14 14 14 14 14 14 14 14 14 13 13 13 13 13 13 13 13 13 13 13 13 13 13 13 13 13 13 13 13 13 13 13 13 13 13 13 13 13 13 13 13 13 13 13 13 13 13 13 13 13 13 13 13 13 13 13 13 13 13 13 13 13 13 13 13 
43 17 60 8 
18 76 82 26 
44 36 20 79 
13 9 15 77 
1 27 15 19 
61 50 44 56 
72 3 78 19 
46 40 17 33 
79 8 25 24 
80 4 78 22 
67 39 4 81 
56 75 11 63 
14 1 37 31 
54 80 6 65 
20 6 71 42 
28 35 34 59 
48 69 12 1 
17 23 51 22 
68 21 31 55 
72 50 77 74 
58 52 23 75 
47 30 37 74 
30 59 11 45 
68 56 34 13 
24 9 38 16 
60 22 12 50 
60 42 27 57 
52 69 81 77 
36 16 65 5 
57 70 55 2 
2 8 45 9 
13 18 70 12 
62 44 59 25 
16 26 77 44 
45 17 39 76 
12 52 24 36 
38 12 7 76 
62 19 67 22 
34 47 23 11 
80 10 58 73 
25 21 70 74 
47 29 71 28 
49 29 21 72 
49 3 27 32 
73 65 47 53 
7 41 62 32 
53 57 66 37 
67 42 11 1 
33 21 6 24 
10 15 49 53 
1 47 18 16 
73 5 40 52 
32 61 26 43 
72 34 33 12 
6 78 53 40 
61 69 62 65 
18 48 54 61 
78 43 11 31 
53 45 34 51 
22 61 63 46 
82 21 66 71 
69 70 42 35 
11 82 5 14 
3 63 29 64 
59 49 20 47 
7 27 2 44 
73 48 39 56 
23 50 41 16 
14 68 9 6 
11 44 41 46 
46 2 79 51 
66 4 32 65 
21 8 58 76 
54 62 3 45 
50 51 10 21 
68 63 32 24 
18 7 14 81 
52 60 63 35 
66 3 40 55 
42 13 40 43 
17 82 75 70 
67 29 61 40 
77 19 32 60 
38 4 56 62 
6 35 25 81 
55 19 41 17 
76 20 19 74 
21 13 52 46 
80 1 70 45 
14 4 49 77 
58 48 38 13 
36 60 31 81 
79 63 81 66 
30 7 24 19 
39 75 78 65 
38 35 40 37 
80 2 3 26 
61 24 10 5 
24 18 20 11 
64 57 16 56 
36 57 82 58 
75 41 43 14 
41 25 2 69 
12 16 79 82 
51 64 68 4 
29 77 33 2 
78 20 5 38 
64 25 20 72 
82 34 37 41 
55 54 4 53 
28 66 24 15 
57 78 28 67 
67 79 15 38 
35 9 17 7 
13 5 72 22 
82 30 3 53 
80 36 49 18 
40 30 79 68 
80 64 35 33 
37 73 60 2 
64 34 42 2 
44 28 72 42 
69 32 71 54 
19 45 18 66 
28 61 36 55 
58 59 6 4 
12 42 17 58 
1 4 36 73 
7 26 39 1 
10 59 7 75 
74 69 78 7 
8 23 37 6 
56 26 17 74 
46 25 43 4 
47 69 50 9 
13 49 39 57 
32 73 33 9 
64 23 79 62 
53 27 77 79 
20 63 10 34 
31 5 70 15 
7 46 29 50 
45 48 44 43 
36 71 11 62 
55 10 18 67 
8 30 31 27 
55 25 23 39 
60 51 59 72 
71 23 38 63 
48 29 26 70 
9 37 3 22 
31 40 75 19 
27 74 10 81 
76 30 56 65 
43 65 38 64 
14 65 8 3 
68 48 82 15 
22 41 24 48 
9 52 71 57 
57 68 80 23 
15 6 46 16 
3 6 76 10 
33 50 8 11 
31 12 32 59 
8 47 81 54 
5 49 1 68 
19 58 14 2 
27 51 73 43 
9 62 26 10 
54 72 73 63 
66 47 42 26 
14 67 71 33 
8 64 69 15 
66 49 50 54 
5 45 23 77 
13 33 16 74 
17 14 28 20 
39 70 44 60 
18 39 21 53 
35 26 67 5 
75 80 61 81 
28 21 75 22 
35 29 41 51 
78 58 30 54 
28 25 30 13 
16 31 52 25 
59 1 74 46 
34 55 22 52 
29 27 76 37 
76 48 71 51 
20 12 56 15 
77 57 54 17 
3 59 39 69 
70 61 52 4 
21 78 61 1 
23 53 12 46 
81 78 24 13 
58 11 7 51 
23 4 31 28 
82 47 52 7 
66 11 27 80 
47 72 4 57 
81 44 33 19 
35 46 58 66 
26 13 73 69 
30 49 2 22 
29 8 82 44 
56 70 9 40 
41 33 52 3 
48 75 8 5 
54 28 60 7 
31 20 53 26 
43 76 15 72 
81 65 42 59 
74 12 65 2 
5 18 33 43 
68 16 67 72 
27 17 4 24 
74 63 62 14 
1 29 9 81 
22 7 68 8 
65 67 17 37 
34 44 21 65 
40 41 49 76 
34 73 25 76 
37 43 10 54 
30 10 64 36 
9 28 5 76 
62 53 2 75 
40 34 58 32 
20 68 35 62 
25 56 51 1 
45 31 46 72 
44 13 3 51 
79 34 50 80 
46 28 32 18 
38 45 49 52 
41 73 6 64 
6 69 63 43 
55 64 32 14 
33 48 55 20 
78 70 16 37 
3 42 23 15 
21 79 47 19 
42 77 30 38 
71 58 15 45 
16 55 80 71 
59 56 8 36 
11 6 19 70 
62 18 29 17 
48 2 67 50 
35 15 36 50 
60 79 18 78 
56 22 82 27 
38 39 14 51 
79 35 13 10 
71 73 24 31 
30 69 29 55 
22 66 16 20 
42 63 19 5 
39 12 10 71 
80 25 63 9 
66 6 60 75 
36 53 32 74 
64 39 37 50 
61 12 11 57 
61 47 60 14 
24 77 82 1 
27 54 68 26 
45 26 40 57 
75 77 67 25 
49 23 74 48 
41 59 38 21 
268 232 220 195 187 166 129 128 89 51 48 17 13 5 
251 229 215 206 167 121 120 106 103 97 71 66 31 30 
243 234 209 193 162 156 151 116 97 79 74 64 44 7 
218 202 199 194 134 128 126 110 105 90 84 72 11 10 
260 228 216 210 180 175 166 141 115 107 98 63 52 29 
263 249 239 238 162 161 132 126 85 69 55 49 15 14 
221 211 200 198 142 131 130 129 114 94 77 66 46 37 
248 221 210 207 173 165 163 156 146 132 73 31 9 1 
262 228 220 208 169 159 151 137 135 114 69 31 25 4 
261 256 227 226 169 162 153 145 140 130 98 75 50 40 
266 249 201 198 163 144 99 70 63 58 48 39 23 12 
266 261 215 196 191 164 127 104 54 37 36 32 26 17 
256 234 205 197 185 176 136 115 91 88 80 32 24 4 
267 255 240 219 177 172 167 156 102 90 77 69 63 13 
252 246 243 213 191 173 161 157 141 113 111 50 5 4 
259 247 242 217 186 176 161 104 100 68 51 34 29 25 
250 222 218 192 177 133 127 114 86 81 35 18 8 1 
253 250 236 216 179 145 124 117 99 77 57 51 32 2 
260 249 244 203 167 152 124 94 87 86 83 38 7 5 
259 241 231 212 191 177 140 108 107 99 87 65 15 3 
273 244 223 195 182 179 88 75 73 61 49 43 41 19 
259 254 221 206 188 182 158 151 115 60 38 26 18 10 
272 243 199 196 175 160 149 147 138 132 68 39 21 18 
268 257 218 197 158 111 99 98 94 76 49 36 25 9 
271 262 232 225 186 185 147 134 108 103 85 41 33 9 
270 269 212 205 180 171 169 150 133 129 97 53 34 2 
269 254 218 201 189 168 153 146 139 66 44 27 5 0 
236 228 211 199 185 182 177 125 122 112 111 42 16 0 
258 250 220 207 189 183 150 142 106 82 64 43 42 0 
258 245 227 206 185 184 154 146 118 116 94 23 22 0 
257 233 212 199 186 164 152 146 141 92 58 19 13 0 
264 240 236 230 164 137 123 83 76 72 53 46 44 0 
241 216 209 203 176 172 163 137 119 106 54 49 8 0 
235 230 225 223 188 140 121 109 59 54 39 24 16 0 
256 252 231 204 183 180 119 114 96 85 78 62 16 0 
264 252 248 227 144 128 125 117 101 92 36 29 3 0 
265 242 226 222 189 151 132 120 109 96 47 22 13 0 
273 255 245 237 155 149 113 107 96 91 84 37 25 0 
265 261 255 193 179 178 147 136 129 95 67 35 11 0 
270 230 224 208 152 118 96 82 80 79 55 52 8 0 
273 238 224 209 183 158 109 103 102 86 70 68 46 0 
260 245 243 214 171 127 122 121 80 62 48 27 15 0 
239 226 216 213 168 155 143 134 102 80 58 53 1 0 
234 223 207 203 178 143 122 70 66 34 33 6 3 0 
270 246 237 233 175 143 124 89 74 59 35 31 23 0 
236 233 204 196 187 161 142 134 88 71 70 60 8 0 
267 244 202 200 171 165 135 65 51 45 42 39 22 0 
272 251 241 210 190 158 157 150 143 91 67 57 17 0 
272 237 224 206 174 166 136 117 90 65 50 44 43 0 
265 252 251 235 174 163 142 135 75 68 26 20 6 0 
255 234 232 198 190 183 168 148 105 75 71 59 18 0 
237 209 200 194 188 186 159 88 78 52 36 28 21 0 
264 229 212 196 179 139 116 110 59 55 50 47 45 0 
269 226 211 192 184 174 170 165 123 110 74 57 14 0 
258 247 241 240 188 147 145 125 110 86 79 30 19 0 
254 248 232 208 191 154 133 100 84 67 24 12 6 0 
270 266 202 192 160 159 136 112 101 100 47 30 27 0 
246 230 204 198 184 167 127 126 101 91 73 40 21 0 
273 248 214 193 187 164 148 130 126 65 33 23 16 0 
267 263 253 211 178 148 120 92 83 78 27 26 1 0 
267 266 195 194 181 125 98 82 60 57 56 53 6 0 
250 231 229 219 169 144 138 84 74 56 46 38 33 0 
262 260 239 219 170 149 140 93 78 76 64 60 12 0 
265 240 238 227 173 155 138 121 119 108 105 100 64 0 
223 222 215 214 156 155 154 95 72 56 45 29 14 0 
263 259 204 201 174 171 124 111 93 79 72 61 47 0 
271 251 222 217 180 172 145 113 112 82 48 38 11 0 
269 231 221 217 166 160 157 118 105 76 69 24 19 0 
258 239 205 193 173 135 131 123 103 62 56 28 17 0 
249 242 208 194 178 150 141 89 81 62 41 32 30 0 
261 257 247 246 190 172 159 149 144 123 61 42 15 0 
233 217 213 202 170 148 122 115 108 54 43 20 7 0 
257 238 225 205 170 168 137 128 120 67 52 45 40 0 
272 264 219 215 187 176 153 133 131 87 41 22 20 0 
271 263 229 210 182 181 152 130 102 95 81 21 12 0 
228 225 224 213 190 189 162 154 87 73 37 35 2 0 
271 268 245 192 175 139 106 90 83 34 28 20 4 0 
253 242 197 195 184 131 112 107 95 58 55 10 7 0 
256 253 244 235 139 138 118 113 104 93 71 9 3 0 
262 247 235 201 181 160 119 117 97 89 40 14 10 0 
220 214 203 197 181 165 153 93 92 85 77 28 11 0 
268 254 207 200 157 116 109 104 101 81 63 61 2 0 
