96 64
3 4
2 2 2 2 2 2 2 2 2 2 2 2 2 2 2 2 2 2 2 2 2 2 2 2 2 2 2 2 2 2 2 2 3 3 3 3 3 3 3 3 3 3 3 3 3 3 3 3 3 3 3 3 3 3 3 3 3 3 3 3 3 3 3 3 3 3 3 3 3 3 3 3 3 3 3 3 3 3 3 3 3 3 3 3 3 3 3 3 3 3 3 3 3 3 3 3 
4 4 4 4 4 4 4 4 4 4 4 4 4 4 4 4 4 4 4 4 4 4 4 4 4 4 4 4 4 4 4 4 4 4 4 4 4 4 4 4 4 4 4 4 4 4 4 4 4 4 4 4 4 4 4 4 4 4 4 4 4 4 4 4 
1	33	0
2	34	0
3	35	0
4	36	0
5	37	0
6	38	0
7	39	0
8	40	0
9	41	0
10	42	0
11	43	0
12	44	0
13	45	0
14	46	0
15	47	0
16	48	0
17	49	0
18	50	0
19	51	0
20	52	0
21	53	0
22	54	0
23	55	0
24	56	0
25	57	0
26	58	0
27	59	0
28	60	0
29	61	0
30	62	0
31	63	0
32	64	0
27	19	53
23	46	5
21	62	29
10	37	31
56	52	7
8	14	1
51	36	22
43	40	3
39	30	40
28	34	8
60	32	33
48	2	18
26	44	61
38	43	45
9	45	59
45	1	62
12	23	47
34	13	55
55	51	63
24	64	21
2	31	38
5	41	32
64	10	49
42	53	57
7	27	13
16	39	34
61	33	28
58	48	15
62	12	6
19	56	54
47	22	42
33	5	12
36	16	25
17	47	56
49	54	60
35	17	44
22	28	35
31	25	51
3	42	9
4	63	48
11	61	14
13	29	39
1	49	19
41	11	23
52	26	43
25	35	30
53	60	41
18	24	52
32	38	36
30	20	24
44	7	50
15	57	64
50	55	26
46	21	17
40	18	16
20	9	37
6	3	10
14	59	4
37	15	46
63	50	2
29	58	20
57	4	11
59	6	58
54	8	27
1	75	48	38
2	53	44	92
3	71	89	40
4	72	94	90
5	54	64	34
6	89	95	61
7	57	83	37
8	38	96	42
9	47	88	71
10	36	55	89
11	73	76	94
12	49	61	64
13	74	50	57
14	90	38	73
15	84	91	60
16	58	65	87
17	66	68	86
18	80	87	44
19	62	33	75
20	88	82	93
21	35	86	52
22	69	63	39
23	34	49	76
24	52	80	82
25	78	70	65
26	45	77	85
27	33	57	96
28	42	69	59
29	93	74	35
30	82	41	78
31	70	53	36
32	81	43	54
1	64	59	43
2	50	42	58
3	68	78	69
4	65	39	81
5	91	36	88
6	46	81	53
7	41	58	74
8	87	40	41
9	76	54	79
10	56	71	63
11	40	46	77
12	83	45	68
13	48	47	46
14	86	34	91
15	63	66	49
16	44	60	72
17	67	75	55
18	85	92	83
19	39	51	70
20	77	37	80
21	79	56	33
22	96	67	62
23	51	85	50
24	37	62	66
25	94	84	56
26	60	93	95
27	95	90	47
28	43	79	67
29	59	73	45
30	61	35	48
31	92	72	51
32	55	52	84
