96 48
4 8
4 4 4 4 4 4 4 4 4 4 4 4 4 4 4 4 4 4 4 4 4 4 4 4 4 4 4 4 4 4 4 4 4 4 4 4 4 4 4 4 4 4 4 4 4 4 4 4 4 4 4 4 4 4 4 4 4 4 4 4 4 4 4 4 4 4 4 4 4 4 4 4 4 4 4 4 4 4 4 4 4 4 4 4 4 4 4 4 4 4 4 4 4 4 4 4 
8 8 8 8 8 8 8 8 8 8 8 8 8 8 8 8 8 8 8 8 8 8 8 8 8 8 8 8 8 8 8 8 8 8 8 8 8 8 8 8 8 8 8 8 8 8 8 8 
35	8	41	42
41	27	18	36
42	34	22	40
14	17	32	47
13	4	45	14
9	32	27	22
40	25	33	20
25	37	10	26
18	11	24	35
24	3	20	27
16	14	28	23
46	13	26	34
32	18	6	15
1	21	48	38
33	22	8	24
34	39	25	31
11	7	39	4
17	43	12	9
44	46	43	2
47	36	5	44
45	40	47	46
3	45	11	8
26	29	3	39
29	31	23	11
10	23	40	7
21	15	44	16
38	20	30	12
19	38	13	41
7	24	9	25
27	2	1	33
2	28	34	5
39	10	15	13
43	35	21	19
36	42	31	21
6	19	17	1
22	44	35	10
30	5	16	29
23	48	42	37
37	12	29	32
48	6	46	28
28	33	38	18
20	41	7	43
4	1	36	3
31	30	37	45
8	16	2	17
12	26	4	48
5	9	14	6
15	47	19	30
10	9	42	29
15	35	4	25
3	21	41	17
9	16	18	39
18	10	31	8
36	15	33	46
43	4	37	27
4	44	32	19
7	48	17	36
38	46	8	5
24	34	15	37
47	29	27	28
12	41	47	6
29	18	48	34
32	30	25	2
16	7	46	1
22	1	26	47
46	27	39	42
6	45	20	35
31	24	6	4
40	38	3	32
48	31	9	33
34	11	19	20
26	6	40	16
37	8	7	21
14	42	12	7
42	32	24	43
20	36	29	13
44	33	34	23
11	2	14	48
45	19	36	24
27	26	38	45
25	22	11	38
30	3	28	44
35	40	2	9
17	5	35	31
21	13	30	11
28	17	45	22
8	14	44	26
2	23	21	18
39	43	23	30
23	25	13	12
13	37	16	3
41	28	1	15
19	12	5	40
33	47	43	10
1	20	10	14
5	39	22	41
14	95	43	65	30	92	35	64
31	88	30	78	45	83	19	63
22	51	10	82	23	69	43	91
43	56	5	55	46	50	17	68
47	96	37	84	20	93	31	58
35	67	40	72	13	68	47	61
29	57	17	64	42	73	25	74
45	87	1	73	15	58	22	53
6	52	47	49	29	70	18	83
25	49	32	53	8	95	36	94
17	78	9	71	22	81	24	85
46	61	39	93	18	74	27	90
5	91	12	85	28	90	32	76
4	74	11	87	47	78	5	95
48	50	26	54	32	59	13	92
11	64	45	52	37	91	26	72
18	84	4	86	35	57	45	51
9	53	13	62	2	52	41	88
28	93	35	79	48	71	33	56
42	76	27	95	10	67	7	71
26	85	14	51	33	88	34	73
36	65	15	81	3	96	6	86
38	90	25	88	24	89	11	77
10	59	29	68	9	75	15	79
8	81	7	90	16	63	29	50
23	72	46	80	12	65	8	87
30	80	2	66	6	60	10	55
41	86	31	92	11	82	40	60
24	62	23	60	39	76	37	49
37	82	44	63	27	85	48	89
44	68	24	70	34	53	16	84
13	63	6	75	4	56	39	69
15	94	41	77	7	54	30	70
16	71	3	59	31	77	12	62
1	83	33	50	36	84	9	67
34	54	20	76	43	79	2	57
39	73	8	91	44	55	38	59
27	58	28	69	41	80	14	81
32	89	16	96	17	66	23	52
7	69	21	83	25	72	3	93
2	92	42	61	1	51	28	96
3	75	34	74	38	49	1	66
33	55	18	89	19	94	42	75
19	77	36	56	26	87	20	82
21	79	22	67	5	86	44	80
12	66	19	58	40	64	21	54
20	60	48	94	21	61	4	65
40	70	38	57	14	62	46	78
