F80T025QL2
Turbo Code Interleaving
User data with 4 flush bits N=884
NOTE: Q-bit is the bit index after interleaving. Data-bit is the index of user data

Q-bit Data-bit
--------------
    0     8
    1   572
    2   250
    3   821
    4   508
    5   185
    6   752
    7   436
    8   118
    9   688
   10   369
   11    56
   12   616
   13   305
   14   868
   15   553
   16   230
   17   800
   18   484
   19   165
   20   728
   21   415
   22   100
   23   664
   24   344
   25    27
   26   601
   27   283
   28   851
   29   526
   30   217
   31   784
   32   461
   33   147
   34   710
   35   393
   36    77
   37   643
   38   325
   39    10
   40   577
   41   258
   42   829
   43   511
   44   191
   45   758
   46   441
   47   124
   48   693
   49   377
   50    54
   51   626
   52   307
   53   876
   54   558
   55   241
   56   810
   57   486
   58   169
   59   734
   60   418
   61   105
   62   670
   63   353
   64    41
   65   604
   66   291
   67   854
   68   537
   69   219
   70   781
   71   465
   72   151
   73   716
   74   403
   75    87
   76   651
   77   337
   78    20
   79   585
   80   265
   81   831
   82   518
   83   199
   84   765
   85   448
   86   137
   87   697
   88   384
   89    64
   90   635
   91   316
   92   882
   93   564
   94   242
   95   812
   96   490
   97   182
   98   743
   99   429
  100   106
  101   675
  102   364
  103    42
  104   607
  105   295
  106   860
  107   545
  108   223
  109   789
  110   471
  111   155
  112   725
  113   412
  114    88
  115   661
  116   339
  117    22
  118   586
  119   272
  120   836
  121   525
  122   204
  123   770
  124   455
  125   141
  126   704
  127   385
  128    73
  129   638
  130   315
  131     1
  132   569
  133   255
  134   817
  135   505
  136   180
  137   747
  138   432
  139   115
  140   685
  141   368
  142    47
  143   613
  144   301
  145   866
  146   547
  147   226
  148   796
  149   483
  150   167
  151   731
  152   410
  153    95
  154   658
  155   348
  156    28
  157   597
  158   280
  159   842
  160   528
  161   206
  162   777
  163   463
  164   145
  165   711
  166   392
  167    74
  168   645
  169   326
  170    14
  171   575
  172   261
  173   824
  174   507
  175   189
  176   759
  177   437
  178   119
  179   695
  180   374
  181    58
  182   627
  183   308
  184   872
  185   552
  186   239
  187   799
  188   488
  189   171
  190   739
  191   422
  192   101
  193   669
  194   355
  195    36
  196   602
  197   285
  198   850
  199   536
  200   216
  201   785
  202   467
  203   149
  204   718
  205   399
  206    80
  207   649
  208   329
  209    16
  210   578
  211   268
  212   834
  213   512
  214   201
  215   762
  216   444
  217   128
  218   696
  219   382
  220    61
  221   628
  222   311
  223   875
  224   562
  225   246
  226   813
  227   496
  228   178
  229   746
  230   423
  231   109
  232   679
  233   356
  234    38
  235   606
  236   290
  237   857
  238   538
  239   224
  240   787
  241   472
  242   159
  243   722
  244   402
  245    94
  246   655
  247   342
  248    18
  249   588
  250   266
  251   838
  252   523
  253   205
  254   769
  255   456
  256   132
  257   701
  258   389
  259    70
  260   631
  261   321
  262     0
  263   565
  264   248
  265   819
  266   501
  267   181
  268   744
  269   430
  270   114
  271   681
  272   365
  273    49
  274   617
  275   294
  276   862
  277   543
  278   227
  279   795
  280   479
  281   160
  282   730
  283   414
  284    91
  285   657
  286   340
  287    29
  288   596
  289   274
  290   839
  291   524
  292   208
  293   778
  294   460
  295   139
  296   708
  297   387
  298    71
  299   640
  300   323
  301     7
  302   576
  303   259
  304   827
  305   502
  306   188
  307   756
  308   442
  309   126
  310   691
  311   372
  312    51
  313   620
  314   304
  315   870
  316   551
  317   234
  318   803
  319   481
  320   164
  321   733
  322   417
  323    98
  324   667
  325   354
  326    32
  327   598
  328   279
  329   845
  330   531
  331   215
  332   780
  333   462
  334   146
  335   713
  336   400
  337    82
  338   644
  339   334
  340    13
  341   580
  342   264
  343   826
  344   510
  345   192
  346   761
  347   445
  348   129
  349   692
  350   375
  351    60
  352   625
  353   313
  354   871
  355   556
  356   240
  357   804
  358   487
  359   173
  360   737
  361   421
  362   107
  363   673
  364   359
  365    35
  366   609
  367   284
  368   852
  369   534
  370   220
  371   788
  372   468
  373   148
  374   719
  375   406
  376    85
  377   652
  378   333
  379    19
  380   582
  381   271
  382   833
  383   515
  384   197
  385   771
  386   454
  387   133
  388   698
  389   380
  390    62
  391   630
  392   317
  393   878
  394   561
  395   247
  396   811
  397   498
  398   177
  399   750
  400   424
  401   113
  402   682
  403   362
  404    46
  405   614
  406   297
  407   863
  408   541
  409   228
  410   793
  411   474
  412   158
  413   723
  414   405
  415    90
  416   660
  417   338
  418    24
  419   593
  420   278
  421   837
  422   520
  423   210
  424   773
  425   453
  426   136
  427   712
  428   388
  429    68
  430   642
  431   320
  432     6
  433   567
  434   256
  435   816
  436   499
  437   190
  438   754
  439   434
  440   120
  441   687
  442   366
  443    52
  444   622
  445   296
  446   864
  447   549
  448   237
  449   801
  450   482
  451   163
  452   735
  453   413
  454   102
  455   665
  456   346
  457    34
  458   603
  459   281
  460   847
  461   532
  462   214
  463   775
  464   464
  465   144
  466   707
  467   394
  468    75
  469   646
  470   330
  471     4
  472   579
  473   262
  474   822
  475   509
  476   194
  477   757
  478   446
  479   122
  480   689
  481   371
  482    57
  483   621
  484   303
  485   877
  486   557
  487   238
  488   806
  489   491
  490   172
  491   740
  492   420
  493   103
  494   671
  495   352
  496    33
  497   600
  498   286
  499   855
  500   539
  501   222
  502   779
  503   466
  504   150
  505   720
  506   401
  507    83
  508   654
  509   331
  510    15
  511   584
  512   269
  513   830
  514   514
  515   196
  516   760
  517   449
  518   130
  519   699
  520   383
  521    65
  522   633
  523   312
  524   880
  525   560
  526   244
  527   815
  528   495
  529   179
  530   745
  531   428
  532   110
  533   674
  534   358
  535    43
  536   611
  537   289
  538   858
  539   546
  540   221
  541   792
  542   477
  543   162
  544   726
  545   407
  546    92
  547   659
  548   341
  549    21
  550   591
  551   270
  552   841
  553   517
  554   202
  555   772
  556   452
  557   134
  558   703
  559   390
  560    69
  561   636
  562   318
  563     3
  564   571
  565   252
  566   818
  567   504
  568   186
  569   753
  570   435
  571   116
  572   680
  573   363
  574    45
  575   615
  576   300
  577   861
  578   544
  579   233
  580   797
  581   476
  582   161
  583   729
  584   411
  585    93
  586   663
  587   345
  588    26
  589   592
  590   276
  591   843
  592   527
  593   207
  594   776
  595   458
  596   143
  597   706
  598   395
  599    78
  600   641
  601   324
  602     2
  603   574
  604   257
  605   820
  606   506
  607   193
  608   755
  609   440
  610   117
  611   684
  612   373
  613    53
  614   624
  615   302
  616   874
  617   555
  618   235
  619   805
  620   489
  621   170
  622   732
  623   419
  624    97
  625   672
  626   350
  627    39
  628   599
  629   287
  630   849
  631   530
  632   213
  633   783
  634   469
  635   154
  636   714
  637   397
  638    81
  639   648
  640   335
  641    12
  642   583
  643   260
  644   828
  645   516
  646   198
  647   764
  648   443
  649   127
  650   694
  651   379
  652    63
  653   623
  654   314
  655   873
  656   563
  657   245
  658   807
  659   492
  660   176
  661   741
  662   427
  663   111
  664   678
  665   357
  666    37
  667   610
  668   288
  669   856
  670   540
  671   218
  672   791
  673   470
  674   153
  675   721
  676   409
  677    89
  678   650
  679   336
  680    23
  681   590
  682   275
  683   840
  684   522
  685   203
  686   766
  687   450
  688   135
  689   705
  690   381
  691    67
  692   632
  693   319
  694   883
  695   570
  696   253
  697   814
  698   497
  699   184
  700   742
  701   431
  702   112
  703   677
  704   361
  705    44
  706   608
  707   298
  708   865
  709   542
  710   229
  711   794
  712   478
  713   157
  714   727
  715   408
  716    96
  717   662
  718   347
  719    30
  720   594
  721   277
  722   846
  723   529
  724   211
  725   774
  726   457
  727   138
  728   709
  729   386
  730    76
  731   637
  732   327
  733     9
  734   568
  735   251
  736   825
  737   503
  738   187
  739   751
  740   438
  741   123
  742   683
  743   367
  744    55
  745   619
  746   306
  747   869
  748   554
  749   232
  750   798
  751   485
  752   168
  753   738
  754   416
  755    99
  756   666
  757   349
  758    31
  759   595
  760   282
  761   848
  762   535
  763   212
  764   782
  765   459
  766   142
  767   717
  768   396
  769    79
  770   647
  771   328
  772    11
  773   581
  774   263
  775   832
  776   513
  777   195
  778   763
  779   439
  780   125
  781   690
  782   376
  783    59
  784   629
  785   309
  786   879
  787   559
  788   243
  789   808
  790   494
  791   174
  792   736
  793   425
  794   104
  795   668
  796   351
  797    40
  798   605
  799   292
  800   853
  801   533
  802   225
  803   786
  804   473
  805   152
  806   715
  807   398
  808    84
  809   653
  810   332
  811    17
  812   587
  813   267
  814   835
  815   519
  816   200
  817   767
  818   447
  819   131
  820   700
  821   378
  822    66
  823   634
  824   310
  825   881
  826   566
  827   249
  828   809
  829   493
  830   175
  831   748
  832   426
  833   108
  834   676
  835   360
  836    48
  837   612
  838   293
  839   859
  840   548
  841   231
  842   790
  843   475
  844   156
  845   724
  846   404
  847    86
  848   656
  849   343
  850    25
  851   589
  852   273
  853   844
  854   521
  855   209
  856   768
  857   451
  858   140
  859   702
  860   391
  861    72
  862   639
  863   322
  864     5
  865   573
  866   254
  867   823
  868   500
  869   183
  870   749
  871   433
  872   121
  873   686
  874   370
  875    50
  876   618
  877   299
  878   867
  879   550
  880   236
  881   802
  882   480
  883   166
