F80T45XL2
Turbo Code Interleaving
User data with 4 flush bits N=2324
NOTE: Q-bit is the bit index after interleaving. Data-bit is the index of user data

Q-bit Data-bit
--------------
    0    24
    1  1510
    2   658
    3  2158
    4  1337
    5   487
    6  1978
    7  1153
    8   310
    9  1811
   10   971
   11   144
   12  1622
   13   798
   14  2289
   15  1458
   16   602
   17  2107
   18  1274
   19   435
   20  1919
   21  1093
   22   268
   23  1747
   24   904
   25    72
   26  1581
   27   746
   28  2240
   29  1388
   30   570
   31  2058
   32  1216
   33   391
   34  1863
   35  1031
   36   203
   37  1689
   38   855
   39    28
   40  1517
   41   679
   42  2184
   43  1342
   44   499
   45  1999
   46  1160
   47   324
   48  1819
   49   991
   50   141
   51  1647
   52   800
   53  2305
   54  1471
   55   634
   56  2134
   57  1278
   58   445
   59  1933
   60  1103
   61   280
   62  1761
   63   929
   64   105
   65  1588
   66   768
   67  2250
   68  1415
   69   576
   70  2055
   71  1225
   72   397
   73  1884
   74  1064
   75   233
   76  1715
   77   885
   78    52
   79  1540
   80   697
   81  2187
   82  1364
   83   523
   84  2011
   85  1181
   86   361
   87  1828
   88  1012
   89   166
   90  1666
   91   828
   92  2316
   93  1483
   94   639
   95  2138
   96  1292
   97   479
   98  1957
   99  1127
  100   282
  101  1778
  102   956
  103   111
  104  1600
  105   777
  106  2266
  107  1432
  108   589
  109  2074
  110  1243
  111   410
  112  1910
  113  1081
  114   236
  115  1739
  116   891
  117    59
  118  1541
  119   712
  120  2199
  121  1384
  122   538
  123  2025
  124  1196
  125   371
  126  1851
  127  1016
  128   192
  129  1679
  130   827
  131     4
  132  1500
  133   670
  134  2148
  135  1326
  136   474
  137  1965
  138  1135
  139   306
  140  1801
  141   970
  142   120
  143  1611
  144   789
  145  2278
  146  1437
  147   597
  148  2099
  149  1273
  150   437
  151  1925
  152  1078
  153   251
  154  1731
  155   916
  156    73
  157  1576
  158   743
  159  2212
  160  1392
  161   541
  162  2047
  163  1218
  164   381
  165  1864
  166  1030
  167   193
  168  1696
  169   856
  170    35
  171  1513
  172   685
  173  2165
  174  1335
  175   496
  176  2001
  177  1155
  178   312
  179  1824
  180   983
  181   150
  182  1648
  183   806
  184  2297
  185  1455
  186   630
  187  2104
  188  1280
  189   450
  190  1942
  191  1111
  192   269
  193  1760
  194   934
  195    93
  196  1582
  197   753
  198  2239
  199  1410
  200   566
  201  2066
  202  1229
  203   395
  204  1889
  205  1051
  206   207
  207  1710
  208   866
  209    38
  210  1519
  211   700
  212  2193
  213  1352
  214   527
  215  2005
  216  1171
  217   339
  218  1827
  219  1003
  220   162
  221  1652
  222   817
  223  2301
  224  1475
  225   646
  226  2139
  227  1303
  228   471
  229  1963
  230  1116
  231   289
  232  1787
  233   936
  234   101
  235  1593
  236   765
  237  2261
  238  1420
  239   591
  240  2069
  241  1245
  242   421
  243  1901
  244  1058
  245   250
  246  1726
  247   898
  248    46
  249  1546
  250   698
  251  2206
  252  1375
  253   540
  254  2023
  255  1197
  256   348
  257  1845
  258  1024
  259   184
  260  1661
  261   838
  262     1
  263  1484
  264   651
  265  2155
  266  1316
  267   477
  268  1958
  269  1129
  270   302
  271  1791
  272   957
  273   127
  274  1625
  275   776
  276  2271
  277  1428
  278   599
  279  2094
  280  1269
  281   422
  282  1924
  283  1090
  284   247
  285  1730
  286   892
  287    76
  288  1572
  289   718
  290  2209
  291  1382
  292   546
  293  2050
  294  1215
  295   368
  296  1861
  297  1022
  298   187
  299  1683
  300   848
  301    22
  302  1515
  303   680
  304  2175
  305  1318
  306   494
  307  1985
  308  1163
  309   328
  310  1817
  311   976
  312   134
  313  1629
  314   797
  315  2295
  316  1449
  317   615
  318  2110
  319  1271
  320   431
  321  1930
  322  1102
  323   259
  324  1758
  325   931
  326    86
  327  1577
  328   737
  329  2225
  330  1399
  331   563
  332  2054
  333  1217
  334   384
  335  1870
  336  1052
  337   222
  338  1695
  339   879
  340    33
  341  1522
  342   695
  343  2172
  344  1340
  345   500
  346  2003
  347  1172
  348   342
  349  1818
  350   986
  351   161
  352  1644
  353   823
  354  2296
  355  1467
  356   633
  357  2120
  358  1279
  359   457
  360  1940
  361  1108
  362   285
  363  1767
  364   948
  365    92
  366  1602
  367   750
  368  2242
  369  1406
  370   577
  371  2073
  372  1232
  373   392
  374  1892
  375  1069
  376   228
  377  1717
  378   876
  379    48
  380  1530
  381   711
  382  2191
  383  1358
  384   519
  385  2026
  386  1194
  387   350
  388  1830
  389   998
  390   164
  391  1658
  392   830
  393  2308
  394  1474
  395   650
  396  2135
  397  1308
  398   469
  399  1973
  400  1117
  401   301
  402  1795
  403   953
  404   119
  405  1613
  406   783
  407  2273
  408  1425
  409   600
  410  2091
  411  1247
  412   417
  413  1905
  414  1068
  415   243
  416  1737
  417   889
  418    63
  419  1559
  420   729
  421  2202
  422  1366
  423   550
  424  2032
  425  1193
  426   359
  427  1865
  428  1023
  429   182
  430  1685
  431   837
  432    21
  433  1495
  434   674
  435  2147
  436  1313
  437   498
  438  1983
  439  1147
  440   313
  441  1810
  442   960
  443   135
  444  1634
  445   779
  446  2275
  447  1443
  448   622
  449  2108
  450  1272
  451   427
  452  1936
  453  1084
  454   273
  455  1755
  456   912
  457    90
  458  1583
  459   744
  460  2228
  461  1401
  462   562
  463  2038
  464  1224
  465   377
  466  1859
  467  1033
  468   200
  469  1698
  470   870
  471    19
  472  1520
  473   687
  474  2162
  475  1338
  476   502
  477  1997
  478  1173
  479   318
  480  1812
  481   975
  482   147
  483  1633
  484   795
  485  2306
  486  1470
  487   625
  488  2124
  489  1293
  490   451
  491  1945
  492  1107
  493   277
  494  1762
  495   928
  496    88
  497  1580
  498   754
  499  2254
  500  1423
  501   587
  502  2052
  503  1227
  504   396
  505  1893
  506  1055
  507   224
  508  1720
  509   872
  510    37
  511  1537
  512   701
  513  2186
  514  1355
  515   517
  516  2002
  517  1185
  518   343
  519  1835
  520  1008
  521   167
  522  1664
  523   818
  524  2311
  525  1473
  526   644
  527  2144
  528  1302
  529   472
  530  1959
  531  1126
  532   291
  533  1773
  534   947
  535   113
  536  1609
  537   760
  538  2262
  539  1434
  540   586
  541  2085
  542  1257
  543   424
  544  1915
  545  1070
  546   248
  547  1733
  548   894
  549    58
  550  1552
  551   704
  552  2211
  553  1360
  554   529
  555  2029
  556  1191
  557   351
  558  1850
  559  1028
  560   183
  561  1673
  562   833
  563    14
  564  1507
  565   666
  566  2150
  567  1323
  568   489
  569  1981
  570  1151
  571   307
  572  1790
  573   954
  574   117
  575  1614
  576   788
  577  2267
  578  1431
  579   614
  580  2100
  581  1256
  582   423
  583  1922
  584  1080
  585   249
  586  1743
  587   910
  588    68
  589  1556
  590   727
  591  2220
  592  1389
  593   545
  594  2046
  595  1202
  596   376
  597  1857
  598  1035
  599   204
  600  1684
  601   851
  602     8
  603  1512
  604   675
  605  2157
  606  1327
  607   501
  608  1984
  609  1159
  610   309
  611  1799
  612   981
  613   138
  614  1641
  615   794
  616  2299
  617  1463
  618   618
  619  2122
  620  1283
  621   449
  622  1927
  623  1104
  624   257
  625  1765
  626   921
  627   102
  628  1579
  629   756
  630  2237
  631  1395
  632   561
  633  2057
  634  1235
  635   406
  636  1873
  637  1047
  638   209
  639  1708
  640   880
  641    31
  642  1536
  643   682
  644  2176
  645  1359
  646   522
  647  2008
  648  1170
  649   329
  650  1821
  651   995
  652   165
  653  1640
  654   824
  655  2298
  656  1476
  657   645
  658  2126
  659  1294
  660   464
  661  1948
  662  1124
  663   297
  664  1784
  665   939
  666   100
  667  1604
  668   758
  669  2255
  670  1424
  671   574
  672  2078
  673  1241
  674   399
  675  1900
  676  1072
  677   237
  678  1714
  679   884
  680    60
  681  1551
  682   722
  683  2210
  684  1373
  685   532
  686  2016
  687  1186
  688   352
  689  1855
  690  1002
  691   181
  692  1663
  693   835
  694  2318
  695  1501
  696   667
  697  2141
  698  1305
  699   483
  700  1956
  701  1132
  702   300
  703  1782
  704   950
  705   116
  706  1601
  707   785
  708  2276
  709  1426
  710   601
  711  2092
  712  1258
  713   416
  714  1916
  715  1071
  716   254
  717  1740
  718   914
  719    78
  720  1569
  721   728
  722  2227
  723  1393
  724   552
  725  2035
  726  1199
  727   366
  728  1862
  729  1020
  730   201
  731  1675
  732   860
  733    27
  734  1499
  735   665
  736  2170
  737  1321
  738   493
  739  1975
  740  1156
  741   320
  742  1796
  743   965
  744   143
  745  1628
  746   799
  747  2294
  748  1460
  749   608
  750  2103
  751  1275
  752   440
  753  1941
  754  1098
  755   262
  756  1756
  757   918
  758    81
  759  1570
  760   745
  761  2234
  762  1409
  763   560
  764  2056
  765  1214
  766   373
  767  1887
  768  1044
  769   205
  770  1702
  771   862
  772    29
  773  1523
  774   694
  775  2188
  776  1353
  777   516
  778  2006
  779  1158
  780   325
  781  1815
  782   987
  783   160
  784  1653
  785   814
  786  2309
  787  1472
  788   643
  789  2130
  790  1301
  791   458
  792  1938
  793  1118
  794   278
  795  1759
  796   927
  797   104
  798  1589
  799   771
  800  2243
  801  1404
  802   592
  803  2067
  804  1246
  805   398
  806  1882
  807  1048
  808   226
  809  1718
  810   875
  811    40
  812  1545
  813   699
  814  2194
  815  1365
  816   526
  817  2021
  818  1174
  819   347
  820  1842
  821   992
  822   179
  823  1665
  824   816
  825  2315
  826  1494
  827   653
  828  2133
  829  1295
  830   463
  831  1967
  832  1122
  833   286
  834  1781
  835   949
  836   121
  837  1610
  838   773
  839  2264
  840  1438
  841   606
  842  2076
  843  1254
  844   415
  845  1906
  846  1067
  847   230
  848  1728
  849   903
  850    67
  851  1547
  852   713
  853  2222
  854  1369
  855   547
  856  2022
  857  1187
  858   370
  859  1849
  860  1029
  861   191
  862  1682
  863   839
  864    20
  865  1511
  866   668
  867  2164
  868  1315
  869   482
  870  1968
  871  1145
  872   314
  873  1808
  874   972
  875   129
  876  1627
  877   786
  878  2282
  879  1448
  880   620
  881  2109
  882  1270
  883   436
  884  1928
  885  1097
  886   253
  887  1741
  888   920
  889    85
  890  1557
  891   742
  892  2217
  893  1394
  894   555
  895  2043
  896  1207
  897   382
  898  1881
  899  1034
  900   199
  901  1690
  902   864
  903    34
  904  1524
  905   673
  906  2168
  907  1334
  908   503
  909  1996
  910  1161
  911   335
  912  1822
  913   978
  914   159
  915  1639
  916   815
  917  2284
  918  1468
  919   635
  920  2117
  921  1285
  922   453
  923  1952
  924  1115
  925   276
  926  1764
  927   926
  928   107
  929  1597
  930   749
  931  2232
  932  1408
  933   569
  934  2071
  935  1228
  936   394
  937  1885
  938  1050
  939   217
  940  1701
  941   883
  942    43
  943  1534
  944   703
  945  2183
  946  1346
  947   511
  948  2017
  949  1189
  950   353
  951  1840
  952  1007
  953   170
  954  1662
  955   829
  956  2302
  957  1489
  958   648
  959  2131
  960  1306
  961   468
  962  1962
  963  1125
  964   283
  965  1789
  966   937
  967   115
  968  1596
  969   769
  970  2260
  971  1416
  972   585
  973  2075
  974  1253
  975   414
  976  1891
  977  1076
  978   227
  979  1729
  980   896
  981    57
  982  1542
  983   723
  984  2203
  985  1363
  986   535
  987  2036
  988  1188
  989   354
  990  1848
  991  1017
  992   176
  993  1659
  994   840
  995  2323
  996  1490
  997   663
  998  2151
  999  1322
 1000   475
 1001  1974
 1002  1142
 1003   311
 1004  1797
 1005   963
 1006   136
 1007  1615
 1008   787
 1009  2280
 1010  1447
 1011   604
 1012  2102
 1013  1266
 1014   430
 1015  1918
 1016  1083
 1017   246
 1018  1732
 1019   902
 1020    79
 1021  1558
 1022   734
 1023  2226
 1024  1387
 1025   549
 1026  2044
 1027  1219
 1028   369
 1029  1872
 1030  1040
 1031   186
 1032  1688
 1033   850
 1034     9
 1035  1509
 1036   686
 1037  2178
 1038  1341
 1039   505
 1040  1995
 1041  1144
 1042   332
 1043  1802
 1044   980
 1045   151
 1046  1637
 1047   811
 1048  2279
 1049  1452
 1050   621
 1051  2119
 1052  1284
 1053   447
 1054  1943
 1055  1100
 1056   275
 1057  1748
 1058   930
 1059    82
 1060  1575
 1061   733
 1062  2236
 1063  1411
 1064   575
 1065  2049
 1066  1212
 1067   388
 1068  1879
 1069  1045
 1070   210
 1071  1707
 1072   867
 1073    45
 1074  1528
 1075   684
 1076  2190
 1077  1345
 1078   518
 1079  2012
 1080  1168
 1081   340
 1082  1837
 1083   984
 1084   168
 1085  1650
 1086   808
 1087  2317
 1088  1477
 1089   642
 1090  2140
 1091  1287
 1092   454
 1093  1951
 1094  1113
 1095   279
 1096  1779
 1097   941
 1098    99
 1099  1594
 1100   751
 1101  2244
 1102  1427
 1103   588
 1104  2083
 1105  1239
 1106   401
 1107  1898
 1108  1060
 1109   232
 1110  1706
 1111   886
 1112    44
 1113  1535
 1114   716
 1115  2192
 1116  1371
 1117   524
 1118  2007
 1119  1180
 1120   357
 1121  1839
 1122  1010
 1123   177
 1124  1667
 1125   834
 1126     3
 1127  1493
 1128   659
 1129  2143
 1130  1312
 1131   465
 1132  1977
 1133  1134
 1134   298
 1135  1792
 1136   966
 1137   130
 1138  1605
 1139   772
 1140  2258
 1141  1444
 1142   603
 1143  2090
 1144  1249
 1145   432
 1146  1902
 1147  1075
 1148   238
 1149  1742
 1150   911
 1151    61
 1152  1567
 1153   719
 1154  2221
 1155  1386
 1156   558
 1157  2045
 1158  1204
 1159   363
 1160  1866
 1161  1018
 1162   188
 1163  1692
 1164   853
 1165     2
 1166  1506
 1167   671
 1168  2167
 1169  1325
 1170   488
 1171  1986
 1172  1148
 1173   308
 1174  1798
 1175   974
 1176   146
 1177  1623
 1178   801
 1179  2292
 1180  1450
 1181   623
 1182  2116
 1183  1277
 1184   452
 1185  1921
 1186  1096
 1187   264
 1188  1753
 1189   906
 1190    75
 1191  1585
 1192   748
 1193  2223
 1194  1391
 1195   557
 1196  2059
 1197  1211
 1198   385
 1199  1880
 1200  1032
 1201   208
 1202  1693
 1203   869
 1204    26
 1205  1525
 1206   693
 1207  2173
 1208  1348
 1209   507
 1210  1988
 1211  1166
 1212   333
 1213  1814
 1214   989
 1215   158
 1216  1645
 1217   810
 1218  2300
 1219  1453
 1220   629
 1221  2112
 1222  1297
 1223   460
 1224  1937
 1225  1109
 1226   274
 1227  1774
 1228   932
 1229   112
 1230  1592
 1231   766
 1232  2245
 1233  1403
 1234   578
 1235  2061
 1236  1238
 1237   403
 1238  1890
 1239  1054
 1240   221
 1241  1719
 1242   874
 1243    49
 1244  1538
 1245   689
 1246  2198
 1247  1351
 1248   530
 1249  2018
 1250  1176
 1251   346
 1252  1833
 1253  1011
 1254   171
 1255  1671
 1256   826
 1257  2322
 1258  1491
 1259   654
 1260  2132
 1261  1309
 1262   481
 1263  1955
 1264  1128
 1265   290
 1266  1788
 1267   946
 1268   123
 1269  1608
 1270   759
 1271  2257
 1272  1430
 1273   590
 1274  2082
 1275  1260
 1276   413
 1277  1909
 1278  1065
 1279   244
 1280  1722
 1281   893
 1282    69
 1283  1555
 1284   721
 1285  2218
 1286  1372
 1287   544
 1288  2033
 1289  1201
 1290   364
 1291  1853
 1292  1015
 1293   197
 1294  1677
 1295   841
 1296    18
 1297  1497
 1298   662
 1299  2153
 1300  1324
 1301   495
 1302  1972
 1303  1141
 1304   317
 1305  1805
 1306   961
 1307   124
 1308  1618
 1309   790
 1310  2270
 1311  1454
 1312   617
 1313  2093
 1314  1268
 1315   428
 1316  1923
 1317  1091
 1318   255
 1319  1749
 1320   900
 1321    83
 1322  1560
 1323   741
 1324  2229
 1325  1390
 1326   567
 1327  2048
 1328  1222
 1329   387
 1330  1878
 1331  1037
 1332   198
 1333  1699
 1334   858
 1335    25
 1336  1508
 1337   681
 1338  2179
 1339  1332
 1340   504
 1341  1994
 1342  1149
 1343   330
 1344  1816
 1345   982
 1346   145
 1347  1642
 1348   812
 1349  2285
 1350  1466
 1351   626
 1352  2113
 1353  1276
 1354   455
 1355  1939
 1356  1101
 1357   271
 1358  1766
 1359   925
 1360    89
 1361  1590
 1362   740
 1363  2238
 1364  1418
 1365   573
 1366  2068
 1367  1231
 1368   393
 1369  1876
 1370  1043
 1371   229
 1372  1704
 1373   865
 1374    47
 1375  1531
 1376   705
 1377  2181
 1378  1356
 1379   528
 1380  2004
 1381  1169
 1382   336
 1383  1823
 1384  1001
 1385   173
 1386  1660
 1387   819
 1388  2321
 1389  1478
 1390   652
 1391  2142
 1392  1289
 1393   466
 1394  1966
 1395  1123
 1396   292
 1397  1785
 1398   952
 1399   118
 1400  1603
 1401   775
 1402  2256
 1403  1417
 1404   584
 1405  2086
 1406  1248
 1407   408
 1408  1894
 1409  1066
 1410   234
 1411  1725
 1412   897
 1413    56
 1414  1553
 1415   715
 1416  2197
 1417  1370
 1418   543
 1419  2020
 1420  1184
 1421   356
 1422  1846
 1423  1004
 1424   169
 1425  1676
 1426   844
 1427     7
 1428  1496
 1429   660
 1430  2152
 1431  1319
 1432   490
 1433  1969
 1434  1130
 1435   295
 1436  1786
 1437   967
 1438   132
 1439  1617
 1440   784
 1441  2268
 1442  1442
 1443   596
 1444  2081
 1445  1255
 1446   433
 1447  1914
 1448  1085
 1449   242
 1450  1744
 1451   895
 1452    71
 1453  1562
 1454   724
 1455  2207
 1456  1383
 1457   551
 1458  2042
 1459  1203
 1460   365
 1461  1860
 1462  1025
 1463   196
 1464  1694
 1465   846
 1466    11
 1467  1505
 1468   676
 1469  2169
 1470  1333
 1471   509
 1472  1982
 1473  1152
 1474   327
 1475  1806
 1476   979
 1477   140
 1478  1632
 1479   802
 1480  2283
 1481  1459
 1482   628
 1483  2115
 1484  1286
 1485   446
 1486  1929
 1487  1094
 1488   263
 1489  1750
 1490   915
 1491    87
 1492  1573
 1493   735
 1494  2235
 1495  1396
 1496   571
 1497  2063
 1498  1221
 1499   400
 1500  1883
 1501  1042
 1502   212
 1503  1705
 1504   881
 1505    42
 1506  1518
 1507   688
 1508  2171
 1509  1350
 1510   513
 1511  2013
 1512  1167
 1513   331
 1514  1832
 1515  1000
 1516   148
 1517  1655
 1518   813
 1519  2313
 1520  1480
 1521   641
 1522  2127
 1523  1282
 1524   448
 1525  1953
 1526  1119
 1527   287
 1528  1775
 1529   942
 1530    96
 1531  1584
 1532   770
 1533  2259
 1534  1407
 1535   594
 1536  2065
 1537  1234
 1538   402
 1539  1897
 1540  1073
 1541   225
 1542  1723
 1543   888
 1544    55
 1545  1543
 1546   714
 1547  2195
 1548  1368
 1549   533
 1550  2027
 1551  1192
 1552   362
 1553  1852
 1554  1021
 1555   174
 1556  1669
 1557   832
 1558  2319
 1559  1488
 1560   647
 1561  2145
 1562  1300
 1563   470
 1564  1971
 1565  1136
 1566   296
 1567  1783
 1568   964
 1569   122
 1570  1612
 1571   778
 1572  2265
 1573  1441
 1574   605
 1575  2088
 1576  1259
 1577   426
 1578  1920
 1579  1077
 1580   252
 1581  1727
 1582   905
 1583    62
 1584  1566
 1585   730
 1586  2214
 1587  1379
 1588   534
 1589  2030
 1590  1209
 1591   378
 1592  1868
 1593  1014
 1594   202
 1595  1686
 1596   843
 1597     6
 1598  1492
 1599   678
 1600  2161
 1601  1329
 1602   485
 1603  1976
 1604  1143
 1605   326
 1606  1804
 1607   959
 1608   131
 1609  1620
 1610   803
 1611  2290
 1612  1439
 1613   619
 1614  2106
 1615  1261
 1616   434
 1617  1926
 1618  1092
 1619   267
 1620  1752
 1621   919
 1622    94
 1623  1574
 1624   726
 1625  2231
 1626  1397
 1627   554
 1628  2060
 1629  1210
 1630   375
 1631  1875
 1632  1049
 1633   211
 1634  1697
 1635   854
 1636    23
 1637  1529
 1638   691
 1639  2189
 1640  1343
 1641   497
 1642  1992
 1643  1154
 1644   337
 1645  1829
 1646   990
 1647   157
 1648  1635
 1649   804
 1650  2293
 1651  1457
 1652   637
 1653  2118
 1654  1291
 1655   462
 1656  1934
 1657  1099
 1658   266
 1659  1763
 1660   935
 1661    98
 1662  1599
 1663   762
 1664  2247
 1665  1402
 1666   568
 1667  2079
 1668  1226
 1669   407
 1670  1896
 1671  1063
 1672   218
 1673  1724
 1674   873
 1675    41
 1676  1533
 1677   707
 1678  2200
 1679  1361
 1680   514
 1681  2015
 1682  1177
 1683   345
 1684  1843
 1685  1005
 1686   163
 1687  1649
 1688   836
 1689  2303
 1690  1487
 1691   657
 1692  2129
 1693  1296
 1694   473
 1695  1950
 1696  1133
 1697   304
 1698  1771
 1699   943
 1700   125
 1701  1607
 1702   774
 1703  2253
 1704  1422
 1705   593
 1706  2098
 1707  1244
 1708   409
 1709  1912
 1710  1062
 1711   231
 1712  1713
 1713   887
 1714    70
 1715  1539
 1716   725
 1717  2213
 1718  1374
 1719   542
 1720  2024
 1721  1198
 1722   355
 1723  1856
 1724  1026
 1725   178
 1726  1674
 1727   842
 1728    16
 1729  1485
 1730   655
 1731  2146
 1732  1331
 1733   478
 1734  1980
 1735  1137
 1736   319
 1737  1803
 1738   973
 1739   142
 1740  1631
 1741   791
 1742  2277
 1743  1440
 1744   611
 1745  2096
 1746  1267
 1747   438
 1748  1917
 1749  1079
 1750   258
 1751  1738
 1752   909
 1753    80
 1754  1561
 1755   739
 1756  2219
 1757  1385
 1758   559
 1759  2051
 1760  1206
 1761   372
 1762  1874
 1763  1038
 1764   195
 1765  1691
 1766   852
 1767    12
 1768  1514
 1769   669
 1770  2159
 1771  1328
 1772   506
 1773  1993
 1774  1162
 1775   322
 1776  1807
 1777   985
 1778   154
 1779  1630
 1780   809
 1781  2288
 1782  1465
 1783   616
 1784  2105
 1785  1290
 1786   439
 1787  1949
 1788  1105
 1789   265
 1790  1768
 1791   924
 1792   108
 1793  1587
 1794   752
 1795  2241
 1796  1400
 1797   583
 1798  2064
 1799  1233
 1800   390
 1801  1886
 1802  1057
 1803   220
 1804  1709
 1805   877
 1806    32
 1807  1527
 1808   706
 1809  2180
 1810  1347
 1811   521
 1812  2000
 1813  1175
 1814   349
 1815  1831
 1816   997
 1817   149
 1818  1657
 1819   807
 1820  2314
 1821  1469
 1822   631
 1823  2123
 1824  1298
 1825   461
 1826  1946
 1827  1121
 1828   284
 1829  1776
 1830   945
 1831   103
 1832  1591
 1833   755
 1834  2252
 1835  1419
 1836   582
 1837  2077
 1838  1240
 1839   420
 1840  1899
 1841  1074
 1842   240
 1843  1721
 1844   878
 1845    53
 1846  1544
 1847   708
 1848  2204
 1849  1377
 1850   531
 1851  2028
 1852  1182
 1853   358
 1854  1844
 1855  1019
 1856   190
 1857  1668
 1858   849
 1859  2320
 1860  1479
 1861   656
 1862  2154
 1863  1317
 1864   476
 1865  1961
 1866  1146
 1867   303
 1868  1793
 1869   951
 1870   128
 1871  1619
 1872   782
 1873  2281
 1874  1435
 1875   610
 1876  2089
 1877  1262
 1878   418
 1879  1908
 1880  1086
 1881   241
 1882  1735
 1883   913
 1884    66
 1885  1571
 1886   732
 1887  2215
 1888  1381
 1889   553
 1890  2041
 1891  1220
 1892   380
 1893  1854
 1894  1027
 1895   206
 1896  1678
 1897   863
 1898    13
 1899  1503
 1900   664
 1901  2163
 1902  1320
 1903   491
 1904  1989
 1905  1157
 1906   323
 1907  1809
 1908   977
 1909   152
 1910  1626
 1911   792
 1912  2286
 1913  1446
 1914   613
 1915  2111
 1916  1263
 1917   444
 1918  1944
 1919  1087
 1920   256
 1921  1754
 1922   923
 1923    97
 1924  1568
 1925   738
 1926  2233
 1927  1412
 1928   564
 1929  2053
 1930  1223
 1931   383
 1932  1869
 1933  1036
 1934   214
 1935  1703
 1936   868
 1937    36
 1938  1532
 1939   692
 1940  2185
 1941  1336
 1942   510
 1943  1990
 1944  1165
 1945   341
 1946  1825
 1947   988
 1948   155
 1949  1643
 1950   822
 1951  2310
 1952  1456
 1953   640
 1954  2114
 1955  1299
 1956   459
 1957  1954
 1958  1106
 1959   272
 1960  1772
 1961   944
 1962    95
 1963  1595
 1964   763
 1965  2251
 1966  1413
 1967   581
 1968  2072
 1969  1230
 1970   404
 1971  1895
 1972  1061
 1973   219
 1974  1711
 1975   890
 1976    65
 1977  1548
 1978   709
 1979  2196
 1980  1367
 1981   525
 1982  2019
 1983  1183
 1984   338
 1985  1836
 1986   999
 1987   172
 1988  1670
 1989   831
 1990     5
 1991  1481
 1992   638
 1993  2149
 1994  1311
 1995   480
 1996  1970
 1997  1139
 1998   293
 1999  1794
 2000   955
 2001   114
 2002  1616
 2003   767
 2004  2274
 2005  1436
 2006   607
 2007  2084
 2008  1250
 2009   419
 2010  1911
 2011  1082
 2012   235
 2013  1736
 2014   901
 2015    64
 2016  1563
 2017   720
 2018  2205
 2019  1362
 2020   536
 2021  2039
 2022  1195
 2023   374
 2024  1847
 2025  1013
 2026   189
 2027  1681
 2028   857
 2029    10
 2030  1502
 2031   661
 2032  2156
 2033  1330
 2034   484
 2035  1987
 2036  1138
 2037   315
 2038  1813
 2039   969
 2040   137
 2041  1638
 2042   781
 2043  2287
 2044  1451
 2045   612
 2046  2101
 2047  1264
 2048   443
 2049  1935
 2050  1089
 2051   270
 2052  1751
 2053   908
 2054    84
 2055  1565
 2056   731
 2057  2216
 2058  1405
 2059   572
 2060  2037
 2061  1208
 2062   386
 2063  1867
 2064  1039
 2065   216
 2066  1687
 2067   859
 2068    17
 2069  1504
 2070   690
 2071  2174
 2072  1339
 2073   512
 2074  1998
 2075  1164
 2076   321
 2077  1826
 2078   994
 2079   156
 2080  1646
 2081   796
 2082  2304
 2083  1462
 2084   624
 2085  2125
 2086  1288
 2087   442
 2088  1932
 2089  1110
 2090   281
 2091  1757
 2092   940
 2093   110
 2094  1586
 2095   757
 2096  2249
 2097  1398
 2098   579
 2099  2070
 2100  1242
 2101   411
 2102  1888
 2103  1046
 2104   215
 2105  1700
 2106   871
 2107    51
 2108  1526
 2109   696
 2110  2182
 2111  1349
 2112   520
 2113  2009
 2114  1179
 2115   344
 2116  1834
 2117   996
 2118   175
 2119  1651
 2120   821
 2121  2312
 2122  1482
 2123   632
 2124  2128
 2125  1310
 2126   467
 2127  1960
 2128  1114
 2129   288
 2130  1777
 2131   938
 2132   106
 2133  1606
 2134   761
 2135  2272
 2136  1433
 2137   595
 2138  2080
 2139  1252
 2140   405
 2141  1913
 2142  1059
 2143   245
 2144  1734
 2145   899
 2146    54
 2147  1550
 2148   710
 2149  2208
 2150  1378
 2151   539
 2152  2034
 2153  1190
 2154   367
 2155  1858
 2156  1009
 2157   185
 2158  1672
 2159   845
 2160    15
 2161  1498
 2162   672
 2163  2160
 2164  1307
 2165   486
 2166  1964
 2167  1131
 2168   299
 2169  1800
 2170   962
 2171   133
 2172  1624
 2173   793
 2174  2263
 2175  1445
 2176   609
 2177  2097
 2178  1265
 2179   429
 2180  1907
 2181  1095
 2182   261
 2183  1745
 2184   917
 2185    77
 2186  1564
 2187   736
 2188  2230
 2189  1380
 2190   548
 2191  2031
 2192  1213
 2193   379
 2194  1871
 2195  1041
 2196   194
 2197  1680
 2198   847
 2199    30
 2200  1516
 2201   677
 2202  2166
 2203  1344
 2204   508
 2205  1991
 2206  1150
 2207   316
 2208  1820
 2209   968
 2210   139
 2211  1636
 2212   805
 2213  2291
 2214  1464
 2215   627
 2216  2121
 2217  1281
 2218   441
 2219  1931
 2220  1112
 2221   260
 2222  1769
 2223   922
 2224    91
 2225  1578
 2226   747
 2227  2246
 2228  1414
 2229   565
 2230  2062
 2231  1236
 2232   389
 2233  1877
 2234  1053
 2235   213
 2236  1712
 2237   861
 2238    39
 2239  1521
 2240   683
 2241  2177
 2242  1357
 2243   515
 2244  2014
 2245  1178
 2246   334
 2247  1838
 2248   993
 2249   153
 2250  1656
 2251   820
 2252  2307
 2253  1461
 2254   636
 2255  2136
 2256  1304
 2257   456
 2258  1947
 2259  1120
 2260   294
 2261  1770
 2262   933
 2263   109
 2264  1598
 2265   764
 2266  2248
 2267  1421
 2268   580
 2269  2087
 2270  1237
 2271   412
 2272  1904
 2273  1056
 2274   223
 2275  1716
 2276   882
 2277    50
 2278  1554
 2279   702
 2280  2201
 2281  1354
 2282   537
 2283  2010
 2284  1200
 2285   360
 2286  1841
 2287  1006
 2288   180
 2289  1654
 2290   825
 2291     0
 2292  1486
 2293   649
 2294  2137
 2295  1314
 2296   492
 2297  1979
 2298  1140
 2299   305
 2300  1780
 2301   958
 2302   126
 2303  1621
 2304   780
 2305  2269
 2306  1429
 2307   598
 2308  2095
 2309  1251
 2310   425
 2311  1903
 2312  1088
 2313   239
 2314  1746
 2315   907
 2316    74
 2317  1549
 2318   717
 2319  2224
 2320  1376
 2321   556
 2322  2040
 2323  1205
