F80T1XH2_4B
Turbo Code Interleaving
User data with 4 flush bits N=1628
NOTE: Q-bit is the bit index after interleaving. Data-bit is the index of user data

Q-bit Data-bit
--------------
    0    15
    1  1057
    2   459
    3  1511
    4   936
    5   340
    6  1387
    7   808
    8   217
    9  1269
   10   680
   11   101
   12  1137
   13   558
   14  1602
   15  1020
   16   422
   17  1474
   18   891
   19   305
   20  1342
   21   765
   22   186
   23  1223
   24   634
   25    50
   26  1107
   27   523
   28  1570
   29   970
   30   399
   31  1442
   32   851
   33   272
   34  1305
   35   723
   36   143
   37  1182
   38   599
   39    19
   40  1062
   41   475
   42  1529
   43   940
   44   349
   45  1399
   46   813
   47   225
   48  1276
   49   695
   50    99
   51  1153
   52   560
   53  1614
   54  1028
   55   443
   56  1493
   57   895
   58   309
   59  1354
   60   773
   61   196
   62  1234
   63   651
   64    74
   65  1112
   66   536
   67  1575
   68   990
   69   404
   70  1439
   71   858
   72   278
   73  1320
   74   743
   75   162
   76  1200
   77   619
   78    36
   79  1078
   80   488
   81  1531
   82   954
   83   365
   84  1408
   85   827
   86   252
   87  1282
   88   708
   89   115
   90  1167
   91   580
   92  1621
   93  1037
   94   445
   95  1495
   96   905
   97   335
   98  1370
   99   790
  100   197
  101  1243
  102   669
  103    76
  104  1120
  105   544
  106  1587
  107  1003
  108   412
  109  1453
  110   869
  111   287
  112  1337
  113   758
  114   164
  115  1217
  116   623
  117    41
  118  1079
  119   497
  120  1541
  121   967
  122   376
  123  1418
  124   838
  125   261
  126  1296
  127   711
  128   134
  129  1175
  130   579
  131     3
  132  1050
  133   468
  134  1504
  135   929
  136   332
  137  1375
  138   796
  139   213
  140  1262
  141   679
  142    84
  143  1129
  144   553
  145  1595
  146  1005
  147   418
  148  1468
  149   890
  150   307
  151  1348
  152   756
  153   175
  154  1213
  155   642
  156    51
  157  1103
  158   520
  159  1549
  160   974
  161   378
  162  1433
  163   853
  164   266
  165  1306
  166   722
  167   135
  168  1188
  169   600
  170    24
  171  1060
  172   480
  173  1515
  174   935
  175   347
  176  1400
  177   809
  178   219
  179  1280
  180   690
  181   106
  182  1154
  183   564
  184  1608
  185  1019
  186   441
  187  1472
  188   897
  189   314
  190  1361
  191   778
  192   187
  193  1233
  194   655
  195    66
  196  1108
  197   528
  198  1569
  199   988
  200   396
  201  1447
  202   861
  203   276
  204  1323
  205   737
  206   146
  207  1198
  208   606
  209    26
  210  1064
  211   491
  212  1536
  213   946
  214   368
  215  1404
  216   821
  217   237
  218  1281
  219   702
  220   112
  221  1156
  222   573
  223  1612
  224  1032
  225   451
  226  1496
  227   913
  228   330
  229  1374
  230   781
  231   202
  232  1251
  233   656
  234    71
  235  1116
  236   534
  237  1583
  238   994
  239   414
  240  1450
  241   870
  242   293
  243  1332
  244   741
  245   174
  246  1208
  247   630
  248    32
  249  1083
  250   489
  251  1544
  252   963
  253   377
  254  1417
  255   839
  256   243
  257  1291
  258   718
  259   129
  260  1162
  261   588
  262     0
  263  1038
  264   455
  265  1509
  266   921
  267   334
  268  1371
  269   792
  270   212
  271  1255
  272   670
  273    89
  274  1139
  275   543
  276  1591
  277  1000
  278   419
  279  1467
  280   886
  281   294
  282  1347
  283   762
  284   171
  285  1212
  286   624
  287    53
  288  1099
  289   502
  290  1546
  291   965
  292   382
  293  1436
  294   850
  295   258
  296  1303
  297   716
  298   131
  299  1177
  300   595
  301    14
  302  1061
  303   476
  304  1523
  305   922
  306   345
  307  1392
  308   815
  309   229
  310  1274
  311   684
  312    94
  313  1142
  314   557
  315  1606
  316  1014
  317   429
  318  1477
  319   888
  320   301
  321  1353
  322   772
  323   181
  324  1231
  325   653
  326    60
  327  1104
  328   516
  329  1557
  330   980
  331   395
  332  1438
  333   852
  334   268
  335  1310
  336   738
  337   153
  338  1187
  339   614
  340    22
  341  1066
  342   487
  343  1521
  344   938
  345   350
  346  1402
  347   822
  348   239
  349  1275
  350   692
  351   111
  352  1151
  353   576
  354  1607
  355  1025
  356   442
  357  1484
  358   896
  359   320
  360  1359
  361   776
  362   199
  363  1239
  364   663
  365    65
  366  1122
  367   526
  368  1571
  369   984
  370   405
  371  1452
  372   863
  373   273
  374  1326
  375   748
  376   158
  377  1201
  378   613
  379    34
  380  1071
  381   496
  382  1534
  383   950
  384   363
  385  1419
  386   837
  387   244
  388  1283
  389   698
  390   113
  391  1159
  392   582
  393  1616
  394  1031
  395   454
  396  1494
  397   916
  398   328
  399  1382
  400   782
  401   211
  402  1257
  403   667
  404    83
  405  1131
  406   547
  407  1592
  408   997
  409   420
  410  1464
  411   872
  412   292
  413  1334
  414   747
  415   168
  416  1216
  417   622
  418    45
  419  1092
  420   511
  421  1542
  422   956
  423   385
  424  1423
  425   836
  426   251
  427  1307
  428   717
  429   127
  430  1179
  431   587
  432    13
  433  1046
  434   471
  435  1503
  436   919
  437   348
  438  1390
  439   803
  440   220
  441  1268
  442   672
  443    95
  444  1145
  445   546
  446  1593
  447  1010
  448   435
  449  1475
  450   889
  451   298
  452  1355
  453   760
  454   189
  455  1229
  456   639
  457    64
  458  1109
  459   521
  460  1560
  461   981
  462   394
  463  1427
  464   857
  465   264
  466  1301
  467   725
  468   140
  469  1189
  470   609
  471    11
  472  1065
  473   482
  474  1513
  475   937
  476   352
  477  1398
  478   823
  479   223
  480  1270
  481   683
  482   104
  483  1144
  484   556
  485  1615
  486  1027
  487   437
  488  1486
  489   906
  490   315
  491  1363
  492   775
  493   193
  494  1235
  495   650
  496    62
  497  1106
  498   529
  499  1576
  500   995
  501   410
  502  1437
  503   859
  504   277
  505  1327
  506   740
  507   154
  508  1204
  509   610
  510    25
  511  1076
  512   492
  513  1530
  514   948
  515   361
  516  1401
  517   829
  518   240
  519  1286
  520   705
  521   116
  522  1165
  523   574
  524  1618
  525  1030
  526   449
  527  1501
  528   912
  529   331
  530  1372
  531   789
  532   204
  533  1240
  534   662
  535    78
  536  1127
  537   533
  538  1584
  539  1004
  540   409
  541  1460
  542   879
  543   296
  544  1339
  545   749
  546   172
  547  1215
  548   626
  549    40
  550  1086
  551   494
  552  1548
  553   952
  554   370
  555  1421
  556   834
  557   245
  558  1295
  559   720
  560   128
  561  1171
  562   584
  563     9
  564  1054
  565   465
  566  1505
  567   926
  568   342
  569  1388
  570   806
  571   214
  572  1254
  573   668
  574    81
  575  1132
  576   552
  577  1588
  578  1002
  579   428
  580  1469
  581   878
  582   295
  583  1345
  584   757
  585   173
  586  1221
  587   637
  588    47
  589  1089
  590   509
  591  1553
  592   971
  593   381
  594  1432
  595   842
  596   263
  597  1300
  598   727
  599   144
  600  1178
  601   597
  602     6
  603  1059
  604   472
  605  1510
  606   930
  607   351
  608  1391
  609   812
  610   216
  611  1261
  612   688
  613    97
  614  1149
  615   555
  616  1610
  617  1023
  618   431
  619  1485
  620   899
  621   313
  622  1350
  623   774
  624   180
  625  1237
  626   646
  627    72
  628  1105
  629   530
  630  1567
  631   977
  632   393
  633  1441
  634   865
  635   285
  636  1312
  637   734
  638   148
  639  1197
  640   615
  641    21
  642  1075
  643   478
  644  1524
  645   951
  646   364
  647  1407
  648   820
  649   230
  650  1277
  651   697
  652   114
  653  1148
  654   577
  655  1609
  656  1033
  657   450
  658  1487
  659   907
  660   324
  661  1364
  662   787
  663   208
  664  1248
  665   658
  666    70
  667  1124
  668   531
  669  1577
  670   996
  671   402
  672  1456
  673   868
  674   280
  675  1331
  676   751
  677   165
  678  1199
  679   618
  680    42
  681  1085
  682   505
  683  1547
  684   962
  685   372
  686  1411
  687   830
  688   246
  689  1299
  690   701
  691   126
  692  1164
  693   586
  694  1623
  695  1051
  696   466
  697  1498
  698   914
  699   338
  700  1369
  701   794
  702   210
  703  1246
  704   665
  705    80
  706  1121
  707   549
  708  1594
  709   998
  710   421
  711  1465
  712   880
  713   291
  714  1340
  715   750
  716   178
  717  1218
  718   640
  719    54
  720  1097
  721   510
  722  1559
  723   975
  724   387
  725  1425
  726   840
  727   257
  728  1304
  729   714
  730   141
  731  1172
  732   602
  733    18
  734  1049
  735   464
  736  1519
  737   924
  738   344
  739  1384
  740   810
  741   224
  742  1258
  743   676
  744   100
  745  1141
  746   559
  747  1605
  748  1022
  749   427
  750  1471
  751   892
  752   308
  753  1360
  754   769
  755   182
  756  1230
  757   643
  758    56
  759  1098
  760   522
  761  1564
  762   987
  763   392
  764  1440
  765   849
  766   262
  767  1322
  768   732
  769   145
  770  1192
  771   603
  772    20
  773  1067
  774   486
  775  1532
  776   947
  777   360
  778  1405
  779   811
  780   226
  781  1272
  782   693
  783   110
  784  1157
  785   570
  786  1617
  787  1029
  788   448
  789  1489
  790   911
  791   321
  792  1357
  793   783
  794   194
  795  1232
  796   649
  797    73
  798  1113
  799   539
  800  1572
  801   983
  802   415
  803  1448
  804   871
  805   279
  806  1318
  807   735
  808   156
  809  1202
  810   612
  811    27
  812  1082
  813   490
  814  1537
  815   955
  816   367
  817  1415
  818   824
  819   242
  820  1290
  821   696
  822   125
  823  1166
  824   572
  825  1620
  826  1045
  827   457
  828  1492
  829   908
  830   323
  831  1377
  832   785
  833   200
  834  1245
  835   664
  836    85
  837  1128
  838   541
  839  1585
  840  1006
  841   426
  842  1455
  843   876
  844   290
  845  1335
  846   746
  847   160
  848  1210
  849   633
  850    46
  851  1084
  852   498
  853  1555
  854   958
  855   383
  856  1416
  857   831
  858   260
  859  1294
  860   721
  861   133
  862  1176
  863   589
  864    12
  865  1058
  866   467
  867  1514
  868   920
  869   337
  870  1378
  871   802
  872   221
  873  1267
  874   681
  875    90
  876  1140
  877   550
  878  1598
  879  1013
  880   433
  881  1476
  882   887
  883   306
  884  1351
  885   768
  886   177
  887  1219
  888   645
  889    59
  890  1090
  891   519
  892  1551
  893   976
  894   389
  895  1429
  896   845
  897   267
  898  1317
  899   726
  900   139
  901  1183
  902   604
  903    23
  904  1068
  905   470
  906  1517
  907   934
  908   353
  909  1397
  910   814
  911   235
  912  1278
  913   685
  914   109
  915  1147
  916   571
  917  1600
  918  1026
  919   444
  920  1482
  921   901
  922   317
  923  1366
  924   780
  925   192
  926  1236
  927   648
  928    75
  929  1119
  930   525
  931  1563
  932   986
  933   398
  934  1451
  935   860
  936   275
  937  1321
  938   736
  939   151
  940  1191
  941   617
  942    29
  943  1073
  944   493
  945  1528
  946   942
  947   358
  948  1412
  949   833
  950   247
  951  1289
  952   704
  953   119
  954  1163
  955   581
  956  1613
  957  1040
  958   453
  959  1490
  960   915
  961   327
  962  1373
  963   788
  964   198
  965  1253
  966   657
  967    79
  968  1118
  969   537
  970  1582
  971   991
  972   408
  973  1454
  974   875
  975   289
  976  1325
  977   754
  978   157
  979  1211
  980   628
  981    39
  982  1080
  983   506
  984  1543
  985   953
  986   375
  987  1426
  988   832
  989   248
  990  1293
  991   712
  992   123
  993  1160
  994   590
  995  1627
  996  1041
  997   463
  998  1506
  999   925
 1000   333
 1001  1383
 1002   799
 1003   218
 1004  1259
 1005   674
 1006    96
 1007  1133
 1008   551
 1009  1597
 1010  1012
 1011   424
 1012  1470
 1013   884
 1014   300
 1015  1341
 1016   759
 1017   170
 1018  1214
 1019   632
 1020    55
 1021  1091
 1022   514
 1023  1558
 1024   969
 1025   384
 1026  1430
 1027   854
 1028   259
 1029  1311
 1030   729
 1031   130
 1032  1181
 1033   596
 1034     7
 1035  1056
 1036   481
 1037  1525
 1038   939
 1039   355
 1040  1396
 1041   801
 1042   233
 1043  1263
 1044   687
 1045   107
 1046  1146
 1047   567
 1048  1596
 1049  1016
 1050   434
 1051  1483
 1052   900
 1053   311
 1054  1362
 1055   770
 1056   191
 1057  1224
 1058   652
 1059    57
 1060  1102
 1061   513
 1062  1566
 1063   989
 1064   403
 1065  1435
 1066   848
 1067   271
 1068  1315
 1069   733
 1070   149
 1071  1196
 1072   607
 1073    31
 1074  1070
 1075   479
 1076  1533
 1077   941
 1078   362
 1079  1409
 1080   818
 1081   238
 1082  1287
 1083   691
 1084   117
 1085  1155
 1086   565
 1087  1622
 1088  1034
 1089   447
 1090  1497
 1091   903
 1092   318
 1093  1365
 1094   779
 1095   195
 1096  1244
 1097   659
 1098    69
 1099  1117
 1100   527
 1101  1573
 1102   999
 1103   411
 1104  1459
 1105   867
 1106   282
 1107  1330
 1108   742
 1109   161
 1110  1195
 1111   620
 1112    30
 1113  1074
 1114   501
 1115  1535
 1116   960
 1117   366
 1118  1406
 1119   826
 1120   250
 1121  1288
 1122   706
 1123   124
 1124  1168
 1125   585
 1126     2
 1127  1044
 1128   460
 1129  1500
 1130   918
 1131   325
 1132  1386
 1133   795
 1134   209
 1135  1256
 1136   677
 1137    91
 1138  1125
 1139   540
 1140  1580
 1141  1011
 1142   423
 1143  1463
 1144   874
 1145   302
 1146  1333
 1147   753
 1148   166
 1149  1220
 1150   638
 1151    43
 1152  1096
 1153   503
 1154  1554
 1155   968
 1156   391
 1157  1431
 1158   844
 1159   254
 1160  1308
 1161   713
 1162   132
 1163  1184
 1164   598
 1165     1
 1166  1053
 1167   469
 1168  1516
 1169   928
 1170   341
 1171  1393
 1172   804
 1173   215
 1174  1260
 1175   682
 1176   103
 1177  1138
 1178   561
 1179  1604
 1180  1015
 1181   436
 1182  1481
 1183   894
 1184   316
 1185  1344
 1186   767
 1187   184
 1188  1228
 1189   636
 1190    52
 1191  1111
 1192   524
 1193  1556
 1194   973
 1195   390
 1196  1443
 1197   847
 1198   269
 1199  1316
 1200   724
 1201   147
 1202  1185
 1203   608
 1204    17
 1205  1069
 1206   485
 1207  1522
 1208   943
 1209   356
 1210  1394
 1211   816
 1212   234
 1213  1271
 1214   694
 1215   108
 1216  1152
 1217   566
 1218  1611
 1219  1017
 1220   440
 1221  1478
 1222   909
 1223   322
 1224  1356
 1225   777
 1226   190
 1227  1241
 1228   654
 1229    77
 1230  1115
 1231   535
 1232  1574
 1233   982
 1234   406
 1235  1444
 1236   866
 1237   284
 1238  1324
 1239   739
 1240   152
 1241  1203
 1242   611
 1243    35
 1244  1077
 1245   484
 1246  1540
 1247   945
 1248   371
 1249  1413
 1250   825
 1251   241
 1252  1285
 1253   707
 1254   120
 1255  1170
 1256   578
 1257  1626
 1258  1042
 1259   458
 1260  1491
 1261   917
 1262   336
 1263  1368
 1264   791
 1265   203
 1266  1252
 1267   661
 1268    87
 1269  1126
 1270   532
 1271  1579
 1272  1001
 1273   413
 1274  1458
 1275   882
 1276   288
 1277  1336
 1278   744
 1279   169
 1280  1205
 1281   625
 1282    48
 1283  1088
 1284   504
 1285  1552
 1286   961
 1287   380
 1288  1424
 1289   841
 1290   255
 1291  1298
 1292   710
 1293   137
 1294  1174
 1295   591
 1296    10
 1297  1048
 1298   462
 1299  1508
 1300   927
 1301   346
 1302  1381
 1303   798
 1304   222
 1305  1265
 1306   673
 1307    88
 1308  1135
 1309   554
 1310  1590
 1311  1018
 1312   430
 1313  1466
 1314   885
 1315   299
 1316  1346
 1317   763
 1318   179
 1319  1225
 1320   631
 1321    58
 1322  1093
 1323   518
 1324  1561
 1325   972
 1326   397
 1327  1434
 1328   856
 1329   270
 1330  1314
 1331   728
 1332   138
 1333  1190
 1334   601
 1335    16
 1336  1055
 1337   477
 1338  1526
 1339   932
 1340   354
 1341  1395
 1342   805
 1343   231
 1344  1273
 1345   689
 1346   102
 1347  1150
 1348   568
 1349  1601
 1350  1024
 1351   438
 1352  1479
 1353   893
 1354   319
 1355  1358
 1356   771
 1357   188
 1358  1238
 1359   647
 1360    63
 1361  1114
 1362   517
 1363  1568
 1364   993
 1365   401
 1366  1449
 1367   862
 1368   274
 1369  1313
 1370   731
 1371   159
 1372  1193
 1373   605
 1374    33
 1375  1072
 1376   495
 1377  1527
 1378   949
 1379   369
 1380  1403
 1381   819
 1382   236
 1383  1279
 1384   700
 1385   121
 1386  1161
 1387   575
 1388  1625
 1389  1035
 1390   456
 1391  1499
 1392   904
 1393   326
 1394  1376
 1395   786
 1396   205
 1397  1249
 1398   666
 1399    82
 1400  1123
 1401   542
 1402  1578
 1403   992
 1404   407
 1405  1461
 1406   873
 1407   286
 1408  1328
 1409   745
 1410   163
 1411  1207
 1412   629
 1413    38
 1414  1087
 1415   500
 1416  1539
 1417   959
 1418   379
 1419  1414
 1420   828
 1421   249
 1422  1292
 1423   703
 1424   118
 1425  1173
 1426   593
 1427     5
 1428  1047
 1429   461
 1430  1507
 1431   923
 1432   343
 1433  1379
 1434   793
 1435   206
 1436  1250
 1437   678
 1438    93
 1439  1134
 1440   548
 1441  1589
 1442  1009
 1443   417
 1444  1457
 1445   877
 1446   303
 1447  1338
 1448   761
 1449   167
 1450  1222
 1451   627
 1452    49
 1453  1094
 1454   507
 1455  1545
 1456   966
 1457   386
 1458  1428
 1459   843
 1460   256
 1461  1302
 1462   719
 1463   136
 1464  1186
 1465   594
 1466     8
 1467  1052
 1468   473
 1469  1518
 1470   933
 1471   357
 1472  1389
 1473   807
 1474   228
 1475  1266
 1476   686
 1477    98
 1478  1143
 1479   562
 1480  1599
 1481  1021
 1482   439
 1483  1480
 1484   902
 1485   310
 1486  1352
 1487   766
 1488   183
 1489  1226
 1490   641
 1491    61
 1492  1100
 1493   515
 1494  1565
 1495   978
 1496   400
 1497  1445
 1498   855
 1499   281
 1500  1319
 1501   730
 1502   150
 1503  1194
 1504   616
 1505    28
 1506  1063
 1507   483
 1508  1520
 1509   944
 1510   359
 1511  1410
 1512   817
 1513   232
 1514  1284
 1515   699
 1516   105
 1517  1158
 1518   569
 1519  1619
 1520  1036
 1521   446
 1522  1488
 1523   898
 1524   312
 1525  1367
 1526   784
 1527   201
 1528  1242
 1529   660
 1530    68
 1531  1110
 1532   538
 1533  1581
 1534   985
 1535   416
 1536  1446
 1537   864
 1538   283
 1539  1329
 1540   752
 1541   155
 1542  1206
 1543   621
 1544    37
 1545  1081
 1546   499
 1547  1538
 1548   957
 1549   373
 1550  1420
 1551   835
 1552   253
 1553  1297
 1554   715
 1555   122
 1556  1169
 1557   583
 1558  1624
 1559  1039
 1560   452
 1561  1502
 1562   910
 1563   329
 1564  1380
 1565   797
 1566   207
 1567  1247
 1568   675
 1569    86
 1570  1130
 1571   545
 1572  1586
 1573  1008
 1574   425
 1575  1462
 1576   881
 1577   297
 1578  1343
 1579   755
 1580   176
 1581  1209
 1582   635
 1583    44
 1584  1095
 1585   512
 1586  1550
 1587   964
 1588   374
 1589  1422
 1590   846
 1591   265
 1592  1309
 1593   709
 1594   142
 1595  1180
 1596   592
 1597     4
 1598  1043
 1599   474
 1600  1512
 1601   931
 1602   339
 1603  1385
 1604   800
 1605   227
 1606  1264
 1607   671
 1608    92
 1609  1136
 1610   563
 1611  1603
 1612  1007
 1613   432
 1614  1473
 1615   883
 1616   304
 1617  1349
 1618   764
 1619   185
 1620  1227
 1621   644
 1622    67
 1623  1101
 1624   508
 1625  1562
 1626   979
 1627   388
