F80T1XH3_4B
Turbo Code Interleaving
User data with 4 flush bits N=1804
NOTE: Q-bit is the bit index after interleaving. Data-bit is the index of user data

Q-bit Data-bit
--------------
    0    18
    1  1171
    2   510
    3  1675
    4  1038
    5   378
    6  1536
    7   895
    8   240
    9  1406
   10   752
   11   111
   12  1259
   13   618
   14  1776
   15  1131
   16   468
   17  1635
   18   988
   19   338
   20  1488
   21   848
   22   208
   23  1355
   24   702
   25    55
   26  1226
   27   579
   28  1739
   29  1076
   30   443
   31  1597
   32   944
   33   303
   34  1445
   35   800
   36   158
   37  1309
   38   665
   39    22
   40  1177
   41   527
   42  1694
   43  1042
   44   388
   45  1551
   46   901
   47   250
   48  1413
   49   770
   50   108
   51  1278
   52   620
   53  1790
   54  1140
   55   491
   56  1656
   57   992
   58   344
   59  1500
   60   857
   61   218
   62  1366
   63   721
   64    81
   65  1232
   66   594
   67  1746
   68  1098
   69   448
   70  1594
   71   951
   72   309
   73  1462
   74   825
   75   181
   76  1330
   77   686
   78    40
   79  1196
   80   541
   81  1696
   82  1058
   83   406
   84  1560
   85   917
   86   280
   87  1419
   88   784
   89   128
   90  1293
   91   642
   92  1797
   93  1149
   94   494
   95  1658
   96  1004
   97   373
   98  1519
   99   875
  100   219
  101  1378
  102   741
  103    84
  104  1241
  105   603
  106  1759
  107  1112
  108   457
  109  1610
  110   964
  111   320
  112  1481
  113   841
  114   183
  115  1349
  116   691
  117    45
  118  1197
  119   551
  120  1707
  121  1072
  122   417
  123  1572
  124   928
  125   289
  126  1435
  127   787
  128   148
  129  1302
  130   641
  131     3
  132  1164
  133   520
  134  1668
  135  1029
  136   369
  137  1524
  138   882
  139   236
  140  1397
  141   751
  142    92
  143  1251
  144   612
  145  1768
  146  1114
  147   464
  148  1628
  149   987
  150   340
  151  1494
  152   838
  153   194
  154  1344
  155   711
  156    56
  157  1222
  158   576
  159  1716
  160  1080
  161   419
  162  1587
  163   946
  164   296
  165  1446
  166   799
  167   149
  168  1316
  169   666
  170    27
  171  1174
  172   532
  173  1680
  174  1037
  175   385
  176  1552
  177   897
  178   242
  179  1417
  180   763
  181   116
  182  1279
  183   625
  184  1783
  185  1129
  186   489
  187  1632
  188   994
  189   349
  190  1508
  191   863
  192   209
  193  1365
  194   725
  195    72
  196  1227
  197   585
  198  1738
  199  1096
  200   439
  201  1604
  202   955
  203   307
  204  1466
  205   816
  206   161
  207  1327
  208   672
  209    29
  210  1179
  211   544
  212  1702
  213  1049
  214   409
  215  1556
  216   910
  217   263
  218  1418
  219   777
  220   124
  221  1282
  222   635
  223  1787
  224  1144
  225   500
  226  1659
  227  1013
  228   366
  229  1523
  230   866
  231   224
  232  1386
  233   727
  234    78
  235  1236
  236   592
  237  1755
  238  1102
  239   459
  240  1607
  241   966
  242   326
  243  1476
  244   821
  245   193
  246  1339
  247   698
  248    36
  249  1201
  250   542
  251  1711
  252  1068
  253   418
  254  1570
  255   929
  256   270
  257  1430
  258   794
  259   143
  260  1288
  261   651
  262     0
  263  1150
  264   504
  265  1673
  266  1021
  267   371
  268  1520
  269   877
  270   234
  271  1390
  272   742
  273    98
  274  1261
  275   602
  276  1763
  277  1109
  278   465
  279  1625
  280   983
  281   327
  282  1493
  283   845
  284   190
  285  1343
  286   692
  287    58
  288  1218
  289   556
  290  1713
  291  1070
  292   424
  293  1590
  294   943
  295   286
  296  1443
  297   792
  298   145
  299  1304
  300   659
  301    16
  302  1176
  303   528
  304  1688
  305  1022
  306   383
  307  1542
  308   904
  309   254
  310  1411
  311   757
  312   103
  313  1264
  314   617
  315  1781
  316  1124
  317   476
  318  1638
  319   985
  320   334
  321  1499
  322   856
  323   201
  324  1363
  325   723
  326    66
  327  1223
  328   571
  329  1726
  330  1086
  331   438
  332  1593
  333   945
  334   298
  335  1450
  336   817
  337   171
  338  1315
  339   681
  340    25
  341  1181
  342   540
  343  1686
  344  1040
  345   389
  346  1554
  347   911
  348   265
  349  1412
  350   766
  351   123
  352  1276
  353   638
  354  1782
  355  1137
  356   490
  357  1646
  358   993
  359   355
  360  1506
  361   861
  362   221
  363  1372
  364   735
  365    71
  366  1243
  367   582
  368  1741
  369  1092
  370   449
  371  1609
  372   957
  373   304
  374  1469
  375   830
  376   176
  377  1331
  378   680
  379    38
  380  1187
  381   550
  382  1700
  383  1053
  384   404
  385  1573
  386   927
  387   271
  388  1421
  389   773
  390   126
  391  1285
  392   644
  393  1792
  394  1143
  395   503
  396  1657
  397  1016
  398   364
  399  1531
  400   867
  401   233
  402  1392
  403   739
  404    91
  405  1253
  406   606
  407  1764
  408  1106
  409   466
  410  1622
  411   968
  412   325
  413  1478
  414   829
  415   187
  416  1347
  417   690
  418    49
  419  1210
  420   566
  421  1709
  422  1060
  423   427
  424  1577
  425   926
  426   279
  427  1447
  428   793
  429   141
  430  1306
  431   650
  432    15
  433  1160
  434   523
  435  1667
  436  1019
  437   387
  438  1540
  439   890
  440   243
  441  1405
  442   744
  443   104
  444  1269
  445   605
  446  1765
  447  1120
  448   483
  449  1636
  450   986
  451   331
  452  1502
  453   843
  454   211
  455  1361
  456   708
  457    70
  458  1228
  459   577
  460  1729
  461  1088
  462   437
  463  1581
  464   950
  465   294
  466  1441
  467   802
  468   155
  469  1318
  470   675
  471    13
  472  1180
  473   534
  474  1678
  475  1039
  476   391
  477  1550
  478   912
  479   246
  480  1407
  481   756
  482   114
  483  1268
  484   616
  485  1791
  486  1139
  487   485
  488  1648
  489  1005
  490   350
  491  1510
  492   860
  493   215
  494  1367
  495   720
  496    68
  497  1225
  498   586
  499  1748
  500  1104
  501   455
  502  1592
  503   953
  504   308
  505  1470
  506   819
  507   172
  508  1334
  509   676
  510    28
  511  1193
  512   545
  513  1695
  514  1051
  515   402
  516  1553
  517   919
  518   266
  519  1424
  520   781
  521   129
  522  1291
  523   636
  524  1794
  525  1142
  526   498
  527  1664
  528  1012
  529   367
  530  1521
  531   874
  532   226
  533  1375
  534   734
  535    86
  536  1249
  537   590
  538  1756
  539  1113
  540   454
  541  1618
  542   975
  543   329
  544  1484
  545   831
  546   191
  547  1346
  548   694
  549    44
  550  1204
  551   547
  552  1715
  553  1055
  554   411
  555  1575
  556   924
  557   272
  558  1434
  559   797
  560   142
  561  1297
  562   646
  563    10
  564  1168
  565   516
  566  1669
  567  1026
  568   380
  569  1538
  570   893
  571   237
  572  1389
  573   740
  574    89
  575  1254
  576   611
  577  1760
  578  1111
  579   475
  580  1629
  581   974
  582   328
  583  1491
  584   840
  585   192
  586  1353
  587   706
  588    51
  589  1207
  590   564
  591  1722
  592  1077
  593   423
  594  1586
  595   933
  596   293
  597  1440
  598   804
  599   159
  600  1305
  601   661
  602     6
  603  1173
  604   524
  605  1674
  606  1030
  607   390
  608  1541
  609   900
  610   239
  611  1396
  612   761
  613   106
  614  1274
  615   615
  616  1785
  617  1134
  618   479
  619  1647
  620   996
  621   348
  622  1496
  623   858
  624   199
  625  1370
  626   715
  627    79
  628  1224
  629   587
  630  1736
  631  1083
  632   436
  633  1596
  634   960
  635   316
  636  1452
  637   812
  638   163
  639  1326
  640   682
  641    24
  642  1192
  643   530
  644  1689
  645  1054
  646   405
  647  1559
  648   909
  649   255
  650  1414
  651   772
  652   127
  653  1273
  654   639
  655  1784
  656  1145
  657   499
  658  1649
  659  1006
  660   360
  661  1511
  662   872
  663   230
  664  1383
  665   729
  666    77
  667  1245
  668   588
  669  1749
  670  1105
  671   446
  672  1613
  673   963
  674   311
  675  1475
  676   833
  677   184
  678  1329
  679   685
  680    46
  681  1203
  682   559
  683  1714
  684  1066
  685   413
  686  1564
  687   920
  688   273
  689  1438
  690   776
  691   140
  692  1290
  693   648
  694  1799
  695  1165
  696   517
  697  1661
  698  1014
  699   376
  700  1518
  701   879
  702   232
  703  1381
  704   737
  705    88
  706  1242
  707   608
  708  1766
  709  1107
  710   467
  711  1623
  712   976
  713   324
  714  1485
  715   832
  716   197
  717  1350
  718   709
  719    59
  720  1216
  721   565
  722  1728
  723  1081
  724   429
  725  1579
  726   931
  727   285
  728  1444
  729   790
  730   156
  731  1299
  732   668
  733    21
  734  1163
  735   515
  736  1684
  737  1024
  738   382
  739  1533
  740   898
  741   248
  742  1393
  743   748
  744   110
  745  1263
  746   619
  747  1780
  748  1133
  749   473
  750  1631
  751   989
  752   343
  753  1507
  754   852
  755   202
  756  1362
  757   712
  758    62
  759  1217
  760   578
  761  1733
  762  1095
  763   435
  764  1595
  765   942
  766   291
  767  1465
  768   810
  769   160
  770  1321
  771   669
  772    23
  773  1182
  774   539
  775  1697
  776  1050
  777   401
  778  1557
  779   899
  780   251
  781  1409
  782   767
  783   122
  784  1283
  785   632
  786  1793
  787  1141
  788   497
  789  1652
  790  1011
  791   356
  792  1504
  793   868
  794   216
  795  1364
  796   719
  797    80
  798  1233
  799   597
  800  1742
  801  1091
  802   460
  803  1605
  804   967
  805   310
  806  1460
  807   813
  808   174
  809  1332
  810   679
  811    30
  812  1200
  813   543
  814  1703
  815  1059
  816   408
  817  1568
  818   913
  819   269
  820  1428
  821   771
  822   139
  823  1292
  824   634
  825  1796
  826  1159
  827   506
  828  1655
  829  1007
  830   359
  831  1526
  832   870
  833   222
  834  1380
  835   736
  836    93
  837  1250
  838   599
  839  1757
  840  1115
  841   472
  842  1612
  843   972
  844   323
  845  1479
  846   828
  847   178
  848  1341
  849   701
  850    50
  851  1202
  852   552
  853  1724
  854  1062
  855   425
  856  1569
  857   921
  858   288
  859  1433
  860   798
  861   147
  862  1303
  863   652
  864    14
  865  1172
  866   518
  867  1679
  868  1020
  869   375
  870  1527
  871   889
  872   244
  873  1404
  874   753
  875    99
  876  1262
  877   609
  878  1771
  879  1123
  880   481
  881  1637
  882   984
  883   339
  884  1497
  885   851
  886   196
  887  1351
  888   714
  889    65
  890  1208
  891   575
  892  1719
  893  1082
  894   431
  895  1583
  896   937
  897   297
  898  1459
  899   803
  900   154
  901  1310
  902   670
  903    26
  904  1183
  905   522
  906  1682
  907  1036
  908   392
  909  1549
  910   902
  911   260
  912  1415
  913   758
  914   121
  915  1272
  916   633
  917  1773
  918  1138
  919   492
  920  1643
  921   998
  922   352
  923  1515
  924   865
  925   214
  926  1369
  927   718
  928    82
  929  1239
  930   581
  931  1732
  932  1094
  933   442
  934  1608
  935   954
  936   306
  937  1463
  938   815
  939   167
  940  1320
  941   684
  942    33
  943  1190
  944   546
  945  1693
  946  1045
  947   398
  948  1565
  949   923
  950   274
  951  1427
  952   780
  953   132
  954  1289
  955   643
  956  1788
  957  1154
  958   502
  959  1653
  960  1015
  961   363
  962  1522
  963   873
  964   220
  965  1388
  966   728
  967    87
  968  1238
  969   595
  970  1754
  971  1099
  972   453
  973  1611
  974   971
  975   322
  976  1468
  977   836
  978   175
  979  1342
  980   696
  981    43
  982  1198
  983   560
  984  1710
  985  1057
  986   416
  987  1580
  988   922
  989   275
  990  1432
  991   788
  992   136
  993  1286
  994   653
  995  1803
  996  1155
  997   514
  998  1670
  999  1025
 1000   370
 1001  1532
 1002   886
 1003   241
 1004  1394
 1005   746
 1006   105
 1007  1255
 1008   610
 1009  1770
 1010  1122
 1011   470
 1012  1630
 1013   980
 1014   333
 1015  1487
 1016   842
 1017   189
 1018  1345
 1019   700
 1020    60
 1021  1209
 1022   569
 1023  1727
 1024  1075
 1025   426
 1026  1584
 1027   947
 1028   287
 1029  1451
 1030   807
 1031   144
 1032  1308
 1033   660
 1034     7
 1035  1170
 1036   533
 1037  1690
 1038  1041
 1039   394
 1040  1548
 1041   888
 1042   258
 1043  1398
 1044   760
 1045   117
 1046  1271
 1047   629
 1048  1769
 1049  1126
 1050   482
 1051  1645
 1052   997
 1053   346
 1054  1509
 1055   854
 1056   213
 1057  1356
 1058   722
 1059    63
 1060  1221
 1061   568
 1062  1735
 1063  1097
 1064   447
 1065  1589
 1066   941
 1067   301
 1068  1457
 1069   811
 1070   164
 1071  1325
 1072   673
 1073    35
 1074  1185
 1075   531
 1076  1699
 1077  1044
 1078   403
 1079  1561
 1080   907
 1081   264
 1082  1425
 1083   764
 1084   130
 1085  1281
 1086   626
 1087  1798
 1088  1146
 1089   496
 1090  1660
 1091  1000
 1092   353
 1093  1514
 1094   864
 1095   217
 1096  1379
 1097   730
 1098    76
 1099  1237
 1100   583
 1101  1743
 1102  1108
 1103   456
 1104  1617
 1105   962
 1106   313
 1107  1474
 1108   822
 1109   180
 1110  1324
 1111   687
 1112    34
 1113  1191
 1114   555
 1115  1701
 1116  1064
 1117   407
 1118  1558
 1119   916
 1120   278
 1121  1426
 1122   782
 1123   137
 1124  1294
 1125   647
 1126     2
 1127  1158
 1128   511
 1129  1663
 1130  1018
 1131   361
 1132  1535
 1133   881
 1134   231
 1135  1391
 1136   749
 1137   100
 1138  1246
 1139   598
 1140  1752
 1141  1121
 1142   469
 1143  1621
 1144   970
 1145   335
 1146  1477
 1147   835
 1148   185
 1149  1352
 1150   707
 1151    47
 1152  1215
 1153   557
 1154  1723
 1155  1074
 1156   433
 1157  1585
 1158   935
 1159   282
 1160  1448
 1161   789
 1162   146
 1163  1312
 1164   663
 1165     1
 1166  1167
 1167   521
 1168  1681
 1169  1028
 1170   379
 1171  1543
 1172   891
 1173   238
 1174  1395
 1175   755
 1176   113
 1177  1260
 1178   621
 1179  1778
 1180  1125
 1181   484
 1182  1642
 1183   991
 1184   351
 1185  1490
 1186   850
 1187   204
 1188  1360
 1189   704
 1190    57
 1191  1230
 1192   580
 1193  1725
 1194  1079
 1195   432
 1196  1598
 1197   940
 1198   299
 1199  1458
 1200   801
 1201   162
 1202  1313
 1203   674
 1204    20
 1205  1184
 1206   538
 1207  1687
 1208  1046
 1209   396
 1210  1544
 1211   905
 1212   259
 1213  1408
 1214   768
 1215   120
 1216  1277
 1217   628
 1218  1786
 1219  1127
 1220   488
 1221  1639
 1222  1009
 1223   357
 1224  1503
 1225   862
 1226   212
 1227  1376
 1228   724
 1229    85
 1230  1235
 1231   593
 1232  1744
 1233  1090
 1234   450
 1235  1600
 1236   961
 1237   315
 1238  1467
 1239   818
 1240   170
 1241  1333
 1242   678
 1243    39
 1244  1194
 1245   536
 1246  1706
 1247  1048
 1248   412
 1249  1566
 1250   914
 1251   268
 1252  1423
 1253   783
 1254   133
 1255  1296
 1256   640
 1257  1802
 1258  1156
 1259   507
 1260  1654
 1261  1017
 1262   374
 1263  1517
 1264   876
 1265   225
 1266  1387
 1267   733
 1268    95
 1269  1248
 1270   589
 1271  1751
 1272  1110
 1273   458
 1274  1616
 1275   978
 1276   321
 1277  1480
 1278   826
 1279   188
 1280  1335
 1281   693
 1282    52
 1283  1206
 1284   558
 1285  1720
 1286  1065
 1287   422
 1288  1578
 1289   932
 1290   283
 1291  1437
 1292   786
 1293   152
 1294  1301
 1295   654
 1296    12
 1297  1162
 1298   513
 1299  1672
 1300  1027
 1301   384
 1302  1530
 1303   885
 1304   245
 1305  1401
 1306   745
 1307    96
 1308  1257
 1309   613
 1310  1762
 1311  1128
 1312   478
 1313  1624
 1314   982
 1315   332
 1316  1492
 1317   846
 1318   198
 1319  1357
 1320   699
 1321    64
 1322  1211
 1323   574
 1324  1730
 1325  1078
 1326   440
 1327  1588
 1328   949
 1329   300
 1330  1456
 1331   805
 1332   153
 1333  1319
 1334   667
 1335    19
 1336  1169
 1337   529
 1338  1691
 1339  1034
 1340   393
 1341  1547
 1342   892
 1343   256
 1344  1410
 1345   762
 1346   112
 1347  1275
 1348   630
 1349  1774
 1350  1136
 1351   486
 1352  1640
 1353   990
 1354   354
 1355  1505
 1356   855
 1357   210
 1358  1371
 1359   717
 1360    69
 1361  1234
 1362   573
 1363  1737
 1364  1101
 1365   445
 1366  1606
 1367   956
 1368   305
 1369  1455
 1370   809
 1371   177
 1372  1322
 1373   671
 1374    37
 1375  1188
 1376   548
 1377  1692
 1378  1052
 1379   410
 1380  1555
 1381   908
 1382   261
 1383  1416
 1384   775
 1385   134
 1386  1287
 1387   637
 1388  1801
 1389  1147
 1390   505
 1391  1662
 1392  1001
 1393   362
 1394  1525
 1395   871
 1396   227
 1397  1384
 1398   738
 1399    90
 1400  1244
 1401   601
 1402  1750
 1403  1100
 1404   452
 1405  1619
 1406   969
 1407   318
 1408  1471
 1409   827
 1410   182
 1411  1338
 1412   697
 1413    42
 1414  1205
 1415   554
 1416  1705
 1417  1063
 1418   421
 1419  1567
 1420   918
 1421   277
 1422  1431
 1423   778
 1424   131
 1425  1300
 1426   657
 1427     5
 1428  1161
 1429   512
 1430  1671
 1431  1023
 1432   381
 1433  1528
 1434   878
 1435   228
 1436  1385
 1437   750
 1438   102
 1439  1256
 1440   607
 1441  1761
 1442  1119
 1443   463
 1444  1615
 1445   973
 1446   336
 1447  1483
 1448   844
 1449   186
 1450  1354
 1451   695
 1452    54
 1453  1213
 1454   561
 1455  1712
 1456  1071
 1457   428
 1458  1582
 1459   934
 1460   284
 1461  1442
 1462   795
 1463   151
 1464  1314
 1465   658
 1466     8
 1467  1166
 1468   525
 1469  1683
 1470  1035
 1471   397
 1472  1539
 1473   894
 1474   253
 1475  1402
 1476   759
 1477   107
 1478  1267
 1479   622
 1480  1772
 1481  1132
 1482   487
 1483  1641
 1484   999
 1485   345
 1486  1498
 1487   849
 1488   203
 1489  1358
 1490   710
 1491    67
 1492  1219
 1493   570
 1494  1734
 1495  1084
 1496   444
 1497  1601
 1498   948
 1499   312
 1500  1461
 1501   808
 1502   166
 1503  1323
 1504   683
 1505    32
 1506  1178
 1507   535
 1508  1685
 1509  1047
 1510   399
 1511  1562
 1512   906
 1513   257
 1514  1422
 1515   774
 1516   115
 1517  1284
 1518   631
 1519  1795
 1520  1148
 1521   495
 1522  1650
 1523   995
 1524   347
 1525  1516
 1526   869
 1527   223
 1528  1377
 1529   731
 1530    74
 1531  1229
 1532   596
 1533  1753
 1534  1093
 1535   462
 1536  1603
 1537   959
 1538   314
 1539  1473
 1540   834
 1541   173
 1542  1336
 1543   689
 1544    41
 1545  1199
 1546   553
 1547  1704
 1548  1061
 1549   414
 1550  1574
 1551   925
 1552   281
 1553  1436
 1554   791
 1555   135
 1556  1295
 1557   645
 1558  1800
 1559  1153
 1560   501
 1561  1665
 1562  1010
 1563   365
 1564  1529
 1565   883
 1566   229
 1567  1382
 1568   747
 1569    94
 1570  1252
 1571   604
 1572  1758
 1573  1118
 1574   471
 1575  1620
 1576   977
 1577   330
 1578  1489
 1579   837
 1580   195
 1581  1340
 1582   703
 1583    48
 1584  1214
 1585   567
 1586  1718
 1587  1069
 1588   415
 1589  1576
 1590   938
 1591   295
 1592  1449
 1593   785
 1594   157
 1595  1307
 1596   656
 1597     4
 1598  1157
 1599   526
 1600  1677
 1601  1032
 1602   377
 1603  1534
 1604   887
 1605   252
 1606  1400
 1607   743
 1608   101
 1609  1258
 1610   623
 1611  1777
 1612  1116
 1613   480
 1614  1634
 1615   979
 1616   337
 1617  1495
 1618   847
 1619   207
 1620  1359
 1621   713
 1622    73
 1623  1220
 1624   563
 1625  1731
 1626  1085
 1627   430
 1628  1599
 1629   939
 1630   292
 1631  1454
 1632   814
 1633   165
 1634  1317
 1635   664
 1636    17
 1637  1186
 1638   537
 1639  1698
 1640  1043
 1641   386
 1642  1545
 1643   896
 1644   262
 1645  1420
 1646   769
 1647   119
 1648  1270
 1649   624
 1650  1779
 1651  1130
 1652   493
 1653  1644
 1654  1003
 1655   358
 1656  1501
 1657   853
 1658   206
 1659  1368
 1660   726
 1661    75
 1662  1240
 1663   591
 1664  1745
 1665  1089
 1666   441
 1667  1614
 1668   952
 1669   317
 1670  1472
 1671   824
 1672   168
 1673  1337
 1674   677
 1675    31
 1676  1189
 1677   549
 1678  1708
 1679  1056
 1680   400
 1681  1563
 1682   915
 1683   267
 1684  1429
 1685   779
 1686   125
 1687  1280
 1688   649
 1689  1789
 1690  1152
 1691   509
 1692  1651
 1693  1008
 1694   368
 1695  1513
 1696   880
 1697   235
 1698  1374
 1699   732
 1700    97
 1701  1247
 1702   600
 1703  1747
 1704  1103
 1705   461
 1706  1627
 1707   965
 1708   319
 1709  1482
 1710   823
 1711   179
 1712  1328
 1713   688
 1714    53
 1715  1195
 1716   562
 1717  1717
 1718  1067
 1719   420
 1720  1571
 1721   930
 1722   276
 1723  1439
 1724   796
 1725   138
 1726  1298
 1727   655
 1728    11
 1729  1151
 1730   508
 1731  1666
 1732  1033
 1733   372
 1734  1537
 1735   884
 1736   247
 1737  1399
 1738   754
 1739   109
 1740  1266
 1741   614
 1742  1767
 1743  1117
 1744   474
 1745  1626
 1746   981
 1747   341
 1748  1486
 1749   839
 1750   200
 1751  1348
 1752   705
 1753    61
 1754  1212
 1755   572
 1756  1721
 1757  1073
 1758   434
 1759  1591
 1760   936
 1761   290
 1762  1453
 1763   806
 1764   150
 1765  1311
 1766   662
 1767     9
 1768  1175
 1769   519
 1770  1676
 1771  1031
 1772   395
 1773  1546
 1774   903
 1775   249
 1776  1403
 1777   765
 1778   118
 1779  1265
 1780   627
 1781  1775
 1782  1135
 1783   477
 1784  1633
 1785  1002
 1786   342
 1787  1512
 1788   859
 1789   205
 1790  1373
 1791   716
 1792    83
 1793  1231
 1794   584
 1795  1740
 1796  1087
 1797   451
 1798  1602
 1799   958
 1800   302
 1801  1464
 1802   820
 1803   169
