F80T025QL1
Turbo Code Interleaving
User data with 4 flush bits N=940
NOTE: Q-bit is the bit index after interleaving. Data-bit is the index of user data

Q-bit Data-bit
--------------
    0     8
    1   608
    2   266
    3   873
    4   541
    5   197
    6   800
    7   464
    8   126
    9   731
   10   392
   11    59
   12   655
   13   324
   14   924
   15   588
   16   245
   17   851
   18   515
   19   176
   20   774
   21   441
   22   107
   23   706
   24   365
   25    28
   26   639
   27   301
   28   906
   29   559
   30   232
   31   834
   32   491
   33   157
   34   754
   35   417
   36    82
   37   683
   38   345
   39    10
   40   613
   41   275
   42   882
   43   544
   44   203
   45   807
   46   469
   47   132
   48   736
   49   401
   50    57
   51   666
   52   326
   53   932
   54   594
   55   256
   56   862
   57   517
   58   180
   59   781
   60   445
   61   113
   62   712
   63   376
   64    43
   65   642
   66   310
   67   909
   68   572
   69   234
   70   831
   71   495
   72   162
   73   761
   74   429
   75    93
   76   692
   77   358
   78    21
   79   622
   80   282
   81   884
   82   551
   83   212
   84   814
   85   477
   86   146
   87   741
   88   408
   89    68
   90   675
   91   336
   92   938
   93   600
   94   258
   95   864
   96   522
   97   194
   98   791
   99   457
  100   114
  101   718
  102   387
  103    45
  104   646
  105   314
  106   915
  107   580
  108   238
  109   840
  110   502
  111   166
  112   771
  113   438
  114    94
  115   702
  116   360
  117    23
  118   623
  119   289
  120   889
  121   558
  122   217
  123   819
  124   484
  125   150
  126   748
  127   409
  128    77
  129   678
  130   335
  131     1
  132   605
  133   271
  134   869
  135   537
  136   192
  137   795
  138   460
  139   123
  140   728
  141   391
  142    50
  143   652
  144   320
  145   921
  146   582
  147   241
  148   847
  149   514
  150   178
  151   777
  152   436
  153   101
  154   699
  155   369
  156    29
  157   635
  158   298
  159   895
  160   561
  161   219
  162   827
  163   493
  164   154
  165   755
  166   416
  167    78
  168   686
  169   346
  170    15
  171   611
  172   278
  173   876
  174   540
  175   201
  176   808
  177   465
  178   127
  179   739
  180   398
  181    61
  182   667
  183   327
  184   928
  185   587
  186   254
  187   850
  188   519
  189   182
  190   786
  191   449
  192   108
  193   711
  194   378
  195    38
  196   640
  197   304
  198   905
  199   571
  200   230
  201   835
  202   498
  203   160
  204   764
  205   425
  206    85
  207   690
  208   350
  209    17
  210   614
  211   285
  212   887
  213   545
  214   214
  215   811
  216   473
  217   137
  218   740
  219   406
  220    65
  221   668
  222   331
  223   931
  224   598
  225   262
  226   865
  227   528
  228   190
  229   794
  230   451
  231   117
  232   722
  233   379
  234    40
  235   644
  236   309
  237   912
  238   573
  239   239
  240   837
  241   503
  242   170
  243   768
  244   428
  245   100
  246   696
  247   363
  248    19
  249   625
  250   283
  251   891
  252   556
  253   218
  254   818
  255   485
  256   141
  257   745
  258   413
  259    74
  260   671
  261   341
  262     0
  263   601
  264   264
  265   871
  266   533
  267   193
  268   792
  269   458
  270   122
  271   724
  272   388
  273    52
  274   656
  275   313
  276   917
  277   578
  278   242
  279   846
  280   510
  281   171
  282   776
  283   440
  284    97
  285   698
  286   361
  287    30
  288   634
  289   291
  290   892
  291   557
  292   221
  293   828
  294   490
  295   148
  296   752
  297   411
  298    75
  299   680
  300   343
  301     7
  302   612
  303   276
  304   880
  305   534
  306   200
  307   804
  308   471
  309   134
  310   734
  311   395
  312    54
  313   659
  314   323
  315   926
  316   586
  317   249
  318   854
  319   512
  320   175
  321   780
  322   444
  323   105
  324   709
  325   377
  326    34
  327   636
  328   296
  329   899
  330   565
  331   229
  332   830
  333   492
  334   156
  335   757
  336   426
  337    88
  338   685
  339   355
  340    13
  341   616
  342   281
  343   879
  344   543
  345   204
  346   810
  347   474
  348   138
  349   735
  350   399
  351    64
  352   665
  353   333
  354   927
  355   591
  356   255
  357   856
  358   518
  359   185
  360   784
  361   448
  362   115
  363   716
  364   382
  365    37
  366   648
  367   303
  368   907
  369   568
  370   235
  371   839
  372   499
  373   158
  374   765
  375   432
  376    91
  377   693
  378   354
  379    20
  380   619
  381   288
  382   886
  383   548
  384   210
  385   820
  386   483
  387   142
  388   742
  389   404
  390    66
  391   670
  392   337
  393   934
  394   597
  395   263
  396   863
  397   530
  398   189
  399   798
  400   452
  401   121
  402   725
  403   385
  404    49
  405   653
  406   316
  407   918
  408   576
  409   243
  410   844
  411   505
  412   169
  413   769
  414   431
  415    96
  416   701
  417   359
  418    25
  419   631
  420   295
  421   890
  422   553
  423   223
  424   822
  425   482
  426   145
  427   756
  428   412
  429    72
  430   682
  431   340
  432     6
  433   603
  434   273
  435   868
  436   531
  437   202
  438   802
  439   462
  440   128
  441   730
  442   389
  443    55
  444   661
  445   315
  446   919
  447   584
  448   252
  449   852
  450   513
  451   174
  452   782
  453   439
  454   109
  455   707
  456   367
  457    36
  458   641
  459   299
  460   901
  461   566
  462   228
  463   824
  464   494
  465   153
  466   751
  467   418
  468    80
  469   687
  470   351
  471     4
  472   615
  473   279
  474   874
  475   542
  476   206
  477   806
  478   475
  479   130
  480   732
  481   394
  482    60
  483   660
  484   322
  485   933
  486   593
  487   253
  488   858
  489   523
  490   183
  491   787
  492   447
  493   111
  494   713
  495   375
  496    35
  497   638
  498   305
  499   910
  500   574
  501   237
  502   829
  503   496
  504   161
  505   766
  506   427
  507    89
  508   695
  509   352
  510    16
  511   621
  512   286
  513   883
  514   547
  515   209
  516   809
  517   478
  518   139
  519   743
  520   407
  521    69
  522   673
  523   332
  524   936
  525   596
  526   260
  527   867
  528   527
  529   191
  530   793
  531   456
  532   118
  533   717
  534   381
  535    46
  536   650
  537   308
  538   913
  539   581
  540   236
  541   843
  542   508
  543   173
  544   772
  545   433
  546    98
  547   700
  548   362
  549    22
  550   628
  551   287
  552   894
  553   550
  554   215
  555   821
  556   481
  557   143
  558   747
  559   414
  560    73
  561   676
  562   338
  563     3
  564   607
  565   268
  566   870
  567   536
  568   198
  569   801
  570   463
  571   124
  572   723
  573   386
  574    48
  575   654
  576   319
  577   916
  578   579
  579   248
  580   848
  581   507
  582   172
  583   775
  584   437
  585    99
  586   705
  587   366
  588    27
  589   629
  590   293
  591   897
  592   560
  593   220
  594   826
  595   487
  596   152
  597   750
  598   420
  599    83
  600   681
  601   344
  602     2
  603   610
  604   274
  605   872
  606   538
  607   205
  608   803
  609   468
  610   125
  611   727
  612   397
  613    56
  614   664
  615   321
  616   930
  617   590
  618   250
  619   857
  620   520
  621   181
  622   778
  623   446
  624   104
  625   715
  626   372
  627    41
  628   637
  629   306
  630   904
  631   564
  632   227
  633   833
  634   500
  635   165
  636   758
  637   422
  638    86
  639   689
  640   356
  641    12
  642   620
  643   277
  644   881
  645   549
  646   211
  647   813
  648   472
  649   135
  650   737
  651   403
  652    67
  653   663
  654   334
  655   929
  656   599
  657   261
  658   859
  659   524
  660   188
  661   788
  662   455
  663   119
  664   721
  665   380
  666    39
  667   649
  668   307
  669   911
  670   575
  671   233
  672   842
  673   501
  674   164
  675   767
  676   435
  677    95
  678   691
  679   357
  680    24
  681   627
  682   292
  683   893
  684   555
  685   216
  686   815
  687   479
  688   144
  689   749
  690   405
  691    71
  692   672
  693   339
  694   939
  695   606
  696   269
  697   866
  698   529
  699   196
  700   790
  701   459
  702   120
  703   720
  704   384
  705    47
  706   647
  707   317
  708   920
  709   577
  710   244
  711   845
  712   509
  713   168
  714   773
  715   434
  716   103
  717   703
  718   368
  719    31
  720   632
  721   294
  722   900
  723   562
  724   224
  725   823
  726   486
  727   147
  728   753
  729   410
  730    81
  731   677
  732   347
  733     9
  734   604
  735   267
  736   878
  737   535
  738   199
  739   799
  740   466
  741   131
  742   726
  743   390
  744    58
  745   658
  746   325
  747   925
  748   589
  749   247
  750   849
  751   516
  752   179
  753   785
  754   443
  755   106
  756   708
  757   370
  758    32
  759   633
  760   300
  761   903
  762   570
  763   226
  764   832
  765   489
  766   151
  767   763
  768   421
  769    84
  770   688
  771   348
  772    11
  773   617
  774   280
  775   885
  776   546
  777   208
  778   812
  779   467
  780   133
  781   733
  782   400
  783    63
  784   669
  785   328
  786   935
  787   595
  788   259
  789   860
  790   526
  791   186
  792   783
  793   453
  794   112
  795   710
  796   374
  797    42
  798   643
  799   311
  800   908
  801   567
  802   240
  803   836
  804   504
  805   163
  806   760
  807   423
  808    90
  809   694
  810   353
  811    18
  812   624
  813   284
  814   888
  815   552
  816   213
  817   816
  818   476
  819   140
  820   744
  821   402
  822    70
  823   674
  824   330
  825   937
  826   602
  827   265
  828   861
  829   525
  830   187
  831   796
  832   454
  833   116
  834   719
  835   383
  836    51
  837   651
  838   312
  839   914
  840   583
  841   246
  842   841
  843   506
  844   167
  845   770
  846   430
  847    92
  848   697
  849   364
  850    26
  851   626
  852   290
  853   898
  854   554
  855   222
  856   817
  857   480
  858   149
  859   746
  860   415
  861    76
  862   679
  863   342
  864     5
  865   609
  866   270
  867   875
  868   532
  869   195
  870   797
  871   461
  872   129
  873   729
  874   393
  875    53
  876   657
  877   318
  878   922
  879   585
  880   251
  881   853
  882   511
  883   177
  884   779
  885   442
  886   102
  887   704
  888   371
  889    33
  890   630
  891   297
  892   896
  893   563
  894   225
  895   825
  896   488
  897   155
  898   759
  899   419
  900    79
  901   684
  902   349
  903    14
  904   618
  905   272
  906   877
  907   539
  908   207
  909   805
  910   470
  911   136
  912   738
  913   396
  914    62
  915   662
  916   329
  917   923
  918   592
  919   257
  920   855
  921   521
  922   184
  923   789
  924   450
  925   110
  926   714
  927   373
  928    44
  929   645
  930   302
  931   902
  932   569
  933   231
  934   838
  935   497
  936   159
  937   762
  938   424
  939    87
