F80T1QL8_4B
Turbo Code Interleaving
User data with 4 flush bits N=436
NOTE: Q-bit is the bit index after interleaving. Data-bit is the index of user data

Q-bit Data-bit
--------------
    0     4
    1   282
    2   124
    3   405
    4   250
    5    92
    6   371
    7   215
    8    59
    9   338
   10   182
   11    28
   12   304
   13   150
   14   428
   15   273
   16   115
   17   395
   18   239
   19    82
   20   359
   21   205
   22    50
   23   328
   24   171
   25    14
   26   296
   27   140
   28   420
   29   260
   30   107
   31   386
   32   227
   33    73
   34   349
   35   195
   36    39
   37   317
   38   161
   39     5
   40   285
   41   127
   42   409
   43   252
   44    95
   45   373
   46   217
   47    61
   48   341
   49   186
   50    27
   51   308
   52   151
   53   433
   54   275
   55   119
   56   398
   57   240
   58    84
   59   363
   60   207
   61    52
   62   331
   63   173
   64    21
   65   298
   66   144
   67   422
   68   265
   69   108
   70   385
   71   230
   72    76
   73   353
   74   199
   75    43
   76   321
   77   166
   78    11
   79   289
   80   131
   81   410
   82   255
   83    98
   84   377
   85   221
   86    68
   87   344
   88   189
   89    33
   90   313
   91   156
   92   435
   93   278
   94   120
   95   400
   96   243
   97    91
   98   366
   99   212
  100    53
  101   333
  102   179
  103    22
  104   300
  105   146
  106   424
  107   269
  108   110
  109   390
  110   233
  111    77
  112   358
  113   203
  114    44
  115   327
  116   168
  117    12
  118   290
  119   135
  120   413
  121   259
  122   100
  123   379
  124   224
  125    70
  126   347
  127   190
  128    37
  129   314
  130   155
  131     1
  132   281
  133   125
  134   403
  135   248
  136    89
  137   369
  138   214
  139    58
  140   337
  141   181
  142    24
  143   302
  144   148
  145   427
  146   270
  147   112
  148   393
  149   238
  150    83
  151   361
  152   202
  153    48
  154   325
  155   172
  156    15
  157   294
  158   139
  159   417
  160   261
  161   102
  162   382
  163   229
  164    71
  165   350
  166   194
  167    38
  168   319
  169   162
  170     7
  171   283
  172   129
  173   406
  174   249
  175    94
  176   374
  177   216
  178    60
  179   342
  180   184
  181    29
  182   309
  183   152
  184   431
  185   272
  186   117
  187   394
  188   242
  189    85
  190   365
  191   209
  192    51
  193   330
  194   175
  195    19
  196   297
  197   142
  198   419
  199   264
  200   106
  201   387
  202   231
  203    75
  204   354
  205   196
  206    40
  207   320
  208   163
  209     8
  210   286
  211   133
  212   412
  213   253
  214    99
  215   376
  216   219
  217    63
  218   343
  219   188
  220    31
  221   310
  222   153
  223   432
  224   277
  225   121
  226   401
  227   244
  228    88
  229   368
  230   210
  231    55
  232   334
  233   176
  234    20
  235   299
  236   143
  237   423
  238   266
  239   111
  240   388
  241   234
  242    79
  243   356
  244   198
  245    47
  246   323
  247   170
  248     9
  249   291
  250   132
  251   415
  252   257
  253   101
  254   378
  255   225
  256    65
  257   346
  258   193
  259    35
  260   312
  261   159
  262     0
  263   279
  264   123
  265   404
  266   246
  267    90
  268   367
  269   213
  270    57
  271   335
  272   180
  273    25
  274   305
  275   145
  276   425
  277   268
  278   113
  279   392
  280   236
  281    80
  282   360
  283   204
  284    46
  285   324
  286   169
  287    16
  288   293
  289   136
  290   416
  291   258
  292   103
  293   383
  294   226
  295    69
  296   348
  297   191
  298    36
  299   315
  300   160
  301     3
  302   284
  303   128
  304   408
  305   247
  306    93
  307   372
  308   218
  309    62
  310   339
  311   183
  312    26
  313   306
  314   149
  315   429
  316   271
  317   116
  318   396
  319   237
  320    81
  321   362
  322   206
  323    49
  324   329
  325   174
  326    17
  327   295
  328   138
  329   418
  330   262
  331   105
  332   384
  333   228
  334    72
  335   352
  336   197
  337    41
  338   318
  339   165
  340     6
  341   287
  342   130
  343   407
  344   251
  345    96
  346   375
  347   220
  348    64
  349   340
  350   185
  351    30
  352   307
  353   154
  354   430
  355   274
  356   118
  357   397
  358   241
  359    86
  360   364
  361   208
  362    54
  363   332
  364   177
  365    18
  366   301
  367   141
  368   421
  369   263
  370   109
  371   389
  372   232
  373    74
  374   355
  375   201
  376    42
  377   322
  378   164
  379    10
  380   288
  381   134
  382   411
  383   254
  384    97
  385   380
  386   223
  387    66
  388   345
  389   187
  390    32
  391   311
  392   157
  393   434
  394   276
  395   122
  396   399
  397   245
  398    87
  399   370
  400   211
  401    56
  402   336
  403   178
  404    23
  405   303
  406   147
  407   426
  408   267
  409   114
  410   391
  411   235
  412    78
  413   357
  414   200
  415    45
  416   326
  417   167
  418    13
  419   292
  420   137
  421   414
  422   256
  423   104
  424   381
  425   222
  426    67
  427   351
  428   192
  429    34
  430   316
  431   158
  432     2
  433   280
  434   126
  435   402
