F80T45XRE
Turbo Code Interleaving
User data with 4 flush bits N=3004
NOTE: Q-bit is the bit index after interleaving. Data-bit is the index of user data

Q-bit Data-bit
--------------
    0    30
    1  1950
    2   849
    3  2790
    4  1725
    5   629
    6  2556
    7  1488
    8   401
    9  2338
   10  1251
   11   184
   12  2092
   13  1030
   14  2956
   15  1882
   16   778
   17  2722
   18  1646
   19   559
   20  2479
   21  1411
   22   343
   23  2255
   24  1168
   25    91
   26  2041
   27   963
   28  2893
   29  1791
   30   734
   31  2658
   32  1570
   33   505
   34  2407
   35  1335
   36   262
   37  2181
   38  1102
   39    34
   40  1960
   41   875
   42  2821
   43  1731
   44   644
   45  2583
   46  1497
   47   417
   48  2349
   49  1281
   50   181
   51  2127
   52  1032
   53  2980
   54  1900
   55   819
   56  2759
   57  1651
   58   575
   59  2498
   60  1424
   61   360
   62  2274
   63  1200
   64   134
   65  2051
   66   991
   67  2905
   68  1826
   69   743
   70  2654
   71  1582
   72   513
   73  2434
   74  1375
   75   301
   76  2217
   77  1144
   78    66
   79  1991
   80   900
   81  2824
   82  1762
   83   674
   84  2600
   85  1525
   86   463
   87  2362
   88  1307
   89   216
   90  2150
   91  1069
   92  2993
   93  1916
   94   826
   95  2763
   96  1670
   97   619
   98  2529
   99  1458
  100   362
  101  2298
  102  1234
  103   142
  104  2067
  105  1003
  106  2929
  107  1852
  108   759
  109  2679
  110  1604
  111   530
  112  2467
  113  1396
  114   305
  115  2246
  116  1151
  117    73
  118  1992
  119   918
  120  2842
  121  1787
  122   693
  123  2617
  124  1544
  125   478
  126  2392
  127  1312
  128   246
  129  2169
  130  1067
  131     4
  132  1937
  133   864
  134  2775
  135  1710
  136   613
  137  2538
  138  1466
  139   394
  140  2327
  141  1250
  142   153
  143  2080
  144  1020
  145  2942
  146  1857
  147   772
  148  2710
  149  1645
  150   561
  151  2486
  152  1392
  153   323
  154  2237
  155  1182
  156    92
  157  2035
  158   960
  159  2858
  160  1797
  161   698
  162  2646
  163  1572
  164   491
  165  2408
  166  1332
  167   248
  168  2192
  169  1103
  170    42
  171  1954
  172   884
  173  2798
  174  1723
  175   640
  176  2585
  177  1491
  178   403
  179  2358
  180  1270
  181   191
  182  2128
  183  1040
  184  2966
  185  1879
  186   812
  187  2717
  188  1653
  189   582
  190  2508
  191  1435
  192   344
  193  2273
  194  1206
  195   120
  196  2042
  197   974
  198  2892
  199  1821
  200   728
  201  2670
  202  1586
  203   511
  204  2441
  205  1359
  206   268
  207  2211
  208  1118
  209    46
  210  1965
  211   903
  212  2833
  213  1747
  214   679
  215  2594
  216  1511
  217   435
  218  2361
  219  1294
  220   208
  221  2133
  222  1056
  223  2972
  224  1906
  225   835
  226  2766
  227  1683
  228   610
  229  2536
  230  1442
  231   372
  232  2309
  233  1208
  234   129
  235  2058
  236   988
  237  2923
  238  1833
  239   764
  240  2673
  241  1606
  242   542
  243  2458
  244  1368
  245   322
  246  2230
  247  1161
  248    58
  249  1998
  250   901
  251  2852
  252  1776
  253   697
  254  2614
  255  1545
  256   449
  257  2385
  258  1323
  259   237
  260  2145
  261  1081
  262     1
  263  1917
  264   841
  265  2787
  266  1700
  267   616
  268  2530
  269  1460
  270   390
  271  2315
  272  1235
  273   162
  274  2097
  275  1002
  276  2934
  277  1845
  278   775
  279  2704
  280  1640
  281   543
  282  2484
  283  1408
  284   318
  285  2235
  286  1152
  287    97
  288  2028
  289   925
  290  2855
  291  1784
  292   703
  293  2649
  294  1569
  295   472
  296  2405
  297  1319
  298   240
  299  2173
  300  1093
  301    28
  302  1957
  303   877
  304  2810
  305  1702
  306   636
  307  2565
  308  1501
  309   422
  310  2347
  311  1263
  312   173
  313  2101
  314  1029
  315  2964
  316  1871
  317   793
  318  2727
  319  1642
  320   554
  321  2494
  322  1423
  323   334
  324  2269
  325  1202
  326   111
  327  2036
  328   951
  329  2874
  330  1810
  331   723
  332  2653
  333  1571
  334   495
  335  2416
  336  1360
  337   286
  338  2191
  339  1137
  340    40
  341  1968
  342   897
  343  2805
  344  1729
  345   645
  346  2590
  347  1513
  348   440
  349  2348
  350  1274
  351   207
  352  2123
  353  1062
  354  2965
  355  1895
  356   816
  357  2741
  358  1652
  359   592
  360  2505
  361  1431
  362   367
  363  2285
  364  1223
  365   118
  366  2069
  367   967
  368  2896
  369  1817
  370   745
  371  2678
  372  1590
  373   506
  374  2445
  375  1381
  376   293
  377  2219
  378  1133
  379    61
  380  1977
  381   917
  382  2829
  383  1754
  384   670
  385  2618
  386  1542
  387   451
  388  2365
  389  1289
  390   212
  391  2141
  392  1073
  393  2984
  394  1903
  395   840
  396  2760
  397  1689
  398   607
  399  2549
  400  1444
  401   389
  402  2320
  403  1230
  404   152
  405  2082
  406  1012
  407  2936
  408  1841
  409   776
  410  2701
  411  1609
  412   538
  413  2462
  414  1380
  415   313
  416  2244
  417  1148
  418    79
  419  2012
  420   939
  421  2845
  422  1765
  423   708
  424  2625
  425  1540
  426   461
  427  2409
  428  1322
  429   235
  430  2176
  431  1080
  432    26
  433  1931
  434   868
  435  2774
  436  1696
  437   642
  438  2562
  439  1482
  440   404
  441  2336
  442  1238
  443   174
  444  2108
  445  1007
  446  2939
  447  1865
  448   803
  449  2725
  450  1643
  451   549
  452  2501
  453  1399
  454   350
  455  2266
  456  1178
  457   116
  458  2043
  459   961
  460  2878
  461  1812
  462   722
  463  2633
  464  1579
  465   486
  466  2403
  467  1337
  468   258
  469  2194
  470  1125
  471    22
  472  1966
  473   886
  474  2795
  475  1727
  476   647
  477  2581
  478  1514
  479   410
  480  2339
  481  1258
  482   188
  483  2106
  484  1026
  485  2981
  486  1899
  487   807
  488  2746
  489  1671
  490   583
  491  2514
  492  1430
  493   357
  494  2276
  495  1199
  496   113
  497  2040
  498   975
  499  2911
  500  1838
  501   757
  502  2651
  503  1584
  504   512
  505  2446
  506  1363
  507   288
  508  2223
  509  1128
  510    45
  511  1987
  512   905
  513  2823
  514  1750
  515   668
  516  2587
  517  1530
  518   443
  519  2371
  520  1301
  521   218
  522  2148
  523  1057
  524  2987
  525  1902
  526   833
  527  2771
  528  1682
  529   611
  530  2532
  531  1457
  532   376
  533  2293
  534  1222
  535   145
  536  2078
  537   981
  538  2925
  539  1854
  540   756
  541  2694
  542  1623
  543   545
  544  2472
  545  1384
  546   320
  547  2239
  548  1155
  549    72
  550  2005
  551   909
  552  2857
  553  1757
  554   683
  555  2622
  556  1538
  557   453
  558  2390
  559  1327
  560   236
  561  2160
  562  1076
  563    15
  564  1946
  565   859
  566  2779
  567  1707
  568   631
  569  2559
  570  1486
  571   398
  572  2313
  573  1231
  574   149
  575  2084
  576  1019
  577  2930
  578  1850
  579   792
  580  2713
  581  1622
  582   544
  583  2482
  584  1395
  585   321
  586  2251
  587  1175
  588    86
  589  2009
  590   937
  591  2868
  592  1794
  593   702
  594  2645
  595  1553
  596   484
  597  2399
  598  1339
  599   263
  600  2174
  601  1098
  602     8
  603  1952
  604   870
  605  2789
  606  1711
  607   646
  608  2564
  609  1496
  610   400
  611  2325
  612  1268
  613   177
  614  2120
  615  1025
  616  2970
  617  1889
  618   797
  619  2743
  620  1657
  621   581
  622  2489
  623  1427
  624   331
  625  2281
  626  1190
  627   130
  628  2038
  629   977
  630  2890
  631  1803
  632   721
  633  2656
  634  1594
  635   523
  636  2419
  637  1353
  638   270
  639  2209
  640  1138
  641    38
  642  1984
  643   879
  644  2813
  645  1756
  646   673
  647  2597
  648  1510
  649   423
  650  2353
  651  1285
  652   213
  653  2118
  654  1063
  655  2969
  656  1908
  657   834
  658  2748
  659  1673
  660   601
  661  2517
  662  1453
  663   382
  664  2304
  665  1211
  666   128
  667  2073
  668   979
  669  2912
  670  1839
  671   741
  672  2684
  673  1602
  674   515
  675  2457
  676  1386
  677   306
  678  2216
  679  1143
  680    76
  681  2003
  682   931
  683  2856
  684  1774
  685   686
  686  2606
  687  1532
  688   454
  689  2397
  690  1293
  691   234
  692  2147
  693  1078
  694  2995
  695  1938
  696   860
  697  2768
  698  1686
  699   624
  700  2528
  701  1463
  702   385
  703  2302
  704  1227
  705   148
  706  2068
  707  1015
  708  2940
  709  1842
  710   777
  711  2702
  712  1624
  713   537
  714  2473
  715  1385
  716   327
  717  2247
  718  1180
  719    99
  720  2025
  721   938
  722  2876
  723  1798
  724   710
  725  2629
  726  1548
  727   470
  728  2406
  729  1317
  730   259
  731  2165
  732  1110
  733    33
  734  1936
  735   857
  736  2803
  737  1705
  738   635
  739  2551
  740  1492
  741   413
  742  2321
  743  1245
  744   183
  745  2100
  746  1031
  747  2962
  748  1886
  749   786
  750  2716
  751  1648
  752   566
  753  2506
  754  1418
  755   337
  756  2267
  757  1184
  758   105
  759  2026
  760   962
  761  2887
  762  1820
  763   720
  764  2655
  765  1568
  766   481
  767  2437
  768  1348
  769   265
  770  2203
  771  1113
  772    36
  773  1970
  774   896
  775  2826
  776  1748
  777   667
  778  2595
  779  1495
  780   418
  781  2345
  782  1275
  783   206
  784  2134
  785  1052
  786  2985
  787  1901
  788   831
  789  2754
  790  1681
  791   593
  792  2503
  793  1445
  794   358
  795  2271
  796  1198
  797   133
  798  2053
  799   994
  800  2897
  801  1815
  802   765
  803  2671
  804  1608
  805   514
  806  2432
  807  1354
  808   290
  809  2221
  810  1131
  811    49
  812  1997
  813   902
  814  2834
  815  1763
  816   678
  817  2612
  818  1515
  819   448
  820  2380
  821  1282
  822   232
  823  2149
  824  1055
  825  2991
  826  1930
  827   843
  828  2757
  829  1674
  830   600
  831  2541
  832  1451
  833   369
  834  2301
  835  1226
  836   156
  837  2079
  838   997
  839  2927
  840  1858
  841   784
  842  2681
  843  1618
  844   536
  845  2463
  846  1379
  847   297
  848  2233
  849  1167
  850    84
  851  1999
  852   919
  853  2870
  854  1769
  855   704
  856  2613
  857  1533
  858   476
  859  2389
  860  1328
  861   245
  862  2172
  863  1082
  864    24
  865  1951
  866   861
  867  2797
  868  1699
  869   622
  870  2542
  871  1478
  872   406
  873  2334
  874  1252
  875   168
  876  2099
  877  1016
  878  2946
  879  1870
  880   800
  881  2726
  882  1641
  883   560
  884  2490
  885  1417
  886   326
  887  2249
  888  1186
  889   110
  890  2010
  891   958
  892  2863
  893  1801
  894   713
  895  2641
  896  1561
  897   492
  898  2429
  899  1338
  900   256
  901  2182
  902  1115
  903    41
  904  1971
  905   867
  906  2801
  907  1722
  908   649
  909  2580
  910  1498
  911   431
  912  2356
  913  1265
  914   203
  915  2115
  916  1053
  917  2948
  918  1896
  919   820
  920  2737
  921  1660
  922   586
  923  2523
  924  1439
  925   354
  926  2280
  927  1197
  928   136
  929  2063
  930   966
  931  2885
  932  1819
  933   733
  934  2675
  935  1585
  936   510
  937  2435
  938  1357
  939   280
  940  2197
  941  1141
  942    53
  943  1982
  944   907
  945  2820
  946  1738
  947   661
  948  2607
  949  1535
  950   455
  951  2377
  952  1298
  953   221
  954  2146
  955  1071
  956  2976
  957  1923
  958   838
  959  2755
  960  1687
  961   606
  962  2535
  963  1454
  964   364
  965  2312
  966  1209
  967   147
  968  2062
  969   992
  970  2921
  971  1827
  972   755
  973  2680
  974  1617
  975   535
  976  2443
  977  1390
  978   291
  979  2234
  980  1157
  981    71
  982  1993
  983   932
  984  2847
  985  1760
  986   690
  987  2631
  988  1534
  989   456
  990  2388
  991  1313
  992   229
  993  2142
  994  1083
  995  3003
  996  1924
  997   854
  998  2781
  999  1706
 1000   614
 1001  2550
 1002  1475
 1003   402
 1004  2322
 1005  1241
 1006   175
 1007  2085
 1008  1018
 1009  2944
 1010  1869
 1011   781
 1012  2715
 1013  1636
 1014   552
 1015  2478
 1016  1398
 1017   316
 1018  2238
 1019  1166
 1020   100
 1021  2011
 1022   948
 1023  2875
 1024  1790
 1025   707
 1026  2642
 1027  1573
 1028   475
 1029  2418
 1030  1344
 1031   239
 1032  2180
 1033  1095
 1034     9
 1035  1949
 1036   885
 1037  2815
 1038  1730
 1039   652
 1040  2579
 1041  1477
 1042   427
 1043  2328
 1044  1267
 1045   192
 1046  2113
 1047  1047
 1048  2943
 1049  1875
 1050   802
 1051  2740
 1052  1658
 1053   579
 1054  2509
 1055  1420
 1056   353
 1057  2256
 1058  1201
 1059   106
 1060  2034
 1061   946
 1062  2889
 1063  1822
 1064   742
 1065  2648
 1066  1566
 1067   500
 1068  2427
 1069  1349
 1070   271
 1071  2208
 1072  1119
 1073    56
 1074  1975
 1075   882
 1076  2828
 1077  1736
 1078   669
 1079  2601
 1080  1508
 1081   437
 1082  2373
 1083  1272
 1084   219
 1085  2130
 1086  1044
 1087  2994
 1088  1909
 1089   830
 1090  2767
 1091  1664
 1092   589
 1093  2522
 1094  1437
 1095   359
 1096  2299
 1097  1213
 1098   127
 1099  2059
 1100   970
 1101  2899
 1102  1843
 1103   758
 1104  2691
 1105  1599
 1106   517
 1107  2454
 1108  1370
 1109   300
 1110  2207
 1111  1145
 1112    54
 1113  1983
 1114   923
 1115  2831
 1116  1771
 1117   675
 1118  2596
 1119  1522
 1120   459
 1121  2376
 1122  1303
 1123   230
 1124  2151
 1125  1077
 1126     3
 1127  1929
 1128   850
 1129  2770
 1130  1695
 1131   602
 1132  2554
 1133  1465
 1134   383
 1135  2316
 1136  1246
 1137   169
 1138  2074
 1139   996
 1140  2919
 1141  1866
 1142   780
 1143  2699
 1144  1611
 1145   556
 1146  2459
 1147  1389
 1148   308
 1149  2250
 1150  1177
 1151    77
 1152  2023
 1153   926
 1154  2869
 1155  1789
 1156   717
 1157  2643
 1158  1555
 1159   467
 1160  2411
 1161  1314
 1162   241
 1163  2185
 1164  1100
 1165     2
 1166  1945
 1167   865
 1168  2800
 1169  1709
 1170   630
 1171  2566
 1172  1483
 1173   399
 1174  2323
 1175  1256
 1176   186
 1177  2095
 1178  1034
 1179  2959
 1180  1872
 1181   804
 1182  2736
 1183  1650
 1184   584
 1185  2481
 1186  1414
 1187   339
 1188  2264
 1189  1170
 1190    96
 1191  2045
 1192   965
 1193  2871
 1194  1796
 1195   716
 1196  2660
 1197  1565
 1198   496
 1199  2428
 1200  1336
 1201   269
 1202  2187
 1203  1123
 1204    32
 1205  1972
 1206   895
 1207  2806
 1208  1743
 1209   655
 1210  2569
 1211  1506
 1212   428
 1213  2342
 1214  1279
 1215   202
 1216  2124
 1217  1046
 1218  2971
 1219  1876
 1220   811
 1221  2729
 1222  1677
 1223   596
 1224  2502
 1225  1432
 1226   352
 1227  2294
 1228  1203
 1229   144
 1230  2057
 1231   989
 1232  2900
 1233  1814
 1234   746
 1235  2663
 1236  1598
 1237   519
 1238  2442
 1239  1362
 1240   285
 1241  2222
 1242  1130
 1243    62
 1244  1989
 1245   891
 1246  2840
 1247  1746
 1248   684
 1249  2609
 1250  1518
 1251   447
 1252  2368
 1253  1304
 1254   222
 1255  2157
 1256  1065
 1257  3001
 1258  1925
 1259   845
 1260  2756
 1261  1690
 1262   621
 1263  2527
 1264  1459
 1265   375
 1266  2310
 1267  1221
 1268   158
 1269  2077
 1270   980
 1271  2918
 1272  1849
 1273   761
 1274  2690
 1275  1626
 1276   533
 1277  2466
 1278  1376
 1279   314
 1280  2225
 1281  1153
 1282    87
 1283  2008
 1284   930
 1285  2864
 1286  1773
 1287   701
 1288  2626
 1289  1552
 1290   468
 1291  2395
 1292  1311
 1293   254
 1294  2167
 1295  1085
 1296    21
 1297  1933
 1298   853
 1299  2784
 1300  1708
 1301   637
 1302  2548
 1303  1473
 1304   409
 1305  2331
 1306  1239
 1307   159
 1308  2088
 1309  1021
 1310  2933
 1311  1878
 1312   795
 1313  2703
 1314  1639
 1315   550
 1316  2483
 1317  1409
 1318   328
 1319  2259
 1320  1164
 1321   107
 1322  2013
 1323   956
 1324  2879
 1325  1795
 1326   729
 1327  2647
 1328  1576
 1329   499
 1330  2425
 1331  1341
 1332   255
 1333  2195
 1334  1107
 1335    31
 1336  1947
 1337   878
 1338  2816
 1339  1718
 1340   651
 1341  2578
 1342  1484
 1343   424
 1344  2346
 1345  1269
 1346   185
 1347  2121
 1348  1049
 1349  2950
 1350  1894
 1351   808
 1352  2730
 1353  1649
 1354   590
 1355  2504
 1356  1422
 1357   347
 1358  2282
 1359  1196
 1360   114
 1361  2055
 1362   954
 1363  2891
 1364  1830
 1365   738
 1366  2672
 1367  1589
 1368   507
 1369  2422
 1370  1347
 1371   295
 1372  2205
 1373  1117
 1374    59
 1375  1978
 1376   910
 1377  2818
 1378  1751
 1379   680
 1380  2593
 1381  1509
 1382   432
 1383  2357
 1384  1292
 1385   224
 1386  2144
 1387  1058
 1388  3000
 1389  1911
 1390   842
 1391  2769
 1392  1666
 1393   603
 1394  2539
 1395  1452
 1396   377
 1397  2306
 1398  1229
 1399   151
 1400  2071
 1401  1000
 1402  2915
 1403  1829
 1404   754
 1405  2695
 1406  1610
 1407   526
 1408  2449
 1409  1378
 1410   302
 1411  2229
 1412  1158
 1413    70
 1414  2006
 1415   921
 1416  2839
 1417  1770
 1418   700
 1419  2611
 1420  1529
 1421   458
 1422  2386
 1423  1295
 1424   220
 1425  2166
 1426  1088
 1427     7
 1428  1932
 1429   851
 1430  2782
 1431  1703
 1432   632
 1433  2543
 1434  1461
 1435   380
 1436  2308
 1437  1247
 1438   171
 1439  2087
 1440  1013
 1441  2931
 1442  1864
 1443   770
 1444  2688
 1445  1619
 1446   557
 1447  2471
 1448  1401
 1449   312
 1450  2252
 1451  1156
 1452    90
 1453  2017
 1454   933
 1455  2853
 1456  1786
 1457   709
 1458  2640
 1459  1554
 1460   469
 1461  2404
 1462  1324
 1463   253
 1464  2188
 1465  1090
 1466    11
 1467  1944
 1468   871
 1469  2802
 1470  1721
 1471   659
 1472  2560
 1473  1487
 1474   420
 1475  2332
 1476  1266
 1477   179
 1478  2105
 1479  1035
 1480  2947
 1481  1884
 1482   810
 1483  2734
 1484  1661
 1485   577
 1486  2491
 1487  1412
 1488   338
 1489  2260
 1490  1181
 1491   112
 1492  2030
 1493   949
 1494  2888
 1495  1804
 1496   735
 1497  2666
 1498  1575
 1499   516
 1500  2433
 1501  1346
 1502   274
 1503  2206
 1504  1139
 1505    52
 1506  1961
 1507   888
 1508  2804
 1509  1745
 1510   664
 1511  2602
 1512  1507
 1513   425
 1514  2367
 1515  1291
 1516   189
 1517  2138
 1518  1051
 1519  2989
 1520  1913
 1521   829
 1522  2750
 1523  1656
 1524   580
 1525  2524
 1526  1446
 1527   370
 1528  2295
 1529  1214
 1530   124
 1531  2044
 1532   993
 1533  2920
 1534  1818
 1535   768
 1536  2669
 1537  1593
 1538   518
 1539  2452
 1540  1387
 1541   289
 1542  2226
 1543  1147
 1544    69
 1545  1994
 1546   920
 1547  2835
 1548  1768
 1549   687
 1550  2619
 1551  1539
 1552   466
 1553  2394
 1554  1318
 1555   225
 1556  2155
 1557  1075
 1558  2997
 1559  1922
 1560   837
 1561  2772
 1562  1680
 1563   609
 1564  2546
 1565  1467
 1566   381
 1567  2303
 1568  1242
 1569   157
 1570  2081
 1571  1005
 1572  2928
 1573  1862
 1574   783
 1575  2697
 1576  1625
 1577   548
 1578  2480
 1579  1391
 1580   325
 1581  2232
 1582  1169
 1583    78
 1584  2021
 1585   940
 1586  2860
 1587  1780
 1588   689
 1589  2623
 1590  1563
 1591   487
 1592  2414
 1593  1310
 1594   260
 1595  2177
 1596  1087
 1597     6
 1598  1927
 1599   874
 1600  2794
 1601  1713
 1602   627
 1603  2552
 1604  1476
 1605   419
 1606  2330
 1607  1237
 1608   170
 1609  2090
 1610  1036
 1611  2957
 1612  1859
 1613   798
 1614  2721
 1615  1628
 1616   558
 1617  2488
 1618  1410
 1619   342
 1620  2263
 1621  1185
 1622   121
 1623  2033
 1624   936
 1625  2881
 1626  1806
 1627   712
 1628  2662
 1629  1564
 1630   483
 1631  2421
 1632  1356
 1633   273
 1634  2193
 1635  1101
 1636    29
 1637  1976
 1638   893
 1639  2827
 1640  1734
 1641   641
 1642  2575
 1643  1489
 1644   433
 1645  2364
 1646  1280
 1647   201
 1648  2110
 1649  1037
 1650  2960
 1651  1881
 1652   822
 1653  2738
 1654  1668
 1655   599
 1656  2499
 1657  1419
 1658   341
 1659  2279
 1660  1207
 1661   126
 1662  2066
 1663   985
 1664  2902
 1665  1813
 1666   730
 1667  2685
 1668  1583
 1669   525
 1670  2451
 1671  1374
 1672   282
 1673  2227
 1674  1129
 1675    50
 1676  1981
 1677   913
 1678  2843
 1679  1758
 1680   665
 1681  2604
 1682  1519
 1683   446
 1684  2381
 1685  1296
 1686   209
 1687  2129
 1688  1079
 1689  2977
 1690  1921
 1691   848
 1692  2753
 1693  1675
 1694   612
 1695  2521
 1696  1464
 1697   392
 1698  2290
 1699  1216
 1700   160
 1701  2076
 1702   998
 1703  2910
 1704  1837
 1705   766
 1706  2709
 1707  1605
 1708   529
 1709  2469
 1710  1373
 1711   298
 1712  2215
 1713  1146
 1714    89
 1715  1990
 1716   934
 1717  2859
 1718  1775
 1719   699
 1720  2615
 1721  1547
 1722   457
 1723  2398
 1724  1325
 1725   231
 1726  2164
 1727  1086
 1728    18
 1729  1918
 1730   846
 1731  2773
 1732  1716
 1733   618
 1734  2558
 1735  1468
 1736   411
 1737  2329
 1738  1253
 1739   182
 1740  2104
 1741  1022
 1742  2941
 1743  1861
 1744   789
 1745  2707
 1746  1637
 1747   562
 1748  2475
 1749  1394
 1750   332
 1751  2245
 1752  1174
 1753   104
 1754  2015
 1755   953
 1756  2865
 1757  1788
 1758   718
 1759  2650
 1760  1557
 1761   479
 1762  2420
 1763  1342
 1764   252
 1765  2183
 1766  1099
 1767    13
 1768  1956
 1769   863
 1770  2791
 1771  1712
 1772   654
 1773  2576
 1774  1499
 1775   415
 1776  2333
 1777  1273
 1778   196
 1779  2102
 1780  1045
 1781  2955
 1782  1893
 1783   794
 1784  2720
 1785  1667
 1786   563
 1787  2520
 1788  1428
 1789   340
 1790  2286
 1791  1195
 1792   137
 1793  2049
 1794   971
 1795  2895
 1796  1811
 1797   753
 1798  2668
 1799  1591
 1800   504
 1801  2436
 1802  1367
 1803   284
 1804  2210
 1805  1134
 1806    39
 1807  1974
 1808   912
 1809  2817
 1810  1739
 1811   672
 1812  2584
 1813  1516
 1814   450
 1815  2366
 1816  1288
 1817   190
 1818  2140
 1819  1042
 1820  2990
 1821  1898
 1822   813
 1823  2744
 1824  1678
 1825   597
 1826  2515
 1827  1450
 1828   365
 1829  2296
 1830  1218
 1831   131
 1832  2056
 1833   976
 1834  2909
 1835  1831
 1836   751
 1837  2682
 1838  1601
 1839   541
 1840  2456
 1841  1388
 1842   310
 1843  2224
 1844  1135
 1845    67
 1846  1995
 1847   914
 1848  2850
 1849  1778
 1850   685
 1851  2621
 1852  1526
 1853   460
 1854  2382
 1855  1315
 1856   243
 1857  2154
 1858  1094
 1859  2999
 1860  1912
 1861   847
 1862  2785
 1863  1701
 1864   615
 1865  2534
 1866  1479
 1867   391
 1868  2317
 1869  1228
 1870   167
 1871  2089
 1872  1010
 1873  2945
 1874  1855
 1875   788
 1876  2698
 1877  1629
 1878   539
 1879  2465
 1880  1402
 1881   311
 1882  2241
 1883  1179
 1884    83
 1885  2027
 1886   943
 1887  2861
 1888  1783
 1889   711
 1890  2639
 1891  1574
 1892   490
 1893  2396
 1894  1326
 1895   266
 1896  2168
 1897  1114
 1898    14
 1899  1942
 1900   855
 1901  2796
 1902  1704
 1903   633
 1904  2570
 1905  1493
 1906   416
 1907  2335
 1908  1264
 1909   193
 1910  2098
 1911  1023
 1912  2953
 1913  1868
 1914   791
 1915  2728
 1916  1630
 1917   574
 1918  2510
 1919  1404
 1920   329
 1921  2265
 1922  1194
 1923   125
 1924  2024
 1925   952
 1926  2886
 1927  1823
 1928   726
 1929  2652
 1930  1577
 1931   493
 1932  2415
 1933  1340
 1934   276
 1935  2204
 1936  1120
 1937    44
 1938  1980
 1939   894
 1940  2822
 1941  1724
 1942   660
 1943  2571
 1944  1505
 1945   438
 1946  2359
 1947  1278
 1948   198
 1949  2122
 1950  1061
 1951  2986
 1952  1880
 1953   827
 1954  2731
 1955  1679
 1956   594
 1957  2526
 1958  1429
 1959   349
 1960  2292
 1961  1217
 1962   123
 1963  2060
 1964   986
 1965  2907
 1966  1824
 1967   750
 1968  2676
 1969  1587
 1970   521
 1971  2450
 1972  1371
 1973   283
 1974  2212
 1975  1150
 1976    81
 1977  2000
 1978   915
 1979  2837
 1980  1766
 1981   676
 1982  2610
 1983  1528
 1984   434
 1985  2372
 1986  1290
 1987   223
 1988  2156
 1989  1074
 1990     5
 1991  1914
 1992   823
 1993  2776
 1994  1693
 1995   620
 1996  2544
 1997  1470
 1998   378
 1999  2319
 2000  1232
 2001   146
 2002  2086
 2003   990
 2004  2937
 2005  1856
 2006   785
 2007  2693
 2008  1612
 2009   540
 2010  2468
 2011  1397
 2012   303
 2013  2242
 2014  1165
 2015    80
 2016  2018
 2017   927
 2018  2851
 2019  1759
 2020   691
 2021  2636
 2022  1543
 2023   482
 2024  2387
 2025  1308
 2026   242
 2027  2171
 2028  1106
 2029    10
 2030  1939
 2031   852
 2032  2788
 2033  1714
 2034   626
 2035  2567
 2036  1469
 2037   407
 2038  2340
 2039  1249
 2040   176
 2041  2114
 2042  1009
 2043  2954
 2044  1873
 2045   790
 2046  2714
 2047  1631
 2048   573
 2049  2500
 2050  1406
 2051   345
 2052  2262
 2053  1172
 2054   109
 2055  2020
 2056   942
 2057  2862
 2058  1816
 2059   736
 2060  2632
 2061  1562
 2062   497
 2063  2413
 2064  1343
 2065   279
 2066  2179
 2067  1108
 2068    19
 2069  1943
 2070   892
 2071  2807
 2072  1728
 2073   663
 2074  2582
 2075  1502
 2076   414
 2077  2360
 2078  1284
 2079   200
 2080  2125
 2081  1027
 2082  2978
 2083  1888
 2084   806
 2085  2747
 2086  1665
 2087   569
 2088  2497
 2089  1433
 2090   361
 2091  2268
 2092  1212
 2093   140
 2094  2048
 2095   978
 2096  2904
 2097  1809
 2098   747
 2099  2674
 2100  1603
 2101   531
 2102  2439
 2103  1350
 2104   278
 2105  2196
 2106  1126
 2107    64
 2108  1973
 2109   898
 2110  2819
 2111  1744
 2112   671
 2113  2598
 2114  1521
 2115   444
 2116  2369
 2117  1287
 2118   228
 2119  2131
 2120  1060
 2121  2988
 2122  1915
 2123   814
 2124  2752
 2125  1691
 2126   604
 2127  2533
 2128  1438
 2129   371
 2130  2297
 2131  1210
 2132   135
 2133  2075
 2134   983
 2135  2935
 2136  1853
 2137   769
 2138  2686
 2139  1615
 2140   522
 2141  2470
 2142  1369
 2143   315
 2144  2240
 2145  1162
 2146    68
 2147  2002
 2148   916
 2149  2854
 2150  1779
 2151   696
 2152  2627
 2153  1537
 2154   471
 2155  2401
 2156  1302
 2157   238
 2158  2158
 2159  1089
 2160    16
 2161  1935
 2162   866
 2163  2793
 2164  1688
 2165   628
 2166  2537
 2167  1462
 2168   384
 2169  2326
 2170  1240
 2171   172
 2172  2096
 2173  1024
 2174  2926
 2175  1867
 2176   787
 2177  2708
 2178  1635
 2179   551
 2180  2464
 2181  1413
 2182   336
 2183  2253
 2184  1183
 2185    98
 2186  2019
 2187   950
 2188  2880
 2189  1782
 2190   706
 2191  2624
 2192  1567
 2193   488
 2194  2417
 2195  1345
 2196   250
 2197  2170
 2198  1092
 2199    37
 2200  1959
 2201   873
 2202  2799
 2203  1735
 2204   656
 2205  2574
 2206  1485
 2207   408
 2208  2352
 2209  1248
 2210   178
 2211  2112
 2212  1038
 2213  2958
 2214  1892
 2215   809
 2216  2742
 2217  1655
 2218   567
 2219  2496
 2220  1436
 2221   335
 2222  2287
 2223  1192
 2224   117
 2225  2037
 2226   964
 2227  2901
 2228  1825
 2229   727
 2230  2664
 2231  1595
 2232   503
 2233  2423
 2234  1361
 2235   275
 2236  2213
 2237  1111
 2238    48
 2239  1967
 2240   880
 2241  2814
 2242  1752
 2243   666
 2244  2603
 2245  1520
 2246   429
 2247  2374
 2248  1283
 2249   194
 2250  2139
 2251  1059
 2252  2983
 2253  1887
 2254   821
 2255  2761
 2256  1684
 2257   591
 2258  2516
 2259  1449
 2260   379
 2261  2289
 2262  1204
 2263   139
 2264  2065
 2265   987
 2266  2903
 2267  1834
 2268   749
 2269  2696
 2270  1596
 2271   532
 2272  2461
 2273  1364
 2274   287
 2275  2218
 2276  1140
 2277    63
 2278  2007
 2279   906
 2280  2844
 2281  1749
 2282   692
 2283  2599
 2284  1549
 2285   462
 2286  2379
 2287  1297
 2288   233
 2289  2135
 2290  1064
 2291     0
 2292  1920
 2293   839
 2294  2762
 2295  1698
 2296   634
 2297  2557
 2298  1471
 2299   393
 2300  2300
 2301  1236
 2302   161
 2303  2091
 2304  1008
 2305  2932
 2306  1847
 2307   774
 2308  2706
 2309  1614
 2310   547
 2311  2460
 2312  1405
 2313   309
 2314  2254
 2315  1171
 2316    95
 2317  2001
 2318   924
 2319  2872
 2320  1777
 2321   714
 2322  2637
 2323  1556
 2324   480
 2325  2412
 2326  1329
 2327   247
 2328  2178
 2329  1109
 2330    17
 2331  1941
 2332   872
 2333  2786
 2334  1726
 2335   638
 2336  2555
 2337  1474
 2338   412
 2339  2337
 2340  1262
 2341   180
 2342  2116
 2343  1014
 2344  2963
 2345  1877
 2346   799
 2347  2723
 2348  1632
 2349   570
 2350  2492
 2351  1426
 2352   348
 2353  2270
 2354  1176
 2355   101
 2356  2052
 2357   957
 2358  2883
 2359  1805
 2360   719
 2361  2644
 2362  1581
 2363   509
 2364  2424
 2365  1334
 2366   277
 2367  2202
 2368  1105
 2369    35
 2370  1969
 2371   899
 2372  2832
 2373  1733
 2374   653
 2375  2573
 2376  1504
 2377   426
 2378  2350
 2379  1271
 2380   204
 2381  2132
 2382  1039
 2383  2979
 2384  1883
 2385   825
 2386  2751
 2387  1669
 2388   585
 2389  2507
 2390  1441
 2391   356
 2392  2284
 2393  1219
 2394   122
 2395  2047
 2396   973
 2397  2894
 2398  1828
 2399   763
 2400  2687
 2401  1580
 2402   524
 2403  2448
 2404  1355
 2405   304
 2406  2201
 2407  1132
 2408    57
 2409  1979
 2410   911
 2411  2838
 2412  1764
 2413   688
 2414  2605
 2415  1517
 2416   445
 2417  2384
 2418  1299
 2419   214
 2420  2159
 2421  1070
 2422  2998
 2423  1904
 2424   844
 2425  2758
 2426  1672
 2427   598
 2428  2540
 2429  1472
 2430   374
 2431  2305
 2432  1224
 2433   163
 2434  2093
 2435  1001
 2436  2913
 2437  1851
 2438   760
 2439  2692
 2440  1627
 2441   534
 2442  2453
 2443  1377
 2444   317
 2445  2248
 2446  1160
 2447    82
 2448  2016
 2449   941
 2450  2846
 2451  1785
 2452   695
 2453  2620
 2454  1551
 2455   477
 2456  2391
 2457  1306
 2458   227
 2459  2163
 2460  1096
 2461    20
 2462  1955
 2463   862
 2464  2783
 2465  1717
 2466   625
 2467  2553
 2468  1490
 2469   396
 2470  2314
 2471  1261
 2472   155
 2473  2107
 2474  1011
 2475  2951
 2476  1860
 2477   782
 2478  2705
 2479  1638
 2480   553
 2481  2477
 2482  1400
 2483   346
 2484  2261
 2485  1187
 2486   102
 2487  2039
 2488   944
 2489  2873
 2490  1793
 2491   732
 2492  2635
 2493  1560
 2494   485
 2495  2402
 2496  1331
 2497   251
 2498  2189
 2499  1116
 2500    47
 2501  1948
 2502   890
 2503  2792
 2504  1720
 2505   650
 2506  2586
 2507  1512
 2508   421
 2509  2355
 2510  1257
 2511   199
 2512  2111
 2513  1050
 2514  2968
 2515  1891
 2516   815
 2517  2724
 2518  1659
 2519   571
 2520  2495
 2521  1421
 2522   355
 2523  2288
 2524  1189
 2525   115
 2526  2054
 2527   972
 2528  2906
 2529  1808
 2530   731
 2531  2667
 2532  1592
 2533   502
 2534  2444
 2535  1358
 2536   272
 2537  2198
 2538  1124
 2539    51
 2540  1964
 2541   887
 2542  2825
 2543  1753
 2544   681
 2545  2591
 2546  1523
 2547   441
 2548  2383
 2549  1277
 2550   215
 2551  2136
 2552  1072
 2553  2996
 2554  1910
 2555   817
 2556  2749
 2557  1676
 2558   595
 2559  2525
 2560  1443
 2561   386
 2562  2307
 2563  1205
 2564   138
 2565  2072
 2566   999
 2567  2924
 2568  1844
 2569   771
 2570  2700
 2571  1620
 2572   546
 2573  2474
 2574  1366
 2575   299
 2576  2231
 2577  1149
 2578    74
 2579  1985
 2580   922
 2581  2848
 2582  1781
 2583   694
 2584  2616
 2585  1531
 2586   464
 2587  2375
 2588  1321
 2589   217
 2590  2152
 2591  1091
 2592    12
 2593  1919
 2594   858
 2595  2780
 2596  1694
 2597   608
 2598  2545
 2599  1455
 2600   388
 2601  2324
 2602  1254
 2603   164
 2604  2083
 2605  1004
 2606  2938
 2607  1848
 2608   779
 2609  2711
 2610  1633
 2611   564
 2612  2487
 2613  1403
 2614   319
 2615  2236
 2616  1159
 2617    93
 2618  2022
 2619   947
 2620  2866
 2621  1799
 2622   724
 2623  2630
 2624  1550
 2625   494
 2626  2410
 2627  1320
 2628   249
 2629  2184
 2630  1112
 2631    25
 2632  1962
 2633   883
 2634  2808
 2635  1732
 2636   658
 2637  2572
 2638  1500
 2639   397
 2640  2343
 2641  1255
 2642   187
 2643  2119
 2644  1033
 2645  2961
 2646  1890
 2647   796
 2648  2735
 2649  1647
 2650   578
 2651  2512
 2652  1415
 2653   330
 2654  2257
 2655  1191
 2656   103
 2657  2031
 2658   945
 2659  2877
 2660  1802
 2661   737
 2662  2657
 2663  1597
 2664   501
 2665  2438
 2666  1352
 2667   264
 2668  2190
 2669  1127
 2670    55
 2671  1963
 2672   881
 2673  2811
 2674  1740
 2675   657
 2676  2589
 2677  1527
 2678   442
 2679  2354
 2680  1276
 2681   195
 2682  2137
 2683  1043
 2684  2975
 2685  1907
 2686   828
 2687  2739
 2688  1663
 2689   587
 2690  2519
 2691  1447
 2692   366
 2693  2278
 2694  1225
 2695   143
 2696  2050
 2697   995
 2698  2898
 2699  1836
 2700   744
 2701  2683
 2702  1616
 2703   520
 2704  2440
 2705  1383
 2706   296
 2707  2214
 2708  1142
 2709    60
 2710  1996
 2711   929
 2712  2836
 2713  1755
 2714   682
 2715  2608
 2716  1546
 2717   465
 2718  2378
 2719  1316
 2720   226
 2721  2162
 2722  1068
 2723  2992
 2724  1928
 2725   836
 2726  2765
 2727  1697
 2728   617
 2729  2547
 2730  1456
 2731   395
 2732  2311
 2733  1243
 2734   154
 2735  2094
 2736  1006
 2737  2916
 2738  1840
 2739   767
 2740  2712
 2741  1621
 2742   555
 2743  2455
 2744  1407
 2745   307
 2746  2243
 2747  1163
 2748    88
 2749  2004
 2750   935
 2751  2849
 2752  1767
 2753   715
 2754  2634
 2755  1541
 2756   473
 2757  2400
 2758  1333
 2759   261
 2760  2186
 2761  1104
 2762    23
 2763  1940
 2764   856
 2765  2777
 2766  1715
 2767   643
 2768  2563
 2769  1480
 2770   405
 2771  2341
 2772  1260
 2773   166
 2774  2109
 2775  1028
 2776  2967
 2777  1863
 2778   805
 2779  2719
 2780  1634
 2781   568
 2782  2511
 2783  1416
 2784   333
 2785  2275
 2786  1188
 2787   108
 2788  2046
 2789   959
 2790  2882
 2791  1792
 2792   739
 2793  2661
 2794  1588
 2795   489
 2796  2430
 2797  1330
 2798   281
 2799  2199
 2800  1122
 2801    27
 2802  1958
 2803   876
 2804  2812
 2805  1742
 2806   648
 2807  2577
 2808  1503
 2809   439
 2810  2344
 2811  1286
 2812   210
 2813  2117
 2814  1048
 2815  2974
 2816  1885
 2817   824
 2818  2732
 2819  1662
 2820   572
 2821  2513
 2822  1425
 2823   363
 2824  2277
 2825  1220
 2826   119
 2827  2061
 2828   968
 2829  2914
 2830  1835
 2831   740
 2832  2665
 2833  1607
 2834   527
 2835  2447
 2836  1372
 2837   294
 2838  2220
 2839  1136
 2840    75
 2841  1988
 2842   904
 2843  2841
 2844  1761
 2845   677
 2846  2592
 2847  1536
 2848   452
 2849  2363
 2850  1309
 2851   211
 2852  2161
 2853  1066
 2854  2982
 2855  1926
 2856   832
 2857  2764
 2858  1685
 2859   605
 2860  2531
 2861  1440
 2862   373
 2863  2291
 2864  1215
 2865   150
 2866  2064
 2867   982
 2868  2922
 2869  1846
 2870   762
 2871  2689
 2872  1613
 2873   528
 2874  2476
 2875  1382
 2876   292
 2877  2228
 2878  1154
 2879    85
 2880  2014
 2881   928
 2882  2867
 2883  1772
 2884   705
 2885  2628
 2886  1558
 2887   474
 2888  2393
 2889  1305
 2890   244
 2891  2153
 2892  1084
 2893  3002
 2894  1934
 2895   869
 2896  2778
 2897  1719
 2898   623
 2899  2568
 2900  1481
 2901   387
 2902  2318
 2903  1244
 2904   165
 2905  2103
 2906  1017
 2907  2949
 2908  1874
 2909   773
 2910  2718
 2911  1644
 2912   565
 2913  2485
 2914  1393
 2915   324
 2916  2258
 2917  1173
 2918    94
 2919  2029
 2920   955
 2921  2884
 2922  1800
 2923   725
 2924  2638
 2925  1559
 2926   498
 2927  2426
 2928  1351
 2929   257
 2930  2175
 2931  1097
 2932    43
 2933  1953
 2934   889
 2935  2809
 2936  1741
 2937   639
 2938  2561
 2939  1494
 2940   430
 2941  2351
 2942  1259
 2943   197
 2944  2126
 2945  1041
 2946  2952
 2947  1897
 2948   801
 2949  2733
 2950  1654
 2951   576
 2952  2493
 2953  1434
 2954   351
 2955  2272
 2956  1193
 2957   132
 2958  2032
 2959   969
 2960  2908
 2961  1807
 2962   748
 2963  2659
 2964  1578
 2965   508
 2966  2431
 2967  1365
 2968   267
 2969  2200
 2970  1121
 2971    65
 2972  1986
 2973   908
 2974  2830
 2975  1737
 2976   662
 2977  2588
 2978  1524
 2979   436
 2980  2370
 2981  1300
 2982   205
 2983  2143
 2984  1054
 2985  2973
 2986  1905
 2987   818
 2988  2745
 2989  1692
 2990   588
 2991  2518
 2992  1448
 2993   368
 2994  2283
 2995  1233
 2996   141
 2997  2070
 2998   984
 2999  2917
 3000  1832
 3001   752
 3002  2677
 3003  1600
