FR80T25X16H2
Turbo Code Interleaving
User data with 4 flush bits = 3684
NOTE: S-bit is the bit index after interleaving. Data-bit is the index of user data
S-bit Data-bit
    0    36
    1  2393
    2  1042
    3  3422
    4  2116
    5   775
    6  3136
    7  1825
    8   494
    9  2866
   10  1533
   11   226
   12  2564
   13  1265
   14  3625
   15  2309
   16   955
   17  3340
   18  2019
   19   688
   20  3040
   21  1734
   22   422
   23  2766
   24  1435
   25   115
   26  2504
   27  1181
   28  3550
   29  2196
   30   902
   31  3263
   32  1930
   33   621
   34  2955
   35  1638
   36   322
   37  2675
   38  1352
   39    41
   40  2406
   41  1073
   42  3460
   43  2124
   44   791
   45  3170
   46  1835
   47   513
   48  2881
   49  1573
   50   222
   51  2609
   52  1267
   53  3655
   54  2333
   55  1006
   56  3384
   57  2027
   58   706
   59  3066
   60  1749
   61   443
   62  2792
   63  1474
   64   165
   65  2516
   66  1215
   67  3564
   68  2239
   69   914
   70  3259
   71  1942
   72   629
   73  2985
   74  1688
   75   369
   76  2722
   77  1405
   78    82
   79  2441
   80  1106
   81  3463
   82  2163
   83   826
   84  3190
   85  1870
   86   566
   87  2897
   88  1604
   89   266
   90  2640
   91  1313
   92  3671
   93  2351
   94  1016
   95  3388
   96  2049
   97   760
   98  3103
   99  1789
  100   445
  101  2818
  102  1514
  103   174
  104  2535
  105  1229
  106  3591
  107  2271
  108   932
  109  3286
  110  1967
  111   649
  112  3026
  113  1715
  114   376
  115  2755
  116  1414
  117    89
  118  2442
  119  1127
  120  3485
  121  2192
  122   852
  123  3210
  124  1894
  125   587
  126  2934
  127  1611
  128   302
  129  2660
  130  1311
  131     5
  132  2376
  133  1060
  134  3405
  135  2097
  136   752
  137  3114
  138  1798
  139   484
  140  2855
  141  1532
  142   190
  143  2551
  144  1252
  145  3608
  146  2278
  147   948
  148  3321
  149  2018
  150   690
  151  3050
  152  1711
  153   396
  154  2745
  155  1451
  156   116
  157  2496
  158  1176
  159  3506
  160  2207
  161   859
  162  3247
  163  1932
  164   604
  165  2956
  166  1635
  167   305
  168  2688
  169  1353
  170    52
  171  2397
  172  1084
  173  3433
  174  2114
  175   786
  176  3173
  177  1829
  178   496
  179  2892
  180  1559
  181   236
  182  2610
  183  1277
  184  3638
  185  2305
  186   997
  187  3334
  188  2030
  189   715
  190  3077
  191  1760
  192   424
  193  2791
  194  1481
  195   150
  196  2505
  197  1197
  198  3549
  199  2234
  200   894
  201  3276
  202  1946
  203   627
  204  2993
  205  1669
  206   329
  207  2714
  208  1373
  209    57
  210  2412
  211  1109
  212  3473
  213  2143
  214   832
  215  3183
  216  1855
  217   536
  218  2895
  219  1588
  220   257
  221  2618
  222  1295
  223  3646
  224  2339
  225  1027
  226  3392
  227  2064
  228   749
  229  3112
  230  1768
  231   457
  232  2832
  233  1483
  234   160
  235  2524
  236  1212
  237  3585
  238  2246
  239   938
  240  3280
  241  1969
  242   666
  243  3016
  244  1681
  245   395
  246  2737
  247  1426
  248    73
  249  2451
  250  1107
  251  3498
  252  2178
  253   858
  254  3205
  255  1895
  256   550
  257  2926
  258  1624
  259   293
  260  2634
  261  1326
  262     2
  263  2352
  264  1033
  265  3418
  266  2086
  267   756
  268  3106
  269  1791
  270   478
  271  2838
  272  1515
  273   200
  274  2571
  275  1228
  276  3599
  277  2262
  278   952
  279  3315
  280  2013
  281   667
  282  3048
  283  1729
  284   391
  285  2743
  286  1415
  287   122
  288  2488
  289  1136
  290  3501
  291  2188
  292   864
  293  3250
  294  1929
  295   580
  296  2951
  297  1619
  298   296
  299  2665
  300  1340
  301    33
  302  2401
  303  1075
  304  3449
  305  2089
  306   782
  307  3147
  308  1841
  309   520
  310  2878
  311  1550
  312   214
  313  2579
  314  1264
  315  3634
  316  2295
  317   972
  318  3346
  319  2015
  320   683
  321  3062
  322  1747
  323   411
  324  2786
  325  1476
  326   138
  327  2497
  328  1166
  329  3525
  330  2222
  331   889
  332  3258
  333  1931
  334   608
  335  2964
  336  1670
  337   351
  338  2687
  339  1393
  340    50
  341  2415
  342  1102
  343  3443
  344  2122
  345   792
  346  3178
  347  1857
  348   541
  349  2880
  350  1566
  351   256
  352  2605
  353  1302
  354  3637
  355  2327
  356  1001
  357  3363
  358  2029
  359   728
  360  3074
  361  1756
  362   451
  363  2803
  364  1500
  365   147
  366  2539
  367  1188
  368  3554
  369  2229
  370   916
  371  3285
  372  1950
  373   622
  374  3002
  375  1695
  376   360
  377  2724
  378  1389
  379    77
  380  2424
  381  1126
  382  3469
  383  2152
  384   820
  385  3212
  386  1892
  387   552
  388  2901
  389  1582
  390   262
  391  2629
  392  1317
  393  3660
  394  2336
  395  1032
  396  3385
  397  2070
  398   745
  399  3127
  400  1774
  401   477
  402  2843
  403  1509
  404   189
  405  2553
  406  1242
  407  3601
  408  2257
  409   953
  410  3312
  411  1975
  412   661
  413  3020
  414  1694
  415   385
  416  2753
  417  1410
  418    96
  419  2467
  420  1152
  421  3489
  422  2167
  423   869
  424  3219
  425  1889
  426   564
  427  2957
  428  1623
  429   290
  430  2670
  431  1325
  432    31
  433  2368
  434  1065
  435  3404
  436  2078
  437   788
  438  3143
  439  1817
  440   497
  441  2864
  442  1519
  443   215
  444  2587
  445  1235
  446  3604
  447  2289
  448   985
  449  3343
  450  2016
  451   676
  452  3069
  453  1718
  454   430
  455  2783
  456  1446
  457   144
  458  2507
  459  1177
  460  3529
  461  2224
  462   886
  463  3230
  464  1939
  465   598
  466  2948
  467  1641
  468   318
  469  2691
  470  1381
  471    26
  472  2413
  473  1086
  474  3430
  475  2118
  476   794
  477  3168
  478  1858
  479   504
  480  2867
  481  1542
  482   233
  483  2585
  484  1260
  485  3656
  486  2332
  487   989
  488  3369
  489  2050
  490   716
  491  3083
  492  1755
  493   439
  494  2794
  495  1473
  496   141
  497  2502
  498  1198
  499  3571
  500  2252
  501   929
  502  3255
  503  1944
  504   628
  505  3004
  506  1674
  507   354
  508  2729
  509  1384
  510    56
  511  2437
  512  1111
  513  3462
  514  2146
  515   817
  516  3175
  517  1876
  518   544
  519  2908
  520  1597
  521   269
  522  2638
  523  1296
  524  3663
  525  2335
  526  1024
  527  3400
  528  2063
  529   750
  530  3108
  531  1788
  532   464
  533  2811
  534  1498
  535   178
  536  2549
  537  1205
  538  3587
  539  2273
  540   927
  541  3305
  542  1991
  543   670
  544  3032
  545  1699
  546   393
  547  2747
  548  1419
  549    88
  550  2458
  551  1115
  552  3503
  553  2155
  554   837
  555  3216
  556  1885
  557   555
  558  2931
  559  1630
  560   291
  561  2650
  562  1320
  563    19
  564  2389
  565  1055
  566  3409
  567  2094
  568   777
  569  3140
  570  1823
  571   489
  572  2836
  573  1511
  574   185
  575  2555
  576  1250
  577  3592
  578  2267
  579   971
  580  3328
  581  1990
  582   669
  583  3045
  584  1714
  585   394
  586  2762
  587  1442
  588   106
  589  2463
  590  1150
  591  3518
  592  2202
  593   863
  594  3246
  595  1906
  596   594
  597  2943
  598  1643
  599   323
  600  2667
  601  1347
  602     9
  603  2395
  604  1067
  605  3421
  606  2098
  607   793
  608  3145
  609  1834
  610   491
  611  2853
  612  1557
  613   218
  614  2601
  615  1259
  616  3644
  617  2320
  618   977
  619  3365
  620  2034
  621   713
  622  3054
  623  1752
  624   408
  625  2799
  626  1461
  627   161
  628  2499
  629  1200
  630  3547
  631  2213
  632   884
  633  3261
  634  1954
  635   640
  636  2968
  637  1661
  638   331
  639  2711
  640  1394
  641    46
  642  2434
  643  1078
  644  3452
  645  2154
  646   825
  647  3187
  648  1854
  649   521
  650  2886
  651  1577
  652   263
  653  2599
  654  1304
  655  3642
  656  2342
  657  1025
  658  3371
  659  2052
  660   737
  661  3086
  662  1784
  663   470
  664  2825
  665  1486
  666   159
  667  2544
  668  1202
  669  3572
  670  2253
  671   909
  672  3292
  673  1964
  674   632
  675  3015
  676  1703
  677   377
  678  2721
  679  1400
  680    92
  681  2456
  682  1142
  683  3502
  684  2176
  685   842
  686  3196
  687  1878
  688   556
  689  2941
  690  1587
  691   288
  692  2637
  693  1323
  694  3673
  695  2377
  696  1056
  697  3394
  698  2067
  699   768
  700  3100
  701  1794
  702   473
  703  2823
  704  1505
  705   184
  706  2536
  707  1245
  708  3605
  709  2258
  710   954
  711  3313
  712  1992
  713   656
  714  3033
  715  1701
  716   404
  717  2756
  718  1448
  719   124
  720  2484
  721  1151
  722  3527
  723  2208
  724   871
  725  3224
  726  1900
  727   576
  728  2953
  729  1617
  730   319
  731  2655
  732  1363
  733    39
  734  2373
  735  1052
  736  3439
  737  2092
  738   781
  739  3129
  740  1830
  741   508
  742  2844
  743  1527
  744   225
  745  2574
  746  1266
  747  3631
  748  2313
  749   964
  750  3333
  751  2022
  752   696
  753  3075
  754  1741
  755   414
  756  2784
  757  1453
  758   131
  759  2485
  760  1178
  761  3543
  762  2233
  763   883
  764  3260
  765  1927
  766   591
  767  2988
  768  1655
  769   325
  770  2703
  771  1366
  772    44
  773  2417
  774  1101
  775  3465
  776  2144
  777   816
  778  3184
  779  1833
  780   514
  781  2875
  782  1567
  783   254
  784  2620
  785  1290
  786  3661
  787  2334
  788  1022
  789  3379
  790  2062
  791   729
  792  3071
  793  1775
  794   441
  795  2788
  796  1471
  797   164
  798  2518
  799  1218
  800  3555
  801  2227
  802   939
  803  3277
  804  1973
  805   630
  806  2983
  807  1662
  808   356
  809  2726
  810  1387
  811    61
  812  2448
  813  1108
  814  3474
  815  2165
  816   831
  817  3202
  818  1859
  819   549
  820  2920
  821  1574
  822   286
  823  2639
  824  1293
  825  3669
  826  2367
  827  1036
  828  3382
  829  2053
  830   736
  831  3117
  832  1781
  833   453
  834  2821
  835  1504
  836   194
  837  2550
  838  1222
  839  3589
  840  2279
  841   961
  842  3288
  843  1984
  844   655
  845  3022
  846  1693
  847   364
  848  2740
  849  1432
  850   102
  851  2452
  852  1130
  853  3521
  854  2171
  855   865
  856  3204
  857  1879
  858   585
  859  2930
  860  1631
  861   301
  862  2664
  863  1327
  864    28
  865  2394
  866  1057
  867  3432
  868  2085
  869   766
  870  3119
  871  1812
  872   499
  873  2862
  874  1534
  875   207
  876  2573
  877  1246
  878  3614
  879  2294
  880   982
  881  3345
  882  2014
  883   689
  884  3055
  885  1740
  886   401
  887  2759
  888  1455
  889   137
  890  2465
  891  1173
  892  3511
  893  2211
  894   874
  895  3241
  896  1917
  897   605
  898  2980
  899  1642
  900   316
  901  2676
  902  1368
  903    51
  904  2418
  905  1064
  906  3437
  907  2112
  908   797
  909  3166
  910  1836
  911   530
  912  2890
  913  1552
  914   251
  915  2596
  916  1291
  917  3617
  918  2328
  919  1007
  920  3358
  921  2037
  922   721
  923  3095
  924  1765
  925   435
  926  2798
  927  1470
  928   167
  929  2530
  930  1187
  931  3541
  932  2232
  933   900
  934  3282
  935  1945
  936   626
  937  2986
  938  1666
  939   342
  940  2695
  941  1398
  942    66
  943  2432
  944  1113
  945  3459
  946  2132
  947   810
  948  3197
  949  1881
  950   558
  951  2917
  952  1594
  953   272
  954  2635
  955  1315
  956  3651
  957  2360
  958  1030
  959  3380
  960  2068
  961   744
  962  3111
  963  1785
  964   447
  965  2835
  966  1484
  967   183
  968  2529
  969  1216
  970  3582
  971  2240
  972   926
  973  3287
  974  1983
  975   654
  976  2999
  977  1708
  978   358
  979  2741
  980  1421
  981    87
  982  2443
  983  1143
  984  3491
  985  2161
  986   848
  987  3226
  988  1880
  989   559
  990  2929
  991  1612
  992   283
  993  2630
  994  1328
  995  3683
  996  2361
  997  1049
  998  3411
  999  2093
 1000   753
 1001  3128
 1002  1809
 1003   495
 1004  2847
 1005  1522
 1006   216
 1007  2556
 1008  1248
 1009  3610
 1010  2293
 1011   958
 1012  3332
 1013  2007
 1014   680
 1015  3038
 1016  1717
 1017   388
 1018  2746
 1019  1431
 1020   125
 1021  2466
 1022  1163
 1023  3526
 1024  2195
 1025   868
 1026  3243
 1027  1933
 1028   583
 1029  2966
 1030  1649
 1031   295
 1032  2674
 1033  1342
 1034    12
 1035  2392
 1036  1085
 1037  3454
 1038  2123
 1039   800
 1040  3164
 1041  1811
 1042   526
 1043  2856
 1044  1556
 1045   237
 1046  2594
 1047  1285
 1048  3609
 1049  2300
 1050   984
 1051  3361
 1052  2035
 1053   710
 1054  3078
 1055  1743
 1056   434
 1057  2767
 1058  1475
 1059   132
 1060  2494
 1061  1161
 1062  3546
 1063  2235
 1064   911
 1065  3249
 1066  1924
 1067   616
 1068  2978
 1069  1656
 1070   333
 1071  2710
 1072  1374
 1073    70
 1074  2422
 1075  1082
 1076  3468
 1077  2130
 1078   818
 1079  3191
 1080  1852
 1081   538
 1082  2910
 1083  1562
 1084   270
 1085  2614
 1086  1282
 1087  3672
 1088  2343
 1089  1021
 1090  3393
 1091  2042
 1092   724
 1093  3093
 1094  1763
 1095   442
 1096  2819
 1097  1489
 1098   158
 1099  2525
 1100  1192
 1101  3557
 1102  2260
 1103   930
 1104  3302
 1105  1959
 1106   634
 1107  3012
 1108  1683
 1109   368
 1110  2709
 1111  1406
 1112    68
 1113  2433
 1114  1134
 1115  3471
 1116  2173
 1117   827
 1118  3185
 1119  1866
 1120   562
 1121  2915
 1122  1600
 1123   284
 1124  2641
 1125  1321
 1126     4
 1127  2366
 1128  1043
 1129  3398
 1130  2077
 1131   739
 1132  3133
 1133  1797
 1134   471
 1135  2839
 1136  1528
 1137   208
 1138  2545
 1139  1221
 1140  3580
 1141  2290
 1142   957
 1143  3310
 1144  1977
 1145   685
 1146  3017
 1147  1706
 1148   380
 1149  2761
 1150  1444
 1151    93
 1152  2481
 1153  1137
 1154  3520
 1155  2194
 1156   879
 1157  3244
 1158  1908
 1159   570
 1160  2959
 1161  1613
 1162   297
 1163  2681
 1164  1349
 1165     3
 1166  2388
 1167  1061
 1168  3435
 1169  2096
 1170   776
 1171  3148
 1172  1819
 1173   490
 1174  2850
 1175  1539
 1176   231
 1177  2567
 1178  1271
 1179  3628
 1180  2296
 1181   986
 1182  3357
 1183  2026
 1184   717
 1185  3044
 1186  1737
 1187   417
 1188  2781
 1189  1437
 1190   121
 1191  2509
 1192  1186
 1193  3522
 1194  2205
 1195   878
 1196  3265
 1197  1923
 1198   609
 1199  2979
 1200  1640
 1201   330
 1202  2683
 1203  1379
 1204    38
 1205  2419
 1206  1100
 1207  3444
 1208  2138
 1209   803
 1210  3152
 1211  1850
 1212   527
 1213  2870
 1214  1571
 1215   250
 1216  2606
 1217  1284
 1218  3645
 1219  2302
 1220   996
 1221  3348
 1222  2056
 1223   732
 1224  3070
 1225  1757
 1226   432
 1227  2812
 1228  1478
 1229   177
 1230  2523
 1231  1213
 1232  3558
 1233  2226
 1234   917
 1235  3268
 1236  1958
 1237   636
 1238  2995
 1239  1673
 1240   350
 1241  2728
 1242  1386
 1243    78
 1244  2439
 1245  1095
 1246  3481
 1247  2142
 1248   839
 1249  3199
 1250  1862
 1251   548
 1252  2904
 1253  1601
 1254   273
 1255  2647
 1256  1307
 1257  3680
 1258  2362
 1259  1038
 1260  3381
 1261  2071
 1262   762
 1263  3099
 1264  1790
 1265   463
 1266  2833
 1267  1497
 1268   196
 1269  2548
 1270  1204
 1271  3579
 1272  2266
 1273   934
 1274  3301
 1275  1994
 1276   652
 1277  3025
 1278  1689
 1279   386
 1280  2732
 1281  1417
 1282   107
 1283  2462
 1284  1141
 1285  3512
 1286  2175
 1287   862
 1288  3220
 1289  1905
 1290   574
 1291  2939
 1292  1610
 1293   314
 1294  2658
 1295  1331
 1296    25
 1297  2370
 1298  1048
 1299  3414
 1300  2095
 1301   783
 1302  3126
 1303  1806
 1304   502
 1305  2859
 1306  1520
 1307   197
 1308  2559
 1309  1253
 1310  3597
 1311  2304
 1312   975
 1313  3314
 1314  2011
 1315   677
 1316  3046
 1317  1730
 1318   405
 1319  2774
 1320  1429
 1321   133
 1322  2471
 1323  1171
 1324  3530
 1325  2203
 1326   895
 1327  3248
 1328  1936
 1329   615
 1330  2976
 1331  1646
 1332   315
 1333  2692
 1334  1360
 1335    37
 1336  2390
 1337  1077
 1338  3455
 1339  2105
 1340   799
 1341  3162
 1342  1820
 1343   522
 1344  2876
 1345  1558
 1346   229
 1347  2603
 1348  1287
 1349  3619
 1350  2326
 1351   990
 1352  3349
 1353  2023
 1354   725
 1355  3073
 1356  1745
 1357   427
 1358  2800
 1359  1469
 1360   142
 1361  2521
 1362  1169
 1363  3548
 1364  2243
 1365   906
 1366  3278
 1367  1949
 1368   623
 1369  2972
 1370  1654
 1371   362
 1372  2706
 1373  1371
 1374    74
 1375  2426
 1376  1116
 1377  3457
 1378  2148
 1379   834
 1380  3182
 1381  1853
 1382   532
 1383  2891
 1384  1585
 1385   275
 1386  2633
 1387  1297
 1388  3679
 1389  2345
 1390  1035
 1391  3396
 1392  2044
 1393   740
 1394  3115
 1395  1782
 1396   465
 1397  2827
 1398  1508
 1399   188
 1400  2542
 1401  1226
 1402  3575
 1403  2242
 1404   925
 1405  3306
 1406  1976
 1407   643
 1408  3007
 1409  1692
 1410   370
 1411  2736
 1412  1423
 1413    86
 1414  2459
 1415  1132
 1416  3480
 1417  2172
 1418   861
 1419  3201
 1420  1875
 1421   561
 1422  2927
 1423  1589
 1424   271
 1425  2657
 1426  1334
 1427     8
 1428  2369
 1429  1045
 1430  3412
 1431  2090
 1432   778
 1433  3120
 1434  1792
 1435   468
 1436  2831
 1437  1529
 1438   210
 1439  2558
 1440  1243
 1441  3593
 1442  2287
 1443   944
 1444  3298
 1445  1987
 1446   686
 1447  3031
 1448  1720
 1449   384
 1450  2763
 1451  1420
 1452   113
 1453  2475
 1454  1145
 1455  3499
 1456  2191
 1457   870
 1458  3240
 1459  1907
 1460   575
 1461  2949
 1462  1626
 1463   313
 1464  2684
 1465  1336
 1466    15
 1467  2387
 1468  1068
 1469  3438
 1470  2108
 1471   808
 1472  3141
 1473  1824
 1474   516
 1475  2860
 1476  1553
 1477   220
 1478  2583
 1479  1272
 1480  3615
 1481  2311
 1482   994
 1483  3355
 1484  2038
 1485   708
 1486  3056
 1487  1735
 1488   415
 1489  2775
 1490  1450
 1491   139
 1492  2490
 1493  1164
 1494  3545
 1495  2215
 1496   903
 1497  3272
 1498  1935
 1499   633
 1500  2984
 1501  1651
 1502   336
 1503  2708
 1504  1395
 1505    65
 1506  2407
 1507  1092
 1508  3441
 1509  2140
 1510   813
 1511  3192
 1512  1851
 1513   523
 1514  2903
 1515  1584
 1516   234
 1517  2626
 1518  1289
 1519  3667
 1520  2347
 1521  1019
 1522  3373
 1523  2033
 1524   712
 1525  3096
 1526  1776
 1527   454
 1528  2815
 1529  1490
 1530   155
 1531  2508
 1532  1217
 1533  3581
 1534  2231
 1535   942
 1536  3275
 1537  1953
 1538   635
 1539  3010
 1540  1704
 1541   355
 1542  2733
 1543  1409
 1544    85
 1545  2444
 1546  1131
 1547  3475
 1548  2170
 1549   843
 1550  3213
 1551  1887
 1552   569
 1553  2936
 1554  1618
 1555   277
 1556  2645
 1557  1319
 1558  3675
 1559  2359
 1560  1029
 1561  3401
 1562  2060
 1563   748
 1564  3124
 1565  1799
 1566   469
 1567  2824
 1568  1524
 1569   195
 1570  2552
 1571  1233
 1572  3590
 1573  2285
 1574   960
 1575  3308
 1576  1993
 1577   674
 1578  3042
 1579  1710
 1580   399
 1581  2739
 1582  1436
 1583    95
 1584  2479
 1585  1153
 1586  3508
 1587  2182
 1588   846
 1589  3217
 1590  1920
 1591   600
 1592  2962
 1593  1609
 1594   320
 1595  2671
 1596  1333
 1597     7
 1598  2364
 1599  1072
 1600  3428
 1601  2100
 1602   772
 1603  3130
 1604  1810
 1605   515
 1606  2858
 1607  1518
 1608   209
 1609  2561
 1610  1273
 1611  3626
 1612  2280
 1613   980
 1614  3339
 1615  1997
 1616   687
 1617  3053
 1618  1733
 1619   421
 1620  2780
 1621  1454
 1622   151
 1623  2493
 1624  1149
 1625  3534
 1626  2217
 1627   873
 1628  3267
 1629  1921
 1630   593
 1631  2971
 1632  1665
 1633   335
 1634  2690
 1635  1350
 1636    35
 1637  2423
 1638  1097
 1639  3467
 1640  2128
 1641   787
 1642  3159
 1643  1826
 1644   533
 1645  2900
 1646  1572
 1647   249
 1648  2589
 1649  1274
 1650  3629
 1651  2308
 1652  1011
 1653  3359
 1654  2046
 1655   735
 1656  3067
 1657  1742
 1658   420
 1659  2797
 1660  1482
 1661   157
 1662  2534
 1663  1209
 1664  3561
 1665  2225
 1666   896
 1667  3293
 1668  1943
 1669   642
 1670  3009
 1671  1687
 1672   346
 1673  2734
 1674  1385
 1675    62
 1676  2431
 1677  1121
 1678  3486
 1679  2157
 1680   814
 1681  3194
 1682  1863
 1683   547
 1684  2922
 1685  1590
 1686   258
 1687  2613
 1688  1324
 1689  3652
 1690  2358
 1691  1041
 1692  3377
 1693  2054
 1694   751
 1695  3092
 1696  1796
 1697   482
 1698  2808
 1699  1492
 1700   198
 1701  2547
 1702  1223
 1703  3570
 1704  2251
 1705   940
 1706  3320
 1707  1968
 1708   648
 1709  3028
 1710  1686
 1711   365
 1712  2720
 1713  1407
 1714   112
 1715  2440
 1716  1147
 1717  3507
 1718  2177
 1719   860
 1720  3206
 1721  1899
 1722   560
 1723  2942
 1724  1628
 1725   285
 1726  2654
 1727  1332
 1728    22
 1729  2353
 1730  1039
 1731  3402
 1732  2103
 1733   758
 1734  3138
 1735  1800
 1736   506
 1737  2857
 1738  1535
 1739   224
 1740  2582
 1741  1255
 1742  3607
 1743  2282
 1744   968
 1745  3318
 1746  2009
 1747   691
 1748  3035
 1749  1713
 1750   409
 1751  2754
 1752  1441
 1753   129
 1754  2473
 1755  1168
 1756  3513
 1757  2193
 1758   881
 1759  3253
 1760  1910
 1761   588
 1762  2970
 1763  1647
 1764   312
 1765  2677
 1766  1348
 1767    17
 1768  2400
 1769  1059
 1770  3423
 1771  2099
 1772   802
 1773  3160
 1774  1838
 1775   511
 1776  2861
 1777  1563
 1778   242
 1779  2580
 1780  1283
 1781  3624
 1782  2325
 1783   973
 1784  3338
 1785  2045
 1786   692
 1787  3090
 1788  1753
 1789   418
 1790  2804
 1791  1468
 1792   168
 1793  2514
 1794  1193
 1795  3553
 1796  2223
 1797   924
 1798  3274
 1799  1951
 1800   620
 1801  2987
 1802  1680
 1803   349
 1804  2713
 1805  1390
 1806    48
 1807  2421
 1808  1119
 1809  3456
 1810  2133
 1811   824
 1812  3171
 1813  1860
 1814   551
 1815  2902
 1816  1581
 1817   235
 1818  2628
 1819  1279
 1820  3668
 1821  2330
 1822   998
 1823  3367
 1824  2058
 1825   733
 1826  3084
 1827  1780
 1828   448
 1829  2816
 1830  1494
 1831   162
 1832  2522
 1833  1199
 1834  3569
 1835  2244
 1836   922
 1837  3289
 1838  1963
 1839   665
 1840  3014
 1841  1705
 1842   382
 1843  2730
 1844  1391
 1845    83
 1846  2445
 1847  1123
 1848  3496
 1849  2180
 1850   840
 1851  3215
 1852  1871
 1853   563
 1854  2923
 1855  1614
 1856   299
 1857  2644
 1858  1341
 1859  3678
 1860  2346
 1861  1040
 1862  3416
 1863  2087
 1864   755
 1865  3110
 1866  1814
 1867   479
 1868  2840
 1869  1506
 1870   206
 1871  2560
 1872  1240
 1873  3611
 1874  2274
 1875   967
 1876  3309
 1877  1998
 1878   662
 1879  3024
 1880  1722
 1881   383
 1882  2749
 1883  1447
 1884   101
 1885  2486
 1886  1156
 1887  3509
 1888  2185
 1889   872
 1890  3238
 1891  1934
 1892   603
 1893  2940
 1894  1629
 1895   327
 1896  2659
 1897  1367
 1898    18
 1899  2384
 1900  1050
 1901  3431
 1902  2091
 1903   779
 1904  3153
 1905  1831
 1906   512
 1907  2863
 1908  1551
 1909   238
 1910  2572
 1911  1256
 1912  3622
 1913  2292
 1914   970
 1915  3347
 1916  2000
 1917   705
 1918  3079
 1919  1725
 1920   406
 1921  2782
 1922  1467
 1923   156
 1924  2482
 1925  1167
 1926  3542
 1927  2236
 1928   892
 1929  3257
 1930  1937
 1931   606
 1932  2963
 1933  1645
 1934   338
 1935  2705
 1936  1375
 1937    54
 1938  2430
 1939  1098
 1940  3461
 1941  2115
 1942   809
 1943  3155
 1944  1848
 1945   539
 1946  2893
 1947  1570
 1948   244
 1949  2604
 1950  1301
 1951  3662
 1952  2306
 1953  1017
 1954  3351
 1955  2059
 1956   730
 1957  3098
 1958  1754
 1959   429
 1960  2810
 1961  1493
 1962   154
 1963  2526
 1964  1210
 1965  3566
 1966  2237
 1967   921
 1968  3283
 1969  1947
 1970   638
 1971  3008
 1972  1684
 1973   347
 1974  2716
 1975  1413
 1976    99
 1977  2453
 1978  1124
 1979  3478
 1980  2168
 1981   829
 1982  3200
 1983  1874
 1984   535
 1985  2909
 1986  1583
 1987   274
 1988  2646
 1989  1318
 1990     6
 1991  2348
 1992  1012
 1993  3406
 1994  2074
 1995   761
 1996  3121
 1997  1803
 1998   466
 1999  2842
 2000  1512
 2001   180
 2002  2557
 2003  1214
 2004  3602
 2005  2276
 2006   963
 2007  3304
 2008  1978
 2009   663
 2010  3027
 2011  1716
 2012   371
 2013  2750
 2014  1430
 2015    98
 2016  2476
 2017  1138
 2018  3497
 2019  2160
 2020   849
 2021  3233
 2022  1893
 2023   592
 2024  2928
 2025  1605
 2026   298
 2027  2662
 2028  1359
 2029    14
 2030  2380
 2031  1047
 2032  3420
 2033  2101
 2034   770
 2035  3149
 2036  1801
 2037   500
 2038  2868
 2039  1531
 2040   217
 2041  2595
 2042  1239
 2043  3623
 2044  2298
 2045   969
 2046  3330
 2047  2001
 2048   704
 2049  3068
 2050  1727
 2051   425
 2052  2778
 2053  1439
 2054   135
 2055  2478
 2056  1155
 2057  3510
 2058  2228
 2059   904
 2060  3228
 2061  1919
 2062   610
 2063  2961
 2064  1648
 2065   341
 2066  2673
 2067  1361
 2068    23
 2069  2385
 2070  1096
 2071  3445
 2072  2119
 2073   812
 2074  3169
 2075  1843
 2076   510
 2077  2894
 2078  1576
 2079   247
 2080  2607
 2081  1261
 2082  3653
 2083  2316
 2084   988
 2085  3370
 2086  2043
 2087   700
 2088  3065
 2089  1758
 2090   444
 2091  2785
 2092  1487
 2093   171
 2094  2513
 2095  1201
 2096  3563
 2097  2221
 2098   918
 2099  3281
 2100  1966
 2101   650
 2102  2990
 2103  1657
 2104   340
 2105  2693
 2106  1382
 2107    80
 2108  2420
 2109  1103
 2110  3458
 2111  2139
 2112   823
 2113  3188
 2114  1865
 2115   545
 2116  2905
 2117  1580
 2118   282
 2119  2615
 2120  1300
 2121  3665
 2122  2349
 2123   999
 2124  3376
 2125  2072
 2126   742
 2127  3109
 2128  1764
 2129   456
 2130  2817
 2131  1485
 2132   166
 2133  2546
 2134  1207
 2135  3600
 2136  2272
 2137   943
 2138  3294
 2139  1981
 2140   639
 2141  3029
 2142  1682
 2143   387
 2144  2748
 2145  1427
 2146    84
 2147  2455
 2148  1125
 2149  3500
 2150  2181
 2151   856
 2152  3221
 2153  1884
 2154   579
 2155  2946
 2156  1599
 2157   294
 2158  2648
 2159  1335
 2160    20
 2161  2372
 2162  1062
 2163  3425
 2164  2069
 2165   773
 2166  3113
 2167  1793
 2168   472
 2169  2854
 2170  1521
 2171   211
 2172  2568
 2173  1258
 2174  3588
 2175  2291
 2176   965
 2177  3319
 2178  2006
 2179   678
 2180  3023
 2181  1736
 2182   413
 2183  2764
 2184  1452
 2185   123
 2186  2477
 2187  1165
 2188  3531
 2189  2184
 2190   867
 2191  3218
 2192  1926
 2193   601
 2194  2965
 2195  1650
 2196   309
 2197  2661
 2198  1338
 2199    45
 2200  2404
 2201  1071
 2202  3434
 2203  2129
 2204   804
 2205  3158
 2206  1821
 2207   501
 2208  2884
 2209  1530
 2210   219
 2211  2592
 2212  1275
 2213  3627
 2214  2323
 2215   991
 2216  3364
 2217  2032
 2218   698
 2219  3064
 2220  1762
 2221   412
 2222  2805
 2223  1465
 2224   145
 2225  2498
 2226  1184
 2227  3559
 2228  2238
 2229   893
 2230  3269
 2231  1955
 2232   619
 2233  2973
 2234  1672
 2235   337
 2236  2718
 2237  1364
 2238    59
 2239  2414
 2240  1080
 2241  3453
 2242  2149
 2243   815
 2244  3193
 2245  1864
 2246   528
 2247  2911
 2248  1575
 2249   239
 2250  2627
 2251  1298
 2252  3658
 2253  2314
 2254  1008
 2255  3386
 2256  2065
 2257   727
 2258  3085
 2259  1779
 2260   467
 2261  2807
 2262  1479
 2263   170
 2264  2533
 2265  1211
 2266  3562
 2267  2247
 2268   920
 2269  3307
 2270  1956
 2271   651
 2272  3019
 2273  1677
 2274   353
 2275  2723
 2276  1396
 2277    79
 2278  2460
 2279  1112
 2280  3488
 2281  2145
 2282   851
 2283  3189
 2284  1901
 2285   565
 2286  2919
 2287  1591
 2288   287
 2289  2622
 2290  1306
 2291     1
 2292  2357
 2293  1031
 2294  3387
 2295  2084
 2296   780
 2297  3137
 2298  1804
 2299   483
 2300  2820
 2301  1516
 2302   199
 2303  2563
 2304  1238
 2305  3594
 2306  2264
 2307   951
 2308  3317
 2309  1980
 2310   673
 2311  3018
 2312  1726
 2313   381
 2314  2765
 2315  1438
 2316   119
 2317  2454
 2318  1135
 2319  3523
 2320  2179
 2321   875
 2322  3235
 2323  1909
 2324   589
 2325  2960
 2326  1632
 2327   303
 2328  2672
 2329  1362
 2330    21
 2331  2383
 2332  1069
 2333  3417
 2334  2117
 2335   784
 2336  3134
 2337  1807
 2338   507
 2339  2865
 2340  1549
 2341   221
 2342  2597
 2343  1244
 2344  3632
 2345  2303
 2346   981
 2347  3341
 2348  2003
 2349   701
 2350  3057
 2351  1751
 2352   428
 2353  2787
 2354  1443
 2355   126
 2356  2517
 2357  1172
 2358  3539
 2359  2216
 2360   882
 2361  3245
 2362  1941
 2363   625
 2364  2974
 2365  1637
 2366   339
 2367  2702
 2368  1357
 2369    43
 2370  2416
 2371  1105
 2372  3472
 2373  2127
 2374   801
 2375  3157
 2376  1846
 2377   524
 2378  2882
 2379  1560
 2380   252
 2381  2617
 2382  1276
 2383  3654
 2384  2310
 2385  1015
 2386  3374
 2387  2047
 2388   720
 2389  3076
 2390  1767
 2391   438
 2392  2802
 2393  1495
 2394   152
 2395  2511
 2396  1196
 2397  3552
 2398  2241
 2399   936
 2400  3296
 2401  1940
 2402   641
 2403  3006
 2404  1663
 2405   372
 2406  2701
 2407  1388
 2408    72
 2409  2429
 2410  1117
 2411  3479
 2412  2166
 2413   844
 2414  3195
 2415  1861
 2416   546
 2417  2925
 2418  1595
 2419   264
 2420  2649
 2421  1314
 2422  3676
 2423  2337
 2424  1037
 2425  3383
 2426  2051
 2427   734
 2428  3116
 2429  1805
 2430   461
 2431  2826
 2432  1501
 2433   201
 2434  2565
 2435  1227
 2436  3573
 2437  2269
 2438   933
 2439  3303
 2440  1995
 2441   653
 2442  3011
 2443  1691
 2444   390
 2445  2757
 2446  1425
 2447   100
 2448  2474
 2449  1154
 2450  3490
 2451  2189
 2452   855
 2453  3214
 2454  1903
 2455   586
 2456  2932
 2457  1603
 2458   280
 2459  2653
 2460  1343
 2461    24
 2462  2399
 2463  1058
 2464  3413
 2465  2104
 2466   769
 2467  3131
 2468  1828
 2469   486
 2470  2837
 2471  1548
 2472   193
 2473  2586
 2474  1241
 2475  3620
 2476  2281
 2477   959
 2478  3316
 2479  2010
 2480   681
 2481  3037
 2482  1719
 2483   426
 2484  2777
 2485  1456
 2486   127
 2487  2501
 2488  1159
 2489  3524
 2490  2201
 2491   898
 2492  3232
 2493  1916
 2494   595
 2495  2947
 2496  1634
 2497   310
 2498  2685
 2499  1369
 2500    58
 2501  2391
 2502  1094
 2503  3424
 2504  2107
 2505   798
 2506  3174
 2507  1856
 2508   519
 2509  2888
 2510  1540
 2511   245
 2512  2590
 2513  1288
 2514  3641
 2515  2322
 2516  1000
 2517  3342
 2518  2036
 2519   702
 2520  3063
 2521  1744
 2522   437
 2523  2806
 2524  1459
 2525   143
 2526  2520
 2527  1195
 2528  3565
 2529  2220
 2530   897
 2531  3273
 2532  1952
 2533   618
 2534  3001
 2535  1668
 2536   334
 2537  2697
 2538  1380
 2539    63
 2540  2411
 2541  1090
 2542  3464
 2543  2151
 2544   835
 2545  3179
 2546  1867
 2547   542
 2548  2924
 2549  1569
 2550   265
 2551  2623
 2552  1316
 2553  3674
 2554  2344
 2555  1002
 2556  3372
 2557  2055
 2558   731
 2559  3097
 2560  1770
 2561   474
 2562  2829
 2563  1480
 2564   169
 2565  2543
 2566  1224
 2567  3586
 2568  2261
 2569   947
 2570  3311
 2571  1988
 2572   671
 2573  3034
 2574  1679
 2575   366
 2576  2738
 2577  1412
 2578    90
 2579  2435
 2580  1133
 2581  3494
 2582  2183
 2583   854
 2584  3207
 2585  1877
 2586   567
 2587  2914
 2588  1622
 2589   268
 2590  2642
 2591  1337
 2592    16
 2593  2354
 2594  1054
 2595  3410
 2596  2075
 2597   746
 2598  3122
 2599  1786
 2600   476
 2601  2851
 2602  1536
 2603   202
 2604  2554
 2605  1230
 2606  3603
 2607  2265
 2608   956
 2609  3322
 2610  2004
 2611   693
 2612  3051
 2613  1723
 2614   392
 2615  2744
 2616  1424
 2617   117
 2618  2480
 2619  1162
 2620  3514
 2621  2209
 2622   890
 2623  3225
 2624  1902
 2625   607
 2626  2958
 2627  1621
 2628   307
 2629  2678
 2630  1365
 2631    30
 2632  2408
 2633  1083
 2634  3446
 2635  2125
 2636   807
 2637  3156
 2638  1840
 2639   488
 2640  2871
 2641  1537
 2642   232
 2643  2600
 2644  1268
 2645  3630
 2646  2321
 2647   976
 2648  3356
 2649  2020
 2650   709
 2651  3081
 2652  1738
 2653   407
 2654  2769
 2655  1463
 2656   128
 2657  2491
 2658  1160
 2659  3528
 2660  2212
 2661   905
 2662  3262
 2663  1957
 2664   617
 2665  2989
 2666  1660
 2667   324
 2668  2686
 2669  1383
 2670    69
 2671  2409
 2672  1081
 2673  3450
 2674  2134
 2675   805
 2676  3177
 2677  1872
 2678   543
 2679  2887
 2680  1568
 2681   241
 2682  2625
 2683  1280
 2684  3649
 2685  2340
 2686  1018
 2687  3360
 2688  2040
 2689   722
 2690  3089
 2691  1777
 2692   449
 2693  2796
 2694  1502
 2695   175
 2696  2515
 2697  1220
 2698  3556
 2699  2249
 2700   915
 2701  3290
 2702  1982
 2703   637
 2704  2992
 2705  1698
 2706   363
 2707  2719
 2708  1399
 2709    76
 2710  2446
 2711  1140
 2712  3476
 2713  2153
 2714   836
 2715  3198
 2716  1898
 2717   568
 2718  2918
 2719  1615
 2720   278
 2721  2652
 2722  1312
 2723  3670
 2724  2365
 2725  1028
 2726  3390
 2727  2082
 2728   757
 2729  3125
 2730  1787
 2731   485
 2732  2834
 2733  1525
 2734   191
 2735  2566
 2736  1234
 2737  3576
 2738  2256
 2739   941
 2740  3323
 2741  1989
 2742   684
 2743  3013
 2744  1728
 2745   379
 2746  2751
 2747  1428
 2748   109
 2749  2457
 2750  1148
 2751  3495
 2752  2169
 2753   877
 2754  3231
 2755  1890
 2756   581
 2757  2944
 2758  1636
 2759   321
 2760  2682
 2761  1356
 2762    27
 2763  2381
 2764  1051
 2765  3407
 2766  2102
 2767   789
 2768  3144
 2769  1815
 2770   498
 2771  2869
 2772  1546
 2773   204
 2774  2588
 2775  1263
 2776  3640
 2777  2286
 2778   987
 2779  3337
 2780  2005
 2781   699
 2782  3080
 2783  1739
 2784   410
 2785  2793
 2786  1457
 2787   134
 2788  2510
 2789  1175
 2790  3538
 2791  2198
 2792   907
 2793  3266
 2794  1948
 2795   602
 2796  2981
 2797  1633
 2798   343
 2799  2699
 2800  1377
 2801    32
 2802  2403
 2803  1074
 2804  3451
 2805  2137
 2806   795
 2807  3161
 2808  1845
 2809   540
 2810  2873
 2811  1579
 2812   260
 2813  2598
 2814  1286
 2815  3648
 2816  2312
 2817  1013
 2818  3352
 2819  2039
 2820   703
 2821  3082
 2822  1750
 2823   446
 2824  2795
 2825  1496
 2826   148
 2827  2527
 2828  1189
 2829  3574
 2830  2248
 2831   908
 2832  3271
 2833  1972
 2834   644
 2835  3005
 2836  1685
 2837   361
 2838  2725
 2839  1392
 2840    91
 2841  2438
 2842  1110
 2843  3482
 2844  2162
 2845   830
 2846  3181
 2847  1882
 2848   553
 2849  2899
 2850  1606
 2851   261
 2852  2651
 2853  1310
 2854  3657
 2855  2363
 2856  1023
 2857  3389
 2858  2066
 2859   743
 2860  3107
 2861  1766
 2862   460
 2863  2809
 2864  1491
 2865   187
 2866  2532
 2867  1206
 2868  3584
 2869  2263
 2870   935
 2871  3300
 2872  1979
 2873   645
 2874  3036
 2875  1697
 2876   359
 2877  2735
 2878  1418
 2879   103
 2880  2472
 2881  1139
 2882  3516
 2883  2174
 2884   866
 2885  3223
 2886  1913
 2887   582
 2888  2935
 2889  1602
 2890   300
 2891  2643
 2892  1329
 2893  3681
 2894  2371
 2895  1066
 2896  3408
 2897  2106
 2898   767
 2899  3150
 2900  1816
 2901   475
 2902  2841
 2903  1526
 2904   203
 2905  2581
 2906  1247
 2907  3618
 2908  2299
 2909   949
 2910  3336
 2911  2017
 2912   694
 2913  3049
 2914  1712
 2915   397
 2916  2773
 2917  1440
 2918   118
 2919  2489
 2920  1170
 2921  3540
 2922  2210
 2923   891
 2924  3236
 2925  1914
 2926   612
 2927  2977
 2928  1659
 2929   317
 2930  2668
 2931  1345
 2932    53
 2933  2396
 2934  1093
 2935  3447
 2936  2136
 2937   785
 2938  3142
 2939  1832
 2940   529
 2941  2883
 2942  1543
 2943   243
 2944  2608
 2945  1278
 2946  3621
 2947  2329
 2948   983
 2949  3354
 2950  2031
 2951   707
 2952  3060
 2953  1759
 2954   431
 2955  2790
 2956  1466
 2957   163
 2958  2492
 2959  1191
 2960  3568
 2961  2219
 2962   919
 2963  3264
 2964  1938
 2965   624
 2966  2982
 2967  1678
 2968   328
 2969  2700
 2970  1376
 2971    81
 2972  2436
 2973  1114
 2974  3470
 2975  2131
 2976   811
 2977  3176
 2978  1869
 2979   537
 2980  2906
 2981  1596
 2982   253
 2983  2631
 2984  1292
 2985  3647
 2986  2338
 2987  1004
 2988  3368
 2989  2073
 2990   723
 2991  3087
 2992  1778
 2993   452
 2994  2801
 2995  1513
 2996   172
 2997  2540
 2998  1208
 2999  3578
 3000  2245
 3001   923
 3002  3284
 3003  1962
 3004   664
 3005  2997
 3006  1676
 3007   389
 3008  2727
 3009  1404
 3010    97
 3011  2450
 3012  1146
 3013  3492
 3014  2186
 3015   853
 3016  3222
 3017  1904
 3018   554
 3019  2921
 3020  1593
 3021   279
 3022  2632
 3023  1339
 3024    13
 3025  2374
 3026  1046
 3027  3399
 3028  2080
 3029   764
 3030  3135
 3031  1818
 3032   480
 3033  2849
 3034  1523
 3035   192
 3036  2577
 3037  1237
 3038  3613
 3039  2275
 3040   950
 3041  3324
 3042  2002
 3043   679
 3044  3043
 3045  1709
 3046   398
 3047  2758
 3048  1434
 3049   111
 3050  2483
 3051  1158
 3052  3532
 3053  2200
 3054   876
 3055  3234
 3056  1915
 3057   584
 3058  2950
 3059  1625
 3060   306
 3061  2663
 3062  1355
 3063    10
 3064  2375
 3065  1063
 3066  3415
 3067  2120
 3068   771
 3069  3154
 3070  1822
 3071   517
 3072  2852
 3073  1545
 3074   213
 3075  2575
 3076  1262
 3077  3633
 3078  2319
 3079   993
 3080  3344
 3081  2041
 3082   718
 3083  3052
 3084  1748
 3085   440
 3086  2772
 3087  1462
 3088   146
 3089  2519
 3090  1190
 3091  3536
 3092  2230
 3093   913
 3094  3256
 3095  1922
 3096   613
 3097  2975
 3098  1652
 3099   345
 3100  2689
 3101  1397
 3102    42
 3103  2405
 3104  1087
 3105  3448
 3106  2150
 3107   833
 3108  3163
 3109  1839
 3110   518
 3111  2896
 3112  1564
 3113   246
 3114  2621
 3115  1299
 3116  3639
 3117  2324
 3118  1026
 3119  3378
 3120  2048
 3121   719
 3122  3091
 3123  1773
 3124   433
 3125  2822
 3126  1488
 3127   179
 3128  2528
 3129  1194
 3130  3551
 3131  2250
 3132   912
 3133  3270
 3134  1971
 3135   660
 3136  2996
 3137  1671
 3138   374
 3139  2715
 3140  1401
 3141    75
 3142  2428
 3143  1129
 3144  3493
 3145  2158
 3146   847
 3147  3209
 3148  1888
 3149   571
 3150  2916
 3151  1592
 3152   267
 3153  2636
 3154  1322
 3155  3682
 3156  2341
 3157  1020
 3158  3391
 3159  2081
 3160   738
 3161  3118
 3162  1771
 3163   455
 3164  2846
 3165  1499
 3166   186
 3167  2569
 3168  1232
 3169  3595
 3170  2284
 3171   962
 3172  3329
 3173  1970
 3174   657
 3175  3047
 3176  1696
 3177   375
 3178  2731
 3179  1416
 3180    94
 3181  2464
 3182  1128
 3183  3505
 3184  2204
 3185   880
 3186  3229
 3187  1911
 3188   573
 3189  2937
 3190  1608
 3191   292
 3192  2656
 3193  1351
 3194    29
 3195  2379
 3196  1070
 3197  3436
 3198  2083
 3199   796
 3200  3123
 3201  1827
 3202   492
 3203  2872
 3204  1544
 3205   223
 3206  2578
 3207  1254
 3208  3606
 3209  2297
 3210   966
 3211  3331
 3212  2008
 3213   697
 3214  3058
 3215  1731
 3216   402
 3217  2760
 3218  1433
 3219   149
 3220  2500
 3221  1179
 3222  3537
 3223  2218
 3224   901
 3225  3252
 3226  1918
 3227   614
 3228  2954
 3229  1664
 3230   344
 3231  2696
 3232  1358
 3233    60
 3234  2425
 3235  1079
 3236  3466
 3237  2110
 3238   790
 3239  3165
 3240  1844
 3241   525
 3242  2898
 3243  1565
 3244   227
 3245  2612
 3246  1294
 3247  3643
 3248  2315
 3249  1009
 3250  3375
 3251  2028
 3252   726
 3253  3088
 3254  1761
 3255   423
 3256  2789
 3257  1464
 3258   140
 3259  2512
 3260  1180
 3261  3560
 3262  2255
 3263   928
 3264  3279
 3265  1965
 3266   646
 3267  3003
 3268  1667
 3269   352
 3270  2712
 3271  1402
 3272    67
 3273  2449
 3274  1104
 3275  3484
 3276  2159
 3277   845
 3278  3211
 3279  1868
 3280   557
 3281  2913
 3282  1578
 3283   255
 3284  2611
 3285  1308
 3286  3677
 3287  2355
 3288  1003
 3289  3397
 3290  2076
 3291   754
 3292  3101
 3293  1769
 3294   458
 3295  2828
 3296  1517
 3297   176
 3298  2538
 3299  1219
 3300  3598
 3301  2259
 3302   937
 3303  3297
 3304  1996
 3305   672
 3306  3021
 3307  1702
 3308   378
 3309  2742
 3310  1411
 3311   105
 3312  2468
 3313  1122
 3314  3504
 3315  2156
 3316   838
 3317  3203
 3318  1886
 3319   578
 3320  2938
 3321  1598
 3322   281
 3323  2669
 3324  1309
 3325     0
 3326  2386
 3327  1044
 3328  3403
 3329  2109
 3330   765
 3331  3132
 3332  1808
 3333   493
 3334  2845
 3335  1538
 3336   212
 3337  2576
 3338  1251
 3339  3616
 3340  2283
 3341   979
 3342  3325
 3343  1986
 3344   675
 3345  3061
 3346  1707
 3347   400
 3348  2770
 3349  1458
 3350   110
 3351  2470
 3352  1182
 3353  3519
 3354  2187
 3355   885
 3356  3239
 3357  1912
 3358   597
 3359  2969
 3360  1644
 3361   326
 3362  2680
 3363  1354
 3364    47
 3365  2398
 3366  1091
 3367  3426
 3368  2126
 3369   806
 3370  3146
 3371  1849
 3372   503
 3373  2877
 3374  1547
 3375   240
 3376  2591
 3377  1269
 3378  3650
 3379  2301
 3380   995
 3381  3362
 3382  2024
 3383   711
 3384  3059
 3385  1746
 3386   416
 3387  2779
 3388  1472
 3389   136
 3390  2503
 3391  1185
 3392  3533
 3393  2214
 3394   899
 3395  3254
 3396  1961
 3397   631
 3398  2994
 3399  1653
 3400   357
 3401  2704
 3402  1372
 3403    64
 3404  2427
 3405  1099
 3406  3477
 3407  2141
 3408   819
 3409  3172
 3410  1873
 3411   534
 3412  2885
 3413  1586
 3414   276
 3415  2602
 3416  1305
 3417  3659
 3418  2331
 3419  1010
 3420  3366
 3421  2057
 3422   747
 3423  3102
 3424  1783
 3425   462
 3426  2813
 3427  1507
 3428   173
 3429  2537
 3430  1225
 3431  3567
 3432  2268
 3433   931
 3434  3299
 3435  1974
 3436   658
 3437  2998
 3438  1675
 3439   367
 3440  2717
 3441  1422
 3442   104
 3443  2461
 3444  1118
 3445  3487
 3446  2147
 3447   850
 3448  3208
 3449  1896
 3450   577
 3451  2933
 3452  1607
 3453   289
 3454  2624
 3455  1303
 3456    11
 3457  2356
 3458  1034
 3459  3419
 3460  2088
 3461   741
 3462  3105
 3463  1813
 3464   481
 3465  2848
 3466  1503
 3467   182
 3468  2562
 3469  1249
 3470  3596
 3471  2288
 3472   945
 3473  3326
 3474  1999
 3475   659
 3476  3030
 3477  1732
 3478   403
 3479  2771
 3480  1445
 3481   108
 3482  2487
 3483  1157
 3484  3515
 3485  2190
 3486   857
 3487  3242
 3488  1897
 3489   596
 3490  2945
 3491  1627
 3492   304
 3493  2679
 3494  1346
 3495    40
 3496  2382
 3497  1076
 3498  3429
 3499  2113
 3500   774
 3501  3151
 3502  1842
 3503   509
 3504  2879
 3505  1554
 3506   228
 3507  2584
 3508  1257
 3509  3635
 3510  2317
 3511   978
 3512  3335
 3513  2025
 3514   682
 3515  3072
 3516  1724
 3517   436
 3518  2776
 3519  1460
 3520   130
 3521  2506
 3522  1174
 3523  3544
 3524  2206
 3525   887
 3526  3251
 3527  1925
 3528   611
 3529  2991
 3530  1639
 3531   332
 3532  2698
 3533  1370
 3534    55
 3535  2402
 3536  1089
 3537  3442
 3538  2135
 3539   822
 3540  3186
 3541  1847
 3542   531
 3543  2907
 3544  1561
 3545   248
 3546  2619
 3547  1281
 3548  3666
 3549  2307
 3550   992
 3551  3350
 3552  2061
 3553   714
 3554  3094
 3555  1772
 3556   450
 3557  2814
 3558  1477
 3559   153
 3560  2541
 3561  1203
 3562  3583
 3563  2254
 3564   910
 3565  3291
 3566  1960
 3567   647
 3568  3000
 3569  1690
 3570   348
 3571  2707
 3572  1403
 3573    71
 3574  2447
 3575  1120
 3576  3483
 3577  2164
 3578   828
 3579  3180
 3580  1883
 3581   572
 3582  2912
 3583  1616
 3584   259
 3585  2616
 3586  1330
 3587  3664
 3588  2350
 3589  1014
 3590  3395
 3591  2079
 3592   759
 3593  3104
 3594  1795
 3595   459
 3596  2830
 3597  1510
 3598   181
 3599  2531
 3600  1231
 3601  3577
 3602  2270
 3603   946
 3604  3295
 3605  1985
 3606   668
 3607  3041
 3608  1700
 3609   373
 3610  2752
 3611  1408
 3612   114
 3613  2469
 3614  1144
 3615  3517
 3616  2197
 3617   841
 3618  3227
 3619  1891
 3620   599
 3621  2952
 3622  1620
 3623   311
 3624  2666
 3625  1344
 3626    34
 3627  2378
 3628  1053
 3629  3427
 3630  2111
 3631   763
 3632  3139
 3633  1802
 3634   487
 3635  2874
 3636  1541
 3637   205
 3638  2570
 3639  1236
 3640  3612
 3641  2277
 3642   974
 3643  3327
 3644  2012
 3645   695
 3646  3039
 3647  1721
 3648   419
 3649  2768
 3650  1449
 3651   120
 3652  2495
 3653  1183
 3654  3535
 3655  2199
 3656   888
 3657  3237
 3658  1928
 3659   590
 3660  2967
 3661  1658
 3662   308
 3663  2694
 3664  1378
 3665    49
 3666  2410
 3667  1088
 3668  3440
 3669  2121
 3670   821
 3671  3167
 3672  1837
 3673   505
 3674  2889
 3675  1555
 3676   230
 3677  2593
 3678  1270
 3679  3636
 3680  2318
 3681  1005
 3682  3353
 3683  2021
