FR80T25X4L5
Turbo Code Interleaving
User data with 4 flush bits = 1460
NOTE: S-bit is the bit index after interleaving. Data-bit is the index of user data
S-bit Data-bit
    0    13
    1   947
    2   411
    3  1356
    4   839
    5   304
    6  1243
    7   723
    8   195
    9  1137
   10   609
   11    90
   12  1019
   13   501
   14  1437
   15   915
   16   379
   17  1322
   18   799
   19   273
   20  1204
   21   685
   22   166
   23  1097
   24   569
   25    45
   26   992
   27   468
   28  1408
   29   870
   30   358
   31  1294
   32   763
   33   244
   34  1170
   35   647
   36   128
   37  1060
   38   536
   39    17
   40   952
   41   425
   42  1371
   43   843
   44   313
   45  1254
   46   728
   47   203
   48  1144
   49   623
   50    88
   51  1034
   52   503
   53  1448
   54   922
   55   397
   56  1339
   57   803
   58   277
   59  1213
   60   692
   61   176
   62  1106
   63   583
   64    66
   65   996
   66   481
   67  1413
   68   887
   69   362
   70  1291
   71   769
   72   250
   73  1183
   74   666
   75   145
   76  1076
   77   555
   78    33
   79   967
   80   437
   81  1373
   82   856
   83   327
   84  1263
   85   741
   86   227
   87  1150
   88   635
   89   103
   90  1047
   91   520
   92  1454
   93   930
   94   399
   95  1341
   96   811
   97   300
   98  1228
   99   708
  100   177
  101  1114
  102   600
  103    68
  104  1004
  105   488
  106  1423
  107   900
  108   370
  109  1303
  110   779
  111   257
  112  1199
  113   679
  114   147
  115  1091
  116   558
  117    37
  118   968
  119   446
  120  1382
  121   867
  122   336
  123  1272
  124   751
  125   234
  126  1163
  127   637
  128   121
  129  1054
  130   519
  131     3
  132   941
  133   420
  134  1349
  135   834
  136   297
  137  1233
  138   714
  139   191
  140  1132
  141   608
  142    76
  143  1013
  144   496
  145  1431
  146   902
  147   375
  148  1317
  149   798
  150   275
  151  1209
  152   677
  153   158
  154  1087
  155   575
  156    46
  157   988
  158   465
  159  1390
  160   874
  161   338
  162  1285
  163   765
  164   238
  165  1171
  166   646
  167   122
  168  1065
  169   537
  170    22
  171   950
  172   430
  173  1359
  174   838
  175   311
  176  1255
  177   724
  178   197
  179  1148
  180   618
  181    94
  182  1035
  183   505
  184  1442
  185   914
  186   395
  187  1321
  188   805
  189   280
  190  1220
  191   697
  192   167
  193  1105
  194   587
  195    60
  196   993
  197   473
  198  1407
  199   885
  200   355
  201  1297
  202   772
  203   248
  204  1186
  205   660
  206   131
  207  1074
  208   543
  209    24
  210   953
  211   440
  212  1378
  213   848
  214   330
  215  1259
  216   735
  217   212
  218  1149
  219   629
  220   100
  221  1037
  222   513
  223  1446
  224   926
  225   404
  226  1342
  227   818
  228   295
  229  1232
  230   700
  231   181
  232  1121
  233   588
  234    63
  235  1000
  236   479
  237  1420
  238   891
  239   372
  240  1300
  241   780
  242   263
  243  1194
  244   664
  245   157
  246  1083
  247   565
  248    29
  249   971
  250   438
  251  1385
  252   864
  253   337
  254  1271
  255   752
  256   218
  257  1158
  258   643
  259   116
  260  1042
  261   527
  262     0
  263   931
  264   407
  265  1354
  266   826
  267   299
  268  1229
  269   710
  270   190
  271  1125
  272   601
  273    80
  274  1021
  275   487
  276  1427
  277   897
  278   376
  279  1316
  280   794
  281   264
  282  1208
  283   683
  284   154
  285  1086
  286   559
  287    48
  288   986
  289   450
  290  1387
  291   865
  292   342
  293  1288
  294   762
  295   231
  296  1168
  297   641
  298   118
  299  1056
  300   532
  301    12
  302   951
  303   426
  304  1365
  305   827
  306   309
  307  1247
  308   730
  309   205
  310  1142
  311   613
  312    84
  313  1024
  314   500
  315  1440
  316   909
  317   385
  318  1325
  319   796
  320   270
  321  1212
  322   691
  323   163
  324  1103
  325   585
  326    55
  327   989
  328   461
  329  1397
  330   878
  331   354
  332  1290
  333   764
  334   240
  335  1174
  336   661
  337   137
  338  1064
  339   551
  340    20
  341   955
  342   436
  343  1363
  344   841
  345   314
  346  1257
  347   736
  348   214
  349  1143
  350   620
  351    99
  352  1032
  353   516
  354  1441
  355   919
  356   396
  357  1331
  358   804
  359   286
  360  1218
  361   695
  362   179
  363  1111
  364   594
  365    59
  366  1006
  367   471
  368  1409
  369   882
  370   363
  371  1302
  372   774
  373   245
  374  1189
  375   671
  376   141
  377  1077
  378   550
  379    31
  380   960
  381   445
  382  1376
  383   852
  384   325
  385  1273
  386   750
  387   219
  388  1151
  389   626
  390   101
  391  1039
  392   522
  393  1450
  394   925
  395   406
  396  1340
  397   821
  398   294
  399  1239
  400   701
  401   189
  402  1127
  403   598
  404    75
  405  1014
  406   490
  407  1428
  408   894
  409   377
  410  1313
  411   782
  412   262
  413  1196
  414   670
  415   151
  416  1090
  417   557
  418    40
  419   980
  420   458
  421  1383
  422   858
  423   345
  424  1275
  425   749
  426   226
  427  1172
  428   642
  429   114
  430  1058
  431   526
  432    11
  433   937
  434   423
  435  1348
  436   824
  437   312
  438  1245
  439   719
  440   198
  441  1136
  442   602
  443    85
  444  1026
  445   489
  446  1429
  447   905
  448   390
  449  1323
  450   797
  451   267
  452  1214
  453   681
  454   169
  455  1101
  456   573
  457    58
  458   994
  459   466
  460  1400
  461   879
  462   353
  463  1279
  464   768
  465   237
  466  1167
  467   649
  468   126
  469  1066
  470   546
  471     9
  472   954
  473   432
  474  1357
  475   840
  476   316
  477  1253
  478   737
  479   201
  480  1138
  481   612
  482    93
  483  1025
  484   499
  485  1449
  486   921
  487   392
  488  1333
  489   812
  490   281
  491  1222
  492   694
  493   173
  494  1107
  495   582
  496    56
  497   991
  498   474
  499  1414
  500   892
  501   368
  502  1289
  503   770
  504   249
  505  1190
  506   663
  507   138
  508  1080
  509   547
  510    23
  511   965
  512   441
  513  1372
  514   850
  515   323
  516  1256
  517   743
  518   215
  519  1153
  520   632
  521   104
  522  1045
  523   514
  524  1452
  525   924
  526   402
  527  1347
  528   817
  529   296
  530  1230
  531   707
  532   183
  533  1112
  534   593
  535    70
  536  1011
  537   478
  538  1421
  539   901
  540   367
  541  1310
  542   789
  543   266
  544  1201
  545   672
  546   155
  547  1089
  548   561
  549    36
  550   974
  551   443
  552  1389
  553   854
  554   332
  555  1274
  556   748
  557   220
  558  1162
  559   644
  560   115
  561  1050
  562   523
  563     7
  564   944
  565   417
  566  1350
  567   831
  568   306
  569  1244
  570   722
  571   192
  572  1124
  573   599
  574    73
  575  1015
  576   495
  577  1424
  578   899
  579   384
  580  1318
  581   788
  582   265
  583  1206
  584   678
  585   156
  586  1095
  587   571
  588    42
  589   977
  590   456
  591  1393
  592   871
  593   341
  594  1284
  595   755
  596   236
  597  1166
  598   651
  599   129
  600  1057
  601   534
  602     5
  603   949
  604   424
  605  1355
  606   835
  607   315
  608  1246
  609   727
  610   194
  611  1131
  612   616
  613    87
  614  1030
  615   498
  616  1444
  617   917
  618   387
  619  1332
  620   806
  621   279
  622  1210
  623   693
  624   162
  625  1109
  626   578
  627    64
  628   990
  629   475
  630  1405
  631   877
  632   352
  633  1293
  634   775
  635   255
  636  1176
  637   657
  638   133
  639  1073
  640   552
  641    19
  642   964
  643   428
  644  1366
  645   853
  646   326
  647  1262
  648   734
  649   206
  650  1145
  651   625
  652   102
  653  1029
  654   517
  655  1443
  656   927
  657   403
  658  1334
  659   813
  660   290
  661  1223
  662   705
  663   186
  664  1118
  665   590
  666    62
  667  1008
  668   476
  669  1415
  670   893
  671   360
  672  1306
  673   778
  674   252
  675  1193
  676   674
  677   148
  678  1075
  679   554
  680    38
  681   973
  682   453
  683  1388
  684   863
  685   334
  686  1265
  687   744
  688   221
  689  1165
  690   628
  691   113
  692  1044
  693   525
  694  1456
  695   942
  696   418
  697  1344
  698   819
  699   303
  700  1227
  701   712
  702   188
  703  1117
  704   596
  705    72
  706  1005
  707   492
  708  1430
  709   895
  710   378
  711  1314
  712   790
  713   261
  714  1202
  715   673
  716   160
  717  1092
  718   574
  719    49
  720   984
  721   457
  722  1399
  723   875
  724   347
  725  1277
  726   753
  727   230
  728  1169
  729   640
  730   127
  731  1051
  732   539
  733    16
  734   940
  735   416
  736  1362
  737   829
  738   308
  739  1241
  740   725
  741   202
  742  1128
  743   605
  744    89
  745  1023
  746   502
  747  1439
  748   916
  749   383
  750  1320
  751   800
  752   276
  753  1219
  754   688
  755   164
  756  1102
  757   576
  758    51
  759   985
  760   467
  761  1403
  762   884
  763   351
  764  1292
  765   761
  766   235
  767  1185
  768   655
  769   130
  770  1069
  771   540
  772    18
  773   956
  774   435
  775  1374
  776   849
  777   322
  778  1260
  779   726
  780   204
  781  1140
  782   621
  783    98
  784  1038
  785   510
  786  1451
  787   923
  788   401
  789  1335
  790   816
  791   287
  792  1216
  793   702
  794   174
  795  1104
  796   581
  797    65
  798   997
  799   483
  800  1410
  801   881
  802   373
  803  1298
  804   781
  805   251
  806  1182
  807   658
  808   139
  809  1078
  810   549
  811    25
  812   970
  813   439
  814  1379
  815   857
  816   329
  817  1269
  818   738
  819   217
  820  1157
  821   624
  822   112
  823  1046
  824   512
  825  1453
  826   936
  827   409
  828  1338
  829   814
  830   289
  831  1235
  832   703
  833   180
  834  1116
  835   595
  836    77
  837  1012
  838   485
  839  1422
  840   903
  841   382
  842  1305
  843   786
  844   260
  845  1197
  846   669
  847   143
  848  1084
  849   568
  850    41
  851   972
  852   447
  853  1395
  854   859
  855   343
  856  1270
  857   745
  858   233
  859  1161
  860   645
  861   120
  862  1055
  863   528
  864    10
  865   948
  866   419
  867  1358
  868   825
  869   302
  870  1236
  871   718
  872   199
  873  1135
  874   610
  875    81
  876  1022
  877   493
  878  1434
  879   908
  880   388
  881  1324
  882   795
  883   274
  884  1211
  885   687
  886   159
  887  1093
  888   577
  889    54
  890   978
  891   464
  892  1391
  893   876
  894   348
  895  1281
  896   758
  897   239
  898  1181
  899   650
  900   125
  901  1061
  902   541
  903    21
  904   957
  905   422
  906  1361
  907   837
  908   317
  909  1252
  910   729
  911   210
  912  1146
  913   614
  914    97
  915  1028
  916   511
  917  1435
  918   920
  919   398
  920  1329
  921   808
  922   283
  923  1225
  924   699
  925   172
  926  1108
  927   580
  928    67
  929  1003
  930   470
  931  1402
  932   883
  933   357
  934  1301
  935   771
  936   247
  937  1184
  938   659
  939   135
  940  1068
  941   553
  942    26
  943   962
  944   442
  945  1370
  946   845
  947   321
  948  1266
  949   747
  950   222
  951  1156
  952   631
  953   107
  954  1043
  955   521
  956  1447
  957   932
  958   405
  959  1336
  960   820
  961   293
  962  1231
  963   706
  964   178
  965  1123
  966   589
  967    71
  968  1002
  969   482
  970  1419
  971   888
  972   366
  973  1304
  974   785
  975   259
  976  1188
  977   676
  978   140
  979  1085
  980   563
  981    35
  982   969
  983   454
  984  1384
  985   855
  986   335
  987  1278
  988   746
  989   223
  990  1160
  991   638
  992   110
  993  1040
  994   529
  995  1459
  996   933
  997   415
  998  1351
  999   830
 1000   298
 1001  1240
 1002   716
 1003   196
 1004  1129
 1005   604
 1006    86
 1007  1016
 1008   494
 1009  1433
 1010   907
 1011   381
 1012  1319
 1013   792
 1014   269
 1015  1203
 1016   680
 1017   153
 1018  1088
 1019   567
 1020    50
 1021   979
 1022   460
 1023  1398
 1024   869
 1025   344
 1026  1282
 1027   766
 1028   232
 1029  1175
 1030   653
 1031   117
 1032  1059
 1033   533
 1034     6
 1035   946
 1036   431
 1037  1367
 1038   842
 1039   319
 1040  1251
 1041   717
 1042   208
 1043  1133
 1044   615
 1045    95
 1046  1027
 1047   508
 1048  1432
 1049   911
 1050   389
 1051  1330
 1052   807
 1053   278
 1054  1221
 1055   689
 1056   171
 1057  1098
 1058   584
 1059    52
 1060   987
 1061   459
 1062  1404
 1063   886
 1064   361
 1065  1287
 1066   760
 1067   243
 1068  1179
 1069   656
 1070   134
 1071  1072
 1072   544
 1073    28
 1074   959
 1075   429
 1076  1375
 1077   844
 1078   324
 1079  1264
 1080   732
 1081   213
 1082  1154
 1083   619
 1084   105
 1085  1036
 1086   506
 1087  1455
 1088   928
 1089   400
 1090  1343
 1091   809
 1092   284
 1093  1224
 1094   698
 1095   175
 1096  1115
 1097   591
 1098    61
 1099  1001
 1100   472
 1101  1411
 1102   896
 1103   369
 1104  1309
 1105   777
 1106   253
 1107  1192
 1108   665
 1109   144
 1110  1071
 1111   556
 1112    27
 1113   963
 1114   449
 1115  1377
 1116   861
 1117   328
 1118  1261
 1119   740
 1120   225
 1121  1155
 1122   633
 1123   111
 1124  1048
 1125   524
 1126     2
 1127   935
 1128   412
 1129  1346
 1130   823
 1131   291
 1132  1242
 1133   713
 1134   187
 1135  1126
 1136   606
 1137    82
 1138  1009
 1139   484
 1140  1418
 1141   906
 1142   380
 1143  1312
 1144   784
 1145   271
 1146  1195
 1147   675
 1148   149
 1149  1094
 1150   572
 1151    39
 1152   983
 1153   451
 1154  1394
 1155   868
 1156   350
 1157  1283
 1158   757
 1159   228
 1160  1173
 1161   639
 1162   119
 1163  1062
 1164   535
 1165     1
 1166   943
 1167   421
 1168  1360
 1169   833
 1170   305
 1171  1248
 1172   720
 1173   193
 1174  1130
 1175   611
 1176    92
 1177  1020
 1178   504
 1179  1438
 1180   910
 1181   391
 1182  1328
 1183   802
 1184   282
 1185  1205
 1186   686
 1187   165
 1188  1100
 1189   570
 1190    47
 1191   995
 1192   469
 1193  1396
 1194   873
 1195   349
 1196  1295
 1197   759
 1198   241
 1199  1180
 1200   648
 1201   132
 1202  1063
 1203   545
 1204    15
 1205   958
 1206   434
 1207  1364
 1208   846
 1209   320
 1210  1249
 1211   731
 1212   209
 1213  1139
 1214   622
 1215    96
 1216  1033
 1217   507
 1218  1445
 1219   912
 1220   394
 1221  1326
 1222   815
 1223   288
 1224  1215
 1225   696
 1226   170
 1227  1113
 1228   586
 1229    69
 1230   999
 1231   480
 1232  1412
 1233   880
 1234   364
 1235  1296
 1236   776
 1237   254
 1238  1187
 1239   662
 1240   136
 1241  1079
 1242   548
 1243    32
 1244   966
 1245   433
 1246  1381
 1247   847
 1248   333
 1249  1267
 1250   739
 1251   216
 1252  1152
 1253   634
 1254   108
 1255  1049
 1256   518
 1257  1458
 1258   934
 1259   410
 1260  1337
 1261   822
 1262   301
 1263  1226
 1264   709
 1265   182
 1266  1122
 1267   592
 1268    78
 1269  1010
 1270   477
 1271  1417
 1272   898
 1273   371
 1274  1308
 1275   791
 1276   258
 1277  1198
 1278   667
 1279   152
 1280  1081
 1281   560
 1282    43
 1283   976
 1284   452
 1285  1392
 1286   862
 1287   340
 1288  1276
 1289   754
 1290   229
 1291  1164
 1292   636
 1293   123
 1294  1053
 1295   530
 1296     8
 1297   939
 1298   414
 1299  1353
 1300   832
 1301   310
 1302  1238
 1303   715
 1304   200
 1305  1134
 1306   603
 1307    79
 1308  1018
 1309   497
 1310  1426
 1311   913
 1312   386
 1313  1315
 1314   793
 1315   268
 1316  1207
 1317   684
 1318   161
 1319  1099
 1320   566
 1321    53
 1322   981
 1323   463
 1324  1401
 1325   872
 1326   356
 1327  1286
 1328   767
 1329   242
 1330  1178
 1331   652
 1332   124
 1333  1067
 1334   538
 1335    14
 1336   945
 1337   427
 1338  1368
 1339   836
 1340   318
 1341  1250
 1342   721
 1343   207
 1344  1141
 1345   617
 1346    91
 1347  1031
 1348   509
 1349  1436
 1350   918
 1351   393
 1352  1327
 1353   801
 1354   285
 1355  1217
 1356   690
 1357   168
 1358  1110
 1359   579
 1360    57
 1361   998
 1362   462
 1363  1406
 1364   890
 1365   359
 1366  1299
 1367   773
 1368   246
 1369  1177
 1370   654
 1371   142
 1372  1070
 1373   542
 1374    30
 1375   961
 1376   444
 1377  1369
 1378   851
 1379   331
 1380  1258
 1381   733
 1382   211
 1383  1147
 1384   627
 1385   109
 1386  1041
 1387   515
 1388  1457
 1389   929
 1390   408
 1391  1345
 1392   810
 1393   292
 1394  1234
 1395   704
 1396   184
 1397  1119
 1398   597
 1399    74
 1400  1007
 1401   486
 1402  1416
 1403   889
 1404   365
 1405  1311
 1406   783
 1407   256
 1408  1191
 1409   668
 1410   146
 1411  1082
 1412   564
 1413    34
 1414   975
 1415   448
 1416  1380
 1417   860
 1418   339
 1419  1268
 1420   742
 1421   224
 1422  1159
 1423   630
 1424   106
 1425  1052
 1426   531
 1427     4
 1428   938
 1429   413
 1430  1352
 1431   828
 1432   307
 1433  1237
 1434   711
 1435   185
 1436  1120
 1437   607
 1438    83
 1439  1017
 1440   491
 1441  1425
 1442   904
 1443   374
 1444  1307
 1445   787
 1446   272
 1447  1200
 1448   682
 1449   150
 1450  1096
 1451   562
 1452    44
 1453   982
 1454   455
 1455  1386
 1456   866
 1457   346
 1458  1280
 1459   756
