FR80T5X4L1
Turbo Code Interleaving
User data with 4 flush bits = 2564
NOTE: S-bit is the bit index after interleaving. Data-bit is the index of user data
S-bit Data-bit
    0    26
    1  1666
    2   726
    3  2382
    4  1475
    5   538
    6  2184
    7  1272
    8   342
    9  1998
   10  1070
   11   158
   12  1787
   13   880
   14  2524
   15  1608
   16   664
   17  2324
   18  1406
   19   480
   20  2118
   21  1206
   22   293
   23  1926
   24   997
   25    79
   26  1743
   27   823
   28  2471
   29  1531
   30   630
   31  2271
   32  1342
   33   432
   34  2056
   35  1140
   36   224
   37  1863
   38   942
   39    30
   40  1674
   41   749
   42  2409
   43  1481
   44   551
   45  2206
   46  1280
   47   357
   48  2006
   49  1095
   50   155
   51  1816
   52   882
   53  2543
   54  1623
   55   700
   56  2356
   57  1410
   58   492
   59  2134
   60  1217
   61   309
   62  1942
   63  1025
   64   116
   65  1751
   66   847
   67  2482
   68  1561
   69   636
   70  2268
   71  1353
   72   439
   73  2079
   74  1175
   75   256
   76  1893
   77   977
   78    58
   79  1700
   80   770
   81  2412
   82  1505
   83   577
   84  2220
   85  1305
   86   398
   87  2017
   88  1118
   89   184
   90  1837
   91   912
   92  2554
   93  1637
   94   706
   95  2360
   96  1426
   97   529
   98  2160
   99  1244
  100   311
  101  1961
  102  1055
  103   122
  104  1765
  105   857
  106  2500
  107  1580
  108   649
  109  2288
  110  1372
  111   453
  112  2108
  113  1193
  114   260
  115  1917
  116   983
  117    65
  118  1701
  119   786
  120  2427
  121  1527
  122   594
  123  2235
  124  1320
  125   409
  126  2043
  127  1122
  128   211
  129  1852
  130   911
  131     4
  132  1654
  133   739
  134  2370
  135  1462
  136   524
  137  2168
  138  1252
  139   337
  140  1987
  141  1069
  142   131
  143  1776
  144   871
  145  2512
  146  1585
  147   659
  148  2316
  149  1405
  150   482
  151  2124
  152  1190
  153   276
  154  1909
  155  1010
  156    80
  157  1737
  158   820
  159  2441
  160  1536
  161   598
  162  2260
  163  1344
  164   421
  165  2057
  166  1138
  167   213
  168  1871
  169   943
  170    38
  171  1669
  172   755
  173  2390
  174  1473
  175   548
  176  2208
  177  1275
  178   344
  179  2013
  180  1085
  181   164
  182  1817
  183   889
  184  2533
  185  1605
  186   694
  187  2321
  188  1412
  189   497
  190  2144
  191  1226
  192   294
  193  1941
  194  1031
  195   103
  196  1744
  197   832
  198  2470
  199  1556
  200   624
  201  2280
  202  1357
  203   437
  204  2084
  205  1162
  206   228
  207  1888
  208   956
  209    41
  210  1677
  211   773
  212  2420
  213  1492
  214   581
  215  2214
  216  1292
  217   374
  218  2016
  219  1107
  220   178
  221  1822
  222   901
  223  2538
  224  1628
  225   713
  226  2361
  227  1439
  228   521
  229  2166
  230  1232
  231   318
  232  1972
  233  1033
  234   112
  235  1758
  236   844
  237  2495
  238  1567
  239   653
  240  2283
  241  1374
  242   465
  243  2099
  244  1169
  245   275
  246  1904
  247   991
  248    52
  249  1706
  250   771
  251  2435
  252  1517
  253   597
  254  2233
  255  1321
  256   385
  257  2036
  258  1130
  259   203
  260  1832
  261   924
  262     1
  263  1638
  264   718
  265  2379
  266  1452
  267   527
  268  2161
  269  1246
  270   333
  271  1977
  272  1056
  273   139
  274  1791
  275   856
  276  2505
  277  1575
  278   661
  279  2310
  280  1401
  281   466
  282  2123
  283  1203
  284   272
  285  1908
  286   984
  287    83
  288  1733
  289   792
  290  2438
  291  1524
  292   603
  293  2263
  294  1341
  295   405
  296  2054
  297  1128
  298   206
  299  1856
  300   934
  301    24
  302  1672
  303   750
  304  2400
  305  1454
  306   545
  307  2191
  308  1283
  309   362
  310  2004
  311  1078
  312   147
  313  1795
  314   879
  315  2531
  316  1598
  317   678
  318  2329
  319  1403
  320   476
  321  2130
  322  1216
  323   284
  324  1938
  325  1027
  326    95
  327  1738
  328   813
  329  2455
  330  1545
  331   621
  332  2267
  333  1343
  334   424
  335  2064
  336  1163
  337   245
  338  1870
  339   971
  340    36
  341  1680
  342   767
  343  2397
  344  1479
  345   552
  346  2211
  347  1294
  348   377
  349  2005
  350  1089
  351   177
  352  1813
  353   907
  354  2532
  355  1619
  356   698
  357  2339
  358  1411
  359   505
  360  2141
  361  1223
  362   314
  363  1949
  364  1046
  365   102
  366  1767
  367   827
  368  2474
  369  1552
  370   637
  371  2287
  372  1360
  373   433
  374  2088
  375  1181
  376   251
  377  1895
  378   968
  379    54
  380  1689
  381   785
  382  2417
  383  1499
  384   573
  385  2236
  386  1318
  387   387
  388  2019
  389  1102
  390   180
  391  1829
  392   916
  393  2546
  394  1626
  395   717
  396  2357
  397  1444
  398   519
  399  2177
  400  1234
  401   332
  402  1981
  403  1052
  404   130
  405  1778
  406   864
  407  2507
  408  1572
  409   662
  410  2307
  411  1376
  412   461
  413  2103
  414  1180
  415   267
  416  1915
  417   981
  418    69
  419  1719
  420   803
  421  2430
  422  1508
  423   607
  424  2243
  425  1317
  426   396
  427  2058
  428  1129
  429   201
  430  1858
  431   923
  432    23
  433  1649
  434   743
  435  2369
  436  1449
  437   550
  438  2189
  439  1266
  440   345
  441  1996
  442  1059
  443   148
  444  1801
  445   859
  446  2509
  447  1592
  448   686
  449  2327
  450  1404
  451   471
  452  2137
  453  1196
  454   300
  455  1935
  456  1006
  457   100
  458  1745
  459   821
  460  2458
  461  1547
  462   620
  463  2249
  464  1350
  465   417
  466  2052
  467  1142
  468   221
  469  1873
  470   961
  471    21
  472  1678
  473   757
  474  2387
  475  1477
  476   554
  477  2204
  478  1295
  479   350
  480  1999
  481  1075
  482   161
  483  1799
  484   877
  485  2544
  486  1622
  487   689
  488  2343
  489  1427
  490   498
  491  2147
  492  1222
  493   306
  494  1943
  495  1024
  496    97
  497  1742
  498   833
  499  2487
  500  1570
  501   647
  502  2265
  503  1355
  504   438
  505  2089
  506  1166
  507   247
  508  1898
  509   963
  510    40
  511  1697
  512   774
  513  2411
  514  1495
  515   571
  516  2210
  517  1309
  518   379
  519  2024
  520  1113
  521   185
  522  1835
  523   902
  524  2549
  525  1625
  526   711
  527  2366
  528  1438
  529   522
  530  2162
  531  1243
  532   321
  533  1956
  534  1045
  535   124
  536  1774
  537   839
  538  2496
  539  1582
  540   646
  541  2301
  542  1386
  543   468
  544  2113
  545  1182
  546   273
  547  1911
  548   986
  549    64
  550  1712
  551   777
  552  2440
  553  1501
  554   584
  555  2240
  556  1315
  557   388
  558  2041
  559  1134
  560   202
  561  1845
  562   919
  563    14
  564  1662
  565   734
  566  2372
  567  1459
  568   540
  569  2187
  570  1270
  571   339
  572  1975
  573  1053
  574   128
  575  1779
  576   870
  577  2501
  578  1578
  579   677
  580  2317
  581  1385
  582   467
  583  2121
  584  1192
  585   274
  586  1922
  587  1003
  588    75
  589  1716
  590   801
  591  2449
  592  1533
  593   602
  594  2259
  595  1327
  596   415
  597  2049
  598  1144
  599   225
  600  1857
  601   938
  602     8
  603  1668
  604   744
  605  2381
  606  1463
  607   553
  608  2190
  609  1279
  610   341
  611  1985
  612  1083
  613   151
  614  1810
  615   876
  616  2536
  617  1614
  618   681
  619  2341
  620  1415
  621   496
  622  2126
  623  1219
  624   282
  625  1946
  626  1017
  627   113
  628  1740
  629   835
  630  2468
  631  1539
  632   619
  633  2270
  634  1364
  635   448
  636  2067
  637  1156
  638   230
  639  1886
  640   972
  641    34
  642  1696
  643   752
  644  2401
  645  1500
  646   576
  647  2217
  648  1291
  649   363
  650  2009
  651  1099
  652   181
  653  1809
  654   908
  655  2535
  656  1629
  657   712
  658  2345
  659  1429
  660   514
  661  2150
  662  1241
  663   327
  664  1967
  665  1036
  666   111
  667  1769
  668   837
  669  2488
  670  1571
  671   634
  672  2292
  673  1370
  674   441
  675  2098
  676  1184
  677   261
  678  1892
  679   976
  680    66
  681  1711
  682   796
  683  2439
  684  1515
  685   587
  686  2226
  687  1310
  688   389
  689  2047
  690  1106
  691   200
  692  1834
  693   921
  694  2556
  695  1655
  696   735
  697  2363
  698  1441
  699   533
  700  2159
  701  1249
  702   330
  703  1965
  704  1049
  705   127
  706  1766
  707   867
  708  2510
  709  1573
  710   663
  711  2308
  712  1387
  713   460
  714  2114
  715  1183
  716   279
  717  1918
  718  1008
  719    85
  720  1730
  721   802
  722  2457
  723  1537
  724   609
  725  2246
  726  1323
  727   403
  728  2055
  729  1126
  730   222
  731  1848
  732   949
  733    29
  734  1653
  735   733
  736  2395
  737  1457
  738   544
  739  2179
  740  1276
  741   353
  742  1982
  743  1064
  744   157
  745  1794
  746   881
  747  2529
  748  1611
  749   671
  750  2320
  751  1407
  752   485
  753  2142
  754  1211
  755   287
  756  1936
  757  1012
  758    90
  759  1731
  760   822
  761  2465
  762  1555
  763   618
  764  2269
  765  1340
  766   412
  767  2082
  768  1153
  769   226
  770  1880
  771   951
  772    32
  773  1682
  774   766
  775  2414
  776  1493
  777   570
  778  2215
  779  1278
  780   358
  781  2002
  782  1090
  783   176
  784  1823
  785   898
  786  2547
  787  1624
  788   710
  789  2351
  790  1437
  791   506
  792  2139
  793  1235
  794   307
  795  1940
  796  1023
  797   115
  798  1753
  799   850
  800  2475
  801  1550
  802   654
  803  2281
  804  1375
  805   440
  806  2077
  807  1157
  808   249
  809  1896
  810   966
  811    44
  812  1705
  813   772
  814  2421
  815  1506
  816   580
  817  2231
  818  1296
  819   384
  820  2031
  821  1096
  822   198
  823  1836
  824   900
  825  2553
  826  1648
  827   720
  828  2354
  829  1430
  830   513
  831  2171
  832  1239
  833   315
  834  1964
  835  1048
  836   133
  837  1775
  838   852
  839  2498
  840  1586
  841   669
  842  2290
  843  1383
  844   459
  845  2104
  846  1179
  847   253
  848  1906
  849   996
  850    74
  851  1707
  852   787
  853  2451
  854  1511
  855   604
  856  2232
  857  1311
  858   407
  859  2040
  860  1135
  861   210
  862  1855
  863   925
  864    22
  865  1667
  866   736
  867  2389
  868  1451
  869   532
  870  2172
  871  1264
  872   346
  873  1994
  874  1071
  875   142
  876  1793
  877   868
  878  2516
  879  1597
  880   684
  881  2328
  882  1402
  883   481
  884  2127
  885  1210
  886   278
  887  1920
  888  1014
  889    94
  890  1717
  891   819
  892  2446
  893  1538
  894   612
  895  2255
  896  1333
  897   422
  898  2076
  899  1143
  900   220
  901  1864
  902   953
  903    37
  904  1683
  905   742
  906  2393
  907  1472
  908   555
  909  2203
  910  1281
  911   370
  912  2011
  913  1080
  914   174
  915  1807
  916   899
  917  2518
  918  1620
  919   701
  920  2336
  921  1418
  922   501
  923  2154
  924  1230
  925   303
  926  1945
  927  1022
  928   118
  929  1762
  930   826
  931  2463
  932  1554
  933   629
  934  2285
  935  1356
  936   436
  937  2080
  938  1160
  939   240
  940  1876
  941   975
  942    48
  943  1694
  944   776
  945  2408
  946  1486
  947   565
  948  2227
  949  1313
  950   390
  951  2029
  952  1111
  953   188
  954  1833
  955   914
  956  2539
  957  1643
  958   715
  959  2352
  960  1442
  961   518
  962  2165
  963  1242
  964   312
  965  1974
  966  1034
  967   126
  968  1761
  969   848
  970  2494
  971  1562
  972   645
  973  2289
  974  1382
  975   458
  976  2086
  977  1188
  978   250
  979  1907
  980   988
  981    63
  982  1702
  983   797
  984  2432
  985  1504
  986   591
  987  2247
  988  1312
  989   391
  990  2039
  991  1123
  992   195
  993  1830
  994   926
  995  2563
  996  1644
  997   731
  998  2373
  999  1458
 1000   525
 1001  2178
 1002  1261
 1003   343
 1004  1983
 1005  1062
 1006   149
 1007  1780
 1008   869
 1009  2514
 1010  1596
 1011   666
 1012  2319
 1013  1397
 1014   474
 1015  2117
 1016  1195
 1017   270
 1018  1910
 1019   995
 1020    86
 1021  1718
 1022   810
 1023  2456
 1024  1530
 1025   606
 1026  2256
 1027  1345
 1028   406
 1029  2066
 1030  1149
 1031   205
 1032  1862
 1033   936
 1034     9
 1035  1665
 1036   756
 1037  2403
 1038  1480
 1039   558
 1040  2202
 1041  1263
 1042   367
 1043  1988
 1044  1082
 1045   165
 1046  1805
 1047   894
 1048  2513
 1049  1601
 1050   685
 1051  2338
 1052  1416
 1053   494
 1054  2145
 1055  1213
 1056   302
 1057  1927
 1058  1026
 1059    91
 1060  1736
 1061   809
 1062  2467
 1063  1557
 1064   635
 1065  2262
 1066  1338
 1067   428
 1068  2074
 1069  1154
 1070   231
 1071  1885
 1072   957
 1073    50
 1074  1687
 1075   754
 1076  2416
 1077  1485
 1078   572
 1079  2221
 1080  1289
 1081   375
 1082  2026
 1083  1087
 1084   186
 1085  1819
 1086   891
 1087  2555
 1088  1630
 1089   709
 1090  2362
 1091  1420
 1092   502
 1093  2153
 1094  1228
 1095   308
 1096  1962
 1097  1038
 1098   110
 1099  1759
 1100   828
 1101  2476
 1102  1574
 1103   648
 1104  2298
 1105  1368
 1106   443
 1107  2096
 1108  1171
 1109   255
 1110  1884
 1111   978
 1112    49
 1113  1695
 1114   790
 1115  2418
 1116  1513
 1117   578
 1118  2216
 1119  1303
 1120   394
 1121  2028
 1122  1115
 1123   196
 1124  1838
 1125   920
 1126     3
 1127  1647
 1128   727
 1129  2365
 1130  1448
 1131   515
 1132  2182
 1133  1251
 1134   328
 1135  1978
 1136  1065
 1137   143
 1138  1770
 1139   851
 1140  2492
 1141  1593
 1142   665
 1143  2306
 1144  1378
 1145   477
 1146  2100
 1147  1187
 1148   262
 1149  1921
 1150  1005
 1151    67
 1152  1728
 1153   793
 1154  2450
 1155  1529
 1156   615
 1157  2257
 1158  1329
 1159   400
 1160  2059
 1161  1124
 1162   207
 1163  1866
 1164   940
 1165     2
 1166  1661
 1167   740
 1168  2392
 1169  1461
 1170   539
 1171  2192
 1172  1267
 1173   340
 1174  1984
 1175  1073
 1176   160
 1177  1789
 1178   883
 1179  2527
 1180  1599
 1181   687
 1182  2335
 1183  1409
 1184   499
 1185  2120
 1186  1209
 1187   289
 1188  1933
 1189   999
 1190    82
 1191  1747
 1192   825
 1193  2452
 1194  1535
 1195   614
 1196  2272
 1197  1337
 1198   425
 1199  2075
 1200  1141
 1201   229
 1202  1867
 1203   959
 1204    28
 1205  1684
 1206   765
 1207  2398
 1208  1488
 1209   561
 1210  2194
 1211  1287
 1212   368
 1213  2001
 1214  1093
 1215   173
 1216  1814
 1217   893
 1218  2537
 1219  1602
 1220   693
 1221  2331
 1222  1433
 1223   509
 1224  2138
 1225  1224
 1226   301
 1227  1957
 1228  1028
 1229   123
 1230  1757
 1231   845
 1232  2477
 1233  1549
 1234   638
 1235  2274
 1236  1367
 1237   445
 1238  2085
 1239  1165
 1240   244
 1241  1897
 1242   965
 1243    55
 1244  1698
 1245   761
 1246  2426
 1247  1491
 1248   585
 1249  2228
 1250  1299
 1251   383
 1252  2022
 1253  1116
 1254   189
 1255  1842
 1256   910
 1257  2562
 1258  1645
 1259   722
 1260  2353
 1261  1445
 1262   531
 1263  2158
 1264  1245
 1265   320
 1266  1973
 1267  1044
 1268   135
 1269  1773
 1270   838
 1271  2491
 1272  1577
 1273   651
 1274  2297
 1275  1389
 1276   456
 1277  2107
 1278  1176
 1279   268
 1280  1900
 1281   985
 1282    76
 1283  1715
 1284   795
 1285  2447
 1286  1514
 1287   601
 1288  2244
 1289  1326
 1290   401
 1291  2045
 1292  1121
 1293   218
 1294  1850
 1295   927
 1296    20
 1297  1651
 1298   730
 1299  2376
 1300  1460
 1301   546
 1302  2176
 1303  1259
 1304   349
 1305  1991
 1306  1060
 1307   136
 1308  1783
 1309   872
 1310  2504
 1311  1604
 1312   680
 1313  2309
 1314  1400
 1315   472
 1316  2122
 1317  1204
 1318   280
 1319  1928
 1320   993
 1321    92
 1322  1720
 1323   817
 1324  2459
 1325  1534
 1326   625
 1327  2261
 1328  1348
 1329   427
 1330  2073
 1331  1146
 1332   219
 1333  1874
 1334   946
 1335    27
 1336  1663
 1337   751
 1338  2404
 1339  1469
 1340   557
 1341  2201
 1342  1268
 1343   364
 1344  2003
 1345  1084
 1346   159
 1347  1811
 1348   895
 1349  2519
 1350  1618
 1351   690
 1352  2332
 1353  1408
 1354   503
 1355  2140
 1356  1215
 1357   297
 1358  1947
 1359  1021
 1360    98
 1361  1755
 1362   816
 1363  2469
 1364  1565
 1365   633
 1366  2282
 1367  1359
 1368   434
 1369  2070
 1370  1152
 1371   252
 1372  1882
 1373   955
 1374    53
 1375  1690
 1376   778
 1377  2406
 1378  1496
 1379   582
 1380  2213
 1381  1290
 1382   371
 1383  2012
 1384  1105
 1385   191
 1386  1831
 1387   903
 1388  2561
 1389  1632
 1390   719
 1391  2364
 1392  1422
 1393   516
 1394  2169
 1395  1240
 1396   322
 1397  1969
 1398  1051
 1399   129
 1400  1768
 1401   854
 1402  2490
 1403  1564
 1404   644
 1405  2302
 1406  1377
 1407   451
 1408  2091
 1409  1178
 1410   257
 1411  1903
 1412   989
 1413    62
 1414  1713
 1415   789
 1416  2425
 1417  1512
 1418   600
 1419  2230
 1420  1308
 1421   393
 1422  2037
 1423  1108
 1424   187
 1425  1849
 1426   930
 1427     7
 1428  1650
 1429   728
 1430  2374
 1431  1455
 1432   541
 1433  2173
 1434  1247
 1435   325
 1436  1971
 1437  1066
 1438   145
 1439  1782
 1440   865
 1441  2502
 1442  1591
 1443   658
 1444  2296
 1445  1384
 1446   478
 1447  2112
 1448  1198
 1449   266
 1450  1923
 1451   987
 1452    78
 1453  1723
 1454   798
 1455  2436
 1456  1526
 1457   608
 1458  2254
 1459  1328
 1460   402
 1461  2053
 1462  1131
 1463   217
 1464  1868
 1465   932
 1466    11
 1467  1660
 1468   745
 1469  2394
 1470  1471
 1471   563
 1472  2188
 1473  1271
 1474   360
 1475  1992
 1476  1081
 1477   153
 1478  1798
 1479   884
 1480  2517
 1481  1610
 1482   692
 1483  2334
 1484  1419
 1485   493
 1486  2128
 1487  1207
 1488   288
 1489  1929
 1490  1009
 1491    96
 1492  1734
 1493   811
 1494  2466
 1495  1540
 1496   631
 1497  2276
 1498  1347
 1499   442
 1500  2078
 1501  1151
 1502   234
 1503  1883
 1504   973
 1505    47
 1506  1675
 1507   759
 1508  2396
 1509  1490
 1510   567
 1511  2222
 1512  1288
 1513   365
 1514  2021
 1515  1104
 1516   162
 1517  1826
 1518   897
 1519  2551
 1520  1634
 1521   708
 1522  2347
 1523  1414
 1524   495
 1525  2155
 1526  1236
 1527   316
 1528  1958
 1529  1039
 1530   107
 1531  1746
 1532   849
 1533  2493
 1534  1553
 1535   656
 1536  2279
 1537  1363
 1538   444
 1539  2094
 1540  1185
 1541   248
 1542  1901
 1543   980
 1544    61
 1545  1703
 1546   788
 1547  2422
 1548  1510
 1549   588
 1550  2237
 1551  1316
 1552   399
 1553  2044
 1554  1127
 1555   192
 1556  1840
 1557   918
 1558  2558
 1559  1642
 1560   714
 1561  2367
 1562  1436
 1563   520
 1564  2175
 1565  1253
 1566   326
 1567  1966
 1568  1063
 1569   134
 1570  1777
 1571   858
 1572  2499
 1573  1590
 1574   668
 1575  2304
 1576  1388
 1577   470
 1578  2119
 1579  1189
 1580   277
 1581  1905
 1582   998
 1583    68
 1584  1727
 1585   804
 1586  2443
 1587  1521
 1588   590
 1589  2241
 1590  1335
 1591   418
 1592  2062
 1593  1120
 1594   223
 1595  1859
 1596   929
 1597     6
 1598  1646
 1599   748
 1600  2386
 1601  1465
 1602   536
 1603  2180
 1604  1262
 1605   359
 1606  1990
 1607  1058
 1608   144
 1609  1785
 1610   885
 1611  2525
 1612  1587
 1613   682
 1614  2323
 1615  1391
 1616   479
 1617  2125
 1618  1205
 1619   292
 1620  1932
 1621  1013
 1622   104
 1623  1735
 1624   800
 1625  2461
 1626  1542
 1627   611
 1628  2273
 1629  1336
 1630   414
 1631  2069
 1632  1159
 1633   233
 1634  1872
 1635   941
 1636    25
 1637  1688
 1638   763
 1639  2415
 1640  1483
 1641   549
 1642  2199
 1643  1273
 1644   372
 1645  2018
 1646  1094
 1647   172
 1648  1802
 1649   886
 1650  2528
 1651  1607
 1652   703
 1653  2337
 1654  1424
 1655   512
 1656  2135
 1657  1212
 1658   291
 1659  1944
 1660  1032
 1661   109
 1662  1764
 1663   841
 1664  2479
 1665  1548
 1666   626
 1667  2293
 1668  1354
 1669   450
 1670  2093
 1671  1174
 1672   241
 1673  1902
 1674   964
 1675    45
 1676  1693
 1677   781
 1678  2428
 1679  1502
 1680   568
 1681  2224
 1682  1300
 1683   382
 1684  2032
 1685  1109
 1686   179
 1687  1818
 1688   922
 1689  2540
 1690  1641
 1691   725
 1692  2350
 1693  1431
 1694   523
 1695  2152
 1696  1250
 1697   335
 1698  1954
 1699  1040
 1700   137
 1701  1772
 1702   853
 1703  2486
 1704  1569
 1705   655
 1706  2315
 1707  1373
 1708   452
 1709  2110
 1710  1173
 1711   254
 1712  1891
 1713   979
 1714    77
 1715  1699
 1716   799
 1717  2442
 1718  1516
 1719   599
 1720  2234
 1721  1322
 1722   392
 1723  2048
 1724  1132
 1725   197
 1726  1847
 1727   928
 1728    17
 1729  1639
 1730   723
 1731  2368
 1732  1467
 1733   528
 1734  2186
 1735  1254
 1736   351
 1737  1989
 1738  1072
 1739   156
 1740  1797
 1741   873
 1742  2511
 1743  1589
 1744   674
 1745  2313
 1746  1398
 1747   483
 1748  2115
 1749  1191
 1750   283
 1751  1916
 1752  1002
 1753    89
 1754  1721
 1755   815
 1756  2448
 1757  1528
 1758   616
 1759  2264
 1760  1331
 1761   410
 1762  2068
 1763  1147
 1764   216
 1765  1865
 1766   939
 1767    12
 1768  1671
 1769   738
 1770  2383
 1771  1464
 1772   560
 1773  2200
 1774  1282
 1775   355
 1776  1993
 1777  1088
 1778   168
 1779  1796
 1780   892
 1781  2523
 1782  1617
 1783   679
 1784  2322
 1785  1423
 1786   484
 1787  2151
 1788  1220
 1789   290
 1790  1950
 1791  1020
 1792   119
 1793  1750
 1794   829
 1795  2473
 1796  1546
 1797   643
 1798  2278
 1799  1361
 1800   431
 1801  2081
 1802  1168
 1803   243
 1804  1887
 1805   969
 1806    35
 1807  1686
 1808   780
 1809  2405
 1810  1487
 1811   575
 1812  2207
 1813  1297
 1814   386
 1815  2020
 1816  1101
 1817   163
 1818  1828
 1819   890
 1820  2552
 1821  1621
 1822   695
 1823  2342
 1824  1434
 1825   510
 1826  2148
 1827  1238
 1828   313
 1829  1959
 1830  1042
 1831   114
 1832  1756
 1833   834
 1834  2485
 1835  1566
 1836   642
 1837  2291
 1838  1369
 1839   464
 1840  2097
 1841  1186
 1842   264
 1843  1899
 1844   970
 1845    59
 1846  1704
 1847   782
 1848  2433
 1849  1519
 1850   586
 1851  2239
 1852  1306
 1853   395
 1854  2033
 1855  1125
 1856   209
 1857  1839
 1858   935
 1859  2560
 1860  1633
 1861   724
 1862  2377
 1863  1453
 1864   526
 1865  2164
 1866  1265
 1867   334
 1868  1979
 1869  1050
 1870   141
 1871  1784
 1872   862
 1873  2515
 1874  1583
 1875   673
 1876  2305
 1877  1392
 1878   462
 1879  2106
 1880  1199
 1881   265
 1882  1913
 1883  1007
 1884    73
 1885  1732
 1886   807
 1887  2444
 1888  1523
 1889   610
 1890  2253
 1891  1346
 1892   420
 1893  2046
 1894  1133
 1895   227
 1896  1851
 1897   952
 1898    13
 1899  1658
 1900   732
 1901  2388
 1902  1456
 1903   542
 1904  2195
 1905  1277
 1906   356
 1907  1995
 1908  1079
 1909   166
 1910  1792
 1911   874
 1912  2521
 1913  1595
 1914   676
 1915  2330
 1916  1393
 1917   491
 1918  2146
 1919  1200
 1920   281
 1921  1934
 1922  1019
 1923   108
 1924  1729
 1925   814
 1926  2464
 1927  1558
 1928   622
 1929  2266
 1930  1349
 1931   423
 1932  2063
 1933  1145
 1934   236
 1935  1881
 1936   958
 1937    39
 1938  1692
 1939   764
 1940  2410
 1941  1474
 1942   564
 1943  2196
 1944  1286
 1945   376
 1946  2014
 1947  1092
 1948   169
 1949  1812
 1950   906
 1951  2548
 1952  1606
 1953   707
 1954  2333
 1955  1435
 1956   507
 1957  2157
 1958  1221
 1959   299
 1960  1955
 1961  1041
 1962   106
 1963  1760
 1964   842
 1965  2484
 1966  1559
 1967   641
 1968  2286
 1969  1358
 1970   446
 1971  2092
 1972  1172
 1973   242
 1974  1889
 1975   982
 1976    71
 1977  1708
 1978   783
 1979  2423
 1980  1509
 1981   579
 1982  2229
 1983  1307
 1984   373
 1985  2025
 1986  1103
 1987   190
 1988  1841
 1989   917
 1990     5
 1991  1635
 1992   704
 1993  2371
 1994  1447
 1995   530
 1996  2174
 1997  1256
 1998   323
 1999  1980
 2000  1054
 2001   125
 2002  1781
 2003   846
 2004  2508
 2005  1584
 2006   670
 2007  2300
 2008  1379
 2009   463
 2010  2109
 2011  1194
 2012   258
 2013  1914
 2014   994
 2015    70
 2016  1724
 2017   794
 2018  2434
 2019  1503
 2020   592
 2021  2251
 2022  1319
 2023   413
 2024  2038
 2025  1119
 2026   208
 2027  1854
 2028   945
 2029    10
 2030  1656
 2031   729
 2032  2380
 2033  1466
 2034   535
 2035  2193
 2036  1255
 2037   347
 2038  2000
 2039  1068
 2040   150
 2041  1806
 2042   861
 2043  2522
 2044  1600
 2045   675
 2046  2318
 2047  1394
 2048   490
 2049  2136
 2050  1202
 2051   295
 2052  1931
 2053  1001
 2054    93
 2055  1726
 2056   806
 2057  2445
 2058  1551
 2059   632
 2060  2248
 2061  1334
 2062   426
 2063  2061
 2064  1148
 2065   239
 2066  1861
 2067   947
 2068    18
 2069  1659
 2070   762
 2071  2399
 2072  1478
 2073   566
 2074  2205
 2075  1284
 2076   354
 2077  2015
 2078  1098
 2079   171
 2080  1815
 2081   878
 2082  2541
 2083  1613
 2084   688
 2085  2344
 2086  1421
 2087   487
 2088  2133
 2089  1225
 2090   310
 2091  1937
 2092  1037
 2093   121
 2094  1749
 2095   836
 2096  2481
 2097  1544
 2098   639
 2099  2284
 2100  1371
 2101   454
 2102  2083
 2103  1155
 2104   238
 2105  1875
 2106   962
 2107    57
 2108  1685
 2109   768
 2110  2407
 2111  1489
 2112   574
 2113  2218
 2114  1302
 2115   380
 2116  2023
 2117  1100
 2118   194
 2119  1820
 2120   905
 2121  2550
 2122  1636
 2123   696
 2124  2349
 2125  1446
 2126   517
 2127  2163
 2128  1229
 2129   317
 2130  1960
 2131  1035
 2132   117
 2133  1771
 2134   840
 2135  2506
 2136  1581
 2137   657
 2138  2294
 2139  1381
 2140   447
 2141  2111
 2142  1170
 2143   269
 2144  1912
 2145   992
 2146    60
 2147  1710
 2148   784
 2149  2437
 2150  1520
 2151   596
 2152  2245
 2153  1314
 2154   404
 2155  2050
 2156  1114
 2157   204
 2158  1843
 2159   931
 2160    15
 2161  1652
 2162   741
 2163  2385
 2164  1443
 2165   537
 2166  2167
 2167  1248
 2168   329
 2169  1986
 2170  1061
 2171   146
 2172  1790
 2173   875
 2174  2497
 2175  1594
 2176   672
 2177  2314
 2178  1396
 2179   473
 2180  2105
 2181  1208
 2182   286
 2183  1924
 2184  1011
 2185    84
 2186  1725
 2187   812
 2188  2460
 2189  1522
 2190   605
 2191  2242
 2192  1339
 2193   419
 2194  2065
 2195  1150
 2196   214
 2197  1853
 2198   933
 2199    33
 2200  1673
 2201   747
 2202  2391
 2203  1484
 2204   562
 2205  2198
 2206  1269
 2207   348
 2208  2008
 2209  1067
 2210   152
 2211  1804
 2212   887
 2213  2526
 2214  1616
 2215   691
 2216  2340
 2217  1413
 2218   486
 2219  2132
 2220  1227
 2221   285
 2222  1951
 2223  1018
 2224   101
 2225  1739
 2226   824
 2227  2478
 2228  1560
 2229   623
 2230  2275
 2231  1365
 2232   430
 2233  2071
 2234  1164
 2235   235
 2236  1890
 2237   950
 2238    43
 2239  1679
 2240   753
 2241  2402
 2242  1497
 2243   569
 2244  2223
 2245  1301
 2246   369
 2247  2027
 2248  1097
 2249   167
 2250  1827
 2251   904
 2252  2545
 2253  1612
 2254   702
 2255  2358
 2256  1440
 2257   504
 2258  2149
 2259  1237
 2260   324
 2261  1953
 2262  1029
 2263   120
 2264  1763
 2265   843
 2266  2480
 2267  1568
 2268   640
 2269  2303
 2270  1366
 2271   455
 2272  2102
 2273  1167
 2274   246
 2275  1894
 2276   974
 2277    56
 2278  1714
 2279   775
 2280  2429
 2281  1494
 2282   593
 2283  2219
 2284  1324
 2285   397
 2286  2030
 2287  1110
 2288   199
 2289  1824
 2290   909
 2291     0
 2292  1640
 2293   716
 2294  2359
 2295  1450
 2296   543
 2297  2185
 2298  1257
 2299   336
 2300  1963
 2301  1057
 2302   138
 2303  1786
 2304   860
 2305  2503
 2306  1576
 2307   660
 2308  2312
 2309  1380
 2310   469
 2311  2101
 2312  1201
 2313   263
 2314  1925
 2315  1000
 2316    81
 2317  1709
 2318   791
 2319  2453
 2320  1518
 2321   613
 2322  2252
 2323  1330
 2324   411
 2325  2060
 2326  1136
 2327   212
 2328  1860
 2329   948
 2330    16
 2331  1657
 2332   746
 2333  2378
 2334  1476
 2335   547
 2336  2183
 2337  1260
 2338   352
 2339  1997
 2340  1077
 2341   154
 2342  1808
 2343   866
 2344  2530
 2345  1603
 2346   683
 2347  2325
 2348  1395
 2349   488
 2350  2129
 2351  1218
 2352   298
 2353  1939
 2354  1004
 2355    87
 2356  1752
 2357   818
 2358  2462
 2359  1541
 2360   617
 2361  2258
 2362  1352
 2363   435
 2364  2072
 2365  1139
 2366   237
 2367  1879
 2368   944
 2369    31
 2370  1681
 2371   769
 2372  2419
 2373  1482
 2374   559
 2375  2197
 2376  1285
 2377   366
 2378  2007
 2379  1086
 2380   175
 2381  1821
 2382   888
 2383  2542
 2384  1609
 2385   705
 2386  2348
 2387  1425
 2388   500
 2389  2143
 2390  1231
 2391   305
 2392  1948
 2393  1043
 2394   105
 2395  1748
 2396   831
 2397  2472
 2398  1563
 2399   652
 2400  2295
 2401  1351
 2402   449
 2403  2090
 2404  1158
 2405   259
 2406  1878
 2407   967
 2408    51
 2409  1691
 2410   779
 2411  2424
 2412  1507
 2413   589
 2414  2225
 2415  1298
 2416   381
 2417  2035
 2418  1112
 2419   182
 2420  1844
 2421   913
 2422  2559
 2423  1627
 2424   721
 2425  2355
 2426  1428
 2427   511
 2428  2170
 2429  1258
 2430   319
 2431  1968
 2432  1047
 2433   140
 2434  1788
 2435   855
 2436  2489
 2437  1579
 2438   650
 2439  2299
 2440  1390
 2441   457
 2442  2095
 2443  1177
 2444   271
 2445  1919
 2446   990
 2447    72
 2448  1722
 2449   805
 2450  2431
 2451  1525
 2452   595
 2453  2238
 2454  1325
 2455   408
 2456  2042
 2457  1117
 2458   193
 2459  1846
 2460   937
 2461    19
 2462  1670
 2463   737
 2464  2375
 2465  1468
 2466   534
 2467  2181
 2468  1274
 2469   338
 2470  1976
 2471  1076
 2472   132
 2473  1800
 2474   863
 2475  2520
 2476  1588
 2477   667
 2478  2311
 2479  1399
 2480   475
 2481  2116
 2482  1197
 2483   296
 2484  1930
 2485  1015
 2486    88
 2487  1741
 2488   808
 2489  2454
 2490  1532
 2491   628
 2492  2250
 2493  1332
 2494   416
 2495  2051
 2496  1137
 2497   215
 2498  1869
 2499   954
 2500    42
 2501  1664
 2502   760
 2503  2384
 2504  1470
 2505   556
 2506  2209
 2507  1293
 2508   361
 2509  2010
 2510  1074
 2511   170
 2512  1803
 2513   896
 2514  2534
 2515  1615
 2516   697
 2517  2326
 2518  1417
 2519   489
 2520  2131
 2521  1214
 2522   304
 2523  1952
 2524  1016
 2525    99
 2526  1754
 2527   830
 2528  2483
 2529  1543
 2530   627
 2531  2277
 2532  1362
 2533   429
 2534  2087
 2535  1161
 2536   232
 2537  1877
 2538   960
 2539    46
 2540  1676
 2541   758
 2542  2413
 2543  1498
 2544   583
 2545  2212
 2546  1304
 2547   378
 2548  2034
 2549  1091
 2550   183
 2551  1825
 2552   915
 2553  2557
 2554  1631
 2555   699
 2556  2346
 2557  1432
 2558   508
 2559  2156
 2560  1233
 2561   331
 2562  1970
 2563  1030
