FR80T5X4L7
Turbo Code Interleaving
User data with 4 flush bits = 1204
NOTE: S-bit is the bit index after interleaving. Data-bit is the index of user data
S-bit Data-bit
    0    11
    1   780
    2   339
    3  1118
    4   692
    5   252
    6  1025
    7   596
    8   161
    9   938
   10   502
   11    74
   12   839
   13   413
   14  1184
   15   754
   16   312
   17  1090
   18   659
   19   225
   20   993
   21   565
   22   137
   23   905
   24   468
   25    36
   26   818
   27   385
   28  1161
   29   717
   30   296
   31  1068
   32   630
   33   202
   34   965
   35   534
   36   105
   37   874
   38   442
   39    13
   40   785
   41   351
   42  1130
   43   696
   44   259
   45  1034
   46   601
   47   168
   48   943
   49   514
   50    72
   51   852
   52   415
   53  1194
   54   760
   55   327
   56  1104
   57   662
   58   229
   59  1001
   60   571
   61   145
   62   913
   63   481
   64    55
   65   822
   66   396
   67  1165
   68   732
   69   299
   70  1065
   71   635
   72   207
   73   976
   74   550
   75   120
   76   888
   77   458
   78    27
   79   797
   80   360
   81  1132
   82   706
   83   271
   84  1042
   85   611
   86   187
   87   948
   88   523
   89    85
   90   864
   91   428
   92  1200
   93   767
   94   329
   95  1106
   96   669
   97   249
   98  1013
   99   585
  100   146
  101   919
  102   495
  103    57
  104   828
  105   402
  106  1173
  107   742
  108   305
  109  1075
  110   643
  111   212
  112   989
  113   561
  114   121
  115   900
  116   461
  117    30
  118   798
  119   368
  120  1139
  121   714
  122   278
  123  1049
  124   620
  125   193
  126   959
  127   524
  128   100
  129   868
  130   427
  131     3
  132   775
  133   346
  134  1113
  135   688
  136   246
  137  1018
  138   589
  139   157
  140   934
  141   501
  142    63
  143   835
  144   409
  145  1179
  146   744
  147   308
  148  1085
  149   658
  150   227
  151   997
  152   559
  153   130
  154   896
  155   474
  156    37
  157   814
  158   382
  159  1146
  160   720
  161   280
  162  1060
  163   632
  164   197
  165   966
  166   533
  167   101
  168   879
  169   443
  170    18
  171   783
  172   355
  173  1121
  174   691
  175   257
  176  1035
  177   597
  178   163
  179   946
  180   510
  181    77
  182   853
  183   417
  184  1189
  185   753
  186   325
  187  1089
  188   664
  189   232
  190  1006
  191   575
  192   138
  193   912
  194   484
  195    49
  196   819
  197   390
  198  1160
  199   730
  200   294
  201  1070
  202   638
  203   205
  204   979
  205   545
  206   108
  207   886
  208   447
  209    20
  210   786
  211   363
  212  1137
  213   699
  214   274
  215  1038
  216   606
  217   174
  218   947
  219   519
  220    82
  221   855
  222   423
  223  1192
  224   764
  225   334
  226  1107
  227   675
  228   244
  229  1017
  230   578
  231   150
  232   924
  233   485
  234    52
  235   824
  236   395
  237  1170
  238   734
  239   306
  240  1072
  241   644
  242   217
  243   985
  244   548
  245   129
  246   892
  247   465
  248    25
  249   801
  250   361
  251  1142
  252   712
  253   279
  254  1048
  255   621
  256   179
  257   955
  258   530
  259    95
  260   859
  261   435
  262     0
  263   768
  264   337
  265  1116
  266   682
  267   248
  268  1014
  269   586
  270   156
  271   927
  272   496
  273    65
  274   841
  275   401
  276  1175
  277   740
  278   309
  279  1084
  280   654
  281   218
  282   996
  283   564
  284   126
  285   895
  286   462
  287    39
  288   812
  289   371
  290  1143
  291   713
  292   282
  293  1062
  294   629
  295   190
  296   963
  297   528
  298    97
  299   870
  300   438
  301    10
  302   784
  303   352
  304  1126
  305   683
  306   256
  307  1029
  308   603
  309   170
  310   941
  311   506
  312    68
  313   844
  314   412
  315  1187
  316   750
  317   318
  318  1093
  319   656
  320   223
  321  1000
  322   570
  323   134
  324   910
  325   483
  326    45
  327   815
  328   380
  329  1152
  330   724
  331   293
  332  1064
  333   631
  334   199
  335   969
  336   546
  337   113
  338   878
  339   454
  340    16
  341   788
  342   359
  343  1125
  344   694
  345   260
  346  1037
  347   607
  348   176
  349   942
  350   512
  351    81
  352   851
  353   425
  354  1188
  355   757
  356   326
  357  1097
  358   663
  359   237
  360  1004
  361   574
  362   148
  363   917
  364   490
  365    48
  366   830
  367   388
  368  1162
  369   727
  370   300
  371  1074
  372   639
  373   203
  374   981
  375   553
  376   117
  377   889
  378   453
  379    26
  380   792
  381   367
  382  1135
  383   702
  384   269
  385  1050
  386   619
  387   180
  388   949
  389   517
  390    83
  391   857
  392   430
  393  1196
  394   763
  395   336
  396  1105
  397   678
  398   243
  399  1021
  400   579
  401   155
  402   929
  403   493
  404    62
  405   836
  406   404
  407  1176
  408   737
  409   310
  410  1082
  411   646
  412   216
  413   987
  414   552
  415   124
  416   899
  417   460
  418    33
  419   808
  420   377
  421  1140
  422   708
  423   285
  424  1052
  425   618
  426   186
  427   967
  428   529
  429    93
  430   872
  431   434
  432     9
  433   773
  434   349
  435  1112
  436   680
  437   258
  438  1027
  439   593
  440   164
  441   937
  442   497
  443    69
  444   846
  445   403
  446  1177
  447   746
  448   322
  449  1091
  450   657
  451   221
  452  1002
  453   563
  454   139
  455   908
  456   472
  457    47
  458   820
  459   383
  460  1155
  461   725
  462   292
  463  1055
  464   634
  465   196
  466   962
  467   536
  468   103
  469   880
  470   450
  471     7
  472   787
  473   357
  474  1119
  475   693
  476   262
  477  1033
  478   608
  479   166
  480   939
  481   505
  482    76
  483   845
  484   411
  485  1195
  486   759
  487   324
  488  1099
  489   670
  490   233
  491  1008
  492   573
  493   142
  494   914
  495   480
  496    46
  497   817
  498   391
  499  1166
  500   735
  501   303
  502  1063
  503   636
  504   206
  505   982
  506   547
  507   114
  508   891
  509   451
  510    19
  511   796
  512   364
  513  1131
  514   701
  515   267
  516  1036
  517   612
  518   177
  519   950
  520   521
  521    86
  522   862
  523   424
  524  1198
  525   762
  526   332
  527  1111
  528   674
  529   245
  530  1015
  531   584
  532   151
  533   918
  534   489
  535    58
  536   833
  537   394
  538  1171
  539   743
  540   302
  541  1080
  542   651
  543   220
  544   990
  545   554
  546   127
  547   898
  548   463
  549    29
  550   804
  551   366
  552  1145
  553   704
  554   275
  555  1051
  556   617
  557   181
  558   958
  559   531
  560    94
  561   866
  562   431
  563     6
  564   778
  565   343
  566  1114
  567   686
  568   254
  569  1026
  570   595
  571   158
  572   926
  573   494
  574    61
  575   837
  576   408
  577  1174
  578   741
  579   317
  580  1086
  581   650
  582   219
  583   995
  584   560
  585   128
  586   904
  587   470
  588    35
  589   805
  590   375
  591  1148
  592   718
  593   281
  594  1059
  595   623
  596   195
  597   961
  598   538
  599   106
  600   871
  601   440
  602     4
  603   782
  604   350
  605  1117
  606   689
  607   261
  608  1028
  609   600
  610   160
  611   933
  612   509
  613    71
  614   850
  615   410
  616  1191
  617   756
  618   319
  619  1098
  620   665
  621   231
  622   998
  623   572
  624   133
  625   916
  626   477
  627    53
  628   816
  629   392
  630  1159
  631   723
  632   291
  633  1067
  634   640
  635   211
  636   971
  637   542
  638   110
  639   885
  640   455
  641    15
  642   795
  643   353
  644  1127
  645   703
  646   270
  647  1041
  648   605
  649   171
  650   944
  651   516
  652    84
  653   849
  654   426
  655  1190
  656   765
  657   333
  658  1100
  659   671
  660   240
  661  1009
  662   582
  663   152
  664   923
  665   487
  666    51
  667   831
  668   393
  669  1167
  670   736
  671   297
  672  1078
  673   642
  674   209
  675   984
  676   556
  677   122
  678   887
  679   457
  680    31
  681   803
  682   373
  683  1144
  684   711
  685   276
  686  1044
  687   613
  688   182
  689   960
  690   518
  691    92
  692   861
  693   433
  694  1202
  695   776
  696   344
  697  1109
  698   676
  699   251
  700  1012
  701   587
  702   154
  703   922
  704   492
  705    60
  706   829
  707   405
  708  1178
  709   738
  710   311
  711  1083
  712   652
  713   215
  714   991
  715   555
  716   132
  717   901
  718   473
  719    40
  720   810
  721   376
  722  1154
  723   721
  724   286
  725  1053
  726   622
  727   189
  728   964
  729   527
  730   104
  731   867
  732   444
  733    12
  734   774
  735   342
  736  1124
  737   684
  738   255
  739  1023
  740   598
  741   167
  742   930
  743   499
  744    73
  745   843
  746   414
  747  1186
  748   755
  749   316
  750  1088
  751   660
  752   228
  753  1005
  754   568
  755   135
  756   909
  757   475
  758    42
  759   811
  760   384
  761  1157
  762   729
  763   290
  764  1066
  765   628
  766   194
  767   978
  768   540
  769   107
  770   882
  771   445
  772    14
  773   789
  774   358
  775  1133
  776   700
  777   266
  778  1039
  779   599
  780   169
  781   940
  782   513
  783    80
  784   856
  785   420
  786  1197
  787   761
  788   331
  789  1101
  790   673
  791   238
  792  1003
  793   580
  794   143
  795   911
  796   479
  797    54
  798   823
  799   398
  800  1163
  801   726
  802   307
  803  1071
  804   645
  805   208
  806   975
  807   543
  808   115
  809   890
  810   452
  811    21
  812   800
  813   362
  814  1138
  815   707
  816   273
  817  1046
  818   609
  819   178
  820   954
  821   515
  822    91
  823   863
  824   422
  825  1199
  826   772
  827   338
  828  1103
  829   672
  830   239
  831  1019
  832   581
  833   149
  834   921
  835   491
  836    64
  837   834
  838   400
  839  1172
  840   745
  841   315
  842  1077
  843   649
  844   214
  845   988
  846   551
  847   118
  848   893
  849   467
  850    34
  851   802
  852   369
  853  1150
  854   709
  855   283
  856  1047
  857   614
  858   192
  859   957
  860   532
  861    99
  862   869
  863   436
  864     8
  865   781
  866   345
  867  1120
  868   681
  869   250
  870  1020
  871   592
  872   165
  873   936
  874   503
  875    66
  876   842
  877   406
  878  1182
  879   749
  880   320
  881  1092
  882   655
  883   226
  884   999
  885   567
  886   131
  887   902
  888   476
  889    44
  890   806
  891   381
  892  1147
  893   722
  894   287
  895  1056
  896   625
  897   198
  898   974
  899   537
  900   102
  901   875
  902   446
  903    17
  904   790
  905   348
  906  1123
  907   690
  908   263
  909  1032
  910   602
  911   173
  912   945
  913   507
  914    79
  915   848
  916   421
  917  1183
  918   758
  919   328
  920  1095
  921   667
  922   235
  923  1011
  924   577
  925   141
  926   915
  927   478
  928    56
  929   827
  930   387
  931  1156
  932   728
  933   295
  934  1073
  935   637
  936   204
  937   977
  938   544
  939   112
  940   881
  941   456
  942    22
  943   793
  944   365
  945  1129
  946   698
  947   265
  948  1045
  949   616
  950   183
  951   953
  952   520
  953    88
  954   860
  955   429
  956  1193
  957   769
  958   335
  959  1102
  960   677
  961   242
  962  1016
  963   583
  964   147
  965   925
  966   486
  967    59
  968   826
  969   397
  970  1169
  971   733
  972   301
  973  1076
  974   648
  975   213
  976   980
  977   558
  978   116
  979   894
  980   464
  981    28
  982   799
  983   374
  984  1141
  985   705
  986   277
  987  1054
  988   615
  989   184
  990   956
  991   525
  992    89
  993   858
  994   437
  995  1203
  996   770
  997   341
  998  1115
  999   685
 1000   247
 1001  1022
 1002   590
 1003   162
 1004   931
 1005   498
 1006    70
 1007   838
 1008   407
 1009  1181
 1010   748
 1011   314
 1012  1087
 1013   653
 1014   222
 1015   992
 1016   562
 1017   125
 1018   897
 1019   466
 1020    41
 1021   807
 1022   379
 1023  1153
 1024   716
 1025   284
 1026  1057
 1027   633
 1028   191
 1029   970
 1030   539
 1031    96
 1032   873
 1033   439
 1034     5
 1035   779
 1036   356
 1037  1128
 1038   695
 1039   264
 1040  1031
 1041   591
 1042   172
 1043   935
 1044   508
 1045    78
 1046   847
 1047   419
 1048  1180
 1049   752
 1050   321
 1051  1096
 1052   666
 1053   230
 1054  1007
 1055   569
 1056   140
 1057   906
 1058   482
 1059    43
 1060   813
 1061   378
 1062  1158
 1063   731
 1064   298
 1065  1061
 1066   627
 1067   201
 1068   972
 1069   541
 1070   111
 1071   884
 1072   448
 1073    24
 1074   791
 1075   354
 1076  1134
 1077   697
 1078   268
 1079  1043
 1080   604
 1081   175
 1082   951
 1083   511
 1084    87
 1085   854
 1086   418
 1087  1201
 1088   766
 1089   330
 1090  1108
 1091   668
 1092   236
 1093  1010
 1094   576
 1095   144
 1096   920
 1097   488
 1098    50
 1099   825
 1100   389
 1101  1164
 1102   739
 1103   304
 1104  1079
 1105   641
 1106   210
 1107   983
 1108   549
 1109   119
 1110   883
 1111   459
 1112    23
 1113   794
 1114   370
 1115  1136
 1116   710
 1117   272
 1118  1040
 1119   610
 1120   185
 1121   952
 1122   522
 1123    90
 1124   865
 1125   432
 1126     2
 1127   771
 1128   340
 1129  1110
 1130   679
 1131   241
 1132  1024
 1133   588
 1134   153
 1135   928
 1136   500
 1137    67
 1138   832
 1139   399
 1140  1168
 1141   747
 1142   313
 1143  1081
 1144   647
 1145   224
 1146   986
 1147   557
 1148   123
 1149   903
 1150   471
 1151    32
 1152   809
 1153   372
 1154  1149
 1155   715
 1156   289
 1157  1058
 1158   624
 1159   188
 1160   968
 1161   526
 1162    98
 1163   876
 1164   441
 1165     1
 1166   777
 1167   347
 1168  1122
 1169   687
 1170   253
 1171  1030
 1172   594
 1173   159
 1174   932
 1175   504
 1176    75
 1177   840
 1178   416
 1179  1185
 1180   751
 1181   323
 1182  1094
 1183   661
 1184   234
 1185   994
 1186   566
 1187   136
 1188   907
 1189   469
 1190    38
 1191   821
 1192   386
 1193  1151
 1194   719
 1195   288
 1196  1069
 1197   626
 1198   200
 1199   973
 1200   535
 1201   109
 1202   877
 1203   449
