FR80T25X64L1
Turbo Code Interleaving
User data with 4 flush bits = 2468
NOTE: S-bit is the bit index after interleaving. Data-bit is the index of user data
S-bit Data-bit
    0    26
    1  1603
    2   699
    3  2293
    4  1419
    5   518
    6  2102
    7  1225
    8   329
    9  1923
   10  1031
   11   153
   12  1721
   13   848
   14  2430
   15  1548
   16   640
   17  2237
   18  1353
   19   462
   20  2038
   21  1161
   22   284
   23  1855
   24   961
   25    77
   26  1678
   27   793
   28  2379
   29  1474
   30   606
   31  2186
   32  1291
   33   415
   34  1978
   35  1097
   36   216
   37  1794
   38   908
   39    30
   40  1611
   41   722
   42  2319
   43  1425
   44   531
   45  2124
   46  1232
   47   344
   48  1931
   49  1053
   50   150
   51  1748
   52   850
   53  2448
   54  1562
   55   673
   56  2267
   57  1357
   58   473
   59  2053
   60  1171
   61   298
   62  1870
   63   987
   64   112
   65  1686
   66   816
   67  2390
   68  1502
   69   612
   70  2183
   71  1302
   72   422
   73  2001
   74  1131
   75   247
   76  1822
   77   941
   78    56
   79  1636
   80   741
   81  2322
   82  1448
   83   556
   84  2136
   85  1255
   86   383
   87  1941
   88  1076
   89   177
   90  1768
   91   879
   92  2459
   93  1575
   94   679
   95  2271
   96  1372
   97   509
   98  2078
   99  1197
  100   300
  101  1888
  102  1016
  103   118
  104  1699
  105   826
  106  2407
  107  1521
  108   625
  109  2202
  110  1320
  111   436
  112  2029
  113  1149
  114   251
  115  1846
  116   947
  117    63
  118  1637
  119   757
  120  2336
  121  1470
  122   572
  123  2151
  124  1270
  125   394
  126  1966
  127  1080
  128   204
  129  1783
  130   878
  131     4
  132  1592
  133   712
  134  2281
  135  1407
  136   504
  137  2086
  138  1205
  139   325
  140  1912
  141  1030
  142   127
  143  1710
  144   839
  145  2419
  146  1526
  147   635
  148  2229
  149  1352
  150   464
  151  2044
  152  1146
  153   267
  154  1838
  155   974
  156    78
  157  1673
  158   790
  159  2350
  160  1478
  161   576
  162  2175
  163  1293
  164   405
  165  1979
  166  1095
  167   206
  168  1801
  169   909
  170    38
  171  1606
  172   728
  173  2300
  174  1417
  175   528
  176  2126
  177  1227
  178   331
  179  1937
  180  1044
  181   159
  182  1749
  183   857
  184  2439
  185  1545
  186   669
  187  2234
  188  1359
  189   478
  190  2063
  191  1180
  192   285
  193  1869
  194   992
  195    99
  196  1679
  197   801
  198  2378
  199  1497
  200   602
  201  2194
  202  1306
  203   420
  204  2006
  205  1118
  206   220
  207  1817
  208   921
  209    41
  210  1613
  211   744
  212  2329
  213  1436
  214   560
  215  2130
  216  1244
  217   360
  218  1940
  219  1065
  220   172
  221  1754
  222   868
  223  2443
  224  1567
  225   686
  226  2272
  227  1384
  228   501
  229  2084
  230  1186
  231   307
  232  1898
  233   994
  234   108
  235  1692
  236   813
  237  2402
  238  1508
  239   629
  240  2197
  241  1322
  242   448
  243  2020
  244  1125
  245   266
  246  1833
  247   955
  248    50
  249  1642
  250   742
  251  2344
  252  1460
  253   575
  254  2149
  255  1271
  256   370
  257  1959
  258  1088
  259   196
  260  1763
  261   890
  262     1
  263  1576
  264   691
  265  2290
  266  1397
  267   507
  268  2079
  269  1199
  270   321
  271  1902
  272  1017
  273   134
  274  1725
  275   825
  276  2412
  277  1516
  278   637
  279  2224
  280  1348
  281   449
  282  2043
  283  1158
  284   263
  285  1837
  286   948
  287    81
  288  1669
  289   763
  290  2347
  291  1467
  292   581
  293  2178
  294  1290
  295   390
  296  1976
  297  1086
  298   199
  299  1787
  300   900
  301    24
  302  1609
  303   723
  304  2310
  305  1399
  306   525
  307  2109
  308  1235
  309   348
  310  1929
  311  1037
  312   142
  313  1729
  314   847
  315  2437
  316  1538
  317   653
  318  2241
  319  1350
  320   458
  321  2050
  322  1170
  323   275
  324  1866
  325   989
  326    92
  327  1674
  328   783
  329  2363
  330  1486
  331   599
  332  2182
  333  1292
  334   408
  335  1986
  336  1119
  337   236
  338  1800
  339   935
  340    36
  341  1616
  342   738
  343  2307
  344  1423
  345   532
  346  2128
  347  1245
  348   363
  349  1930
  350  1048
  351   171
  352  1745
  353   874
  354  2438
  355  1558
  356   672
  357  2251
  358  1358
  359   486
  360  2060
  361  1177
  362   303
  363  1877
  364  1007
  365    98
  366  1701
  367   797
  368  2382
  369  1493
  370   613
  371  2201
  372  1309
  373   416
  374  2009
  375  1137
  376   242
  377  1824
  378   932
  379    52
  380  1625
  381   756
  382  2326
  383  1442
  384   552
  385  2152
  386  1268
  387   372
  388  1943
  389  1060
  390   174
  391  1760
  392   882
  393  2451
  394  1565
  395   690
  396  2268
  397  1389
  398   499
  399  2095
  400  1187
  401   320
  402  1906
  403  1013
  404   126
  405  1712
  406   832
  407  2414
  408  1513
  409   638
  410  2221
  411  1324
  412   444
  413  2024
  414  1136
  415   258
  416  1844
  417   945
  418    67
  419  1655
  420   774
  421  2339
  422  1451
  423   585
  424  2159
  425  1267
  426   381
  427  1980
  428  1087
  429   194
  430  1789
  431   889
  432    23
  433  1587
  434   716
  435  2280
  436  1394
  437   530
  438  2107
  439  1219
  440   332
  441  1921
  442  1020
  443   143
  444  1734
  445   828
  446  2416
  447  1532
  448   661
  449  2239
  450  1351
  451   454
  452  2056
  453  1152
  454   290
  455  1863
  456   970
  457    96
  458  1680
  459   791
  460  2366
  461  1488
  462   598
  463  2165
  464  1299
  465   401
  466  1974
  467  1099
  468   213
  469  1803
  470   925
  471    21
  472  1614
  473   730
  474  2297
  475  1421
  476   534
  477  2122
  478  1246
  479   337
  480  1924
  481  1035
  482   156
  483  1733
  484   845
  485  2449
  486  1561
  487   664
  488  2255
  489  1373
  490   479
  491  2066
  492  1176
  493   295
  494  1871
  495   986
  496    94
  497  1677
  498   802
  499  2394
  500  1511
  501   623
  502  2180
  503  1304
  504   421
  505  2010
  506  1122
  507   238
  508  1827
  509   927
  510    40
  511  1633
  512   745
  513  2321
  514  1439
  515   550
  516  2127
  517  1259
  518   364
  519  1948
  520  1071
  521   178
  522  1766
  523   869
  524  2454
  525  1564
  526   684
  527  2277
  528  1383
  529   502
  530  2080
  531  1196
  532   310
  533  1883
  534  1006
  535   120
  536  1708
  537   808
  538  2403
  539  1523
  540   622
  541  2215
  542  1334
  543   451
  544  2034
  545  1138
  546   264
  547  1840
  548   950
  549    62
  550  1648
  551   748
  552  2349
  553  1444
  554   562
  555  2156
  556  1265
  557   373
  558  1964
  559  1092
  560   195
  561  1776
  562   885
  563    14
  564  1600
  565   707
  566  2283
  567  1404
  568   520
  569  2105
  570  1223
  571   326
  572  1901
  573  1014
  574   124
  575  1713
  576   838
  577  2408
  578  1519
  579   652
  580  2230
  581  1333
  582   450
  583  2041
  584  1148
  585   265
  586  1851
  587   967
  588    73
  589  1652
  590   772
  591  2358
  592  1475
  593   580
  594  2174
  595  1277
  596   400
  597  1972
  598  1101
  599   217
  600  1788
  601   904
  602     8
  603  1605
  604   717
  605  2292
  606  1408
  607   533
  608  2108
  609  1231
  610   328
  611  1910
  612  1042
  613   146
  614  1742
  615   844
  616  2441
  617  1554
  618   656
  619  2253
  620  1362
  621   477
  622  2046
  623  1173
  624   273
  625  1874
  626   979
  627   109
  628  1676
  629   804
  630  2376
  631  1481
  632   597
  633  2185
  634  1312
  635   431
  636  1989
  637  1113
  638   222
  639  1815
  640   936
  641    34
  642  1632
  643   725
  644  2311
  645  1443
  646   555
  647  2133
  648  1243
  649   349
  650  1934
  651  1057
  652   175
  653  1741
  654   875
  655  2440
  656  1568
  657   685
  658  2257
  659  1375
  660   494
  661  2069
  662  1194
  663   316
  664  1894
  665   997
  666   107
  667  1703
  668   806
  669  2395
  670  1512
  671   610
  672  2206
  673  1318
  674   424
  675  2019
  676  1140
  677   252
  678  1821
  679   940
  680    64
  681  1647
  682   767
  683  2348
  684  1458
  685   565
  686  2142
  687  1260
  688   374
  689  1970
  690  1064
  691   193
  692  1765
  693   887
  694  2461
  695  1593
  696   708
  697  2274
  698  1386
  699   513
  700  2077
  701  1202
  702   319
  703  1892
  704  1010
  705   123
  706  1700
  707   835
  708  2417
  709  1514
  710   639
  711  2222
  712  1335
  713   443
  714  2035
  715  1139
  716   270
  717  1847
  718   972
  719    83
  720  1666
  721   773
  722  2365
  723  1479
  724   587
  725  2162
  726  1273
  727   388
  728  1977
  729  1084
  730   214
  731  1779
  732   915
  733    29
  734  1591
  735   706
  736  2305
  737  1402
  738   524
  739  2097
  740  1228
  741   340
  742  1907
  743  1025
  744   152
  745  1728
  746   849
  747  2435
  748  1551
  749   646
  750  2233
  751  1354
  752   467
  753  2061
  754  1166
  755   278
  756  1864
  757   976
  758    87
  759  1667
  760   792
  761  2373
  762  1496
  763   596
  764  2184
  765  1289
  766   397
  767  2004
  768  1110
  769   218
  770  1809
  771   917
  772    32
  773  1618
  774   737
  775  2323
  776  1437
  777   549
  778  2131
  779  1230
  780   345
  781  1927
  782  1049
  783   170
  784  1755
  785   865
  786  2452
  787  1563
  788   683
  789  2262
  790  1382
  791   487
  792  2058
  793  1188
  794   296
  795  1868
  796   985
  797   111
  798  1688
  799   819
  800  2383
  801  1491
  802   630
  803  2195
  804  1323
  805   423
  806  1999
  807  1114
  808   240
  809  1825
  810   930
  811    43
  812  1641
  813   743
  814  2330
  815  1449
  816   559
  817  2147
  818  1247
  819   369
  820  1955
  821  1054
  822   191
  823  1767
  824   867
  825  2458
  826  1586
  827   693
  828  2265
  829  1376
  830   493
  831  2089
  832  1192
  833   304
  834  1891
  835  1009
  836   128
  837  1709
  838   821
  839  2405
  840  1527
  841   644
  842  2204
  843  1331
  844   442
  845  2025
  846  1135
  847   244
  848  1835
  849   960
  850    72
  851  1643
  852   758
  853  2360
  854  1454
  855   582
  856  2148
  857  1261
  858   392
  859  1963
  860  1093
  861   203
  862  1786
  863   891
  864    22
  865  1604
  866   709
  867  2299
  868  1396
  869   512
  870  2090
  871  1217
  872   333
  873  1919
  874  1032
  875   137
  876  1727
  877   836
  878  2423
  879  1537
  880   659
  881  2240
  882  1349
  883   463
  884  2047
  885  1165
  886   269
  887  1849
  888   978
  889    91
  890  1653
  891   789
  892  2355
  893  1480
  894   590
  895  2170
  896  1282
  897   406
  898  1998
  899  1100
  900   212
  901  1795
  902   919
  903    37
  904  1619
  905   715
  906  2303
  907  1416
  908   535
  909  2121
  910  1233
  911   356
  912  1935
  913  1039
  914   168
  915  1739
  916   866
  917  2425
  918  1559
  919   674
  920  2248
  921  1364
  922   482
  923  2073
  924  1184
  925   293
  926  1873
  927   984
  928   114
  929  1696
  930   796
  931  2371
  932  1495
  933   605
  934  2199
  935  1305
  936   419
  937  2002
  938  1117
  939   231
  940  1806
  941   939
  942    46
  943  1630
  944   747
  945  2318
  946  1430
  947   544
  948  2143
  949  1263
  950   375
  951  1953
  952  1069
  953   181
  954  1764
  955   881
  956  2444
  957  1581
  958   688
  959  2263
  960  1387
  961   498
  962  2083
  963  1195
  964   301
  965  1900
  966   995
  967   122
  968  1695
  969   817
  970  2401
  971  1503
  972   621
  973  2203
  974  1330
  975   441
  976  2008
  977  1144
  978   241
  979  1836
  980   952
  981    61
  982  1638
  983   768
  984  2341
  985  1447
  986   569
  987  2163
  988  1262
  989   376
  990  1962
  991  1081
  992   188
  993  1761
  994   892
  995  2467
  996  1582
  997   704
  998  2284
  999  1403
 1000   505
 1001  2096
 1002  1214
 1003   330
 1004  1908
 1005  1023
 1006   144
 1007  1714
 1008   837
 1009  2421
 1010  1536
 1011   642
 1012  2232
 1013  1345
 1014   457
 1015  2037
 1016  1151
 1017   261
 1018  1839
 1019   959
 1020    84
 1021  1654
 1022   780
 1023  2364
 1024  1473
 1025   584
 1026  2171
 1027  1294
 1028   391
 1029  1988
 1030  1106
 1031   198
 1032  1793
 1033   902
 1034     9
 1035  1602
 1036   729
 1037  2313
 1038  1424
 1039   537
 1040  2120
 1041  1216
 1042   353
 1043  1913
 1044  1041
 1045   160
 1046  1737
 1047   862
 1048  2420
 1049  1541
 1050   660
 1051  2250
 1052  1363
 1053   475
 1054  2064
 1055  1168
 1056   292
 1057  1856
 1058   988
 1059    88
 1060  1672
 1061   779
 1062  2375
 1063  1498
 1064   611
 1065  2177
 1066  1287
 1067   412
 1068  1996
 1069  1111
 1070   223
 1071  1814
 1072   922
 1073    48
 1074  1623
 1075   727
 1076  2325
 1077  1429
 1078   551
 1079  2137
 1080  1241
 1081   361
 1082  1950
 1083  1046
 1084   179
 1085  1751
 1086   859
 1087  2460
 1088  1569
 1089   682
 1090  2273
 1091  1366
 1092   483
 1093  2072
 1094  1182
 1095   297
 1096  1889
 1097   999
 1098   106
 1099  1693
 1100   798
 1101  2384
 1102  1515
 1103   624
 1104  2212
 1105  1316
 1106   426
 1107  2017
 1108  1127
 1109   246
 1110  1813
 1111   942
 1112    47
 1113  1631
 1114   761
 1115  2327
 1116  1456
 1117   557
 1118  2132
 1119  1254
 1120   379
 1121  1952
 1122  1073
 1123   189
 1124  1769
 1125   886
 1126     3
 1127  1585
 1128   700
 1129  2276
 1130  1393
 1131   495
 1132  2100
 1133  1204
 1134   317
 1135  1903
 1136  1026
 1137   138
 1138  1704
 1139   820
 1140  2399
 1141  1533
 1142   641
 1143  2220
 1144  1326
 1145   459
 1146  2021
 1147  1143
 1148   253
 1149  1850
 1150   969
 1151    65
 1152  1664
 1153   764
 1154  2359
 1155  1472
 1156   593
 1157  2172
 1158  1279
 1159   385
 1160  1981
 1161  1082
 1162   200
 1163  1797
 1164   906
 1165     2
 1166  1599
 1167   713
 1168  2302
 1169  1406
 1170   519
 1171  2110
 1172  1220
 1173   327
 1174  1909
 1175  1034
 1176   155
 1177  1723
 1178   851
 1179  2433
 1180  1539
 1181   662
 1182  2247
 1183  1356
 1184   480
 1185  2040
 1186  1164
 1187   280
 1188  1861
 1189   963
 1190    80
 1191  1682
 1192   795
 1193  2361
 1194  1477
 1195   592
 1196  2187
 1197  1286
 1198   409
 1199  1997
 1200  1098
 1201   221
 1202  1798
 1203   924
 1204    28
 1205  1620
 1206   736
 1207  2308
 1208  1432
 1209   540
 1210  2112
 1211  1239
 1212   354
 1213  1926
 1214  1051
 1215   167
 1216  1746
 1217   861
 1218  2442
 1219  1542
 1220   668
 1221  2243
 1222  1378
 1223   489
 1224  2057
 1225  1178
 1226   291
 1227  1884
 1228   990
 1229   119
 1230  1691
 1231   814
 1232  2385
 1233  1490
 1234   614
 1235  2189
 1236  1315
 1237   428
 1238  2007
 1239  1121
 1240   235
 1241  1826
 1242   929
 1243    53
 1244  1634
 1245   732
 1246  2335
 1247  1435
 1248   563
 1249  2144
 1250  1250
 1251   368
 1252  1946
 1253  1074
 1254   182
 1255  1773
 1256   877
 1257  2466
 1258  1583
 1259   695
 1260  2264
 1261  1390
 1262   511
 1263  2076
 1264  1198
 1265   309
 1266  1899
 1267  1005
 1268   130
 1269  1707
 1270   807
 1271  2398
 1272  1518
 1273   627
 1274  2211
 1275  1337
 1276   439
 1277  2028
 1278  1132
 1279   259
 1280  1829
 1281   949
 1282    74
 1283  1651
 1284   766
 1285  2356
 1286  1457
 1287   579
 1288  2160
 1289  1276
 1290   386
 1291  1968
 1292  1079
 1293   210
 1294  1781
 1295   893
 1296    20
 1297  1589
 1298   703
 1299  2287
 1300  1405
 1301   526
 1302  2094
 1303  1212
 1304   336
 1305  1916
 1306  1021
 1307   131
 1308  1717
 1309   840
 1310  2411
 1311  1544
 1312   655
 1313  2223
 1314  1347
 1315   455
 1316  2042
 1317  1159
 1318   271
 1319  1857
 1320   957
 1321    89
 1322  1656
 1323   787
 1324  2367
 1325  1476
 1326   603
 1327  2176
 1328  1297
 1329   411
 1330  1995
 1331  1103
 1332   211
 1333  1804
 1334   912
 1335    27
 1336  1601
 1337   724
 1338  2314
 1339  1414
 1340   536
 1341  2119
 1342  1221
 1343   350
 1344  1928
 1345  1043
 1346   154
 1347  1743
 1348   863
 1349  2426
 1350  1557
 1351   665
 1352  2244
 1353  1355
 1354   484
 1355  2059
 1356  1169
 1357   287
 1358  1875
 1359   983
 1360    95
 1361  1689
 1362   786
 1363  2377
 1364  1506
 1365   609
 1366  2196
 1367  1308
 1368   417
 1369  1992
 1370  1109
 1371   243
 1372  1811
 1373   920
 1374    51
 1375  1626
 1376   749
 1377  2316
 1378  1440
 1379   561
 1380  2129
 1381  1242
 1382   357
 1383  1936
 1384  1063
 1385   184
 1386  1762
 1387   870
 1388  2465
 1389  1570
 1390   692
 1391  2275
 1392  1368
 1393   496
 1394  2087
 1395  1193
 1396   311
 1397  1896
 1398  1012
 1399   125
 1400  1702
 1401   823
 1402  2397
 1403  1505
 1404   620
 1405  2216
 1406  1325
 1407   434
 1408  2012
 1409  1134
 1410   248
 1411  1832
 1412   953
 1413    60
 1414  1649
 1415   760
 1416  2334
 1417  1455
 1418   578
 1419  2146
 1420  1258
 1421   378
 1422  1960
 1423  1066
 1424   180
 1425  1780
 1426   896
 1427     7
 1428  1588
 1429   701
 1430  2285
 1431  1400
 1432   521
 1433  2091
 1434  1200
 1435   314
 1436  1897
 1437  1027
 1438   140
 1439  1716
 1440   833
 1441  2409
 1442  1531
 1443   634
 1444  2210
 1445  1332
 1446   460
 1447  2033
 1448  1153
 1449   257
 1450  1852
 1451   951
 1452    76
 1453  1659
 1454   769
 1455  2345
 1456  1469
 1457   586
 1458  2169
 1459  1278
 1460   387
 1461  1975
 1462  1089
 1463   209
 1464  1799
 1465   898
 1466    11
 1467  1598
 1468   718
 1469  2304
 1470  1415
 1471   542
 1472  2106
 1473  1224
 1474   347
 1475  1917
 1476  1040
 1477   148
 1478  1732
 1479   852
 1480  2424
 1481  1550
 1482   667
 1483  2246
 1484  1365
 1485   474
 1486  2048
 1487  1162
 1488   279
 1489  1858
 1490   973
 1491    93
 1492  1670
 1493   781
 1494  2374
 1495  1482
 1496   607
 1497  2191
 1498  1296
 1499   425
 1500  2000
 1501  1108
 1502   225
 1503  1812
 1504   937
 1505    45
 1506  1612
 1507   731
 1508  2306
 1509  1434
 1510   546
 1511  2138
 1512  1240
 1513   351
 1514  1945
 1515  1062
 1516   157
 1517  1757
 1518   864
 1519  2456
 1520  1572
 1521   681
 1522  2258
 1523  1361
 1524   476
 1525  2074
 1526  1189
 1527   305
 1528  1885
 1529  1000
 1530   103
 1531  1681
 1532   818
 1533  2400
 1534  1494
 1535   632
 1536  2193
 1537  1311
 1538   427
 1539  2015
 1540  1141
 1541   239
 1542  1830
 1543   944
 1544    59
 1545  1639
 1546   759
 1547  2331
 1548  1453
 1549   566
 1550  2153
 1551  1266
 1552   384
 1553  1967
 1554  1085
 1555   185
 1556  1771
 1557   884
 1558  2462
 1559  1580
 1560   687
 1561  2278
 1562  1381
 1563   500
 1564  2093
 1565  1206
 1566   315
 1567  1893
 1568  1024
 1569   129
 1570  1711
 1571   827
 1572  2406
 1573  1530
 1574   643
 1575  2218
 1576  1336
 1577   453
 1578  2039
 1579  1145
 1580   268
 1581  1834
 1582   962
 1583    66
 1584  1663
 1585   775
 1586  2352
 1587  1464
 1588   568
 1589  2157
 1590  1284
 1591   402
 1592  1984
 1593  1078
 1594   215
 1595  1790
 1596   895
 1597     6
 1598  1584
 1599   721
 1600  2296
 1601  1410
 1602   516
 1603  2098
 1604  1215
 1605   346
 1606  1915
 1607  1019
 1608   139
 1609  1719
 1610   853
 1611  2431
 1612  1528
 1613   657
 1614  2236
 1615  1339
 1616   461
 1617  2045
 1618  1160
 1619   283
 1620  1860
 1621   977
 1622   100
 1623  1671
 1624   771
 1625  2369
 1626  1484
 1627   589
 1628  2188
 1629  1285
 1630   399
 1631  1991
 1632  1116
 1633   224
 1634  1802
 1635   907
 1636    25
 1637  1624
 1638   734
 1639  2324
 1640  1427
 1641   529
 1642  2117
 1643  1226
 1644   358
 1645  1942
 1646  1052
 1647   166
 1648  1735
 1649   854
 1650  2434
 1651  1547
 1652   676
 1653  2249
 1654  1370
 1655   492
 1656  2054
 1657  1167
 1658   282
 1659  1872
 1660   993
 1661   105
 1662  1698
 1663   810
 1664  2387
 1665  1489
 1666   604
 1667  2207
 1668  1303
 1669   433
 1670  2014
 1671  1130
 1672   232
 1673  1831
 1674   928
 1675    44
 1676  1629
 1677   752
 1678  2337
 1679  1445
 1680   547
 1681  2140
 1682  1251
 1683   367
 1684  1956
 1685  1067
 1686   173
 1687  1750
 1688   888
 1689  2445
 1690  1579
 1691   698
 1692  2261
 1693  1377
 1694   503
 1695  2071
 1696  1203
 1697   323
 1698  1881
 1699  1001
 1700   132
 1701  1706
 1702   822
 1703  2393
 1704  1510
 1705   631
 1706  2228
 1707  1321
 1708   435
 1709  2031
 1710  1129
 1711   245
 1712  1820
 1713   943
 1714    75
 1715  1635
 1716   770
 1717  2351
 1718  1459
 1719   577
 1720  2150
 1721  1272
 1722   377
 1723  1971
 1724  1090
 1725   190
 1726  1778
 1727   894
 1728    17
 1729  1577
 1730   696
 1731  2279
 1732  1412
 1733   508
 1734  2104
 1735  1207
 1736   338
 1737  1914
 1738  1033
 1739   151
 1740  1731
 1741   841
 1742  2418
 1743  1529
 1744   649
 1745  2226
 1746  1346
 1747   465
 1748  2036
 1749  1147
 1750   274
 1751  1845
 1752   966
 1753    86
 1754  1657
 1755   785
 1756  2357
 1757  1471
 1758   594
 1759  2179
 1760  1281
 1761   395
 1762  1990
 1763  1104
 1764   208
 1765  1796
 1766   905
 1767    12
 1768  1608
 1769   711
 1770  2294
 1771  1409
 1772   539
 1773  2118
 1774  1234
 1775   342
 1776  1918
 1777  1047
 1778   163
 1779  1730
 1780   860
 1781  2429
 1782  1556
 1783   654
 1784  2235
 1785  1369
 1786   466
 1787  2070
 1788  1174
 1789   281
 1790  1878
 1791   982
 1792   115
 1793  1685
 1794   799
 1795  2381
 1796  1487
 1797   619
 1798  2192
 1799  1310
 1800   414
 1801  2003
 1802  1124
 1803   234
 1804  1816
 1805   933
 1806    35
 1807  1622
 1808   751
 1809  2315
 1810  1431
 1811   554
 1812  2125
 1813  1248
 1814   371
 1815  1944
 1816  1059
 1817   158
 1818  1759
 1819   858
 1820  2457
 1821  1560
 1822   670
 1823  2254
 1824  1379
 1825   490
 1826  2067
 1827  1191
 1828   302
 1829  1886
 1830  1003
 1831   110
 1832  1690
 1833   803
 1834  2392
 1835  1507
 1836   618
 1837  2205
 1838  1317
 1839   447
 1840  2018
 1841  1142
 1842   255
 1843  1828
 1844   934
 1845    57
 1846  1640
 1847   753
 1848  2342
 1849  1462
 1850   564
 1851  2155
 1852  1256
 1853   380
 1854  1957
 1855  1083
 1856   202
 1857  1770
 1858   901
 1859  2464
 1860  1571
 1861   697
 1862  2288
 1863  1398
 1864   506
 1865  2082
 1866  1218
 1867   322
 1868  1904
 1869  1011
 1870   136
 1871  1718
 1872   831
 1873  2422
 1874  1524
 1875   648
 1876  2219
 1877  1340
 1878   445
 1879  2027
 1880  1154
 1881   256
 1882  1842
 1883   971
 1884    71
 1885  1668
 1886   778
 1887  2353
 1888  1466
 1889   588
 1890  2168
 1891  1295
 1892   404
 1893  1969
 1894  1091
 1895   219
 1896  1782
 1897   918
 1898    13
 1899  1596
 1900   705
 1901  2298
 1902  1401
 1903   522
 1904  2113
 1905  1229
 1906   343
 1907  1920
 1908  1038
 1909   161
 1910  1726
 1911   842
 1912  2427
 1913  1535
 1914   651
 1915  2242
 1916  1341
 1917   472
 1918  2065
 1919  1155
 1920   272
 1921  1862
 1922   981
 1923   104
 1924  1665
 1925   784
 1926  2372
 1927  1499
 1928   600
 1929  2181
 1930  1298
 1931   407
 1932  1985
 1933  1102
 1934   227
 1935  1810
 1936   923
 1937    39
 1938  1628
 1939   735
 1940  2320
 1941  1418
 1942   543
 1943  2114
 1944  1238
 1945   362
 1946  1938
 1947  1050
 1948   164
 1949  1744
 1950   873
 1951  2453
 1952  1546
 1953   680
 1954  2245
 1955  1380
 1956   488
 1957  2075
 1958  1175
 1959   289
 1960  1882
 1961  1002
 1962   102
 1963  1694
 1964   811
 1965  2391
 1966  1500
 1967   617
 1968  2200
 1969  1307
 1970   429
 1971  2013
 1972  1128
 1973   233
 1974  1818
 1975   946
 1976    69
 1977  1644
 1978   754
 1979  2332
 1980  1452
 1981   558
 1982  2145
 1983  1257
 1984   359
 1985  1949
 1986  1061
 1987   183
 1988  1772
 1989   883
 1990     5
 1991  1573
 1992   677
 1993  2282
 1994  1392
 1995   510
 1996  2092
 1997  1209
 1998   312
 1999  1905
 2000  1015
 2001   121
 2002  1715
 2003   815
 2004  2415
 2005  1525
 2006   645
 2007  2214
 2008  1327
 2009   446
 2010  2030
 2011  1150
 2012   249
 2013  1843
 2014   958
 2015    68
 2016  1660
 2017   765
 2018  2343
 2019  1446
 2020   570
 2021  2166
 2022  1269
 2023   398
 2024  1961
 2025  1077
 2026   201
 2027  1785
 2028   911
 2029    10
 2030  1594
 2031   702
 2032  2291
 2033  1411
 2034   515
 2035  2111
 2036  1208
 2037   334
 2038  1925
 2039  1029
 2040   145
 2041  1738
 2042   830
 2043  2428
 2044  1540
 2045   650
 2046  2231
 2047  1342
 2048   471
 2049  2055
 2050  1157
 2051   286
 2052  1859
 2053   965
 2054    90
 2055  1662
 2056   777
 2057  2354
 2058  1492
 2059   608
 2060  2164
 2061  1283
 2062   410
 2063  1983
 2064  1105
 2065   230
 2066  1792
 2067   913
 2068    18
 2069  1597
 2070   733
 2071  2309
 2072  1422
 2073   545
 2074  2123
 2075  1236
 2076   341
 2077  1939
 2078  1056
 2079   165
 2080  1747
 2081   846
 2082  2446
 2083  1553
 2084   663
 2085  2256
 2086  1367
 2087   469
 2088  2052
 2089  1179
 2090   299
 2091  1865
 2092   998
 2093   117
 2094  1684
 2095   805
 2096  2389
 2097  1485
 2098   615
 2099  2198
 2100  1319
 2101   437
 2102  2005
 2103  1112
 2104   229
 2105  1805
 2106   926
 2107    55
 2108  1621
 2109   739
 2110  2317
 2111  1433
 2112   553
 2113  2134
 2114  1253
 2115   365
 2116  1947
 2117  1058
 2118   187
 2119  1752
 2120   872
 2121  2455
 2122  1574
 2123   671
 2124  2260
 2125  1391
 2126   497
 2127  2081
 2128  1183
 2129   306
 2130  1887
 2131   996
 2132   113
 2133  1705
 2134   809
 2135  2413
 2136  1522
 2137   633
 2138  2208
 2139  1329
 2140   430
 2141  2032
 2142  1126
 2143   260
 2144  1841
 2145   956
 2146    58
 2147  1646
 2148   755
 2149  2346
 2150  1463
 2151   574
 2152  2161
 2153  1264
 2154   389
 2155  1973
 2156  1072
 2157   197
 2158  1774
 2159   897
 2160    15
 2161  1590
 2162   714
 2163  2295
 2164  1388
 2165   517
 2166  2085
 2167  1201
 2168   318
 2169  1911
 2170  1022
 2171   141
 2172  1724
 2173   843
 2174  2404
 2175  1534
 2176   647
 2177  2227
 2178  1344
 2179   456
 2180  2026
 2181  1163
 2182   277
 2183  1853
 2184   975
 2185    82
 2186  1661
 2187   782
 2188  2368
 2189  1465
 2190   583
 2191  2158
 2192  1288
 2193   403
 2194  1987
 2195  1107
 2196   207
 2197  1784
 2198   899
 2199    33
 2200  1610
 2201   720
 2202  2301
 2203  1428
 2204   541
 2205  2116
 2206  1222
 2207   335
 2208  1933
 2209  1028
 2210   147
 2211  1736
 2212   855
 2213  2432
 2214  1555
 2215   666
 2216  2252
 2217  1360
 2218   468
 2219  2051
 2220  1181
 2221   276
 2222  1879
 2223   980
 2224    97
 2225  1675
 2226   794
 2227  2386
 2228  1501
 2229   601
 2230  2190
 2231  1313
 2232   413
 2233  1993
 2234  1120
 2235   226
 2236  1819
 2237   916
 2238    42
 2239  1615
 2240   726
 2241  2312
 2242  1441
 2243   548
 2244  2139
 2245  1252
 2246   355
 2247  1951
 2248  1055
 2249   162
 2250  1758
 2251   871
 2252  2450
 2253  1552
 2254   675
 2255  2269
 2256  1385
 2257   485
 2258  2068
 2259  1190
 2260   313
 2261  1880
 2262   991
 2263   116
 2264  1697
 2265   812
 2266  2388
 2267  1509
 2268   616
 2269  2217
 2270  1314
 2271   438
 2272  2023
 2273  1123
 2274   237
 2275  1823
 2276   938
 2277    54
 2278  1650
 2279   746
 2280  2338
 2281  1438
 2282   571
 2283  2135
 2284  1274
 2285   382
 2286  1954
 2287  1068
 2288   192
 2289  1756
 2290   876
 2291     0
 2292  1578
 2293   689
 2294  2270
 2295  1395
 2296   523
 2297  2103
 2298  1210
 2299   324
 2300  1890
 2301  1018
 2302   133
 2303  1720
 2304   829
 2305  2410
 2306  1517
 2307   636
 2308  2225
 2309  1328
 2310   452
 2311  2022
 2312  1156
 2313   254
 2314  1854
 2315   964
 2316    79
 2317  1645
 2318   762
 2319  2362
 2320  1461
 2321   591
 2322  2167
 2323  1280
 2324   396
 2325  1982
 2326  1094
 2327   205
 2328  1791
 2329   914
 2330    16
 2331  1595
 2332   719
 2333  2289
 2334  1420
 2335   527
 2336  2101
 2337  1213
 2338   339
 2339  1922
 2340  1036
 2341   149
 2342  1740
 2343   834
 2344  2436
 2345  1543
 2346   658
 2347  2238
 2348  1343
 2349   470
 2350  2049
 2351  1172
 2352   288
 2353  1867
 2354   968
 2355    85
 2356  1687
 2357   788
 2358  2370
 2359  1483
 2360   595
 2361  2173
 2362  1301
 2363   418
 2364  1994
 2365  1096
 2366   228
 2367  1808
 2368   910
 2369    31
 2370  1617
 2371   740
 2372  2328
 2373  1426
 2374   538
 2375  2115
 2376  1237
 2377   352
 2378  1932
 2379  1045
 2380   169
 2381  1753
 2382   856
 2383  2447
 2384  1549
 2385   678
 2386  2259
 2387  1371
 2388   481
 2389  2062
 2390  1185
 2391   294
 2392  1876
 2393  1004
 2394   101
 2395  1683
 2396   800
 2397  2380
 2398  1504
 2399   628
 2400  2209
 2401  1300
 2402   432
 2403  2011
 2404  1115
 2405   250
 2406  1807
 2407   931
 2408    49
 2409  1627
 2410   750
 2411  2333
 2412  1450
 2413   567
 2414  2141
 2415  1249
 2416   366
 2417  1958
 2418  1070
 2419   176
 2420  1775
 2421   880
 2422  2463
 2423  1566
 2424   694
 2425  2266
 2426  1374
 2427   491
 2428  2088
 2429  1211
 2430   308
 2431  1895
 2432  1008
 2433   135
 2434  1722
 2435   824
 2436  2396
 2437  1520
 2438   626
 2439  2213
 2440  1338
 2441   440
 2442  2016
 2443  1133
 2444   262
 2445  1848
 2446   954
 2447    70
 2448  1658
 2449   776
 2450  2340
 2451  1468
 2452   573
 2453  2154
 2454  1275
 2455   393
 2456  1965
 2457  1075
 2458   186
 2459  1777
 2460   903
 2461    19
 2462  1607
 2463   710
 2464  2286
 2465  1413
 2466   514
 2467  2099
