FR80T5X64H2
Turbo Code Interleaving
User data with 4 flush bits = 3908
NOTE: S-bit is the bit index after interleaving. Data-bit is the index of user data
S-bit Data-bit
    0    38
    1  2539
    2  1107
    3  3631
    4  2246
    5   824
    6  3328
    7  1937
    8   525
    9  3041
   10  1628
   11   240
   12  2721
   13  1344
   14  3846
   15  2451
   16  1015
   17  3545
   18  2143
   19   731
   20  3226
   21  1839
   22   447
   23  2934
   24  1523
   25   122
   26  2656
   27  1254
   28  3767
   29  2331
   30   957
   31  3462
   32  2048
   33   658
   34  3135
   35  1739
   36   341
   37  2838
   38  1435
   39    44
   40  2553
   41  1139
   42  3670
   43  2254
   44   841
   45  3364
   46  1948
   47   544
   48  3057
   49  1669
   50   236
   51  2769
   52  1346
   53  3877
   54  2476
   55  1068
   56  3590
   57  2152
   58   749
   59  3253
   60  1856
   61   470
   62  2962
   63  1564
   64   176
   65  2668
   66  1290
   67  3782
   68  2376
   69   970
   70  3458
   71  2060
   72   666
   73  3167
   74  1792
   75   391
   76  2888
   77  1490
   78    87
   79  2591
   80  1175
   81  3673
   82  2296
   83   876
   84  3384
   85  1984
   86   601
   87  3074
   88  1704
   89   284
   90  2801
   91  1395
   92  3895
   93  2495
   94  1079
   95  3594
   96  2175
   97   808
   98  3293
   99  1899
  100   473
  101  2990
  102  1607
  103   185
  104  2689
  105  1304
  106  3810
  107  2411
  108   989
  109  3487
  110  2087
  111   688
  112  3211
  113  1820
  114   398
  115  2923
  116  1502
  117    95
  118  2592
  119  1196
  120  3697
  121  2326
  122   906
  123  3406
  124  2010
  125   623
  126  3112
  127  1711
  128   321
  129  2823
  130  1393
  131     5
  132  2522
  133  1126
  134  3614
  135  2226
  136   799
  137  3304
  138  1909
  139   515
  140  3030
  141  1627
  142   203
  143  2708
  144  1328
  145  3828
  146  2418
  147  1008
  148  3524
  149  2142
  150   733
  151  3236
  152  1816
  153   419
  154  2912
  155  1540
  156   123
  157  2647
  158  1248
  159  3720
  160  2342
  161   913
  162  3445
  163  2050
  164   640
  165  3136
  166  1736
  167   324
  168  2851
  169  1436
  170    56
  171  2543
  172  1151
  173  3642
  174  2243
  175   835
  176  3367
  177  1942
  178   527
  179  3068
  180  1655
  181   250
  182  2770
  183  1356
  184  3860
  185  2447
  186  1059
  187  3538
  188  2155
  189   759
  190  3264
  191  1869
  192   449
  193  2961
  194  1572
  195   159
  196  2657
  197  1270
  198  3766
  199  2371
  200   949
  201  3475
  202  2064
  203   664
  204  3175
  205  1771
  206   348
  207  2880
  208  1458
  209    61
  210  2559
  211  1178
  212  3683
  213  2274
  214   884
  215  3377
  216  1968
  217   569
  218  3072
  219  1687
  220   273
  221  2779
  222  1375
  223  3868
  224  2482
  225  1090
  226  3598
  227  2192
  228   796
  229  3302
  230  1877
  231   485
  232  3005
  233  1574
  234   170
  235  2677
  236  1287
  237  3804
  238  2383
  239   996
  240  3481
  241  2089
  242   707
  243  3201
  244  1784
  245   418
  246  2903
  247  1514
  248    78
  249  2601
  250  1176
  251  3712
  252  2311
  253   912
  254  3401
  255  2011
  256   583
  257  3104
  258  1724
  259   311
  260  2795
  261  1408
  262     2
  263  2496
  264  1098
  265  3627
  266  2215
  267   804
  268  3296
  269  1901
  270   507
  271  3011
  272  1608
  273   213
  274  2729
  275  1303
  276  3818
  277  2402
  278  1012
  279  3518
  280  2137
  281   708
  282  3234
  283  1834
  284   414
  285  2909
  286  1503
  287   129
  288  2639
  289  1206
  290  3715
  291  2322
  292   918
  293  3448
  294  2047
  295   616
  296  3131
  297  1719
  298   314
  299  2828
  300  1423
  301    35
  302  2547
  303  1141
  304  3659
  305  2218
  306   831
  307  3339
  308  1954
  309   552
  310  3054
  311  1645
  312   228
  313  2737
  314  1343
  315  3855
  316  2435
  317  1033
  318  3551
  319  2139
  320   725
  321  3249
  322  1854
  323   436
  324  2955
  325  1566
  326   146
  327  2649
  328  1238
  329  3739
  330  2358
  331   944
  332  3457
  333  2049
  334   644
  335  3145
  336  1772
  337   372
  338  2850
  339  1478
  340    54
  341  2562
  342  1171
  343  3652
  344  2252
  345   842
  346  3372
  347  1971
  348   574
  349  3056
  350  1662
  351   272
  352  2763
  353  1382
  354  3859
  355  2470
  356  1063
  357  3568
  358  2154
  359   773
  360  3261
  361  1864
  362   479
  363  2974
  364  1592
  365   156
  366  2694
  367  1261
  368  3771
  369  2366
  370   972
  371  3486
  372  2069
  373   659
  374  3186
  375  1799
  376   382
  377  2890
  378  1474
  379    82
  380  2572
  381  1195
  382  3679
  383  2284
  384   870
  385  3408
  386  2008
  387   585
  388  3078
  389  1679
  390   279
  391  2790
  392  1399
  393  3883
  394  2479
  395  1097
  396  3591
  397  2198
  398   792
  399  3319
  400  1884
  401   506
  402  3016
  403  1602
  404   202
  405  2710
  406  1318
  407  3820
  408  2396
  409  1013
  410  3515
  411  2095
  412   702
  413  3205
  414  1798
  415   407
  416  2920
  417  1498
  418   102
  419  2618
  420  1224
  421  3702
  422  2300
  423   923
  424  3416
  425  2005
  426   598
  427  3138
  428  1723
  429   308
  430  2833
  431  1407
  432    33
  433  2513
  434  1131
  435  3613
  436  2207
  437   837
  438  3335
  439  1929
  440   528
  441  3039
  442  1613
  443   229
  444  2745
  445  1311
  446  3823
  447  2429
  448  1047
  449  3548
  450  2140
  451   717
  452  3256
  453  1823
  454   455
  455  2952
  456  1535
  457   153
  458  2659
  459  1249
  460  3743
  461  2360
  462   941
  463  3427
  464  2057
  465   634
  466  3128
  467  1742
  468   337
  469  2855
  470  1466
  471    28
  472  2560
  473  1153
  474  3639
  475  2248
  476   844
  477  3362
  478  1972
  479   535
  480  3042
  481  1637
  482   247
  483  2743
  484  1339
  485  3878
  486  2475
  487  1051
  488  3575
  489  2176
  490   760
  491  3270
  492  1863
  493   465
  494  2964
  495  1563
  496   150
  497  2654
  498  1271
  499  3790
  500  2389
  501   986
  502  3454
  503  2062
  504   665
  505  3188
  506  1777
  507   376
  508  2895
  509  1469
  510    60
  511  2586
  512  1180
  513  3672
  514  2277
  515   867
  516  3369
  517  1991
  518   577
  519  3086
  520  1697
  521   287
  522  2799
  523  1376
  524  3886
  525  2478
  526  1087
  527  3608
  528  2191
  529   797
  530  3298
  531  1898
  532   493
  533  2983
  534  1589
  535   190
  536  2706
  537  1279
  538  3806
  539  2413
  540   984
  541  3507
  542  2114
  543   711
  544  3218
  545  1803
  546   416
  547  2914
  548  1507
  549    94
  550  2608
  551  1184
  552  3717
  553  2287
  554   889
  555  3412
  556  2001
  557   588
  558  3109
  559  1730
  560   309
  561  2811
  562  1402
  563    21
  564  2535
  565  1121
  566  3618
  567  2223
  568   826
  569  3332
  570  1935
  571   520
  572  3009
  573  1604
  574   197
  575  2712
  576  1326
  577  3811
  578  2407
  579  1032
  580  3531
  581  2113
  582   710
  583  3231
  584  1819
  585   417
  586  2930
  587  1531
  588   112
  589  2613
  590  1222
  591  3732
  592  2337
  593   917
  594  3444
  595  2023
  596   630
  597  3123
  598  1744
  599   342
  600  2830
  601  1430
  602    10
  603  2541
  604  1133
  605  3630
  606  2227
  607   843
  608  3337
  609  1947
  610   522
  611  3028
  612  1653
  613   232
  614  2759
  615  1338
  616  3866
  617  2462
  618  1038
  619  3571
  620  2159
  621   756
  622  3241
  623  1859
  624   433
  625  2969
  626  1550
  627   171
  628  2651
  629  1273
  630  3764
  631  2349
  632   939
  633  3460
  634  2073
  635   678
  636  3149
  637  1763
  638   351
  639  2877
  640  1479
  641    50
  642  2583
  643  1144
  644  3662
  645  2286
  646   875
  647  3381
  648  1967
  649   553
  650  3062
  651  1673
  652   280
  653  2757
  654  1385
  655  3864
  656  2485
  657  1088
  658  3577
  659  2178
  660   783
  661  3273
  662  1894
  663   499
  664  2998
  665  1577
  666   169
  667  2699
  668  1275
  669  3791
  670  2391
  671   965
  672  3493
  673  2084
  674   669
  675  3200
  676  1807
  677   399
  678  2887
  679  1485
  680    98
  681  2606
  682  1213
  683  3716
  684  2309
  685   895
  686  3391
  687  1993
  688   589
  689  3121
  690  1686
  691   306
  692  2798
  693  1405
  694  3897
  695  2523
  696  1122
  697  3600
  698  2195
  699   817
  700  3290
  701  1904
  702   502
  703  2996
  704  1597
  705   196
  706  2691
  707  1321
  708  3824
  709  2397
  710  1014
  711  3516
  712  2115
  713   696
  714  3219
  715  1805
  716   429
  717  2924
  718  1537
  719   131
  720  2635
  721  1223
  722  3741
  723  2343
  724   925
  725  3421
  726  2017
  727   612
  728  3133
  729  1717
  730   338
  731  2816
  732  1446
  733    41
  734  2518
  735  1118
  736  3648
  737  2221
  738   830
  739  3321
  740  1943
  741   539
  742  3017
  743  1622
  744   239
  745  2732
  746  1345
  747  3852
  748  2455
  749  1024
  750  3537
  751  2147
  752   739
  753  3262
  754  1848
  755   439
  756  2953
  757  1542
  758   138
  759  2636
  760  1250
  761  3759
  762  2370
  763   938
  764  3459
  765  2045
  766   627
  767  3170
  768  1756
  769   344
  770  2868
  771  1450
  772    48
  773  2564
  774  1170
  775  3675
  776  2275
  777   866
  778  3378
  779  1946
  780   546
  781  3051
  782  1663
  783   270
  784  2781
  785  1370
  786  3884
  787  2477
  788  1085
  789  3585
  790  2190
  791   775
  792  3258
  793  1885
  794   467
  795  2958
  796  1561
  797   175
  798  2671
  799  1293
  800  3773
  801  2364
  802   997
  803  3476
  804  2093
  805   667
  806  3165
  807  1764
  808   378
  809  2892
  810  1472
  811    65
  812  2598
  813  1177
  814  3684
  815  2298
  816   883
  817  3398
  818  1973
  819   582
  820  3098
  821  1670
  822   304
  823  2800
  824  1373
  825  3893
  826  2512
  827  1101
  828  3588
  829  2179
  830   782
  831  3308
  832  1891
  833   481
  834  2994
  835  1596
  836   207
  837  2707
  838  1297
  839  3808
  840  2419
  841  1021
  842  3489
  843  2106
  844   695
  845  3207
  846  1797
  847   386
  848  2906
  849  1520
  850   108
  851  2602
  852  1200
  853  3735
  854  2304
  855   919
  856  3400
  857  1994
  858   621
  859  3108
  860  1732
  861   320
  862  2827
  863  1409
  864    30
  865  2540
  866  1123
  867  3641
  868  2214
  869   815
  870  3311
  871  1924
  872   530
  873  3037
  874  1629
  875   220
  876  2731
  877  1322
  878  3835
  879  2434
  880  1044
  881  3550
  882  2138
  883   732
  884  3242
  885  1846
  886   426
  887  2927
  888  1544
  889   145
  890  2616
  891  1245
  892  3725
  893  2346
  894   928
  895  3438
  896  2035
  897   641
  898  3162
  899  1743
  900   335
  901  2839
  902  1452
  903    55
  904  2566
  905  1130
  906  3646
  907  2241
  908   847
  909  3360
  910  1949
  911   562
  912  3066
  913  1648
  914   267
  915  2754
  916  1371
  917  3838
  918  2471
  919  1069
  920  3563
  921  2163
  922   766
  923  3284
  924  1874
  925   460
  926  2968
  927  1560
  928   178
  929  2684
  930  1260
  931  3757
  932  2369
  933   955
  934  3483
  935  2063
  936   663
  937  3168
  938  1768
  939   362
  940  2860
  941  1483
  942    70
  943  2581
  944  1182
  945  3669
  946  2263
  947   860
  948  3392
  949  1996
  950   591
  951  3095
  952  1693
  953   290
  954  2796
  955  1397
  956  3873
  957  2504
  958  1094
  959  3586
  960  2196
  961   791
  962  3301
  963  1895
  964   475
  965  3008
  966  1575
  967   195
  968  2683
  969  1291
  970  3801
  971  2377
  972   983
  973  3488
  974  2105
  975   694
  976  3181
  977  1813
  978   380
  979  2907
  980  1509
  981    93
  982  2593
  983  1214
  984  3704
  985  2294
  986   901
  987  3423
  988  1995
  989   592
  990  3107
  991  1712
  992   301
  993  2791
  994  1410
  995  3907
  996  2505
  997  1114
  998  3620
  999  2222
 1000   800
 1001  3320
 1002  1921
 1003   526
 1004  3021
 1005  1616
 1006   230
 1007  2713
 1008  1324
 1009  3830
 1010  2433
 1011  1018
 1012  3536
 1013  2131
 1014   722
 1015  3224
 1016  1822
 1017   410
 1018  2913
 1019  1519
 1020   132
 1021  2617
 1022  1235
 1023  3740
 1024  2330
 1025   922
 1026  3441
 1027  2051
 1028   619
 1029  3147
 1030  1750
 1031   313
 1032  2837
 1033  1425
 1034    14
 1035  2538
 1036  1152
 1037  3664
 1038  2253
 1039   850
 1040  3358
 1041  1923
 1042   558
 1043  3031
 1044  1652
 1045   251
 1046  2752
 1047  1364
 1048  3829
 1049  2440
 1050  1046
 1051  3566
 1052  2160
 1053   753
 1054  3265
 1055  1850
 1056   459
 1057  2935
 1058  1565
 1059   139
 1060  2645
 1061  1233
 1062  3762
 1063  2372
 1064   967
 1065  3447
 1066  2042
 1067   653
 1068  3160
 1069  1757
 1070   353
 1071  2876
 1072  1459
 1073    75
 1074  2570
 1075  1149
 1076  3678
 1077  2261
 1078   868
 1079  3386
 1080  1965
 1081   571
 1082  3088
 1083  1658
 1084   288
 1085  2774
 1086  1361
 1087  3896
 1088  2486
 1089  1084
 1090  3599
 1091  2168
 1092   769
 1093  3280
 1094  1872
 1095   468
 1096  2991
 1097  1580
 1098   168
 1099  2678
 1100  1265
 1101  3775
 1102  2399
 1103   987
 1104  3504
 1105  2078
 1106   671
 1107  3197
 1108  1786
 1109   390
 1110  2875
 1111  1491
 1112    72
 1113  2582
 1114  1204
 1115  3681
 1116  2306
 1117   877
 1118  3379
 1119  1980
 1120   596
 1121  3093
 1122  1700
 1123   302
 1124  2802
 1125  1403
 1126     4
 1127  2511
 1128  1108
 1129  3604
 1130  2206
 1131   786
 1132  3325
 1133  1908
 1134   500
 1135  3012
 1136  1623
 1137   221
 1138  2700
 1139  1296
 1140  3799
 1141  2430
 1142  1017
 1143  3513
 1144  2097
 1145   727
 1146  3202
 1147  1810
 1148   402
 1149  2929
 1150  1533
 1151    99
 1152  2632
 1153  1207
 1154  3734
 1155  2328
 1156   933
 1157  3442
 1158  2025
 1159   605
 1160  3140
 1161  1713
 1162   315
 1163  2844
 1164  1432
 1165     3
 1166  2534
 1167  1127
 1168  3644
 1169  2225
 1170   825
 1171  3340
 1172  1931
 1173   521
 1174  3024
 1175  1634
 1176   245
 1177  2724
 1178  1350
 1179  3849
 1180  2436
 1181  1048
 1182  3562
 1183  2151
 1184   761
 1185  3230
 1186  1842
 1187   442
 1188  2950
 1189  1525
 1190   128
 1191  2661
 1192  1259
 1193  3736
 1194  2340
 1195   932
 1196  3464
 1197  2041
 1198   645
 1199  3161
 1200  1741
 1201   349
 1202  2846
 1203  1464
 1204    40
 1205  2567
 1206  1169
 1207  3653
 1208  2269
 1209   853
 1210  3344
 1211  1963
 1212   559
 1213  3045
 1214  1667
 1215   266
 1216  2764
 1217  1363
 1218  3867
 1219  2443
 1220  1058
 1221  3553
 1222  2182
 1223   778
 1224  3257
 1225  1865
 1226   457
 1227  2984
 1228  1568
 1229   189
 1230  2676
 1231  1288
 1232  3776
 1233  2363
 1234   973
 1235  3467
 1236  2077
 1237   673
 1238  3177
 1239  1775
 1240   371
 1241  2894
 1242  1471
 1243    83
 1244  2588
 1245  1163
 1246  3691
 1247  2273
 1248   891
 1249  3394
 1250  1976
 1251   581
 1252  3081
 1253  1701
 1254   291
 1255  2808
 1256  1388
 1257  3904
 1258  2506
 1259  1103
 1260  3587
 1261  2199
 1262   811
 1263  3289
 1264  1900
 1265   492
 1266  3006
 1267  1588
 1268   209
 1269  2705
 1270  1278
 1271  3798
 1272  2406
 1273   991
 1274  3503
 1275  2117
 1276   691
 1277  3210
 1278  1793
 1279   408
 1280  2898
 1281  1505
 1282   114
 1283  2612
 1284  1212
 1285  3726
 1286  2308
 1287   916
 1288  3417
 1289  2022
 1290   610
 1291  3117
 1292  1710
 1293   333
 1294  2819
 1295  1413
 1296    27
 1297  2515
 1298  1113
 1299  3623
 1300  2224
 1301   832
 1302  3318
 1303  1917
 1304   533
 1305  3034
 1306  1614
 1307   210
 1308  2716
 1309  1330
 1310  3816
 1311  2446
 1312  1036
 1313  3517
 1314  2135
 1315   718
 1316  3232
 1317  1835
 1318   430
 1319  2943
 1320  1517
 1321   140
 1322  2622
 1323  1243
 1324  3744
 1325  2338
 1326   950
 1327  3446
 1328  2054
 1329   652
 1330  3158
 1331  1747
 1332   334
 1333  2856
 1334  1443
 1335    39
 1336  2536
 1337  1143
 1338  3665
 1339  2234
 1340   849
 1341  3355
 1342  1932
 1343   554
 1344  3052
 1345  1654
 1346   243
 1347  2761
 1348  1367
 1349  3840
 1350  2469
 1351  1052
 1352  3554
 1353  2148
 1354   770
 1355  3260
 1356  1852
 1357   452
 1358  2971
 1359  1559
 1360   151
 1361  2674
 1362  1241
 1363  3765
 1364  2380
 1365   962
 1366  3479
 1367  2068
 1368   660
 1369  3153
 1370  1755
 1371   384
 1372  2871
 1373  1456
 1374    79
 1375  2575
 1376  1185
 1377  3667
 1378  2279
 1379   886
 1380  3376
 1381  1966
 1382   564
 1383  3067
 1384  1683
 1385   293
 1386  2794
 1387  1377
 1388  3903
 1389  2489
 1390  1100
 1391  3602
 1392  2170
 1393   787
 1394  3305
 1395  1892
 1396   494
 1397  3000
 1398  1600
 1399   201
 1400  2697
 1401  1301
 1402  3794
 1403  2379
 1404   982
 1405  3508
 1406  2096
 1407   681
 1408  3192
 1409  1796
 1410   392
 1411  2902
 1412  1511
 1413    92
 1414  2609
 1415  1202
 1416  3690
 1417  2305
 1418   915
 1419  3397
 1420  1990
 1421   594
 1422  3105
 1423  1688
 1424   289
 1425  2818
 1426  1416
 1427     9
 1428  2514
 1429  1110
 1430  3621
 1431  2219
 1432   827
 1433  3312
 1434  1902
 1435   497
 1436  3004
 1437  1624
 1438   224
 1439  2715
 1440  1319
 1441  3812
 1442  2427
 1443  1004
 1444  3500
 1445  2109
 1446   728
 1447  3216
 1448  1825
 1449   406
 1450  2931
 1451  1508
 1452   120
 1453  2626
 1454  1216
 1455  3713
 1456  2325
 1457   924
 1458  3437
 1459  2024
 1460   611
 1461  3129
 1462  1726
 1463   332
 1464  2847
 1465  1418
 1466    17
 1467  2533
 1468  1134
 1469  3647
 1470  2237
 1471   858
 1472  3333
 1473  1936
 1474   548
 1475  3035
 1476  1649
 1477   234
 1478  2741
 1479  1351
 1480  3836
 1481  2453
 1482  1056
 1483  3560
 1484  2164
 1485   751
 1486  3243
 1487  1840
 1488   440
 1489  2944
 1490  1539
 1491   147
 1492  2641
 1493  1236
 1494  3761
 1495  2351
 1496   959
 1497  3471
 1498  2053
 1499   670
 1500  3166
 1501  1752
 1502   356
 1503  2874
 1504  1480
 1505    69
 1506  2554
 1507  1160
 1508  3650
 1509  2271
 1510   863
 1511  3387
 1512  1964
 1513   555
 1514  3080
 1515  1682
 1516   248
 1517  2787
 1518  1369
 1519  3890
 1520  2491
 1521  1082
 1522  3579
 1523  2158
 1524   755
 1525  3285
 1526  1886
 1527   482
 1528  2987
 1529  1581
 1530   164
 1531  2660
 1532  1292
 1533  3800
 1534  2368
 1535  1001
 1536  3474
 1537  2072
 1538   672
 1539  3195
 1540  1808
 1541   377
 1542  2899
 1543  1497
 1544    91
 1545  2594
 1546  1201
 1547  3685
 1548  2303
 1549   896
 1550  3409
 1551  2003
 1552   604
 1553  3114
 1554  1718
 1555   295
 1556  2806
 1557  1401
 1558  3899
 1559  2503
 1560  1093
 1561  3609
 1562  2187
 1563   795
 1564  3316
 1565  1910
 1566   498
 1567  2997
 1568  1618
 1569   208
 1570  2709
 1571  1309
 1572  3809
 1573  2425
 1574  1020
 1575  3510
 1576  2116
 1577   715
 1578  3228
 1579  1815
 1580   423
 1581  2905
 1582  1524
 1583   101
 1584  2630
 1585  1225
 1586  3722
 1587  2315
 1588   899
 1589  3414
 1590  2038
 1591   636
 1592  3143
 1593  1709
 1594   339
 1595  2834
 1596  1415
 1597     8
 1598  2509
 1599  1138
 1600  3637
 1601  2229
 1602   821
 1603  3322
 1604  1922
 1605   547
 1606  3033
 1607  1612
 1608   222
 1609  2718
 1610  1352
 1611  3847
 1612  2420
 1613  1042
 1614  3544
 1615  2120
 1616   730
 1617  3239
 1618  1838
 1619   446
 1620  2949
 1621  1543
 1622   160
 1623  2644
 1624  1221
 1625  3749
 1626  2353
 1627   927
 1628  3466
 1629  2039
 1630   629
 1631  3152
 1632  1767
 1633   355
 1634  2854
 1635  1433
 1636    37
 1637  2571
 1638  1165
 1639  3677
 1640  2259
 1641   836
 1642  3352
 1643  1939
 1644   565
 1645  3077
 1646  1668
 1647   265
 1648  2747
 1649  1353
 1650  3850
 1651  2450
 1652  1073
 1653  3564
 1654  2172
 1655   781
 1656  3254
 1657  1849
 1658   445
 1659  2967
 1660  1573
 1661   167
 1662  2688
 1663  1284
 1664  3779
 1665  2361
 1666   951
 1667  3494
 1668  2061
 1669   680
 1670  3194
 1671  1791
 1672   367
 1673  2900
 1674  1470
 1675    66
 1676  2580
 1677  1190
 1678  3699
 1679  2289
 1680   864
 1681  3389
 1682  1977
 1683   580
 1684  3100
 1685  1689
 1686   274
 1687  2773
 1688  1406
 1689  3874
 1690  2502
 1691  1106
 1692  3583
 1693  2180
 1694   798
 1695  3279
 1696  1906
 1697   512
 1698  2979
 1699  1583
 1700   211
 1701  2703
 1702  1298
 1703  3789
 1704  2388
 1705   999
 1706  3523
 1707  2088
 1708   686
 1709  3213
 1710  1789
 1711   387
 1712  2886
 1713  1493
 1714   119
 1715  2590
 1716  1219
 1717  3721
 1718  2310
 1719   914
 1720  3402
 1721  2015
 1722   593
 1723  3122
 1724  1728
 1725   303
 1726  2815
 1727  1414
 1728    24
 1729  2497
 1730  1104
 1731  3610
 1732  2232
 1733   806
 1734  3330
 1735  1911
 1736   537
 1737  3032
 1738  1630
 1739   238
 1740  2740
 1741  1333
 1742  3827
 1743  2422
 1744  1029
 1745  3521
 1746  2133
 1747   734
 1748  3221
 1749  1818
 1750   434
 1751  2921
 1752  1530
 1753   136
 1754  2624
 1755  1240
 1756  3727
 1757  2327
 1758   936
 1759  3451
 1760  2027
 1761   624
 1762  3151
 1763  1748
 1764   331
 1765  2840
 1766  1431
 1767    19
 1768  2546
 1769  1125
 1770  3632
 1771  2228
 1772   852
 1773  3353
 1774  1951
 1775   542
 1776  3036
 1777  1659
 1778   257
 1779  2738
 1780  1362
 1781  3845
 1782  2468
 1783  1034
 1784  3543
 1785  2171
 1786   735
 1787  3277
 1788  1860
 1789   443
 1790  2975
 1791  1557
 1792   179
 1793  2666
 1794  1266
 1795  3770
 1796  2359
 1797   981
 1798  3473
 1799  2070
 1800   657
 1801  3169
 1802  1783
 1803   370
 1804  2879
 1805  1475
 1806    52
 1807  2569
 1808  1188
 1809  3666
 1810  2264
 1811   874
 1812  3365
 1813  1974
 1814   584
 1815  3079
 1816  1678
 1817   249
 1818  2789
 1819  1358
 1820  3891
 1821  2473
 1822  1060
 1823  3573
 1824  2184
 1825   779
 1826  3271
 1827  1890
 1828   476
 1829  2988
 1830  1585
 1831   172
 1832  2675
 1833  1272
 1834  3788
 1835  2381
 1836   979
 1837  3490
 1838  2083
 1839   706
 1840  3199
 1841  1809
 1842   404
 1843  2896
 1844  1476
 1845    88
 1846  2595
 1847  1192
 1848  3710
 1849  2313
 1850   892
 1851  3411
 1852  1985
 1853   597
 1854  3101
 1855  1714
 1856   317
 1857  2805
 1858  1424
 1859  3902
 1860  2490
 1861  1105
 1862  3625
 1863  2216
 1864   802
 1865  3300
 1866  1926
 1867   508
 1868  3013
 1869  1598
 1870   219
 1871  2717
 1872  1316
 1873  3831
 1874  2414
 1875  1028
 1876  3511
 1877  2122
 1878   703
 1879  3209
 1880  1827
 1881   405
 1882  2916
 1883  1536
 1884   107
 1885  2637
 1886  1228
 1887  3723
 1888  2319
 1889   926
 1890  3435
 1891  2052
 1892   639
 1893  3120
 1894  1729
 1895   346
 1896  2822
 1897  1451
 1898    20
 1899  2530
 1900  1115
 1901  3640
 1902  2220
 1903   828
 1904  3346
 1905  1944
 1906   543
 1907  3038
 1908  1647
 1909   252
 1910  2730
 1911  1334
 1912  3843
 1913  2432
 1914  1031
 1915  3552
 1916  2124
 1917   748
 1918  3266
 1919  1830
 1920   431
 1921  2951
 1922  1556
 1923   165
 1924  2633
 1925  1239
 1926  3758
 1927  2373
 1928   947
 1929  3456
 1930  2055
 1931   642
 1932  3144
 1933  1746
 1934   358
 1935  2870
 1936  1460
 1937    58
 1938  2579
 1939  1167
 1940  3671
 1941  2245
 1942   859
 1943  3348
 1944  1961
 1945   572
 1946  3070
 1947  1666
 1948   259
 1949  2762
 1950  1381
 1951  3885
 1952  2448
 1953  1080
 1954  3556
 1955  2186
 1956   776
 1957  3288
 1958  1862
 1959   454
 1960  2981
 1961  1584
 1962   163
 1963  2679
 1964  1285
 1965  3784
 1966  2374
 1967   978
 1968  3484
 1969  2065
 1970   676
 1971  3193
 1972  1787
 1973   368
 1974  2882
 1975  1501
 1976   105
 1977  2603
 1978  1193
 1979  3688
 1980  2301
 1981   879
 1982  3396
 1983  1989
 1984   568
 1985  3087
 1986  1680
 1987   292
 1988  2807
 1989  1400
 1990     6
 1991  2492
 1992  1074
 1993  3615
 1994  2203
 1995   809
 1996  3313
 1997  1914
 1998   495
 1999  3015
 2000  1605
 2001   192
 2002  2714
 2003  1289
 2004  3821
 2005  2416
 2006  1023
 2007  3506
 2008  2098
 2009   704
 2010  3212
 2011  1821
 2012   393
 2013  2917
 2014  1518
 2015   104
 2016  2627
 2017  1208
 2018  3711
 2019  2293
 2020   902
 2021  3430
 2022  2009
 2023   628
 2024  3106
 2025  1705
 2026   316
 2027  2825
 2028  1442
 2029    16
 2030  2526
 2031  1112
 2032  3629
 2033  2230
 2034   819
 2035  3341
 2036  1912
 2037   531
 2038  3043
 2039  1626
 2040   231
 2041  2753
 2042  1315
 2043  3844
 2044  2438
 2045  1030
 2046  3534
 2047  2125
 2048   747
 2049  3255
 2050  1832
 2051   450
 2052  2947
 2053  1527
 2054   143
 2055  2629
 2056  1227
 2057  3724
 2058  2365
 2059   960
 2060  3425
 2061  2037
 2062   646
 2063  3142
 2064  1749
 2065   361
 2066  2836
 2067  1444
 2068    25
 2069  2531
 2070  1164
 2071  3654
 2072  2249
 2073   862
 2074  3363
 2075  1956
 2076   541
 2077  3071
 2078  1672
 2079   262
 2080  2765
 2081  1340
 2082  3875
 2083  2458
 2084  1050
 2085  3576
 2086  2169
 2087   743
 2088  3252
 2089  1866
 2090   472
 2091  2954
 2092  1578
 2093   182
 2094  2665
 2095  1274
 2096  3781
 2097  2357
 2098   974
 2099  3482
 2100  2086
 2101   689
 2102  3172
 2103  1758
 2104   360
 2105  2857
 2106  1467
 2107    85
 2108  2568
 2109  1172
 2110  3668
 2111  2270
 2112   873
 2113  3382
 2114  1979
 2115   578
 2116  3082
 2117  1677
 2118   300
 2119  2776
 2120  1380
 2121  3888
 2122  2493
 2123  1061
 2124  3582
 2125  2201
 2126   789
 2127  3299
 2128  1873
 2129   484
 2130  2989
 2131  1576
 2132   177
 2133  2701
 2134  1281
 2135  3819
 2136  2412
 2137  1003
 2138  3495
 2139  2102
 2140   677
 2141  3214
 2142  1785
 2143   409
 2144  2915
 2145  1515
 2146    90
 2147  2605
 2148  1194
 2149  3714
 2150  2314
 2151   910
 2152  3418
 2153  2000
 2154   615
 2155  3126
 2156  1699
 2157   312
 2158  2809
 2159  1417
 2160    22
 2161  2517
 2162  1128
 2163  3634
 2164  2197
 2165   822
 2166  3303
 2167  1903
 2168   501
 2169  3029
 2170  1615
 2171   225
 2172  2725
 2173  1337
 2174  3807
 2175  2431
 2176  1025
 2177  3522
 2178  2130
 2179   719
 2180  3208
 2181  1841
 2182   438
 2183  2932
 2184  1541
 2185   130
 2186  2628
 2187  1237
 2188  3745
 2189  2317
 2190   921
 2191  3415
 2192  2044
 2193   637
 2194  3146
 2195  1751
 2196   328
 2197  2824
 2198  1421
 2199    49
 2200  2551
 2201  1137
 2202  3643
 2203  2260
 2204   854
 2205  3351
 2206  1933
 2207   532
 2208  3060
 2209  1625
 2210   233
 2211  2750
 2212  1354
 2213  3848
 2214  2465
 2215  1053
 2216  3570
 2217  2157
 2218   741
 2219  3251
 2220  1871
 2221   437
 2222  2976
 2223  1554
 2224   154
 2225  2650
 2226  1257
 2227  3777
 2228  2375
 2229   948
 2230  3468
 2231  2074
 2232   656
 2233  3154
 2234  1774
 2235   357
 2236  2884
 2237  1447
 2238    63
 2239  2561
 2240  1146
 2241  3663
 2242  2280
 2243   865
 2244  3388
 2245  1978
 2246   560
 2247  3089
 2248  1671
 2249   254
 2250  2788
 2251  1378
 2252  3881
 2253  2456
 2254  1070
 2255  3592
 2256  2193
 2257   772
 2258  3272
 2259  1889
 2260   496
 2261  2978
 2262  1570
 2263   181
 2264  2687
 2265  1286
 2266  3780
 2267  2384
 2268   976
 2269  3509
 2270  2075
 2271   690
 2272  3204
 2273  1780
 2274   375
 2275  2889
 2276  1481
 2277    84
 2278  2610
 2279  1181
 2280  3701
 2281  2276
 2282   905
 2283  3383
 2284  2018
 2285   600
 2286  3097
 2287  1690
 2288   305
 2289  2783
 2290  1387
 2291     1
 2292  2501
 2293  1096
 2294  3593
 2295  2213
 2296   829
 2297  3329
 2298  1915
 2299   513
 2300  2992
 2301  1609
 2302   212
 2303  2720
 2304  1314
 2305  3813
 2306  2404
 2307  1011
 2308  3520
 2309  2101
 2310   714
 2311  3203
 2312  1831
 2313   403
 2314  2933
 2315  1526
 2316   126
 2317  2604
 2318  1205
 2319  3737
 2320  2312
 2321   929
 2322  3432
 2323  2026
 2324   625
 2325  3141
 2326  1733
 2327   322
 2328  2835
 2329  1445
 2330    23
 2331  2529
 2332  1135
 2333  3626
 2334  2247
 2335   833
 2336  3326
 2337  1918
 2338   538
 2339  3040
 2340  1644
 2341   235
 2342  2755
 2343  1320
 2344  3853
 2345  2444
 2346  1043
 2347  3546
 2348  2127
 2349   744
 2350  3244
 2351  1858
 2352   453
 2353  2957
 2354  1532
 2355   133
 2356  2669
 2357  1244
 2358  3755
 2359  2352
 2360   937
 2361  3443
 2362  2059
 2363   662
 2364  3155
 2365  1738
 2366   359
 2367  2867
 2368  1440
 2369    46
 2370  2563
 2371  1174
 2372  3682
 2373  2258
 2374   851
 2375  3350
 2376  1959
 2377   556
 2378  3058
 2379  1656
 2380   268
 2381  2778
 2382  1355
 2383  3876
 2384  2452
 2385  1078
 2386  3580
 2387  2173
 2388   765
 2389  3263
 2390  1876
 2391   464
 2392  2973
 2393  1586
 2394   161
 2395  2663
 2396  1269
 2397  3769
 2398  2378
 2399   994
 2400  3497
 2401  2058
 2402   679
 2403  3191
 2404  1765
 2405   394
 2406  2866
 2407  1473
 2408    77
 2409  2578
 2410  1186
 2411  3689
 2412  2299
 2413   897
 2414  3390
 2415  1975
 2416   579
 2417  3103
 2418  1694
 2419   282
 2420  2810
 2421  1396
 2422  3900
 2423  2480
 2424  1102
 2425  3589
 2426  2177
 2427   780
 2428  3307
 2429  1916
 2430   490
 2431  2999
 2432  1593
 2433   214
 2434  2722
 2435  1302
 2436  3792
 2437  2409
 2438   990
 2439  3505
 2440  2118
 2441   693
 2442  3196
 2443  1795
 2444   412
 2445  2925
 2446  1513
 2447   106
 2448  2625
 2449  1226
 2450  3703
 2451  2323
 2452   909
 2453  3410
 2454  2020
 2455   622
 2456  3110
 2457  1703
 2458   298
 2459  2814
 2460  1426
 2461    26
 2462  2545
 2463  1124
 2464  3622
 2465  2233
 2466   818
 2467  3323
 2468  1941
 2469   517
 2470  3010
 2471  1643
 2472   206
 2473  2744
 2474  1317
 2475  3841
 2476  2421
 2477  1019
 2478  3519
 2479  2134
 2480   723
 2481  3223
 2482  1824
 2483   451
 2484  2946
 2485  1545
 2486   134
 2487  2653
 2488  1231
 2489  3738
 2490  2336
 2491   953
 2492  3429
 2493  2034
 2494   631
 2495  3127
 2496  1735
 2497   329
 2498  2848
 2499  1453
 2500    62
 2501  2537
 2502  1162
 2503  3633
 2504  2236
 2505   848
 2506  3368
 2507  1970
 2508   551
 2509  3064
 2510  1635
 2511   260
 2512  2748
 2513  1368
 2514  3863
 2515  2464
 2516  1062
 2517  3547
 2518  2162
 2519   745
 2520  3250
 2521  1851
 2522   463
 2523  2977
 2524  1548
 2525   152
 2526  2673
 2527  1268
 2528  3783
 2529  2356
 2530   952
 2531  3472
 2532  2071
 2533   655
 2534  3185
 2535  1770
 2536   354
 2537  2862
 2538  1465
 2539    67
 2540  2558
 2541  1158
 2542  3674
 2543  2283
 2544   887
 2545  3373
 2546  1981
 2547   575
 2548  3102
 2549  1665
 2550   283
 2551  2784
 2552  1398
 2553  3898
 2554  2487
 2555  1064
 2556  3578
 2557  2181
 2558   777
 2559  3286
 2560  1879
 2561   503
 2562  3002
 2563  1571
 2564   180
 2565  2698
 2566  1299
 2567  3805
 2568  2401
 2569  1007
 2570  3514
 2571  2110
 2572   712
 2573  3220
 2574  1782
 2575   388
 2576  2904
 2577  1500
 2578    96
 2579  2584
 2580  1203
 2581  3708
 2582  2316
 2583   908
 2584  3403
 2585  1992
 2586   602
 2587  3092
 2588  1722
 2589   286
 2590  2803
 2591  1419
 2592    18
 2593  2498
 2594  1120
 2595  3619
 2596  2204
 2597   793
 2598  3314
 2599  1896
 2600   505
 2601  3025
 2602  1631
 2603   215
 2604  2711
 2605  1305
 2606  3822
 2607  2405
 2608  1016
 2609  3525
 2610  2128
 2611   736
 2612  3237
 2613  1828
 2614   415
 2615  2910
 2616  1512
 2617   124
 2618  2631
 2619  1234
 2620  3728
 2621  2344
 2622   945
 2623  3422
 2624  2019
 2625   643
 2626  3139
 2627  1721
 2628   326
 2629  2841
 2630  1449
 2631    32
 2632  2555
 2633  1150
 2634  3655
 2635  2256
 2636   857
 2637  3349
 2638  1953
 2639   519
 2640  3046
 2641  1632
 2642   246
 2643  2758
 2644  1347
 2645  3851
 2646  2463
 2647  1037
 2648  3561
 2649  2144
 2650   752
 2651  3268
 2652  1844
 2653   432
 2654  2938
 2655  1552
 2656   135
 2657  2642
 2658  1232
 2659  3742
 2660  2348
 2661   961
 2662  3461
 2663  2076
 2664   654
 2665  3171
 2666  1761
 2667   343
 2668  2849
 2669  1468
 2670    73
 2671  2556
 2672  1148
 2673  3660
 2674  2265
 2675   855
 2676  3371
 2677  1986
 2678   576
 2679  3063
 2680  1664
 2681   256
 2682  2786
 2683  1359
 2684  3871
 2685  2483
 2686  1081
 2687  3565
 2688  2166
 2689   767
 2690  3276
 2691  1887
 2692   477
 2693  2966
 2694  1594
 2695   187
 2696  2667
 2697  1295
 2698  3774
 2699  2386
 2700   971
 2701  3491
 2702  2103
 2703   674
 2704  3174
 2705  1802
 2706   385
 2707  2885
 2708  1484
 2709    81
 2710  2596
 2711  1211
 2712  3686
 2713  2285
 2714   888
 2715  3393
 2716  2014
 2717   603
 2718  3096
 2719  1715
 2720   296
 2721  2813
 2722  1394
 2723  3894
 2724  2510
 2725  1092
 2726  3596
 2727  2211
 2728   805
 2729  3317
 2730  1897
 2731   516
 2732  3007
 2733  1620
 2734   204
 2735  2723
 2736  1310
 2737  3795
 2738  2395
 2739  1000
 2740  3526
 2741  2112
 2742   726
 2743  3198
 2744  1833
 2745   401
 2746  2918
 2747  1516
 2748   116
 2749  2607
 2750  1220
 2751  3709
 2752  2302
 2753   931
 2754  3428
 2755  2006
 2756   617
 2757  3124
 2758  1737
 2759   340
 2760  2845
 2761  1439
 2762    29
 2763  2527
 2764  1117
 2765  3616
 2766  2231
 2767   838
 2768  3336
 2769  1927
 2770   529
 2771  3044
 2772  1641
 2773   217
 2774  2746
 2775  1342
 2776  3862
 2777  2426
 2778  1049
 2779  3541
 2780  2129
 2781   742
 2782  3267
 2783  1845
 2784   435
 2785  2963
 2786  1546
 2787   142
 2788  2662
 2789  1247
 2790  3754
 2791  2333
 2792   963
 2793  3465
 2794  2067
 2795   638
 2796  3163
 2797  1734
 2798   363
 2799  2864
 2800  1462
 2801    34
 2802  2550
 2803  1140
 2804  3661
 2805  2268
 2806   845
 2807  3354
 2808  1958
 2809   573
 2810  3049
 2811  1676
 2812   276
 2813  2756
 2814  1365
 2815  3870
 2816  2454
 2817  1075
 2818  3557
 2819  2165
 2820   746
 2821  3269
 2822  1857
 2823   474
 2824  2965
 2825  1587
 2826   157
 2827  2680
 2828  1262
 2829  3793
 2830  2385
 2831   964
 2832  3470
 2833  2092
 2834   682
 2835  3189
 2836  1788
 2837   383
 2838  2891
 2839  1477
 2840    97
 2841  2587
 2842  1179
 2843  3692
 2844  2295
 2845   880
 2846  3375
 2847  1997
 2848   586
 2849  3076
 2850  1706
 2851   277
 2852  2812
 2853  1392
 2854  3879
 2855  2507
 2856  1086
 2857  3595
 2858  2194
 2859   790
 2860  3297
 2861  1875
 2862   489
 2863  2980
 2864  1582
 2865   200
 2866  2686
 2867  1280
 2868  3803
 2869  2403
 2870   992
 2871  3502
 2872  2099
 2873   683
 2874  3222
 2875  1801
 2876   381
 2877  2901
 2878  1506
 2879   109
 2880  2623
 2881  1209
 2882  3730
 2883  2307
 2884   920
 2885  3420
 2886  2031
 2887   618
 2888  3113
 2889  1702
 2890   318
 2891  2804
 2892  1411
 2893  3905
 2894  2516
 2895  1132
 2896  3617
 2897  2235
 2898   816
 2899  3342
 2900  1928
 2901   504
 2902  3014
 2903  1621
 2904   216
 2905  2739
 2906  1323
 2907  3839
 2908  2439
 2909  1009
 2910  3540
 2911  2141
 2912   737
 2913  3235
 2914  1817
 2915   420
 2916  2942
 2917  1528
 2918   125
 2919  2640
 2920  1242
 2921  3756
 2922  2345
 2923   946
 2924  3433
 2925  2032
 2926   648
 2927  3159
 2928  1760
 2929   336
 2930  2831
 2931  1428
 2932    57
 2933  2542
 2934  1161
 2935  3656
 2936  2267
 2937   834
 2938  3334
 2939  1945
 2940   561
 2941  3059
 2942  1638
 2943   258
 2944  2766
 2945  1357
 2946  3842
 2947  2472
 2948  1045
 2949  3559
 2950  2156
 2951   750
 2952  3247
 2953  1867
 2954   456
 2955  2960
 2956  1555
 2957   173
 2958  2643
 2959  1264
 2960  3786
 2961  2355
 2962   975
 2963  3463
 2964  2056
 2965   661
 2966  3164
 2967  1781
 2968   347
 2969  2865
 2970  1461
 2971    86
 2972  2585
 2973  1183
 2974  3680
 2975  2262
 2976   861
 2977  3370
 2978  1983
 2979   570
 2980  3083
 2981  1695
 2982   269
 2983  2792
 2984  1372
 2985  3869
 2986  2481
 2987  1066
 2988  3574
 2989  2202
 2990   768
 2991  3274
 2992  1888
 2993   480
 2994  2972
 2995  1606
 2996   183
 2997  2695
 2998  1282
 2999  3797
 3000  2382
 3001   980
 3002  3485
 3003  2082
 3004   705
 3005  3179
 3006  1779
 3007   411
 3008  2893
 3009  1489
 3010   103
 3011  2600
 3012  1217
 3013  3705
 3014  2320
 3015   907
 3016  3419
 3017  2021
 3018   587
 3019  3099
 3020  1692
 3021   297
 3022  2793
 3023  1422
 3024    15
 3025  2519
 3026  1111
 3027  3605
 3028  2209
 3029   813
 3030  3327
 3031  1930
 3032   509
 3033  3023
 3034  1617
 3035   205
 3036  2735
 3037  1313
 3038  3833
 3039  2415
 3040  1010
 3041  3527
 3042  2126
 3043   720
 3044  3229
 3045  1814
 3046   422
 3047  2926
 3048  1522
 3049   118
 3050  2634
 3051  1230
 3052  3746
 3053  2335
 3054   930
 3055  3431
 3056  2033
 3057   620
 3058  3130
 3059  1725
 3060   325
 3061  2826
 3062  1438
 3063    12
 3064  2521
 3065  1129
 3066  3624
 3067  2250
 3068   820
 3069  3347
 3070  1934
 3071   549
 3072  3027
 3073  1640
 3074   227
 3075  2733
 3076  1341
 3077  3854
 3078  2461
 3079  1055
 3080  3549
 3081  2167
 3082   763
 3083  3238
 3084  1855
 3085   466
 3086  2941
 3087  1551
 3088   155
 3089  2672
 3090  1263
 3091  3752
 3092  2367
 3093   969
 3094  3455
 3095  2040
 3096   650
 3097  3156
 3098  1753
 3099   366
 3100  2852
 3101  1482
 3102    45
 3103  2552
 3104  1154
 3105  3657
 3106  2281
 3107   885
 3108  3357
 3109  1952
 3110   550
 3111  3073
 3112  1660
 3113   261
 3114  2782
 3115  1379
 3116  3861
 3117  2466
 3118  1089
 3119  3584
 3120  2174
 3121   764
 3122  3278
 3123  1883
 3124   458
 3125  2995
 3126  1579
 3127   191
 3128  2681
 3129  1267
 3130  3768
 3131  2387
 3132   968
 3133  3469
 3134  2091
 3135   700
 3136  3178
 3137  1773
 3138   396
 3139  2881
 3140  1486
 3141    80
 3142  2577
 3143  1199
 3144  3706
 3145  2290
 3146   900
 3147  3405
 3148  2004
 3149   606
 3150  3094
 3151  1691
 3152   285
 3153  2797
 3154  1404
 3155  3906
 3156  2484
 3157  1083
 3158  3597
 3159  2210
 3160   784
 3161  3309
 3162  1880
 3163   483
 3164  3019
 3165  1591
 3166   198
 3167  2726
 3168  1308
 3169  3814
 3170  2424
 3171  1022
 3172  3533
 3173  2090
 3174   697
 3175  3233
 3176  1800
 3177   397
 3178  2897
 3179  1504
 3180   100
 3181  2614
 3182  1197
 3183  3719
 3184  2339
 3185   934
 3186  3426
 3187  2028
 3188   609
 3189  3115
 3190  1708
 3191   310
 3192  2817
 3193  1434
 3194    31
 3195  2525
 3196  1136
 3197  3645
 3198  2212
 3199   846
 3200  3315
 3201  1940
 3202   523
 3203  3047
 3204  1639
 3205   237
 3206  2736
 3207  1332
 3208  3825
 3209  2437
 3210  1026
 3211  3535
 3212  2132
 3213   740
 3214  3245
 3215  1836
 3216   427
 3217  2928
 3218  1521
 3219   158
 3220  2652
 3221  1252
 3222  3753
 3223  2354
 3224   956
 3225  3450
 3226  2036
 3227   651
 3228  3134
 3229  1766
 3230   365
 3231  2861
 3232  1441
 3233    64
 3234  2574
 3235  1145
 3236  3676
 3237  2239
 3238   839
 3239  3359
 3240  1957
 3241   557
 3242  3075
 3243  1661
 3244   241
 3245  2772
 3246  1374
 3247  3865
 3248  2457
 3249  1071
 3250  3581
 3251  2153
 3252   771
 3253  3275
 3254  1870
 3255   448
 3256  2959
 3257  1553
 3258   149
 3259  2664
 3260  1253
 3261  3778
 3262  2393
 3263   985
 3264  3480
 3265  2085
 3266   684
 3267  3187
 3268  1769
 3269   374
 3270  2878
 3271  1487
 3272    71
 3273  2599
 3274  1173
 3275  3696
 3276  2292
 3277   898
 3278  3407
 3279  1982
 3280   590
 3281  3091
 3282  1675
 3283   271
 3284  2771
 3285  1390
 3286  3901
 3287  2499
 3288  1065
 3289  3603
 3290  2205
 3291   801
 3292  3291
 3293  1878
 3294   487
 3295  3001
 3296  1610
 3297   188
 3298  2693
 3299  1294
 3300  3817
 3301  2398
 3302   995
 3303  3499
 3304  2119
 3305   713
 3306  3206
 3307  1806
 3308   400
 3309  2908
 3310  1499
 3311   111
 3312  2619
 3313  1191
 3314  3718
 3315  2288
 3316   890
 3317  3399
 3318  2002
 3319   614
 3320  3116
 3321  1698
 3322   299
 3323  2832
 3324  1391
 3325     0
 3326  2532
 3327  1109
 3328  3611
 3329  2238
 3330   814
 3331  3324
 3332  1919
 3333   524
 3334  3018
 3335  1633
 3336   226
 3337  2734
 3338  1327
 3339  3837
 3340  2423
 3341  1041
 3342  3528
 3343  2108
 3344   716
 3345  3248
 3346  1812
 3347   424
 3348  2939
 3349  1547
 3350   117
 3351  2621
 3352  1255
 3353  3733
 3354  2321
 3355   940
 3356  3436
 3357  2030
 3358   633
 3359  3150
 3360  1745
 3361   345
 3362  2843
 3363  1437
 3364    51
 3365  2544
 3366  1159
 3367  3635
 3368  2257
 3369   856
 3370  3338
 3371  1962
 3372   534
 3373  3053
 3374  1642
 3375   255
 3376  2749
 3377  1348
 3378  3872
 3379  2442
 3380  1057
 3381  3567
 3382  2149
 3383   754
 3384  3246
 3385  1853
 3386   441
 3387  2948
 3388  1562
 3389   144
 3390  2655
 3391  1258
 3392  3748
 3393  2350
 3394   954
 3395  3452
 3396  2081
 3397   668
 3398  3176
 3399  1754
 3400   379
 3401  2869
 3402  1457
 3403    68
 3404  2576
 3405  1168
 3406  3687
 3407  2272
 3408   869
 3409  3366
 3410  1987
 3411   567
 3412  3061
 3413  1684
 3414   294
 3415  2760
 3416  1386
 3417  3882
 3418  2474
 3419  1072
 3420  3572
 3421  2183
 3422   794
 3423  3292
 3424  1893
 3425   491
 3426  2985
 3427  1599
 3428   184
 3429  2692
 3430  1300
 3431  3785
 3432  2408
 3433   988
 3434  3501
 3435  2094
 3436   698
 3437  3180
 3438  1778
 3439   389
 3440  2883
 3441  1510
 3442   110
 3443  2611
 3444  1187
 3445  3700
 3446  2278
 3447   904
 3448  3404
 3449  2012
 3450   613
 3451  3111
 3452  1707
 3453   307
 3454  2785
 3455  1383
 3456    13
 3457  2500
 3458  1099
 3459  3628
 3460  2217
 3461   788
 3462  3295
 3463  1925
 3464   510
 3465  3022
 3466  1595
 3467   194
 3468  2719
 3469  1325
 3470  3815
 3471  2428
 3472  1005
 3473  3529
 3474  2123
 3475   699
 3476  3215
 3477  1837
 3478   428
 3479  2940
 3480  1534
 3481   115
 3482  2638
 3483  1229
 3484  3729
 3485  2324
 3486   911
 3487  3439
 3488  2013
 3489   632
 3490  3125
 3491  1727
 3492   323
 3493  2842
 3494  1429
 3495    42
 3496  2528
 3497  1142
 3498  3638
 3499  2242
 3500   823
 3501  3343
 3502  1955
 3503   540
 3504  3055
 3505  1650
 3506   242
 3507  2742
 3508  1335
 3509  3857
 3510  2459
 3511  1040
 3512  3539
 3513  2150
 3514   724
 3515  3259
 3516  1829
 3517   462
 3518  2945
 3519  1549
 3520   137
 3521  2658
 3522  1246
 3523  3760
 3524  2341
 3525   942
 3526  3449
 3527  2043
 3528   647
 3529  3173
 3530  1740
 3531   352
 3532  2863
 3533  1455
 3534    59
 3535  2549
 3536  1157
 3537  3651
 3538  2266
 3539   872
 3540  3380
 3541  1960
 3542   563
 3543  3085
 3544  1657
 3545   264
 3546  2780
 3547  1360
 3548  3889
 3549  2449
 3550  1054
 3551  3555
 3552  2189
 3553   758
 3554  3281
 3555  1882
 3556   478
 3557  2986
 3558  1567
 3559   162
 3560  2696
 3561  1277
 3562  3802
 3563  2392
 3564   966
 3565  3492
 3566  2080
 3567   685
 3568  3184
 3569  1794
 3570   369
 3571  2873
 3572  1488
 3573    76
 3574  2597
 3575  1189
 3576  3695
 3577  2297
 3578   878
 3579  3374
 3580  1998
 3581   608
 3582  3090
 3583  1716
 3584   275
 3585  2777
 3586  1412
 3587  3887
 3588  2494
 3589  1076
 3590  3601
 3591  2208
 3592   807
 3593  3294
 3594  1905
 3595   488
 3596  3003
 3597  1603
 3598   193
 3599  2685
 3600  1306
 3601  3796
 3602  2410
 3603  1006
 3604  3496
 3605  2107
 3606   709
 3607  3227
 3608  1804
 3609   395
 3610  2919
 3611  1495
 3612   121
 3613  2620
 3614  1215
 3615  3731
 3616  2332
 3617   894
 3618  3424
 3619  2007
 3620   635
 3621  3132
 3622  1720
 3623   330
 3624  2829
 3625  1427
 3626    36
 3627  2524
 3628  1119
 3629  3636
 3630  2240
 3631   812
 3632  3331
 3633  1913
 3634   518
 3635  3050
 3636  1636
 3637   218
 3638  2728
 3639  1312
 3640  3832
 3641  2417
 3642  1035
 3643  3530
 3644  2136
 3645   738
 3646  3225
 3647  1826
 3648   444
 3649  2936
 3650  1538
 3651   127
 3652  2646
 3653  1256
 3654  3750
 3655  2334
 3656   943
 3657  3434
 3658  2046
 3659   626
 3660  3148
 3661  1759
 3662   327
 3663  2859
 3664  1463
 3665    53
 3666  2557
 3667  1155
 3668  3649
 3669  2251
 3670   871
 3671  3361
 3672  1950
 3673   536
 3674  3065
 3675  1651
 3676   244
 3677  2751
 3678  1349
 3679  3858
 3680  2460
 3681  1067
 3682  3558
 3683  2145
 3684   762
 3685  3282
 3686  1847
 3687   461
 3688  2956
 3689  1558
 3690   148
 3691  2682
 3692  1276
 3693  3763
 3694  2362
 3695   958
 3696  3453
 3697  2079
 3698   687
 3699  3183
 3700  1790
 3701   364
 3702  2858
 3703  1492
 3704    89
 3705  2573
 3706  1166
 3707  3698
 3708  2291
 3709   881
 3710  3395
 3711  1969
 3712   599
 3713  3069
 3714  1685
 3715   263
 3716  2775
 3717  1389
 3718  3880
 3719  2488
 3720  1095
 3721  3606
 3722  2185
 3723   774
 3724  3287
 3725  1881
 3726   486
 3727  2982
 3728  1601
 3729   174
 3730  2702
 3731  1307
 3732  3787
 3733  2390
 3734   998
 3735  3498
 3736  2100
 3737   701
 3738  3190
 3739  1811
 3740   421
 3741  2922
 3742  1494
 3743   113
 3744  2615
 3745  1210
 3746  3707
 3747  2318
 3748   893
 3749  3413
 3750  2016
 3751   607
 3752  3119
 3753  1696
 3754   319
 3755  2820
 3756  1420
 3757     7
 3758  2508
 3759  1116
 3760  3607
 3761  2200
 3762   810
 3763  3306
 3764  1907
 3765   514
 3766  3026
 3767  1611
 3768   199
 3769  2727
 3770  1329
 3771  3834
 3772  2441
 3773  1027
 3774  3512
 3775  2111
 3776   729
 3777  3217
 3778  1843
 3779   425
 3780  2937
 3781  1529
 3782   141
 3783  2648
 3784  1218
 3785  3747
 3786  2329
 3787   935
 3788  3440
 3789  2029
 3790   649
 3791  3137
 3792  1731
 3793   350
 3794  2853
 3795  1448
 3796    43
 3797  2548
 3798  1156
 3799  3658
 3800  2244
 3801   840
 3802  3345
 3803  1938
 3804   545
 3805  3048
 3806  1646
 3807   253
 3808  2767
 3809  1336
 3810  3856
 3811  2445
 3812  1039
 3813  3542
 3814  2146
 3815   757
 3816  3240
 3817  1868
 3818   471
 3819  2970
 3820  1569
 3821   166
 3822  2670
 3823  1251
 3824  3751
 3825  2347
 3826   977
 3827  3478
 3828  2066
 3829   675
 3830  3157
 3831  1762
 3832   373
 3833  2872
 3834  1454
 3835    47
 3836  2565
 3837  1147
 3838  3693
 3839  2255
 3840   882
 3841  3356
 3842  1988
 3843   566
 3844  3084
 3845  1674
 3846   278
 3847  2768
 3848  1366
 3849  3892
 3850  2467
 3851  1077
 3852  3569
 3853  2161
 3854   785
 3855  3283
 3856  1861
 3857   469
 3858  2993
 3859  1590
 3860   186
 3861  2690
 3862  1283
 3863  3772
 3864  2394
 3865   993
 3866  3477
 3867  2104
 3868   692
 3869  3182
 3870  1776
 3871   413
 3872  2911
 3873  1496
 3874    74
 3875  2589
 3876  1198
 3877  3694
 3878  2282
 3879   903
 3880  3385
 3881  1999
 3882   595
 3883  3118
 3884  1681
 3885   281
 3886  2821
 3887  1384
 3888    11
 3889  2520
 3890  1091
 3891  3612
 3892  2188
 3893   803
 3894  3310
 3895  1920
 3896   511
 3897  3020
 3898  1619
 3899   223
 3900  2704
 3901  1331
 3902  3826
 3903  2400
 3904  1002
 3905  3532
 3906  2121
 3907   721
