FR80T25X32H3
Turbo Code Interleaving
User data with 4 flush bits = 4244
NOTE: S-bit is the bit index after interleaving. Data-bit is the index of user data
S-bit Data-bit
    0    40
    1  2756
    2  1199
    3  3942
    4  2439
    5   894
    6  3614
    7  2103
    8   570
    9  3303
   10  1766
   11   260
   12  2955
   13  1459
   14  4176
   15  2659
   16  1101
   17  3850
   18  2327
   19   794
   20  3503
   21  1996
   22   485
   23  3185
   24  1654
   25   132
   26  2884
   27  1360
   28  4090
   29  2530
   30  1039
   31  3760
   32  2223
   33   716
   34  3405
   35  1888
   36   372
   37  3082
   38  1558
   39    48
   40  2772
   41  1235
   42  3985
   43  2447
   44   913
   45  3653
   46  2115
   47   591
   48  3321
   49  1811
   50   255
   51  3006
   52  1461
   53  4209
   54  2687
   55  1159
   56  3898
   57  2336
   58   815
   59  3534
   60  2015
   61   511
   62  3217
   63  1698
   64   191
   65  2897
   66  1399
   67  4105
   68  2579
   69  1053
   70  3756
   71  2237
   72   724
   73  3439
   74  1945
   75   425
   76  3136
   77  1618
   78    94
   79  2813
   80  1276
   81  3988
   82  2491
   83   951
   84  3674
   85  2153
   86   653
   87  3338
   88  1850
   89   307
   90  3040
   91  1514
   92  4228
   93  2708
   94  1170
   95  3902
   96  2361
   97   876
   98  3577
   99  2063
  100   514
  101  3246
  102  1743
  103   200
  104  2920
  105  1415
  106  4136
  107  2617
  108  1073
  109  3787
  110  2267
  111   747
  112  3486
  113  1975
  114   433
  115  3174
  116  1630
  117   102
  118  2815
  119  1298
  120  4013
  121  2524
  122   984
  123  3699
  124  2182
  125   677
  126  3378
  127  1857
  128   350
  129  3064
  130  1512
  131     5
  132  2737
  133  1220
  134  3924
  135  2416
  136   867
  137  3588
  138  2073
  139   560
  140  3290
  141  1765
  142   220
  143  2939
  144  1439
  145  4155
  146  2624
  147  1094
  148  3827
  149  2326
  150   796
  151  3515
  152  1971
  153   454
  154  3162
  155  1671
  156   133
  157  2875
  158  1354
  159  4040
  160  2542
  161   991
  162  3740
  163  2226
  164   695
  165  3406
  166  1885
  167   353
  168  3095
  169  1559
  170    60
  171  2760
  172  1247
  173  3954
  174  2435
  175   907
  176  3656
  177  2108
  178   573
  179  3332
  180  1796
  181   271
  182  3007
  183  1471
  184  4191
  185  2655
  186  1149
  187  3843
  188  2339
  189   825
  190  3545
  191  2029
  192   487
  193  3216
  194  1706
  195   173
  196  2885
  197  1378
  198  4088
  199  2574
  200  1030
  201  3775
  202  2241
  203   722
  204  3447
  205  1924
  206   379
  207  3127
  208  1582
  209    65
  210  2778
  211  1279
  212  3999
  213  2468
  214   959
  215  3667
  216  2137
  217   620
  218  3336
  219  1830
  220   296
  221  3017
  222  1491
  223  4200
  224  2695
  225  1182
  226  3906
  227  2378
  228   864
  229  3586
  230  2037
  231   527
  232  3263
  233  1708
  234   185
  235  2907
  236  1395
  237  4130
  238  2586
  239  1080
  240  3781
  241  2269
  242   767
  243  3475
  244  1937
  245   453
  246  3153
  247  1644
  248    85
  249  2824
  250  1277
  251  4032
  252  2508
  253   990
  254  3694
  255  2183
  256   634
  257  3370
  258  1871
  259   338
  260  3034
  261  1528
  262     2
  263  2709
  264  1190
  265  3938
  266  2404
  267   872
  268  3580
  269  2065
  270   551
  271  3271
  272  1744
  273   231
  274  2963
  275  1413
  276  4145
  277  2608
  278  1098
  279  3820
  280  2320
  281   768
  282  3513
  283  1990
  284   449
  285  3159
  286  1631
  287   139
  288  2864
  289  1308
  290  4035
  291  2520
  292   996
  293  3745
  294  2222
  295   669
  296  3401
  297  1865
  298   341
  299  3070
  300  1546
  301    37
  302  2764
  303  1237
  304  3973
  305  2407
  306   903
  307  3625
  308  2122
  309   599
  310  3316
  311  1784
  312   247
  313  2971
  314  1458
  315  4186
  316  2643
  317  1120
  318  3856
  319  2323
  320   787
  321  3530
  322  2013
  323   474
  324  3210
  325  1700
  326   158
  327  2877
  328  1344
  329  4060
  330  2560
  331  1025
  332  3754
  333  2224
  334   702
  335  3415
  336  1925
  337   404
  338  3094
  339  1604
  340    58
  341  2781
  342  1271
  343  3966
  344  2445
  345   914
  346  3662
  347  2140
  348   625
  349  3320
  350  1804
  351   295
  352  3000
  353  1500
  354  4190
  355  2681
  356  1153
  357  3873
  358  2338
  359   839
  360  3542
  361  2024
  362   520
  363  3229
  364  1728
  365   169
  366  2925
  367  1368
  368  4094
  369  2568
  370  1055
  371  3786
  372  2246
  373   717
  374  3459
  375  1952
  376   415
  377  3138
  378  1599
  379    89
  380  2791
  381  1297
  382  3994
  383  2478
  384   945
  385  3701
  386  2180
  387   636
  388  3342
  389  1822
  390   302
  391  3029
  392  1518
  393  4216
  394  2692
  395  1189
  396  3899
  397  2384
  398   860
  399  3604
  400  2046
  401   550
  402  3276
  403  1738
  404   219
  405  2941
  406  1429
  407  4147
  408  2601
  409  1099
  410  3817
  411  2275
  412   762
  413  3479
  414  1951
  415   442
  416  3170
  417  1626
  418   109
  419  2842
  420  1327
  421  4020
  422  2496
  423  1001
  424  3709
  425  2177
  426   649
  427  3408
  428  1870
  429   335
  430  3075
  431  1527
  432    35
  433  2727
  434  1226
  435  3923
  436  2396
  437   909
  438  3621
  439  2094
  440   574
  441  3299
  442  1749
  443   248
  444  2979
  445  1422
  446  4150
  447  2636
  448  1135
  449  3853
  450  2324
  451   778
  452  3537
  453  1979
  454   493
  455  3207
  456  1666
  457   166
  458  2887
  459  1355
  460  4064
  461  2562
  462  1022
  463  3721
  464  2234
  465   688
  466  3398
  467  1891
  468   368
  469  3100
  470  1591
  471    30
  472  2779
  473  1250
  474  3951
  475  2441
  476   916
  477  3650
  478  2141
  479   581
  480  3304
  481  1776
  482   267
  483  2977
  484  1454
  485  4211
  486  2686
  487  1139
  488  3882
  489  2362
  490   826
  491  3551
  492  2023
  493   505
  494  3219
  495  1697
  496   163
  497  2882
  498  1379
  499  4114
  500  2593
  501  1070
  502  3751
  503  2239
  504   723
  505  3461
  506  1930
  507   408
  508  3144
  509  1594
  510    64
  511  2808
  512  1281
  513  3987
  514  2471
  515   942
  516  3659
  517  2161
  518   628
  519  3351
  520  1842
  521   310
  522  3038
  523  1492
  524  4219
  525  2691
  526  1179
  527  3918
  528  2377
  529   865
  530  3582
  531  2062
  532   535
  533  3239
  534  1725
  535   206
  536  2937
  537  1387
  538  4132
  539  2619
  540  1068
  541  3809
  542  2294
  543   772
  544  3494
  545  1956
  546   451
  547  3164
  548  1636
  549   101
  550  2831
  551  1285
  552  4037
  553  2481
  554   964
  555  3705
  556  2173
  557   639
  558  3375
  559  1879
  560   336
  561  3051
  562  1521
  563    22
  564  2751
  565  1214
  566  3928
  567  2413
  568   896
  569  3618
  570  2100
  571   565
  572  3267
  573  1740
  574   214
  575  2944
  576  1437
  577  4137
  578  2613
  579  1119
  580  3834
  581  2293
  582   771
  583  3509
  584  1974
  585   452
  586  3181
  587  1662
  588   121
  589  2836
  590  1324
  591  4053
  592  2536
  593   995
  594  3738
  595  2195
  596   684
  597  3392
  598  1893
  599   373
  600  3072
  601  1553
  602    11
  603  2758
  604  1228
  605  3941
  606  2417
  607   915
  608  3623
  609  2114
  610   567
  611  3288
  612  1794
  613   251
  614  2995
  615  1453
  616  4198
  617  2672
  618  1125
  619  3876
  620  2343
  621   822
  622  3520
  623  2018
  624   471
  625  3224
  626  1682
  627   186
  628  2879
  629  1381
  630  4086
  631  2549
  632  1020
  633  3758
  634  2251
  635   737
  636  3419
  637  1914
  638   382
  639  3124
  640  1605
  641    54
  642  2805
  643  1240
  644  3976
  645  2480
  646   950
  647  3671
  648  2135
  649   600
  650  3326
  651  1816
  652   303
  653  2993
  654  1503
  655  4196
  656  2698
  657  1180
  658  3884
  659  2364
  660   849
  661  3554
  662  2057
  663   542
  664  3254
  665  1711
  666   184
  667  2930
  668  1383
  669  4115
  670  2595
  671  1048
  672  3793
  673  2264
  674   727
  675  3474
  676  1961
  677   434
  678  3135
  679  1611
  680   105
  681  2829
  682  1315
  683  4036
  684  2506
  685   971
  686  3683
  687  2165
  688   640
  689  3388
  690  1829
  691   333
  692  3037
  693  1525
  694  4230
  695  2738
  696  1215
  697  3908
  698  2381
  699   886
  700  3574
  701  2068
  702   546
  703  3252
  704  1733
  705   213
  706  2922
  707  1432
  708  4151
  709  2602
  710  1100
  711  3818
  712  2295
  713   756
  714  3495
  715  1959
  716   465
  717  3175
  718  1668
  719   141
  720  2860
  721  1326
  722  4062
  723  2543
  724  1003
  725  3714
  726  2189
  727   665
  728  3403
  729  1863
  730   369
  731  3057
  732  1570
  733    44
  734  2732
  735  1211
  736  3961
  737  2410
  738   901
  739  3606
  740  2109
  741   585
  742  3277
  743  1759
  744   259
  745  2966
  746  1460
  747  4183
  748  2664
  749  1111
  750  3842
  751  2331
  752   803
  753  3543
  754  2006
  755   477
  756  3208
  757  1673
  758   149
  759  2861
  760  1356
  761  4081
  762  2573
  763  1018
  764  3757
  765  2220
  766   681
  767  3442
  768  1906
  769   375
  770  3114
  771  1574
  772    52
  773  2783
  774  1270
  775  3990
  776  2469
  777   941
  778  3668
  779  2112
  780   593
  781  3313
  782  1805
  783   293
  784  3020
  785  1486
  786  4217
  787  2690
  788  1177
  789  3893
  790  2376
  791   841
  792  3539
  793  2047
  794   507
  795  3213
  796  1695
  797   190
  798  2900
  799  1403
  800  4096
  801  2566
  802  1082
  803  3776
  804  2273
  805   725
  806  3437
  807  1915
  808   410
  809  3141
  810  1597
  811    70
  812  2821
  813  1278
  814  4000
  815  2493
  816   958
  817  3691
  818  2142
  819   633
  820  3364
  821  1812
  822   330
  823  3039
  824  1489
  825  4226
  826  2726
  827  1193
  828  3896
  829  2365
  830   848
  831  3592
  832  2054
  833   522
  834  3250
  835  1732
  836   224
  837  2938
  838  1407
  839  4134
  840  2625
  841  1108
  842  3789
  843  2286
  844   755
  845  3482
  846  1950
  847   419
  848  3156
  849  1650
  850   115
  851  2825
  852  1302
  853  4056
  854  2500
  855   997
  856  3693
  857  2166
  858   674
  859  3374
  860  1881
  861   348
  862  3069
  863  1529
  864    32
  865  2757
  866  1216
  867  3953
  868  2403
  869   884
  870  3596
  871  2089
  872   576
  873  3297
  874  1767
  875   238
  876  2965
  877  1433
  878  4163
  879  2642
  880  1131
  881  3855
  882  2321
  883   795
  884  3521
  885  2004
  886   461
  887  3178
  888  1676
  889   157
  890  2840
  891  1351
  892  4046
  893  2546
  894  1006
  895  3732
  896  2210
  897   696
  898  3434
  899  1892
  900   365
  901  3083
  902  1576
  903    59
  904  2785
  905  1225
  906  3959
  907  2433
  908   919
  909  3648
  910  2116
  911   611
  912  3330
  913  1787
  914   290
  915  2990
  916  1487
  917  4168
  918  2682
  919  1160
  920  3868
  921  2348
  922   832
  923  3567
  924  2034
  925   500
  926  3223
  927  1694
  928   193
  929  2914
  930  1367
  931  4079
  932  2571
  933  1037
  934  3783
  935  2240
  936   721
  937  3440
  938  1919
  939   394
  940  3105
  941  1609
  942    76
  943  2802
  944  1283
  945  3983
  946  2457
  947   932
  948  3684
  949  2168
  950   642
  951  3361
  952  1837
  953   313
  954  3035
  955  1516
  956  4205
  957  2717
  958  1186
  959  3894
  960  2382
  961   859
  962  3585
  963  2058
  964   516
  965  3266
  966  1709
  967   212
  968  2913
  969  1401
  970  4127
  971  2580
  972  1067
  973  3788
  974  2285
  975   754
  976  3454
  977  1967
  978   413
  979  3157
  980  1639
  981   100
  982  2816
  983  1316
  984  4022
  985  2489
  986   979
  987  3717
  988  2167
  989   643
  990  3373
  991  1858
  992   326
  993  3030
  994  1530
  995  4243
  996  2719
  997  1207
  998  3930
  999  2411
 1000   868
 1001  3605
 1002  2085
 1003   571
 1004  3281
 1005  1753
 1006   249
 1007  2945
 1008  1435
 1009  4157
 1010  2641
 1011  1105
 1012  3841
 1013  2313
 1014   784
 1015  3501
 1016  1978
 1017   445
 1018  3163
 1019  1649
 1020   143
 1021  2841
 1022  1341
 1023  4061
 1024  2529
 1025  1000
 1026  3735
 1027  2227
 1028   672
 1029  3417
 1030  1899
 1031   340
 1032  3081
 1033  1548
 1034    15
 1035  2754
 1036  1248
 1037  3978
 1038  2446
 1039   922
 1040  3646
 1041  2088
 1042   606
 1043  3291
 1044  1793
 1045   272
 1046  2987
 1047  1480
 1048  4156
 1049  2648
 1050  1134
 1051  3871
 1052  2345
 1053   819
 1054  3546
 1055  2008
 1056   498
 1057  3187
 1058  1699
 1059   151
 1060  2872
 1061  1339
 1062  4084
 1063  2575
 1064  1050
 1065  3744
 1066  2217
 1067   711
 1068  3432
 1069  1907
 1070   384
 1071  3123
 1072  1584
 1073    82
 1074  2789
 1075  1245
 1076  3993
 1077  2455
 1078   943
 1079  3676
 1080  2133
 1081   622
 1082  3353
 1083  1800
 1084   311
 1085  3011
 1086  1477
 1087  4229
 1088  2699
 1089  1176
 1090  3907
 1091  2353
 1092   835
 1093  3561
 1094  2032
 1095   509
 1096  3247
 1097  1714
 1098   182
 1099  2908
 1100  1372
 1101  4098
 1102  2604
 1103  1071
 1104  3806
 1105  2257
 1106   730
 1107  3471
 1108  1939
 1109   423
 1110  3122
 1111  1619
 1112    78
 1113  2804
 1114  1306
 1115  3997
 1116  2502
 1117   952
 1118  3669
 1119  2149
 1120   647
 1121  3359
 1122  1846
 1123   327
 1124  3041
 1125  1522
 1126     4
 1127  2725
 1128  1200
 1129  3914
 1130  2395
 1131   854
 1132  3610
 1133  2072
 1134   544
 1135  3272
 1136  1760
 1137   240
 1138  2931
 1139  1406
 1140  4125
 1141  2637
 1142  1104
 1143  3815
 1144  2277
 1145   789
 1146  3476
 1147  1964
 1148   437
 1149  3180
 1150  1664
 1151   106
 1152  2856
 1153  1309
 1154  4055
 1155  2527
 1156  1012
 1157  3736
 1158  2197
 1159   658
 1160  3410
 1161  1859
 1162   342
 1163  3088
 1164  1555
 1165     3
 1166  2750
 1167  1222
 1168  3956
 1169  2415
 1170   895
 1171  3626
 1172  2096
 1173   566
 1174  3284
 1175  1773
 1176   265
 1177  2958
 1178  1465
 1179  4179
 1180  2644
 1181  1136
 1182  3867
 1183  2335
 1184   827
 1185  3508
 1186  2000
 1187   480
 1188  3205
 1189  1656
 1190   138
 1191  2889
 1192  1366
 1193  4057
 1194  2540
 1195  1011
 1196  3762
 1197  2216
 1198   703
 1199  3433
 1200  1890
 1201   380
 1202  3090
 1203  1589
 1204    43
 1205  2786
 1206  1269
 1207  3967
 1208  2463
 1209   925
 1210  3631
 1211  2131
 1212   608
 1213  3307
 1214  1809
 1215   289
 1216  3001
 1217  1479
 1218  4199
 1219  2651
 1220  1147
 1221  3858
 1222  2368
 1223   844
 1224  3538
 1225  2025
 1226   496
 1227  3240
 1228  1702
 1229   205
 1230  2906
 1231  1397
 1232  4099
 1233  2565
 1234  1056
 1235  3766
 1236  2256
 1237   732
 1238  3449
 1239  1928
 1240   403
 1241  3143
 1242  1596
 1243    90
 1244  2810
 1245  1263
 1246  4007
 1247  2467
 1248   966
 1249  3687
 1250  2145
 1251   632
 1252  3345
 1253  1847
 1254   314
 1255  3048
 1256  1507
 1257  4239
 1258  2720
 1259  1195
 1260  3895
 1261  2385
 1262   880
 1263  3573
 1264  2064
 1265   534
 1266  3264
 1267  1723
 1268   226
 1269  2936
 1270  1386
 1271  4123
 1272  2612
 1273  1075
 1274  3804
 1275  2297
 1276   751
 1277  3485
 1278  1946
 1279   443
 1280  3148
 1281  1633
 1282   123
 1283  2835
 1284  1314
 1285  4047
 1286  2505
 1287   994
 1288  3710
 1289  2194
 1290   663
 1291  3383
 1292  1856
 1293   363
 1294  3060
 1295  1533
 1296    29
 1297  2729
 1298  1206
 1299  3934
 1300  2414
 1301   904
 1302  3603
 1303  2081
 1304   579
 1305  3294
 1306  1750
 1307   227
 1308  2949
 1309  1441
 1310  4143
 1311  2654
 1312  1123
 1313  3819
 1314  2317
 1315   779
 1316  3510
 1317  1991
 1318   466
 1319  3195
 1320  1647
 1321   152
 1322  2846
 1323  1349
 1324  4065
 1325  2537
 1326  1031
 1327  3742
 1328  2231
 1329   710
 1330  3429
 1331  1896
 1332   364
 1333  3101
 1334  1567
 1335    42
 1336  2752
 1337  1239
 1338  3979
 1339  2425
 1340   921
 1341  3643
 1342  2097
 1343   601
 1344  3314
 1345  1795
 1346   263
 1347  2998
 1348  1483
 1349  4170
 1350  2680
 1351  1140
 1352  3859
 1353  2332
 1354   836
 1355  3541
 1356  2010
 1357   490
 1358  3226
 1359  1692
 1360   164
 1361  2904
 1362  1347
 1363  4087
 1364  2583
 1365  1044
 1366  3779
 1367  2245
 1368   718
 1369  3423
 1370  1905
 1371   417
 1372  3117
 1373  1580
 1374    86
 1375  2794
 1376  1286
 1377  3981
 1378  2473
 1379   961
 1380  3666
 1381  2134
 1382   614
 1383  3331
 1384  1826
 1385   316
 1386  3033
 1387  1494
 1388  4238
 1389  2702
 1390  1192
 1391  3910
 1392  2355
 1393   855
 1394  3589
 1395  2055
 1396   536
 1397  3256
 1398  1736
 1399   218
 1400  2928
 1401  1411
 1402  4118
 1403  2582
 1404  1066
 1405  3810
 1406  2276
 1407   740
 1408  3465
 1409  1949
 1410   426
 1411  3152
 1412  1641
 1413    99
 1414  2832
 1415  1304
 1416  4006
 1417  2501
 1418   993
 1419  3690
 1420  2160
 1421   645
 1422  3371
 1423  1831
 1424   312
 1425  3059
 1426  1536
 1427     9
 1428  2728
 1429  1202
 1430  3931
 1431  2408
 1432   897
 1433  3597
 1434  2066
 1435   539
 1436  3262
 1437  1761
 1438   243
 1439  2947
 1440  1430
 1441  4138
 1442  2634
 1443  1090
 1444  3801
 1445  2289
 1446   790
 1447  3492
 1448  1981
 1449   441
 1450  3182
 1451  1638
 1452   130
 1453  2850
 1454  1318
 1455  4033
 1456  2523
 1457  1002
 1458  3731
 1459  2196
 1460   664
 1461  3399
 1462  1873
 1463   362
 1464  3091
 1465  1539
 1466    18
 1467  2749
 1468  1229
 1469  3960
 1470  2429
 1471   930
 1472  3619
 1473  2101
 1474   595
 1475  3295
 1476  1789
 1477   253
 1478  2975
 1479  1466
 1480  4164
 1481  2662
 1482  1145
 1483  3865
 1484  2349
 1485   817
 1486  3522
 1487  1998
 1488   478
 1489  3196
 1490  1670
 1491   160
 1492  2867
 1493  1342
 1494  4083
 1495  2551
 1496  1041
 1497  3771
 1498  2229
 1499   729
 1500  3438
 1501  1901
 1502   388
 1503  3120
 1504  1606
 1505    74
 1506  2773
 1507  1258
 1508  3963
 1509  2465
 1510   937
 1511  3678
 1512  2132
 1513   602
 1514  3344
 1515  1825
 1516   269
 1517  3026
 1518  1485
 1519  4223
 1520  2704
 1521  1174
 1522  3886
 1523  2342
 1524   821
 1525  3568
 1526  2048
 1527   523
 1528  3243
 1529  1715
 1530   178
 1531  2888
 1532  1402
 1533  4126
 1534  2570
 1535  1087
 1536  3774
 1537  2250
 1538   731
 1539  3469
 1540  1962
 1541   409
 1542  3149
 1543  1625
 1544    98
 1545  2817
 1546  1303
 1547  4001
 1548  2499
 1549   972
 1550  3702
 1551  2175
 1552   656
 1553  3380
 1554  1864
 1555   318
 1556  3045
 1557  1520
 1558  4232
 1559  2716
 1560  1185
 1561  3919
 1562  2373
 1563   863
 1564  3601
 1565  2074
 1566   541
 1567  3253
 1568  1755
 1569   225
 1570  2940
 1571  1420
 1572  4135
 1573  2632
 1574  1107
 1575  3812
 1576  2296
 1577   776
 1578  3505
 1579  1969
 1580   458
 1581  3155
 1582  1655
 1583   108
 1584  2854
 1585  1328
 1586  4042
 1587  2513
 1588   976
 1589  3707
 1590  2213
 1591   691
 1592  3413
 1593  1855
 1594   370
 1595  3076
 1596  1535
 1597     8
 1598  2723
 1599  1234
 1600  3949
 1601  2419
 1602   891
 1603  3607
 1604  2086
 1605   594
 1606  3293
 1607  1748
 1608   241
 1609  2951
 1610  1467
 1611  4177
 1612  2626
 1613  1129
 1614  3849
 1615  2300
 1616   793
 1617  3518
 1618  1994
 1619   484
 1620  3204
 1621  1675
 1622   174
 1623  2871
 1624  1323
 1625  4071
 1626  2553
 1627  1005
 1628  3765
 1629  2214
 1630   683
 1631  3422
 1632  1918
 1633   387
 1634  3098
 1635  1556
 1636    39
 1637  2790
 1638  1265
 1639  3992
 1640  2452
 1641   908
 1642  3639
 1643  2105
 1644   615
 1645  3341
 1646  1810
 1647   287
 1648  2981
 1649  1468
 1650  4181
 1651  2658
 1652  1164
 1653  3869
 1654  2358
 1655   847
 1656  3535
 1657  2007
 1658   483
 1659  3222
 1660  1707
 1661   181
 1662  2919
 1663  1392
 1664  4102
 1665  2563
 1666  1032
 1667  3794
 1668  2238
 1669   739
 1670  3468
 1671  1944
 1672   399
 1673  3150
 1674  1595
 1675    71
 1676  2801
 1677  1291
 1678  4015
 1679  2483
 1680   938
 1681  3681
 1682  2146
 1683   631
 1684  3366
 1685  1832
 1686   297
 1687  3010
 1688  1526
 1689  4206
 1690  2715
 1691  1198
 1692  3891
 1693  2366
 1694   866
 1695  3560
 1696  2070
 1697   556
 1698  3235
 1699  1717
 1700   228
 1701  2934
 1702  1408
 1703  4112
 1704  2592
 1705  1084
 1706  3825
 1707  2268
 1708   745
 1709  3488
 1710  1942
 1711   420
 1712  3134
 1713  1621
 1714   129
 1715  2812
 1716  1321
 1717  4041
 1718  2507
 1719   992
 1720  3695
 1721  2187
 1722   644
 1723  3389
 1724  1877
 1725   329
 1726  3056
 1727  1534
 1728    26
 1729  2710
 1730  1196
 1731  3920
 1732  2422
 1733   874
 1734  3616
 1735  2075
 1736   583
 1737  3292
 1738  1768
 1739   257
 1740  2974
 1741  1447
 1742  4154
 1743  2628
 1744  1116
 1745  3823
 1746  2315
 1747   797
 1748  3498
 1749  1973
 1750   472
 1751  3172
 1752  1661
 1753   147
 1754  2848
 1755  1346
 1756  4048
 1757  2526
 1758  1016
 1759  3748
 1760  2200
 1761   678
 1762  3421
 1763  1897
 1764   361
 1765  3084
 1766  1554
 1767    20
 1768  2763
 1769  1219
 1770  3943
 1771  2418
 1772   924
 1773  3640
 1774  2118
 1775   588
 1776  3296
 1777  1801
 1778   279
 1779  2972
 1780  1478
 1781  4175
 1782  2679
 1783  1121
 1784  3848
 1785  2357
 1786   798
 1787  3558
 1788  2019
 1789   481
 1790  3230
 1791  1690
 1792   194
 1793  2895
 1794  1373
 1795  4093
 1796  2561
 1797  1065
 1798  3773
 1799  2247
 1800   715
 1801  3441
 1802  1936
 1803   402
 1804  3126
 1805  1601
 1806    56
 1807  2788
 1808  1289
 1809  3980
 1810  2458
 1811   949
 1812  3654
 1813  2143
 1814   635
 1815  3343
 1816  1821
 1817   270
 1818  3028
 1819  1473
 1820  4224
 1821  2684
 1822  1150
 1823  3880
 1824  2370
 1825   845
 1826  3552
 1827  2053
 1828   517
 1829  3244
 1830  1719
 1831   187
 1832  2905
 1833  1380
 1834  4111
 1835  2584
 1836  1063
 1837  3790
 1838  2263
 1839   766
 1840  3473
 1841  1963
 1842   439
 1843  3145
 1844  1602
 1845    95
 1846  2818
 1847  1294
 1848  4030
 1849  2510
 1850   968
 1851  3704
 1852  2154
 1853   648
 1854  3367
 1855  1860
 1856   345
 1857  3044
 1858  1547
 1859  4237
 1860  2703
 1861  1197
 1862  3936
 1863  2405
 1864   870
 1865  3584
 1866  2091
 1867   552
 1868  3273
 1869  1734
 1870   237
 1871  2950
 1872  1427
 1873  4158
 1874  2620
 1875  1115
 1876  3813
 1877  2304
 1878   763
 1879  3484
 1880  1983
 1881   440
 1882  3166
 1883  1667
 1884   114
 1885  2862
 1886  1332
 1887  4044
 1888  2517
 1889  1004
 1890  3729
 1891  2228
 1892   694
 1893  3386
 1894  1878
 1895   377
 1896  3063
 1897  1575
 1898    21
 1899  2746
 1900  1208
 1901  3952
 1902  2409
 1903   899
 1904  3633
 1905  2110
 1906   589
 1907  3298
 1908  1786
 1909   273
 1910  2964
 1911  1448
 1912  4173
 1913  2640
 1914  1118
 1915  3857
 1916  2306
 1917   813
 1918  3547
 1919  1986
 1920   467
 1921  3206
 1922  1689
 1923   179
 1924  2857
 1925  1345
 1926  4080
 1927  2576
 1928  1028
 1929  3753
 1930  2232
 1931   698
 1932  3414
 1933  1895
 1934   390
 1935  3116
 1936  1585
 1937    62
 1938  2800
 1939  1267
 1940  3986
 1941  2438
 1942   931
 1943  3635
 1944  2129
 1945   623
 1946  3334
 1947  1808
 1948   281
 1949  2999
 1950  1499
 1951  4218
 1952  2656
 1953  1172
 1954  3861
 1955  2372
 1956   842
 1957  3572
 1958  2022
 1959   492
 1960  3237
 1961  1718
 1962   177
 1963  2909
 1964  1393
 1965  4107
 1966  2577
 1967  1062
 1968  3784
 1969  2242
 1970   735
 1971  3467
 1972  1940
 1973   400
 1974  3129
 1975  1629
 1976   112
 1977  2826
 1978  1295
 1979  4004
 1980  2497
 1981   954
 1982  3689
 1983  2159
 1984   619
 1985  3352
 1986  1823
 1987   315
 1988  3046
 1989  1519
 1990     6
 1991  2705
 1992  1165
 1993  3925
 1994  2390
 1995   878
 1996  3598
 1997  2078
 1998   537
 1999  3275
 2000  1741
 2001   208
 2002  2946
 2003  1398
 2004  4148
 2005  2622
 2006  1110
 2007  3808
 2008  2278
 2009   764
 2010  3487
 2011  1976
 2012   427
 2013  3167
 2014  1648
 2015   111
 2016  2851
 2017  1310
 2018  4031
 2019  2488
 2020   980
 2021  3724
 2022  2181
 2023   682
 2024  3372
 2025  1851
 2026   344
 2027  3066
 2028  1566
 2029    17
 2030  2742
 2031  1205
 2032  3940
 2033  2420
 2034   888
 2035  3627
 2036  2076
 2037   577
 2038  3305
 2039  1764
 2040   250
 2041  2988
 2042  1426
 2043  4174
 2044  2646
 2045  1117
 2046  3838
 2047  2307
 2048   812
 2049  3536
 2050  1988
 2051   488
 2052  3200
 2053  1658
 2054   155
 2055  2853
 2056  1331
 2057  4045
 2058  2567
 2059  1042
 2060  3719
 2061  2212
 2062   704
 2063  3412
 2064  1898
 2065   393
 2066  3079
 2067  1568
 2068    27
 2069  2747
 2070  1264
 2071  3968
 2072  2442
 2073   934
 2074  3651
 2075  2124
 2076   587
 2077  3335
 2078  1815
 2079   284
 2080  3002
 2081  1455
 2082  4207
 2083  2668
 2084  1138
 2085  3883
 2086  2354
 2087   808
 2088  3533
 2089  2026
 2090   513
 2091  3209
 2092  1712
 2093   197
 2094  2893
 2095  1382
 2096  4104
 2097  2558
 2098  1057
 2099  3782
 2100  2266
 2101   748
 2102  3444
 2103  1908
 2104   392
 2105  3102
 2106  1592
 2107    92
 2108  2787
 2109  1272
 2110  3982
 2111  2464
 2112   948
 2113  3672
 2114  2148
 2115   629
 2116  3346
 2117  1820
 2118   324
 2119  3014
 2120  1498
 2121  4221
 2122  2706
 2123  1151
 2124  3890
 2125  2387
 2126   857
 2127  3583
 2128  2033
 2129   526
 2130  3245
 2131  1710
 2132   192
 2133  2932
 2134  1389
 2135  4146
 2136  2618
 2137  1089
 2138  3795
 2139  2282
 2140   736
 2141  3489
 2142  1938
 2143   444
 2144  3165
 2145  1645
 2146    97
 2147  2828
 2148  1296
 2149  4034
 2150  2511
 2151   988
 2152  3711
 2153  2172
 2154   668
 2155  3395
 2156  1845
 2157   339
 2158  3049
 2159  1538
 2160    23
 2161  2731
 2162  1223
 2163  3945
 2164  2383
 2165   892
 2166  3587
 2167  2067
 2168   545
 2169  3289
 2170  1752
 2171   244
 2172  2959
 2173  1452
 2174  4133
 2175  2639
 2176  1112
 2177  3824
 2178  2312
 2179   780
 2180  3483
 2181  1999
 2182   476
 2183  3183
 2184  1672
 2185   140
 2186  2852
 2187  1343
 2188  4066
 2189  2515
 2190   999
 2191  3708
 2192  2219
 2193   692
 2194  3416
 2195  1900
 2196   357
 2197  3065
 2198  1543
 2199    53
 2200  2770
 2201  1233
 2202  3955
 2203  2453
 2204   926
 2205  3638
 2206  2098
 2207   578
 2208  3324
 2209  1763
 2210   252
 2211  2984
 2212  1469
 2213  4178
 2214  2676
 2215  1141
 2216  3875
 2217  2341
 2218   806
 2219  3532
 2220  2031
 2221   475
 2222  3232
 2223  1686
 2224   167
 2225  2878
 2226  1363
 2227  4100
 2228  2578
 2229  1029
 2230  3767
 2231  2252
 2232   714
 2233  3424
 2234  1927
 2235   389
 2236  3131
 2237  1571
 2238    68
 2239  2780
 2240  1242
 2241  3977
 2242  2474
 2243   940
 2244  3679
 2245  2147
 2246   609
 2247  3354
 2248  1814
 2249   276
 2250  3027
 2251  1495
 2252  4214
 2253  2665
 2254  1161
 2255  3900
 2256  2379
 2257   838
 2258  3553
 2259  2051
 2260   538
 2261  3234
 2262  1704
 2263   196
 2264  2918
 2265  1394
 2266  4103
 2267  2587
 2268  1059
 2269  3811
 2270  2253
 2271   749
 2272  3478
 2273  1933
 2274   407
 2275  3137
 2276  1607
 2277    91
 2278  2833
 2279  1282
 2280  4018
 2281  2470
 2282   983
 2283  3673
 2284  2190
 2285   652
 2286  3363
 2287  1833
 2288   332
 2289  3022
 2290  1506
 2291     1
 2292  2714
 2293  1188
 2294  3901
 2295  2402
 2296   900
 2297  3615
 2298  2079
 2299   557
 2300  3248
 2301  1745
 2302   230
 2303  2954
 2304  1425
 2305  4139
 2306  2610
 2307  1097
 2308  3822
 2309  2281
 2310   775
 2311  3477
 2312  1987
 2313   438
 2314  3184
 2315  1657
 2316   136
 2317  2827
 2318  1307
 2319  4058
 2320  2509
 2321  1008
 2322  3726
 2323  2199
 2324   679
 2325  3411
 2326  1882
 2327   351
 2328  3077
 2329  1569
 2330    24
 2331  2745
 2332  1230
 2333  3937
 2334  2440
 2335   905
 2336  3612
 2337  2082
 2338   584
 2339  3302
 2340  1783
 2341   254
 2342  2991
 2343  1431
 2344  4184
 2345  2652
 2346  1130
 2347  3851
 2348  2309
 2349   809
 2350  3523
 2351  2017
 2352   491
 2353  3212
 2354  1663
 2355   144
 2356  2898
 2357  1350
 2358  4077
 2359  2552
 2360  1017
 2361  3737
 2362  2236
 2363   720
 2364  3425
 2365  1887
 2366   391
 2367  3113
 2368  1563
 2369    50
 2370  2782
 2371  1274
 2372  3998
 2373  2451
 2374   923
 2375  3637
 2376  2127
 2377   603
 2378  3322
 2379  1797
 2380   291
 2381  3016
 2382  1470
 2383  4208
 2384  2660
 2385  1169
 2386  3887
 2387  2359
 2388   831
 2389  3544
 2390  2036
 2391   504
 2392  3228
 2393  1720
 2394   175
 2395  2891
 2396  1377
 2397  4092
 2398  2581
 2399  1078
 2400  3798
 2401  2235
 2402   738
 2403  3464
 2404  1916
 2405   429
 2406  3112
 2407  1598
 2408    84
 2409  2799
 2410  1287
 2411  4005
 2412  2494
 2413   973
 2414  3682
 2415  2144
 2416   630
 2417  3369
 2418  1838
 2419   305
 2420  3050
 2421  1515
 2422  4233
 2423  2693
 2424  1194
 2425  3897
 2426  2363
 2427   846
 2428  3591
 2429  2080
 2430   532
 2431  3255
 2432  1729
 2433   232
 2434  2956
 2435  1412
 2436  4116
 2437  2615
 2438  1074
 2439  3807
 2440  2298
 2441   753
 2442  3470
 2443  1948
 2444   447
 2445  3176
 2446  1643
 2447   113
 2448  2849
 2449  1329
 2450  4021
 2451  2521
 2452   987
 2453  3703
 2454  2192
 2455   675
 2456  3376
 2457  1849
 2458   322
 2459  3055
 2460  1549
 2461    28
 2462  2762
 2463  1217
 2464  3932
 2465  2423
 2466   887
 2467  3608
 2468  2107
 2469   562
 2470  3268
 2471  1782
 2472   223
 2473  2978
 2474  1428
 2475  4171
 2476  2627
 2477  1106
 2478  3821
 2479  2316
 2480   785
 2481  3500
 2482  1980
 2483   489
 2484  3198
 2485  1677
 2486   145
 2487  2881
 2488  1337
 2489  4059
 2490  2535
 2491  1034
 2492  3723
 2493  2209
 2494   685
 2495  3397
 2496  1884
 2497   358
 2498  3092
 2499  1577
 2500    66
 2501  2753
 2502  1262
 2503  3944
 2504  2428
 2505   920
 2506  3658
 2507  2139
 2508   598
 2509  3328
 2510  1774
 2511   282
 2512  2982
 2513  1484
 2514  4195
 2515  2675
 2516  1152
 2517  3852
 2518  2347
 2519   810
 2520  3531
 2521  2009
 2522   503
 2523  3233
 2524  1680
 2525   165
 2526  2903
 2527  1376
 2528  4106
 2529  2557
 2530  1033
 2531  3772
 2532  2249
 2533   713
 2534  3458
 2535  1922
 2536   386
 2537  3107
 2538  1590
 2539    72
 2540  2777
 2541  1255
 2542  3989
 2543  2477
 2544   962
 2545  3663
 2546  2150
 2547   626
 2548  3368
 2549  1807
 2550   306
 2551  3023
 2552  1517
 2553  4231
 2554  2700
 2555  1154
 2556  3885
 2557  2367
 2558   843
 2559  3569
 2560  2039
 2561   547
 2562  3260
 2563  1705
 2564   195
 2565  2929
 2566  1409
 2567  4131
 2568  2606
 2569  1093
 2570  3816
 2571  2290
 2572   773
 2573  3496
 2574  1935
 2575   421
 2576  3154
 2577  1628
 2578   103
 2579  2806
 2580  1305
 2581  4027
 2582  2514
 2583   986
 2584  3696
 2585  2164
 2586   654
 2587  3358
 2588  1868
 2589   309
 2590  3042
 2591  1540
 2592    19
 2593  2711
 2594  1213
 2595  3929
 2596  2392
 2597   861
 2598  3599
 2599  2060
 2600   549
 2601  3285
 2602  1769
 2603   233
 2604  2943
 2605  1416
 2606  4149
 2607  2611
 2608  1103
 2609  3828
 2610  2310
 2611   799
 2612  3516
 2613  1984
 2614   450
 2615  3160
 2616  1642
 2617   134
 2618  2855
 2619  1340
 2620  4049
 2621  2544
 2622  1026
 2623  3715
 2624  2191
 2625   699
 2626  3409
 2627  1867
 2628   355
 2629  3085
 2630  1573
 2631    34
 2632  2774
 2633  1246
 2634  3969
 2635  2449
 2636   929
 2637  3636
 2638  2121
 2639   564
 2640  3308
 2641  1770
 2642   266
 2643  2994
 2644  1462
 2645  4182
 2646  2674
 2647  1124
 2648  3866
 2649  2328
 2650   818
 2651  3549
 2652  2002
 2653   470
 2654  3190
 2655  1684
 2656   146
 2657  2868
 2658  1338
 2659  4063
 2660  2548
 2661  1043
 2662  3759
 2663  2255
 2664   712
 2665  3443
 2666  1911
 2667   374
 2668  3093
 2669  1593
 2670    79
 2671  2775
 2672  1244
 2673  3974
 2674  2459
 2675   927
 2676  3661
 2677  2155
 2678   627
 2679  3327
 2680  1806
 2681   278
 2682  3025
 2683  1474
 2684  4203
 2685  2696
 2686  1173
 2687  3870
 2688  2351
 2689   833
 2690  3557
 2691  2049
 2692   518
 2693  3221
 2694  1730
 2695   202
 2696  2896
 2697  1405
 2698  4097
 2699  2590
 2700  1054
 2701  3791
 2702  2283
 2703   733
 2704  3446
 2705  1955
 2706   418
 2707  3132
 2708  1610
 2709    88
 2710  2819
 2711  1313
 2712  4002
 2713  2479
 2714   963
 2715  3686
 2716  2186
 2717   655
 2718  3362
 2719  1861
 2720   319
 2721  3054
 2722  1513
 2723  4227
 2724  2724
 2725  1184
 2726  3904
 2727  2400
 2728   873
 2729  3602
 2730  2061
 2731   561
 2732  3265
 2733  1757
 2734   221
 2735  2957
 2736  1421
 2737  4119
 2738  2599
 2739  1086
 2740  3829
 2741  2292
 2742   788
 2743  3472
 2744  1989
 2745   436
 2746  3168
 2747  1646
 2748   126
 2749  2830
 2750  1322
 2751  4028
 2752  2498
 2753  1010
 2754  3722
 2755  2178
 2756   670
 2757  3393
 2758  1886
 2759   371
 2760  3089
 2761  1562
 2762    31
 2763  2743
 2764  1210
 2765  3926
 2766  2421
 2767   910
 2768  3622
 2769  2092
 2770   575
 2771  3306
 2772  1780
 2773   235
 2774  2980
 2775  1457
 2776  4194
 2777  2633
 2778  1137
 2779  3846
 2780  2311
 2781   807
 2782  3548
 2783  2003
 2784   473
 2785  3218
 2786  1678
 2787   154
 2788  2890
 2789  1353
 2790  4076
 2791  2532
 2792  1046
 2793  3764
 2794  2244
 2795   693
 2796  3435
 2797  1883
 2798   395
 2799  3110
 2800  1587
 2801    36
 2802  2769
 2803  1236
 2804  3975
 2805  2462
 2806   917
 2807  3641
 2808  2126
 2809   624
 2810  3311
 2811  1819
 2812   299
 2813  2992
 2814  1481
 2815  4202
 2816  2663
 2817  1166
 2818  3862
 2819  2350
 2820   811
 2821  3550
 2822  2016
 2823   515
 2824  3220
 2825  1722
 2826   170
 2827  2910
 2828  1369
 2829  4117
 2830  2589
 2831  1047
 2832  3770
 2833  2272
 2834   741
 2835  3462
 2836  1941
 2837   416
 2838  3139
 2839  1603
 2840   104
 2841  2809
 2842  1280
 2843  4008
 2844  2490
 2845   955
 2846  3665
 2847  2169
 2848   637
 2849  3340
 2850  1852
 2851   300
 2852  3053
 2853  1511
 2854  4212
 2855  2721
 2856  1178
 2857  3903
 2858  2380
 2859   858
 2860  3581
 2861  2035
 2862   531
 2863  3236
 2864  1716
 2865   217
 2866  2916
 2867  1388
 2868  4129
 2869  2609
 2870  1076
 2871  3803
 2872  2279
 2873   742
 2874  3499
 2875  1954
 2876   414
 2877  3151
 2878  1634
 2879   116
 2880  2847
 2881  1311
 2882  4051
 2883  2504
 2884   998
 2885  3713
 2886  2206
 2887   671
 2888  3379
 2889  1848
 2890   346
 2891  3043
 2892  1531
 2893  4240
 2894  2730
 2895  1227
 2896  3927
 2897  2426
 2898   885
 2899  3628
 2900  2093
 2901   548
 2902  3274
 2903  1758
 2904   234
 2905  2973
 2906  1434
 2907  4169
 2908  2647
 2909  1095
 2910  3845
 2911  2325
 2912   801
 2913  3514
 2914  1972
 2915   455
 2916  3194
 2917  1659
 2918   135
 2919  2866
 2920  1348
 2921  4078
 2922  2545
 2923  1027
 2924  3727
 2925  2207
 2926   706
 2927  3431
 2928  1910
 2929   367
 2930  3073
 2931  1551
 2932    61
 2933  2759
 2934  1259
 2935  3970
 2936  2461
 2937   906
 2938  3620
 2939  2111
 2940   610
 2941  3323
 2942  1777
 2943   280
 2944  3003
 2945  1472
 2946  4172
 2947  2683
 2948  1132
 2949  3864
 2950  2340
 2951   816
 2952  3527
 2953  2027
 2954   495
 2955  3215
 2956  1688
 2957   188
 2958  2870
 2959  1371
 2960  4109
 2961  2556
 2962  1058
 2963  3761
 2964  2233
 2965   719
 2966  3436
 2967  1934
 2968   378
 2969  3111
 2970  1586
 2971    93
 2972  2807
 2973  1284
 2974  3996
 2975  2456
 2976   933
 2977  3660
 2978  2152
 2979   621
 2980  3347
 2981  1840
 2982   292
 2983  3031
 2984  1488
 2985  4201
 2986  2694
 2987  1157
 2988  3881
 2989  2388
 2990   834
 2991  3555
 2992  2050
 2993   521
 2994  3227
 2995  1742
 2996   198
 2997  2926
 2998  1390
 2999  4121
 3000  2585
 3001  1064
 3002  3785
 3003  2262
 3004   765
 3005  3451
 3006  1932
 3007   446
 3008  3142
 3009  1615
 3010   110
 3011  2823
 3012  1319
 3013  4023
 3014  2518
 3015   985
 3016  3712
 3017  2193
 3018   638
 3019  3365
 3020  1836
 3021   321
 3022  3032
 3023  1545
 3024    16
 3025  2733
 3026  1203
 3027  3915
 3028  2398
 3029   882
 3030  3613
 3031  2095
 3032   553
 3033  3283
 3034  1754
 3035   222
 3036  2969
 3037  1424
 3038  4161
 3039  2621
 3040  1096
 3041  3830
 3042  2308
 3043   781
 3044  3506
 3045  1968
 3046   457
 3047  3177
 3048  1653
 3049   128
 3050  2859
 3051  1336
 3052  4068
 3053  2534
 3054  1009
 3055  3725
 3056  2208
 3057   673
 3058  3400
 3059  1872
 3060   354
 3061  3067
 3062  1561
 3063    13
 3064  2736
 3065  1224
 3066  3935
 3067  2443
 3068   890
 3069  3634
 3070  2099
 3071   596
 3072  3287
 3073  1779
 3074   246
 3075  2967
 3076  1456
 3077  4185
 3078  2671
 3079  1143
 3080  3854
 3081  2352
 3082   829
 3083  3517
 3084  2014
 3085   506
 3086  3193
 3087  1683
 3088   168
 3089  2901
 3090  1370
 3091  4074
 3092  2569
 3093  1052
 3094  3752
 3095  2215
 3096   708
 3097  3426
 3098  1902
 3099   398
 3100  3096
 3101  1608
 3102    49
 3103  2771
 3104  1251
 3105  3971
 3106  2475
 3107   960
 3108  3645
 3109  2120
 3110   597
 3111  3337
 3112  1802
 3113   283
 3114  3021
 3115  1496
 3116  4192
 3117  2677
 3118  1181
 3119  3892
 3120  2360
 3121   830
 3122  3559
 3123  2045
 3124   497
 3125  3251
 3126  1713
 3127   207
 3128  2911
 3129  1374
 3130  4091
 3131  2591
 3132  1051
 3133  3768
 3134  2271
 3135   760
 3136  3450
 3137  1926
 3138   431
 3139  3128
 3140  1612
 3141    87
 3142  2797
 3143  1301
 3144  4025
 3145  2485
 3146   977
 3147  3698
 3148  2176
 3149   659
 3150  3360
 3151  1834
 3152   308
 3153  3036
 3154  1523
 3155  4242
 3156  2697
 3157  1175
 3158  3905
 3159  2399
 3160   850
 3161  3593
 3162  2041
 3163   524
 3164  3279
 3165  1727
 3166   215
 3167  2960
 3168  1419
 3169  4140
 3170  2630
 3171  1109
 3172  3837
 3173  2270
 3174   757
 3175  3511
 3176  1953
 3177   432
 3178  3146
 3179  1632
 3180   107
 3181  2837
 3182  1299
 3183  4039
 3184  2538
 3185  1014
 3186  3720
 3187  2201
 3188   662
 3189  3381
 3190  1854
 3191   337
 3192  3058
 3193  1557
 3194    33
 3195  2741
 3196  1231
 3197  3957
 3198  2401
 3199   918
 3200  3600
 3201  2106
 3202   568
 3203  3309
 3204  1778
 3205   256
 3206  2970
 3207  1445
 3208  4152
 3209  2645
 3210  1113
 3211  3839
 3212  2314
 3213   805
 3214  3524
 3215  1992
 3216   463
 3217  3179
 3218  1652
 3219   171
 3220  2880
 3221  1358
 3222  4075
 3223  2554
 3224  1038
 3225  3747
 3226  2211
 3227   709
 3228  3404
 3229  1917
 3230   397
 3231  3106
 3232  1564
 3233    69
 3234  2793
 3235  1241
 3236  3991
 3237  2431
 3238   911
 3239  3647
 3240  2125
 3241   604
 3242  3339
 3243  1803
 3244   261
 3245  3009
 3246  1490
 3247  4197
 3248  2666
 3249  1162
 3250  3888
 3251  2337
 3252   837
 3253  3556
 3254  2030
 3255   486
 3256  3214
 3257  1685
 3258   162
 3259  2892
 3260  1359
 3261  4101
 3262  2597
 3263  1069
 3264  3780
 3265  2265
 3266   743
 3267  3460
 3268  1920
 3269   406
 3270  3125
 3271  1613
 3272    77
 3273  2822
 3274  1273
 3275  4012
 3276  2487
 3277   974
 3278  3700
 3279  2151
 3280   641
 3281  3357
 3282  1818
 3283   294
 3284  3008
 3285  1509
 3286  4234
 3287  2712
 3288  1155
 3289  3911
 3290  2393
 3291   869
 3292  3575
 3293  2038
 3294   529
 3295  3258
 3296  1746
 3297   203
 3298  2924
 3299  1404
 3300  4144
 3301  2603
 3302  1079
 3303  3800
 3304  2299
 3305   774
 3306  3481
 3307  1960
 3308   435
 3309  3158
 3310  1627
 3311   120
 3312  2843
 3313  1292
 3314  4038
 3315  2482
 3316   965
 3317  3692
 3318  2174
 3319   667
 3320  3382
 3321  1843
 3322   323
 3323  3074
 3324  1510
 3325     0
 3326  2748
 3327  1201
 3328  3921
 3329  2430
 3330   883
 3331  3609
 3332  2083
 3333   569
 3334  3278
 3335  1771
 3336   245
 3337  2968
 3338  1438
 3339  4166
 3340  2629
 3341  1128
 3342  3831
 3343  2288
 3344   777
 3345  3529
 3346  1966
 3347   459
 3348  3191
 3349  1679
 3350   127
 3351  2845
 3352  1361
 3353  4054
 3354  2519
 3355  1021
 3356  3730
 3357  2205
 3358   687
 3359  3420
 3360  1894
 3361   376
 3362  3087
 3363  1560
 3364    55
 3365  2761
 3366  1256
 3367  3946
 3368  2450
 3369   928
 3370  3624
 3371  2130
 3372   580
 3373  3315
 3374  1781
 3375   277
 3376  2983
 3377  1463
 3378  4204
 3379  2650
 3380  1146
 3381  3872
 3382  2333
 3383   820
 3384  3525
 3385  2011
 3386   479
 3387  3201
 3388  1696
 3389   156
 3390  2883
 3391  1365
 3392  4070
 3393  2550
 3394  1035
 3395  3749
 3396  2261
 3397   726
 3398  3448
 3399  1903
 3400   411
 3401  3115
 3402  1581
 3403    73
 3404  2795
 3405  1268
 3406  4003
 3407  2466
 3408   944
 3409  3655
 3410  2156
 3411   618
 3412  3325
 3413  1827
 3414   317
 3415  2996
 3416  1505
 3417  4215
 3418  2685
 3419  1163
 3420  3878
 3421  2369
 3422   862
 3423  3576
 3424  2056
 3425   533
 3426  3241
 3427  1735
 3428   199
 3429  2923
 3430  1410
 3431  4108
 3432  2614
 3433  1072
 3434  3802
 3435  2274
 3436   758
 3437  3452
 3438  1931
 3439   422
 3440  3130
 3441  1640
 3442   118
 3443  2834
 3444  1288
 3445  4017
 3446  2472
 3447   982
 3448  3697
 3449  2184
 3450   666
 3451  3377
 3452  1853
 3453   334
 3454  3024
 3455  1501
 3456    14
 3457  2713
 3458  1191
 3459  3939
 3460  2406
 3461   856
 3462  3579
 3463  2090
 3464   554
 3465  3282
 3466  1731
 3467   211
 3468  2952
 3469  1436
 3470  4141
 3471  2635
 3472  1091
 3473  3832
 3474  2305
 3475   759
 3476  3491
 3477  1993
 3478   464
 3479  3192
 3480  1665
 3481   124
 3482  2863
 3483  1335
 3484  4050
 3485  2522
 3486   989
 3487  3733
 3488  2185
 3489   686
 3490  3394
 3491  1874
 3492   352
 3493  3086
 3494  1552
 3495    46
 3496  2744
 3497  1238
 3498  3950
 3499  2434
 3500   893
 3501  3630
 3502  2123
 3503   586
 3504  3317
 3505  1790
 3506   262
 3507  2976
 3508  1449
 3509  4188
 3510  2669
 3511  1127
 3512  3844
 3513  2334
 3514   786
 3515  3540
 3516  1985
 3517   502
 3518  3197
 3519  1681
 3520   148
 3521  2886
 3522  1352
 3523  4082
 3524  2541
 3525  1023
 3526  3746
 3527  2218
 3528   705
 3529  3445
 3530  1889
 3531   383
 3532  3108
 3533  1579
 3534    63
 3535  2767
 3536  1254
 3537  3965
 3538  2460
 3539   947
 3540  3670
 3541  2128
 3542   613
 3543  3350
 3544  1799
 3545   286
 3546  3019
 3547  1476
 3548  4222
 3549  2657
 3550  1142
 3551  3860
 3552  2375
 3553   824
 3554  3562
 3555  2043
 3556   519
 3557  3242
 3558  1701
 3559   176
 3560  2927
 3561  1385
 3562  4128
 3563  2596
 3564  1049
 3565  3792
 3566  2260
 3567   744
 3568  3457
 3569  1947
 3570   401
 3571  3119
 3572  1614
 3573    83
 3574  2820
 3575  1290
 3576  4011
 3577  2492
 3578   953
 3579  3664
 3580  2170
 3581   661
 3582  3356
 3583  1862
 3584   298
 3585  3015
 3586  1532
 3587  4220
 3588  2707
 3589  1167
 3590  3909
 3591  2397
 3592   875
 3593  3578
 3594  2069
 3595   530
 3596  3261
 3597  1739
 3598   209
 3599  2915
 3600  1417
 3601  4120
 3602  2616
 3603  1092
 3604  3797
 3605  2287
 3606   770
 3607  3504
 3608  1957
 3609   430
 3610  3169
 3611  1623
 3612   131
 3613  2844
 3614  1317
 3615  4052
 3616  2531
 3617   970
 3618  3718
 3619  2179
 3620   690
 3621  3402
 3622  1866
 3623   359
 3624  3071
 3625  1550
 3626    38
 3627  2739
 3628  1212
 3629  3947
 3630  2432
 3631   881
 3632  3617
 3633  2077
 3634   563
 3635  3312
 3636  1775
 3637   236
 3638  2962
 3639  1423
 3640  4159
 3641  2623
 3642  1122
 3643  3833
 3644  2318
 3645   802
 3646  3502
 3647  1982
 3648   482
 3649  3188
 3650  1669
 3651   137
 3652  2873
 3653  1362
 3654  4072
 3655  2533
 3656  1024
 3657  3728
 3658  2221
 3659   680
 3660  3418
 3661  1909
 3662   356
 3663  3104
 3664  1588
 3665    57
 3666  2776
 3667  1252
 3668  3962
 3669  2444
 3670   946
 3671  3649
 3672  2117
 3673   582
 3674  3329
 3675  1791
 3676   264
 3677  2986
 3678  1464
 3679  4189
 3680  2670
 3681  1158
 3682  3863
 3683  2329
 3684   828
 3685  3563
 3686  2005
 3687   501
 3688  3211
 3689  1691
 3690   161
 3691  2912
 3692  1384
 3693  4085
 3694  2564
 3695  1040
 3696  3750
 3697  2259
 3698   746
 3699  3456
 3700  1943
 3701   396
 3702  3103
 3703  1620
 3704    96
 3705  2792
 3706  1266
 3707  4014
 3708  2486
 3709   956
 3710  3688
 3711  2138
 3712   650
 3713  3333
 3714  1828
 3715   285
 3716  3012
 3717  1508
 3718  4213
 3719  2701
 3720  1187
 3721  3916
 3722  2371
 3723   840
 3724  3571
 3725  2042
 3726   528
 3727  3238
 3728  1737
 3729   189
 3730  2933
 3731  1418
 3732  4110
 3733  2594
 3734  1083
 3735  3799
 3736  2280
 3737   761
 3738  3463
 3739  1965
 3740   456
 3741  3173
 3742  1622
 3743   122
 3744  2839
 3745  1312
 3746  4026
 3747  2516
 3748   969
 3749  3706
 3750  2188
 3751   660
 3752  3385
 3753  1841
 3754   347
 3755  3061
 3756  1542
 3757     7
 3758  2722
 3759  1209
 3760  3917
 3761  2386
 3762   879
 3763  3590
 3764  2071
 3765   558
 3766  3286
 3767  1747
 3768   216
 3769  2961
 3770  1440
 3771  4162
 3772  2649
 3773  1114
 3774  3814
 3775  2291
 3776   791
 3777  3493
 3778  2001
 3779   460
 3780  3189
 3781  1660
 3782   153
 3783  2876
 3784  1320
 3785  4069
 3786  2528
 3787  1015
 3788  3734
 3789  2204
 3790   707
 3791  3407
 3792  1880
 3793   381
 3794  3097
 3795  1572
 3796    47
 3797  2766
 3798  1253
 3799  3972
 3800  2437
 3801   912
 3802  3632
 3803  2104
 3804   592
 3805  3310
 3806  1785
 3807   275
 3808  3004
 3809  1451
 3810  4187
 3811  2653
 3812  1126
 3813  3847
 3814  2330
 3815   823
 3816  3519
 3817  2028
 3818   512
 3819  3225
 3820  1703
 3821   180
 3822  2899
 3823  1357
 3824  4073
 3825  2547
 3826  1061
 3827  3778
 3828  2243
 3829   734
 3830  3428
 3831  1912
 3832   405
 3833  3118
 3834  1578
 3835    51
 3836  2784
 3837  1243
 3838  4009
 3839  2448
 3840   957
 3841  3644
 3842  2158
 3843   616
 3844  3348
 3845  1817
 3846   301
 3847  3005
 3848  1482
 3849  4225
 3850  2678
 3851  1168
 3852  3874
 3853  2346
 3854   853
 3855  3564
 3856  2020
 3857   510
 3858  3249
 3859  1726
 3860   201
 3861  2921
 3862  1391
 3863  4095
 3864  2598
 3865  1077
 3866  3777
 3867  2284
 3868   752
 3869  3455
 3870  1929
 3871   448
 3872  3161
 3873  1624
 3874    80
 3875  2811
 3876  1300
 3877  4010
 3878  2476
 3879   981
 3880  3675
 3881  2171
 3882   646
 3883  3384
 3884  1824
 3885   304
 3886  3062
 3887  1502
 3888    12
 3889  2734
 3890  1183
 3891  3922
 3892  2374
 3893   871
 3894  3595
 3895  2084
 3896   555
 3897  3280
 3898  1756
 3899   242
 3900  2935
 3901  1444
 3902  4153
 3903  2605
 3904  1088
 3905  3836
 3906  2303
 3907   782
 3908  3480
 3909  1977
 3910   468
 3911  3171
 3912  1635
 3913   117
 3914  2865
 3915  1334
 3916  4029
 3917  2512
 3918  1019
 3919  3743
 3920  2198
 3921   657
 3922  3390
 3923  1876
 3924   349
 3925  3068
 3926  1537
 3927    25
 3928  2755
 3929  1218
 3930  3958
 3931  2427
 3932   898
 3933  3629
 3934  2102
 3935   572
 3936  3301
 3937  1798
 3938   239
 3939  2989
 3940  1446
 3941  4193
 3942  2667
 3943  1144
 3944  3835
 3945  2319
 3946   792
 3947  3512
 3948  1997
 3949   494
 3950  3202
 3951  1674
 3952   172
 3953  2874
 3954  1333
 3955  4089
 3956  2559
 3957  1036
 3958  3741
 3959  2225
 3960   700
 3961  3427
 3962  1923
 3963   366
 3964  3121
 3965  1600
 3966    75
 3967  2796
 3968  1257
 3969  3964
 3970  2436
 3971   936
 3972  3657
 3973  2136
 3974   590
 3975  3319
 3976  1792
 3977   288
 3978  3018
 3979  1497
 3980  4210
 3981  2688
 3982  1148
 3983  3879
 3984  2344
 3985   814
 3986  3565
 3987  2040
 3988   499
 3989  3231
 3990  1721
 3991   183
 3992  2902
 3993  1400
 3994  4122
 3995  2600
 3996  1045
 3997  3769
 3998  2248
 3999   728
 4000  3466
 4001  1913
 4002   412
 4003  3109
 4004  1616
 4005    81
 4006  2798
 4007  1275
 4008  3995
 4009  2503
 4010   967
 4011  3680
 4012  2162
 4013   617
 4014  3355
 4015  1835
 4016   328
 4017  3047
 4018  1493
 4019  4236
 4020  2718
 4021  1204
 4022  3913
 4023  2394
 4024   851
 4025  3570
 4026  2052
 4027   543
 4028  3270
 4029  1751
 4030   204
 4031  2917
 4032  1414
 4033  4142
 4034  2607
 4035  1081
 4036  3805
 4037  2302
 4038   783
 4039  3497
 4040  1958
 4041   428
 4042  3147
 4043  1651
 4044   119
 4045  2814
 4046  1330
 4047  4024
 4048  2525
 4049   975
 4050  3716
 4051  2203
 4052   676
 4053  3391
 4054  1875
 4055   331
 4056  3080
 4057  1541
 4058  4241
 4059  2735
 4060  1232
 4061  3933
 4062  2412
 4063   889
 4064  3594
 4065  2087
 4066   559
 4067  3269
 4068  1772
 4069   258
 4070  2948
 4071  1450
 4072  4167
 4073  2638
 4074  1133
 4075  3826
 4076  2322
 4077   800
 4078  3526
 4079  2012
 4080   469
 4081  3199
 4082  1687
 4083   150
 4084  2869
 4085  1364
 4086  4067
 4087  2555
 4088  1013
 4089  3755
 4090  2230
 4091   697
 4092  3430
 4093  1904
 4094   360
 4095  3099
 4096  1565
 4097    45
 4098  2765
 4099  1261
 4100  3984
 4101  2454
 4102   939
 4103  3652
 4104  2113
 4105   605
 4106  3318
 4107  1813
 4108   274
 4109  2997
 4110  1475
 4111  4180
 4112  2673
 4113  1156
 4114  3889
 4115  2356
 4116   804
 4117  3528
 4118  2021
 4119   508
 4120  3203
 4121  1693
 4122   159
 4123  2894
 4124  1375
 4125  4113
 4126  2572
 4127  1060
 4128  3763
 4129  2254
 4130   701
 4131  3453
 4132  1921
 4133   385
 4134  3133
 4135  1583
 4136    67
 4137  2803
 4138  1260
 4139  4016
 4140  2484
 4141   935
 4142  3677
 4143  2163
 4144   612
 4145  3349
 4146  1844
 4147   320
 4148  3013
 4149  1504
 4150  4235
 4151  2689
 4152  1171
 4153  3877
 4154  2389
 4155   852
 4156  3566
 4157  2044
 4158   525
 4159  3259
 4160  1724
 4161   210
 4162  2942
 4163  1396
 4164  4124
 4165  2588
 4166  1085
 4167  3796
 4168  2258
 4169   750
 4170  3490
 4171  1970
 4172   424
 4173  3140
 4174  1617
 4175   125
 4176  2838
 4177  1293
 4178  4019
 4179  2495
 4180   978
 4181  3685
 4182  2157
 4183   651
 4184  3387
 4185  1839
 4186   325
 4187  3052
 4188  1524
 4189    10
 4190  2740
 4191  1221
 4192  3912
 4193  2391
 4194   877
 4195  3611
 4196  2059
 4197   540
 4198  3257
 4199  1762
 4200   229
 4201  2953
 4202  1442
 4203  4160
 4204  2631
 4205  1102
 4206  3840
 4207  2301
 4208   769
 4209  3507
 4210  1995
 4211   462
 4212  3186
 4213  1637
 4214   142
 4215  2858
 4216  1325
 4217  4043
 4218  2539
 4219  1007
 4220  3739
 4221  2202
 4222   689
 4223  3396
 4224  1869
 4225   343
 4226  3078
 4227  1544
 4228    41
 4229  2768
 4230  1249
 4231  3948
 4232  2424
 4233   902
 4234  3642
 4235  2119
 4236   607
 4237  3300
 4238  1788
 4239   268
 4240  2985
 4241  1443
 4242  4165
 4243  2661
