FR80T5X32L3
Turbo Code Interleaving
User data with 4 flush bits = 2020
NOTE: S-bit is the bit index after interleaving. Data-bit is the index of user data
S-bit Data-bit
    0    20
    1  1311
    2   571
    3  1875
    4  1162
    5   423
    6  1720
    7  1001
    8   269
    9  1575
   10   842
   11   124
   12  1410
   13   692
   14  1989
   15  1267
   16   522
   17  1830
   18  1106
   19   378
   20  1667
   21   950
   22   233
   23  1518
   24   786
   25    63
   26  1373
   27   648
   28  1947
   29  1205
   30   495
   31  1788
   32  1055
   33   339
   34  1619
   35   896
   36   176
   37  1466
   38   743
   39    24
   40  1317
   41   589
   42  1896
   43  1166
   44   434
   45  1737
   46  1008
   47   280
   48  1582
   49   862
   50   121
   51  1431
   52   694
   53  2003
   54  1277
   55   549
   56  1854
   57  1110
   58   385
   59  1679
   60   959
   61   244
   62  1530
   63   807
   64    92
   65  1379
   66   666
   67  1954
   68  1229
   69   500
   70  1785
   71  1064
   72   345
   73  1637
   74   923
   75   202
   76  1490
   77   768
   78    44
   79  1338
   80   604
   81  1899
   82  1184
   83   454
   84  1747
   85  1026
   86   314
   87  1589
   88   878
   89   144
   90  1447
   91   718
   92  2012
   93  1288
   94   553
   95  1856
   96  1122
   97   417
   98  1701
   99   979
  100   245
  101  1544
  102   831
  103    95
  104  1390
  105   675
  106  1969
  107  1244
  108   511
  109  1802
  110  1079
  111   357
  112  1659
  113   940
  114   205
  115  1512
  116   774
  117    50
  118  1339
  119   617
  120  1911
  121  1201
  122   467
  123  1760
  124  1039
  125   323
  126  1608
  127   881
  128   166
  129  1459
  130   717
  131     3
  132  1303
  133   582
  134  1866
  135  1152
  136   412
  137  1707
  138   986
  139   265
  140  1565
  141   841
  142   104
  143  1400
  144   685
  145  1979
  146  1248
  147   518
  148  1823
  149  1105
  150   380
  151  1673
  152   937
  153   218
  154  1505
  155   796
  156    64
  157  1369
  158   645
  159  1922
  160  1209
  161   469
  162  1777
  163  1057
  164   331
  165  1620
  166   895
  167   167
  168  1473
  169   744
  170    30
  171  1314
  172   594
  173  1881
  174  1160
  175   431
  176  1739
  177  1003
  178   271
  179  1586
  180   854
  181   130
  182  1432
  183   699
  184  1996
  185  1264
  186   546
  187  1827
  188  1112
  189   390
  190  1687
  191   966
  192   234
  193  1529
  194   811
  195    80
  196  1374
  197   654
  198  1946
  199  1225
  200   491
  201  1795
  202  1068
  203   343
  204  1641
  205   913
  206   180
  207  1486
  208   751
  209    33
  210  1319
  211   607
  212  1905
  213  1174
  214   458
  215  1743
  216  1018
  217   294
  218  1588
  219   871
  220   140
  221  1435
  222   710
  223  2000
  224  1281
  225   560
  226  1857
  227  1133
  228   409
  229  1706
  230   969
  231   251
  232  1552
  233   813
  234    88
  235  1384
  236   663
  237  1965
  238  1234
  239   513
  240  1798
  241  1081
  242   366
  243  1653
  244   918
  245   217
  246  1500
  247   781
  248    40
  249  1344
  250   605
  251  1917
  252  1195
  253   468
  254  1758
  255  1040
  256   302
  257  1603
  258   889
  259   160
  260  1442
  261   728
  262     0
  263  1289
  264   564
  265  1873
  266  1142
  267   415
  268  1702
  269   981
  270   262
  271  1556
  272   832
  273   110
  274  1412
  275   674
  276  1973
  277  1241
  278   519
  279  1820
  280  1101
  281   367
  282  1672
  283   947
  284   214
  285  1504
  286   775
  287    66
  288  1365
  289   622
  290  1919
  291  1199
  292   474
  293  1780
  294  1054
  295   320
  296  1617
  297   887
  298   162
  299  1461
  300   736
  301    18
  302  1316
  303   590
  304  1889
  305  1144
  306   429
  307  1726
  308  1011
  309   284
  310  1580
  311   847
  312   116
  313  1416
  314   691
  315  1994
  316  1259
  317   533
  318  1833
  319  1103
  320   374
  321  1678
  322   958
  323   226
  324  1527
  325   809
  326    74
  327  1370
  328   639
  329  1933
  330  1215
  331   489
  332  1784
  333  1056
  334   334
  335  1625
  336   914
  337   192
  338  1472
  339   763
  340    28
  341  1321
  342   603
  343  1887
  344  1164
  345   435
  346  1741
  347  1019
  348   297
  349  1581
  350   857
  351   139
  352  1429
  353   714
  354  1995
  355  1273
  356   548
  357  1843
  358  1111
  359   396
  360  1685
  361   964
  362   248
  363  1536
  364   823
  365    79
  366  1392
  367   651
  368  1949
  369  1221
  370   501
  371  1801
  372  1071
  373   340
  374  1644
  375   928
  376   197
  377  1491
  378   760
  379    42
  380  1328
  381   616
  382  1903
  383  1178
  384   451
  385  1761
  386  1038
  387   304
  388  1591
  389   866
  390   142
  391  1439
  392   720
  393  2005
  394  1280
  395   563
  396  1855
  397  1136
  398   407
  399  1715
  400   970
  401   261
  402  1560
  403   828
  404   103
  405  1402
  406   679
  407  1974
  408  1238
  409   520
  410  1817
  411  1083
  412   362
  413  1655
  414   927
  415   211
  416  1510
  417   772
  418    54
  419  1354
  420   633
  421  1913
  422  1186
  423   477
  424  1766
  425  1037
  426   313
  427  1621
  428   888
  429   158
  430  1463
  431   727
  432    17
  433  1299
  434   585
  435  1865
  436  1140
  437   433
  438  1724
  439   996
  440   272
  441  1574
  442   834
  443   117
  444  1421
  445   677
  446  1976
  447  1254
  448   540
  449  1831
  450  1104
  451   371
  452  1681
  453   943
  454   237
  455  1525
  456   792
  457    78
  458  1375
  459   646
  460  1936
  461  1217
  462   488
  463  1770
  464  1063
  465   328
  466  1615
  467   898
  468   173
  469  1475
  470   755
  471    15
  472  1320
  473   596
  474  1878
  475  1163
  476   437
  477  1736
  478  1020
  479   275
  480  1576
  481   846
  482   127
  483  1420
  484   690
  485  2004
  486  1276
  487   542
  488  1846
  489  1123
  490   391
  491  1690
  492   963
  493   241
  494  1531
  495   806
  496    76
  497  1372
  498   655
  499  1958
  500  1236
  501   509
  502  1782
  503  1066
  504   344
  505  1645
  506   916
  507   193
  508  1494
  509   756
  510    32
  511  1335
  512   608
  513  1898
  514  1176
  515   449
  516  1740
  517  1030
  518   298
  519  1595
  520   875
  521   145
  522  1445
  523   711
  524  2008
  525  1279
  526   558
  527  1862
  528  1132
  529   410
  530  1703
  531   978
  532   253
  533  1540
  534   822
  535    97
  536  1398
  537   660
  538  1966
  539  1245
  540   508
  541  1812
  542  1091
  543   369
  544  1663
  545   929
  546   215
  547  1507
  548   777
  549    49
  550  1348
  551   610
  552  1921
  553  1180
  554   460
  555  1764
  556  1035
  557   305
  558  1607
  559   893
  560   159
  561  1453
  562   723
  563    12
  564  1308
  565   578
  566  1868
  567  1149
  568   425
  569  1722
  570   999
  571   266
  572  1555
  573   829
  574   101
  575  1403
  576   684
  577  1970
  578  1243
  579   532
  580  1824
  581  1090
  582   368
  583  1670
  584   939
  585   216
  586  1516
  587   790
  588    59
  589  1351
  590   631
  591  1929
  592  1206
  593   473
  594  1776
  595  1044
  596   327
  597  1614
  598   900
  599   177
  600  1462
  601   739
  602     7
  603  1313
  604   586
  605  1874
  606  1153
  607   436
  608  1725
  609  1007
  610   268
  611  1564
  612   852
  613   119
  614  1426
  615   689
  616  1998
  617  1270
  618   536
  619  1844
  620  1114
  621   389
  622  1675
  623   960
  624   224
  625  1534
  626   800
  627    89
  628  1371
  629   657
  630  1944
  631  1212
  632   487
  633  1787
  634  1074
  635   353
  636  1627
  637   909
  638   182
  639  1484
  640   764
  641    26
  642  1334
  643   592
  644  1890
  645  1179
  646   453
  647  1746
  648  1017
  649   285
  650  1583
  651   864
  652   143
  653  1425
  654   715
  655  1997
  656  1282
  657   559
  658  1847
  659  1124
  660   403
  661  1692
  662   976
  663   258
  664  1549
  665   815
  666    87
  667  1394
  668   658
  669  1959
  670  1237
  671   498
  672  1806
  673  1078
  674   347
  675  1652
  676   931
  677   206
  678  1489
  679   767
  680    51
  681  1347
  682   626
  683  1920
  684  1193
  685   463
  686  1751
  687  1031
  688   306
  689  1612
  690   870
  691   157
  692  1444
  693   725
  694  2014
  695  1304
  696   579
  697  1859
  698  1134
  699   421
  700  1700
  701   983
  702   260
  703  1547
  704   825
  705   100
  706  1391
  707   681
  708  1977
  709  1239
  710   521
  711  1818
  712  1092
  713   361
  714  1664
  715   930
  716   221
  717  1513
  718   794
  719    67
  720  1362
  721   632
  722  1935
  723  1210
  724   479
  725  1768
  726  1042
  727   319
  728  1618
  729   885
  730   174
  731  1455
  732   746
  733    23
  734  1302
  735   577
  736  1885
  737  1147
  738   428
  739  1717
  740  1004
  741   277
  742  1561
  743   838
  744   123
  745  1415
  746   693
  747  1993
  748  1269
  749   528
  750  1826
  751  1107
  752   383
  753  1686
  754   954
  755   227
  756  1526
  757   797
  758    70
  759  1363
  760   647
  761  1941
  762  1224
  763   486
  764  1786
  765  1053
  766   325
  767  1640
  768   907
  769   178
  770  1478
  771   747
  772    25
  773  1322
  774   602
  775  1900
  776  1175
  777   448
  778  1744
  779  1006
  780   281
  781  1578
  782   858
  783   138
  784  1436
  785   707
  786  2006
  787  1278
  788   557
  789  1850
  790  1131
  791   397
  792  1683
  793   971
  794   242
  795  1528
  796   805
  797    91
  798  1380
  799   669
  800  1950
  801  1220
  802   514
  803  1796
  804  1082
  805   346
  806  1635
  807   910
  808   195
  809  1492
  810   759
  811    34
  812  1343
  813   606
  814  1906
  815  1185
  816   457
  817  1756
  818  1021
  819   301
  820  1600
  821   863
  822   156
  823  1446
  824   709
  825  2011
  826  1298
  827   566
  828  1853
  829  1125
  830   402
  831  1709
  832   974
  833   249
  834  1546
  835   824
  836   105
  837  1399
  838   671
  839  1967
  840  1249
  841   526
  842  1804
  843  1088
  844   360
  845  1656
  846   926
  847   199
  848  1502
  849   785
  850    58
  851  1345
  852   618
  853  1931
  854  1189
  855   475
  856  1757
  857  1032
  858   322
  859  1606
  860   894
  861   165
  862  1460
  863   729
  864    16
  865  1312
  866   580
  867  1880
  868  1141
  869   420
  870  1710
  871   994
  872   273
  873  1572
  874   843
  875   112
  876  1414
  877   682
  878  1983
  879  1258
  880   538
  881  1832
  882  1102
  883   379
  884  1676
  885   953
  886   220
  887  1514
  888   799
  889    73
  890  1352
  891   644
  892  1926
  893  1211
  894   482
  895  1773
  896  1048
  897   332
  898  1634
  899   899
  900   172
  901  1467
  902   749
  903    29
  904  1323
  905   584
  906  1883
  907  1159
  908   438
  909  1735
  910  1009
  911   290
  912  1584
  913   849
  914   137
  915  1424
  916   708
  917  1985
  918  1274
  919   550
  920  1840
  921  1116
  922   393
  923  1696
  924   968
  925   240
  926  1533
  927   804
  928    93
  929  1388
  930   650
  931  1939
  932  1223
  933   494
  934  1799
  935  1067
  936   342
  937  1638
  938   912
  939   187
  940  1477
  941   766
  942    37
  943  1332
  944   609
  945  1895
  946  1169
  947   445
  948  1752
  949  1034
  950   307
  951  1599
  952   874
  953   148
  954  1443
  955   719
  956  2001
  957  1293
  958   562
  959  1851
  960  1135
  961   406
  962  1705
  963   977
  964   246
  965  1554
  966   814
  967    99
  968  1387
  969   667
  970  1964
  971  1230
  972   507
  973  1803
  974  1087
  975   359
  976  1643
  977   935
  978   196
  979  1503
  980   779
  981    48
  982  1340
  983   627
  984  1914
  985  1183
  986   466
  987  1769
  988  1033
  989   308
  990  1605
  991   882
  992   153
  993  1440
  994   730
  995  2019
  996  1294
  997   575
  998  1869
  999  1148
 1000   413
 1001  1716
 1002   991
 1003   270
 1004  1562
 1005   836
 1006   118
 1007  1404
 1008   683
 1009  1981
 1010  1257
 1011   524
 1012  1825
 1013  1098
 1014   373
 1015  1666
 1016   942
 1017   213
 1018  1506
 1019   784
 1020    68
 1021  1353
 1022   637
 1023  1934
 1024  1204
 1025   476
 1026  1774
 1027  1058
 1028   321
 1029  1626
 1030   904
 1031   161
 1032  1465
 1033   738
 1034     8
 1035  1310
 1036   595
 1037  1891
 1038  1165
 1039   440
 1040  1734
 1041   993
 1042   288
 1043  1566
 1044   851
 1045   131
 1046  1423
 1047   704
 1048  1980
 1049  1261
 1050   539
 1051  1842
 1052  1115
 1053   387
 1054  1688
 1055   956
 1056   239
 1057  1519
 1058   808
 1059    71
 1060  1368
 1061   636
 1062  1943
 1063  1226
 1064   499
 1065  1779
 1066  1052
 1067   337
 1068  1632
 1069   908
 1070   183
 1071  1483
 1072   752
 1073    39
 1074  1326
 1075   593
 1076  1902
 1077  1168
 1078   450
 1079  1748
 1080  1015
 1081   295
 1082  1597
 1083   855
 1084   146
 1085  1434
 1086   701
 1087  2013
 1088  1283
 1089   556
 1090  1858
 1091  1118
 1092   394
 1093  1695
 1094   967
 1095   243
 1096  1545
 1097   816
 1098    86
 1099  1385
 1100   652
 1101  1951
 1102  1240
 1103   510
 1104  1810
 1105  1076
 1106   349
 1107  1650
 1108   919
 1109   201
 1110  1482
 1111   769
 1112    38
 1113  1333
 1114   621
 1115  1904
 1116  1191
 1117   455
 1118  1745
 1119  1025
 1120   311
 1121  1598
 1122   876
 1123   154
 1124  1448
 1125   724
 1126     2
 1127  1297
 1128   572
 1129  1861
 1130  1139
 1131   404
 1132  1719
 1133   985
 1134   259
 1135  1557
 1136   839
 1137   113
 1138  1395
 1139   670
 1140  1962
 1141  1255
 1142   523
 1143  1816
 1144  1085
 1145   375
 1146  1654
 1147   934
 1148   207
 1149  1515
 1150   791
 1151    52
 1152  1360
 1153   623
 1154  1930
 1155  1203
 1156   484
 1157  1775
 1158  1046
 1159   316
 1160  1622
 1161   883
 1162   163
 1163  1469
 1164   741
 1165     1
 1166  1307
 1167   583
 1168  1882
 1169  1151
 1170   424
 1171  1727
 1172   997
 1173   267
 1174  1563
 1175   845
 1176   126
 1177  1411
 1178   695
 1179  1991
 1180  1260
 1181   541
 1182  1839
 1183  1109
 1184   392
 1185  1669
 1186   952
 1187   229
 1188  1523
 1189   788
 1190    65
 1191  1377
 1192   649
 1193  1932
 1194  1208
 1195   483
 1196  1789
 1197  1051
 1198   335
 1199  1633
 1200   897
 1201   181
 1202  1470
 1203   754
 1204    22
 1205  1324
 1206   601
 1207  1888
 1208  1171
 1209   442
 1210  1728
 1211  1013
 1212   289
 1213  1577
 1214   860
 1215   136
 1216  1430
 1217   703
 1218  1999
 1219  1262
 1220   545
 1221  1835
 1222  1127
 1223   399
 1224  1682
 1225   965
 1226   238
 1227  1541
 1228   810
 1229    96
 1230  1383
 1231   664
 1232  1952
 1233  1219
 1234   502
 1235  1791
 1236  1075
 1237   351
 1238  1642
 1239   915
 1240   191
 1241  1493
 1242   758
 1243    43
 1244  1336
 1245   598
 1246  1910
 1247  1173
 1248   461
 1249  1753
 1250  1023
 1251   300
 1252  1594
 1253   877
 1254   149
 1255  1452
 1256   716
 1257  2018
 1258  1295
 1259   567
 1260  1852
 1261  1137
 1262   419
 1263  1699
 1264   980
 1265   252
 1266  1553
 1267   821
 1268   107
 1269  1397
 1270   659
 1271  1961
 1272  1242
 1273   512
 1274  1809
 1275  1094
 1276   358
 1277  1658
 1278   924
 1279   212
 1280  1496
 1281   776
 1282    60
 1283  1350
 1284   625
 1285  1927
 1286  1192
 1287   472
 1288  1767
 1289  1043
 1290   317
 1291  1610
 1292   880
 1293   170
 1294  1457
 1295   731
 1296    14
 1297  1301
 1298   574
 1299  1871
 1300  1150
 1301   430
 1302  1714
 1303   990
 1304   274
 1305  1569
 1306   835
 1307   108
 1308  1407
 1309   686
 1310  1972
 1311  1263
 1312   535
 1313  1819
 1314  1100
 1315   372
 1316  1671
 1317   948
 1318   222
 1319  1520
 1320   782
 1321    72
 1322  1355
 1323   643
 1324  1937
 1325  1207
 1326   492
 1327  1778
 1328  1061
 1329   336
 1330  1631
 1331   902
 1332   171
 1333  1476
 1334   745
 1335    21
 1336  1309
 1337   591
 1338  1892
 1339  1157
 1340   439
 1341  1733
 1342   998
 1343   286
 1344  1579
 1345   853
 1346   125
 1347  1427
 1348   705
 1349  1986
 1350  1272
 1351   543
 1352  1836
 1353  1108
 1354   395
 1355  1684
 1356   957
 1357   235
 1358  1535
 1359   803
 1360    77
 1361  1381
 1362   642
 1363  1945
 1364  1232
 1365   497
 1366  1797
 1367  1070
 1368   341
 1369  1630
 1370   906
 1371   198
 1372  1480
 1373   750
 1374    41
 1375  1329
 1376   611
 1377  1894
 1378  1177
 1379   459
 1380  1742
 1381  1016
 1382   291
 1383  1585
 1384   869
 1385   151
 1386  1441
 1387   712
 1388  2017
 1389  1284
 1390   565
 1391  1860
 1392  1119
 1393   405
 1394  1708
 1395   975
 1396   254
 1397  1550
 1398   827
 1399   102
 1400  1393
 1401   673
 1402  1960
 1403  1231
 1404   506
 1405  1813
 1406  1084
 1407   355
 1408  1646
 1409   925
 1410   203
 1411  1499
 1412   780
 1413    47
 1414  1349
 1415   620
 1416  1909
 1417  1190
 1418   471
 1419  1755
 1420  1029
 1421   310
 1422  1604
 1423   872
 1424   147
 1425  1456
 1426   734
 1427     6
 1428  1300
 1429   573
 1430  1870
 1431  1145
 1432   426
 1433  1711
 1434   982
 1435   256
 1436  1551
 1437   840
 1438   115
 1439  1406
 1440   680
 1441  1971
 1442  1253
 1443   517
 1444  1808
 1445  1089
 1446   376
 1447  1662
 1448   944
 1449   210
 1450  1517
 1451   778
 1452    62
 1453  1357
 1454   628
 1455  1918
 1456  1200
 1457   478
 1458  1772
 1459  1045
 1460   318
 1461  1616
 1462   890
 1463   169
 1464  1471
 1465   735
 1466     9
 1467  1306
 1468   587
 1469  1884
 1470  1158
 1471   443
 1472  1723
 1473  1000
 1474   283
 1475  1570
 1476   850
 1477   120
 1478  1419
 1479   696
 1480  1984
 1481  1268
 1482   544
 1483  1838
 1484  1117
 1485   386
 1486  1677
 1487   951
 1488   228
 1489  1521
 1490   795
 1491    75
 1492  1366
 1493   638
 1494  1942
 1495  1213
 1496   496
 1497  1792
 1498  1060
 1499   348
 1500  1636
 1501   905
 1502   185
 1503  1481
 1504   765
 1505    36
 1506  1318
 1507   597
 1508  1886
 1509  1172
 1510   446
 1511  1749
 1512  1014
 1513   287
 1514  1593
 1515   868
 1516   128
 1517  1437
 1518   706
 1519  2009
 1520  1286
 1521   555
 1522  1848
 1523  1113
 1524   388
 1525  1697
 1526   972
 1527   250
 1528  1542
 1529   817
 1530    83
 1531  1376
 1532   668
 1533  1963
 1534  1222
 1535   516
 1536  1794
 1537  1073
 1538   350
 1539  1649
 1540   932
 1541   194
 1542  1497
 1543   771
 1544    46
 1545  1341
 1546   619
 1547  1907
 1548  1188
 1549   464
 1550  1762
 1551  1036
 1552   315
 1553  1609
 1554   886
 1555   152
 1556  1450
 1557   722
 1558  2015
 1559  1292
 1560   561
 1561  1863
 1562  1130
 1563   408
 1564  1713
 1565   987
 1566   257
 1567  1548
 1568   837
 1569   106
 1570  1401
 1571   676
 1572  1968
 1573  1252
 1574   525
 1575  1814
 1576  1093
 1577   370
 1578  1668
 1579   936
 1580   219
 1581  1501
 1582   787
 1583    53
 1584  1359
 1585   634
 1586  1924
 1587  1197
 1588   465
 1589  1765
 1590  1049
 1591   329
 1592  1623
 1593   879
 1594   175
 1595  1464
 1596   733
 1597     5
 1598  1296
 1599   588
 1600  1877
 1601  1155
 1602   422
 1603  1718
 1604   992
 1605   282
 1606  1568
 1607   833
 1608   114
 1609  1409
 1610   697
 1611  1990
 1612  1250
 1613   537
 1614  1829
 1615  1095
 1616   377
 1617  1674
 1618   949
 1619   232
 1620  1522
 1621   798
 1622    81
 1623  1367
 1624   630
 1625  1938
 1626  1214
 1627   481
 1628  1790
 1629  1050
 1630   326
 1631  1629
 1632   911
 1633   184
 1634  1474
 1635   742
 1636    19
 1637  1327
 1638   599
 1639  1901
 1640  1167
 1641   432
 1642  1731
 1643  1002
 1644   292
 1645  1590
 1646   861
 1647   135
 1648  1422
 1649   698
 1650  1992
 1651  1266
 1652   551
 1653  1841
 1654  1121
 1655   401
 1656  1680
 1657   955
 1658   231
 1659  1532
 1660   812
 1661    85
 1662  1389
 1663   661
 1664  1953
 1665  1218
 1666   493
 1667  1807
 1668  1065
 1669   354
 1670  1648
 1671   922
 1672   188
 1673  1498
 1674   757
 1675    35
 1676  1331
 1677   613
 1678  1912
 1679  1181
 1680   447
 1681  1750
 1682  1024
 1683   299
 1684  1601
 1685   873
 1686   141
 1687  1433
 1688   726
 1689  2002
 1690  1291
 1691   570
 1692  1849
 1693  1126
 1694   411
 1695  1694
 1696   984
 1697   264
 1698  1538
 1699   818
 1700   109
 1701  1396
 1702   672
 1703  1957
 1704  1235
 1705   515
 1706  1822
 1707  1080
 1708   356
 1709  1661
 1710   921
 1711   200
 1712  1488
 1713   770
 1714    61
 1715  1337
 1716   629
 1717  1923
 1718  1194
 1719   470
 1720  1759
 1721  1041
 1722   309
 1723  1613
 1724   891
 1725   155
 1726  1454
 1727   732
 1728    13
 1729  1290
 1730   568
 1731  1864
 1732  1156
 1733   416
 1734  1721
 1735   988
 1736   276
 1737  1567
 1738   844
 1739   122
 1740  1418
 1741   687
 1742  1978
 1743  1251
 1744   530
 1745  1821
 1746  1099
 1747   381
 1748  1665
 1749   938
 1750   225
 1751  1511
 1752   789
 1753    69
 1754  1356
 1755   641
 1756  1928
 1757  1202
 1758   485
 1759  1781
 1760  1047
 1761   324
 1762  1628
 1763   903
 1764   168
 1765  1468
 1766   740
 1767    10
 1768  1315
 1769   581
 1770  1876
 1771  1154
 1772   441
 1773  1732
 1774  1010
 1775   278
 1776  1571
 1777   856
 1778   133
 1779  1417
 1780   702
 1781  1988
 1782  1271
 1783   534
 1784  1828
 1785  1120
 1786   382
 1787  1693
 1788   961
 1789   230
 1790  1537
 1791   802
 1792    94
 1793  1378
 1794   653
 1795  1948
 1796  1216
 1797   505
 1798  1793
 1799  1072
 1800   338
 1801  1639
 1802   917
 1803   190
 1804  1485
 1805   761
 1806    27
 1807  1325
 1808   612
 1809  1893
 1810  1170
 1811   452
 1812  1738
 1813  1022
 1814   303
 1815  1592
 1816   865
 1817   129
 1818  1438
 1819   700
 1820  2010
 1821  1275
 1822   547
 1823  1845
 1824  1128
 1825   400
 1826  1691
 1827   973
 1828   247
 1829  1543
 1830   820
 1831    90
 1832  1382
 1833   656
 1834  1956
 1835  1233
 1836   504
 1837  1805
 1838  1077
 1839   365
 1840  1651
 1841   933
 1842   208
 1843  1495
 1844   762
 1845    45
 1846  1342
 1847   614
 1848  1915
 1849  1196
 1850   462
 1851  1763
 1852  1027
 1853   312
 1854  1602
 1855   884
 1856   164
 1857  1449
 1858   737
 1859  2016
 1860  1285
 1861   569
 1862  1872
 1863  1143
 1864   414
 1865  1704
 1866   995
 1867   263
 1868  1558
 1869   826
 1870   111
 1871  1408
 1872   678
 1873  1982
 1874  1246
 1875   529
 1876  1815
 1877  1096
 1878   363
 1879  1657
 1880   945
 1881   209
 1882  1508
 1883   793
 1884    57
 1885  1364
 1886   635
 1887  1925
 1888  1198
 1889   480
 1890  1771
 1891  1059
 1892   330
 1893  1611
 1894   892
 1895   179
 1896  1458
 1897   748
 1898    11
 1899  1305
 1900   576
 1901  1879
 1902  1146
 1903   427
 1904  1729
 1905  1005
 1906   279
 1907  1573
 1908   848
 1909   132
 1910  1413
 1911   688
 1912  1987
 1913  1256
 1914   531
 1915  1834
 1916  1097
 1917   384
 1918  1689
 1919   946
 1920   223
 1921  1524
 1922   801
 1923    84
 1924  1361
 1925   640
 1926  1940
 1927  1227
 1928   490
 1929  1783
 1930  1062
 1931   333
 1932  1624
 1933   901
 1934   186
 1935  1479
 1936   753
 1937    31
 1938  1330
 1939   600
 1940  1897
 1941  1161
 1942   444
 1943  1730
 1944  1012
 1945   296
 1946  1587
 1947   859
 1948   134
 1949  1428
 1950   713
 1951  2007
 1952  1265
 1953   554
 1954  1837
 1955  1129
 1956   398
 1957  1698
 1958   962
 1959   236
 1960  1539
 1961   819
 1962    82
 1963  1386
 1964   662
 1965  1955
 1966  1228
 1967   503
 1968  1800
 1969  1069
 1970   352
 1971  1647
 1972   920
 1973   189
 1974  1487
 1975   773
 1976    56
 1977  1346
 1978   615
 1979  1908
 1980  1187
 1981   456
 1982  1754
 1983  1028
 1984   293
 1985  1596
 1986   867
 1987   150
 1988  1451
 1989   721
 1990     4
 1991  1287
 1992   552
 1993  1867
 1994  1138
 1995   418
 1996  1712
 1997   989
 1998   255
 1999  1559
 2000   830
 2001    98
 2002  1405
 2003   665
 2004  1975
 2005  1247
 2006   527
 2007  1811
 2008  1086
 2009   364
 2010  1660
 2011   941
 2012   204
 2013  1509
 2014   783
 2015    55
 2016  1358
 2017   624
 2018  1916
 2019  1182
