FR80T25X64H3
Turbo Code Interleaving
User data with 4 flush bits = 3764
NOTE: S-bit is the bit index after interleaving. Data-bit is the index of user data
S-bit Data-bit
    0    37
    1  2445
    2  1065
    3  3497
    4  2162
    5   793
    6  3205
    7  1865
    8   505
    9  2928
   10  1567
   11   231
   12  2620
   13  1293
   14  3704
   15  2359
   16   977
   17  3413
   18  2063
   19   703
   20  3106
   21  1772
   22   431
   23  2826
   24  1467
   25   118
   26  2558
   27  1207
   28  3628
   29  2244
   30   922
   31  3335
   32  1972
   33   634
   34  3019
   35  1674
   36   329
   37  2733
   38  1382
   39    42
   40  2458
   41  1097
   42  3535
   43  2170
   44   809
   45  3239
   46  1875
   47   524
   48  2943
   49  1607
   50   227
   51  2665
   52  1295
   53  3734
   54  2383
   55  1028
   56  3457
   57  2071
   58   721
   59  3132
   60  1788
   61   453
   62  2853
   63  1507
   64   170
   65  2570
   66  1242
   67  3642
   68  2288
   69   935
   70  3331
   71  1984
   72   642
   73  3049
   74  1725
   75   377
   76  2781
   77  1435
   78    83
   79  2494
   80  1131
   81  3538
   82  2210
   83   844
   84  3259
   85  1911
   86   578
   87  2960
   88  1640
   89   272
   90  2697
   91  1342
   92  3751
   93  2402
   94  1038
   95  3461
   96  2093
   97   777
   98  3171
   99  1829
  100   455
  101  2880
  102  1548
  103   179
  104  2590
  105  1256
  106  3670
  107  2321
  108   953
  109  3358
  110  2010
  111   663
  112  3092
  113  1753
  114   384
  115  2815
  116  1446
  117    91
  118  2495
  119  1152
  120  3560
  121  2240
  122   872
  123  3280
  124  1935
  125   600
  126  2997
  127  1647
  128   309
  129  2718
  130  1340
  131     5
  132  2428
  133  1084
  134  3480
  135  2143
  136   769
  137  3182
  138  1838
  139   495
  140  2917
  141  1566
  142   195
  143  2607
  144  1280
  145  3687
  146  2328
  147   970
  148  3394
  149  2062
  150   705
  151  3116
  152  1749
  153   404
  154  2804
  155  1483
  156   119
  157  2550
  158  1202
  159  3583
  160  2255
  161   879
  162  3318
  163  1974
  164   617
  165  3020
  166  1671
  167   312
  168  2746
  169  1383
  170    53
  171  2449
  172  1108
  173  3508
  174  2160
  175   804
  176  3242
  177  1869
  178   507
  179  2954
  180  1593
  181   241
  182  2666
  183  1305
  184  3717
  185  2355
  186  1019
  187  3407
  188  2074
  189   730
  190  3143
  191  1799
  192   433
  193  2852
  194  1514
  195   154
  196  2559
  197  1223
  198  3627
  199  2283
  200   914
  201  3348
  202  1988
  203   640
  204  3057
  205  1705
  206   336
  207  2773
  208  1403
  209    58
  210  2464
  211  1134
  212  3548
  213  2189
  214   851
  215  3252
  216  1895
  217   547
  218  2958
  219  1623
  220   263
  221  2675
  222  1323
  223  3725
  224  2389
  225  1049
  226  3465
  227  2109
  228   766
  229  3180
  230  1807
  231   467
  232  2894
  233  1516
  234   164
  235  2578
  236  1239
  237  3664
  238  2295
  239   959
  240  3352
  241  2012
  242   681
  243  3082
  244  1717
  245   403
  246  2796
  247  1458
  248    74
  249  2504
  250  1132
  251  3575
  252  2225
  253   878
  254  3275
  255  1936
  256   561
  257  2989
  258  1660
  259   299
  260  2691
  261  1355
  262     2
  263  2403
  264  1056
  265  3493
  266  2132
  267   773
  268  3174
  269  1831
  270   489
  271  2900
  272  1549
  273   205
  274  2627
  275  1255
  276  3678
  277  2312
  278   974
  279  3388
  280  2057
  281   682
  282  3114
  283  1767
  284   399
  285  2802
  286  1447
  287   125
  288  2542
  289  1161
  290  3578
  291  2236
  292   884
  293  3321
  294  1971
  295   593
  296  3015
  297  1655
  298   302
  299  2723
  300  1370
  301    34
  302  2453
  303  1099
  304  3524
  305  2135
  306   800
  307  3216
  308  1881
  309   531
  310  2940
  311  1584
  312   219
  313  2635
  314  1292
  315  3713
  316  2345
  317   994
  318  3419
  319  2059
  320   698
  321  3128
  322  1786
  323   420
  324  2846
  325  1509
  326   141
  327  2551
  328  1192
  329  3602
  330  2270
  331   909
  332  3330
  333  1973
  334   621
  335  3028
  336  1706
  337   359
  338  2745
  339  1423
  340    51
  341  2467
  342  1127
  343  3518
  344  2168
  345   810
  346  3247
  347  1898
  348   552
  349  2942
  350  1600
  351   262
  352  2661
  353  1330
  354  3716
  355  2377
  356  1023
  357  3436
  358  2073
  359   744
  360  3140
  361  1795
  362   461
  363  2864
  364  1533
  365   151
  366  2594
  367  1214
  368  3632
  369  2278
  370   937
  371  3357
  372  1992
  373   635
  374  3067
  375  1732
  376   368
  377  2783
  378  1419
  379    78
  380  2476
  381  1151
  382  3544
  383  2198
  384   838
  385  3282
  386  1933
  387   563
  388  2964
  389  1616
  390   268
  391  2686
  392  1346
  393  3740
  394  2386
  395  1055
  396  3458
  397  2115
  398   762
  399  3196
  400  1814
  401   488
  402  2905
  403  1543
  404   194
  405  2609
  406  1270
  407  3680
  408  2307
  409   975
  410  3385
  411  2018
  412   676
  413  3086
  414  1731
  415   393
  416  2812
  417  1442
  418    98
  419  2521
  420  1178
  421  3565
  422  2214
  423   889
  424  3290
  425  1930
  426   575
  427  3021
  428  1659
  429   296
  430  2728
  431  1354
  432    32
  433  2420
  434  1089
  435  3479
  436  2124
  437   806
  438  3212
  439  1857
  440   508
  441  2926
  442  1553
  443   220
  444  2643
  445  1263
  446  3683
  447  2339
  448  1007
  449  3416
  450  2060
  451   691
  452  3135
  453  1756
  454   439
  455  2843
  456  1478
  457   148
  458  2561
  459  1203
  460  3606
  461  2272
  462   906
  463  3301
  464  1981
  465   611
  466  3012
  467  1677
  468   325
  469  2749
  470  1411
  471    27
  472  2465
  473  1110
  474  3505
  475  2164
  476   812
  477  3237
  478  1899
  479   515
  480  2929
  481  1576
  482   238
  483  2641
  484  1288
  485  3735
  486  2382
  487  1011
  488  3442
  489  2094
  490   731
  491  3149
  492  1794
  493   449
  494  2855
  495  1506
  496   145
  497  2556
  498  1224
  499  3650
  500  2301
  501   950
  502  3327
  503  1986
  504   641
  505  3069
  506  1710
  507   362
  508  2788
  509  1414
  510    57
  511  2490
  512  1136
  513  3537
  514  2192
  515   835
  516  3244
  517  1917
  518   555
  519  2971
  520  1633
  521   275
  522  2695
  523  1324
  524  3743
  525  2385
  526  1046
  527  3475
  528  2108
  529   767
  530  3176
  531  1828
  532   475
  533  2873
  534  1531
  535   183
  536  2605
  537  1232
  538  3666
  539  2323
  540   948
  541  3378
  542  2035
  543   685
  544  3098
  545  1736
  546   401
  547  2806
  548  1451
  549    90
  550  2511
  551  1140
  552  3580
  553  2201
  554   856
  555  3286
  556  1926
  557   566
  558  2994
  559  1666
  560   297
  561  2707
  562  1349
  563    20
  564  2441
  565  1079
  566  3484
  567  2140
  568   795
  569  3209
  570  1863
  571   500
  572  2898
  573  1545
  574   190
  575  2611
  576  1278
  577  3671
  578  2317
  579   993
  580  3401
  581  2034
  582   684
  583  3111
  584  1752
  585   402
  586  2822
  587  1474
  588   108
  589  2516
  590  1176
  591  3595
  592  2250
  593   883
  594  3317
  595  1948
  596   607
  597  3007
  598  1679
  599   330
  600  2725
  601  1377
  602    10
  603  2447
  604  1091
  605  3496
  606  2144
  607   811
  608  3214
  609  1874
  610   502
  611  2915
  612  1591
  613   223
  614  2657
  615  1287
  616  3723
  617  2370
  618   999
  619  3438
  620  2078
  621   728
  622  3120
  623  1791
  624   417
  625  2860
  626  1493
  627   165
  628  2553
  629  1226
  630  3625
  631  2261
  632   904
  633  3333
  634  1996
  635   653
  636  3032
  637  1697
  638   338
  639  2770
  640  1424
  641    47
  642  2487
  643  1102
  644  3527
  645  2200
  646   843
  647  3256
  648  1894
  649   532
  650  2948
  651  1611
  652   269
  653  2655
  654  1332
  655  3721
  656  2392
  657  1047
  658  3444
  659  2096
  660   754
  661  3152
  662  1824
  663   481
  664  2887
  665  1519
  666   163
  667  2599
  668  1228
  669  3651
  670  2303
  671   930
  672  3364
  673  2007
  674   645
  675  3081
  676  1740
  677   385
  678  2780
  679  1430
  680    94
  681  2509
  682  1168
  683  3579
  684  2223
  685   862
  686  3265
  687  1919
  688   567
  689  3005
  690  1622
  691   294
  692  2694
  693  1352
  694  3753
  695  2429
  696  1080
  697  3467
  698  2112
  699   786
  700  3168
  701  1834
  702   484
  703  2885
  704  1538
  705   189
  706  2591
  707  1273
  708  3684
  709  2308
  710   976
  711  3386
  712  2036
  713   670
  714  3099
  715  1738
  716   413
  717  2816
  718  1480
  719   127
  720  2538
  721  1177
  722  3604
  723  2256
  724   891
  725  3295
  726  1942
  727   589
  728  3017
  729  1653
  730   326
  731  2712
  732  1393
  733    40
  734  2425
  735  1076
  736  3514
  737  2138
  738   799
  739  3198
  740  1870
  741   519
  742  2906
  743  1561
  744   230
  745  2630
  746  1294
  747  3710
  748  2363
  749   986
  750  3406
  751  2066
  752   711
  753  3141
  754  1780
  755   423
  756  2844
  757  1485
  758   134
  759  2539
  760  1204
  761  3620
  762  2282
  763   903
  764  3332
  765  1969
  766   604
  767  3052
  768  1691
  769   332
  770  2762
  771  1396
  772    45
  773  2469
  774  1126
  775  3540
  776  2190
  777   834
  778  3253
  779  1873
  780   525
  781  2937
  782  1601
  783   260
  784  2677
  785  1318
  786  3741
  787  2384
  788  1044
  789  3452
  790  2107
  791   746
  792  3137
  793  1815
  794   451
  795  2849
  796  1504
  797   169
  798  2572
  799  1245
  800  3633
  801  2276
  802   960
  803  3349
  804  2016
  805   643
  806  3047
  807  1698
  808   364
  809  2785
  810  1417
  811    62
  812  2501
  813  1133
  814  3549
  815  2212
  816   850
  817  3272
  818  1900
  819   560
  820  2983
  821  1608
  822   292
  823  2696
  824  1321
  825  3749
  826  2419
  827  1059
  828  3455
  829  2097
  830   753
  831  3186
  832  1821
  833   463
  834  2883
  835  1537
  836   199
  837  2606
  838  1249
  839  3668
  840  2329
  841   983
  842  3360
  843  2028
  844   669
  845  3088
  846  1730
  847   372
  848  2799
  849  1464
  850   104
  851  2505
  852  1155
  853  3598
  854  2218
  855   885
  856  3274
  857  1920
  858   598
  859  2993
  860  1667
  861   308
  862  2722
  863  1356
  864    29
  865  2446
  866  1081
  867  3507
  868  2131
  869   784
  870  3188
  871  1852
  872   510
  873  2924
  874  1568
  875   212
  876  2629
  877  1274
  878  3693
  879  2344
  880  1004
  881  3418
  882  2058
  883   704
  884  3121
  885  1778
  886   410
  887  2819
  888  1487
  889   140
  890  2519
  891  1199
  892  3588
  893  2259
  894   894
  895  3312
  896  1959
  897   618
  898  3044
  899  1678
  900   323
  901  2734
  902  1398
  903    52
  904  2470
  905  1088
  906  3512
  907  2158
  908   815
  909  3235
  910  1876
  911   541
  912  2952
  913  1586
  914   257
  915  2652
  916  1319
  917  3696
  918  2378
  919  1029
  920  3431
  921  2081
  922   737
  923  3162
  924  1804
  925   444
  926  2859
  927  1503
  928   172
  929  2585
  930  1213
  931  3618
  932  2281
  933   920
  934  3354
  935  1987
  936   639
  937  3050
  938  1702
  939   349
  940  2754
  941  1428
  942    67
  943  2485
  944  1138
  945  3534
  946  2178
  947   828
  948  3266
  949  1922
  950   569
  951  2980
  952  1629
  953   278
  954  2692
  955  1344
  956  3730
  957  2411
  958  1052
  959  3453
  960  2113
  961   761
  962  3179
  963  1825
  964   457
  965  2897
  966  1517
  967   188
  968  2584
  969  1243
  970  3661
  971  2289
  972   947
  973  3359
  974  2027
  975   668
  976  3063
  977  1746
  978   366
  979  2800
  980  1453
  981    89
  982  2496
  983  1169
  984  3567
  985  2208
  986   868
  987  3297
  988  1921
  989   570
  990  2992
  991  1648
  992   289
  993  2687
  994  1357
  995  3763
  996  2412
  997  1072
  998  3486
  999  2139
 1000   770
 1001  3197
 1002  1849
 1003   506
 1004  2909
 1005  1556
 1006   221
 1007  2612
 1008  1276
 1009  3689
 1010  2343
 1011   980
 1012  3405
 1013  2051
 1014   695
 1015  3104
 1016  1755
 1017   396
 1018  2805
 1019  1463
 1020   128
 1021  2520
 1022  1189
 1023  3603
 1024  2243
 1025   888
 1026  3314
 1027  1975
 1028   596
 1029  3030
 1030  1685
 1031   301
 1032  2732
 1033  1372
 1034    13
 1035  2444
 1036  1109
 1037  3529
 1038  2169
 1039   818
 1040  3233
 1041  1851
 1042   537
 1043  2918
 1044  1590
 1045   242
 1046  2650
 1047  1313
 1048  3688
 1049  2350
 1050  1006
 1051  3434
 1052  2079
 1053   725
 1054  3144
 1055  1782
 1056   443
 1057  2827
 1058  1508
 1059   135
 1060  2548
 1061  1187
 1062  3623
 1063  2284
 1064   932
 1065  3320
 1066  1966
 1067   629
 1068  3042
 1069  1692
 1070   340
 1071  2769
 1072  1404
 1073    71
 1074  2474
 1075  1106
 1076  3543
 1077  2176
 1078   836
 1079  3260
 1080  1892
 1081   549
 1082  2973
 1083  1596
 1084   276
 1085  2670
 1086  1310
 1087  3752
 1088  2393
 1089  1043
 1090  3466
 1091  2086
 1092   740
 1093  3159
 1094  1802
 1095   452
 1096  2881
 1097  1522
 1098   162
 1099  2579
 1100  1218
 1101  3635
 1102  2310
 1103   951
 1104  3375
 1105  2001
 1106   647
 1107  3078
 1108  1719
 1109   376
 1110  2768
 1111  1436
 1112    69
 1113  2486
 1114  1159
 1115  3546
 1116  2220
 1117   845
 1118  3254
 1119  1907
 1120   573
 1121  2978
 1122  1636
 1123   290
 1124  2698
 1125  1350
 1126     4
 1127  2418
 1128  1066
 1129  3471
 1130  2123
 1131   756
 1132  3202
 1133  1837
 1134   482
 1135  2901
 1136  1562
 1137   213
 1138  2600
 1139  1248
 1140  3659
 1141  2340
 1142   979
 1143  3383
 1144  2020
 1145   700
 1146  3083
 1147  1743
 1148   388
 1149  2821
 1150  1476
 1151    95
 1152  2535
 1153  1162
 1154  3597
 1155  2242
 1156   899
 1157  3315
 1158  1950
 1159   582
 1160  3023
 1161  1649
 1162   303
 1163  2739
 1164  1379
 1165     3
 1166  2440
 1167  1085
 1168  3510
 1169  2142
 1170   794
 1171  3217
 1172  1859
 1173   501
 1174  2912
 1175  1573
 1176   236
 1177  2623
 1178  1299
 1179  3707
 1180  2346
 1181  1008
 1182  3430
 1183  2070
 1184   732
 1185  3110
 1186  1775
 1187   426
 1188  2841
 1189  1469
 1190   124
 1191  2563
 1192  1212
 1193  3599
 1194  2253
 1195   898
 1196  3337
 1197  1965
 1198   622
 1199  3043
 1200  1676
 1201   337
 1202  2741
 1203  1409
 1204    39
 1205  2471
 1206  1125
 1207  3519
 1208  2184
 1209   821
 1210  3221
 1211  1890
 1212   538
 1213  2932
 1214  1605
 1215   256
 1216  2662
 1217  1312
 1218  3724
 1219  2352
 1220  1018
 1221  3421
 1222  2100
 1223   749
 1224  3136
 1225  1796
 1226   441
 1227  2874
 1228  1511
 1229   182
 1230  2577
 1231  1240
 1232  3636
 1233  2275
 1234   938
 1235  3340
 1236  2000
 1237   649
 1238  3059
 1239  1709
 1240   358
 1241  2787
 1242  1416
 1243    79
 1244  2492
 1245  1119
 1246  3556
 1247  2188
 1248   858
 1249  3268
 1250  1903
 1251   559
 1252  2967
 1253  1637
 1254   279
 1255  2704
 1256  1335
 1257  3760
 1258  2413
 1259  1061
 1260  3454
 1261  2116
 1262   780
 1263  3167
 1264  1830
 1265   474
 1266  2895
 1267  1530
 1268   201
 1269  2604
 1270  1231
 1271  3658
 1272  2316
 1273   955
 1274  3374
 1275  2038
 1276   666
 1277  3091
 1278  1726
 1279   394
 1280  2791
 1281  1449
 1282   110
 1283  2515
 1284  1167
 1285  3589
 1286  2222
 1287   882
 1288  3291
 1289  1947
 1290   587
 1291  3002
 1292  1646
 1293   321
 1294  2715
 1295  1360
 1296    26
 1297  2422
 1298  1071
 1299  3489
 1300  2141
 1301   801
 1302  3195
 1303  1846
 1304   513
 1305  2921
 1306  1554
 1307   202
 1308  2615
 1309  1281
 1310  3676
 1311  2354
 1312   997
 1313  3387
 1314  2055
 1315   692
 1316  3112
 1317  1768
 1318   414
 1319  2834
 1320  1461
 1321   136
 1322  2525
 1323  1197
 1324  3607
 1325  2251
 1326   915
 1327  3319
 1328  1978
 1329   628
 1330  3040
 1331  1682
 1332   322
 1333  2750
 1334  1390
 1335    38
 1336  2442
 1337  1101
 1338  3530
 1339  2151
 1340   817
 1341  3231
 1342  1860
 1343   533
 1344  2938
 1345  1592
 1346   234
 1347  2659
 1348  1315
 1349  3698
 1350  2376
 1351  1012
 1352  3422
 1353  2067
 1354   741
 1355  3139
 1356  1784
 1357   436
 1358  2861
 1359  1502
 1360   146
 1361  2575
 1362  1195
 1363  3626
 1364  2292
 1365   927
 1366  3350
 1367  1991
 1368   636
 1369  3036
 1370  1690
 1371   370
 1372  2765
 1373  1401
 1374    75
 1375  2479
 1376  1141
 1377  3532
 1378  2194
 1379   853
 1380  3251
 1381  1893
 1382   543
 1383  2953
 1384  1619
 1385   281
 1386  2690
 1387  1325
 1388  3759
 1389  2396
 1390  1058
 1391  3469
 1392  2088
 1393   757
 1394  3183
 1395  1822
 1396   476
 1397  2889
 1398  1541
 1399   193
 1400  2597
 1401  1253
 1402  3654
 1403  2291
 1404   946
 1405  3379
 1406  2019
 1407   656
 1408  3073
 1409  1729
 1410   378
 1411  2795
 1412  1455
 1413    88
 1414  2512
 1415  1157
 1416  3555
 1417  2219
 1418   881
 1419  3271
 1420  1916
 1421   572
 1422  2990
 1423  1624
 1424   277
 1425  2714
 1426  1363
 1427     9
 1428  2421
 1429  1068
 1430  3487
 1431  2136
 1432   796
 1433  3189
 1434  1832
 1435   479
 1436  2893
 1437  1563
 1438   215
 1439  2614
 1440  1271
 1441  3672
 1442  2337
 1443   966
 1444  3371
 1445  2031
 1446   701
 1447  3097
 1448  1758
 1449   392
 1450  2823
 1451  1452
 1452   116
 1453  2529
 1454  1171
 1455  3576
 1456  2239
 1457   890
 1458  3311
 1459  1949
 1460   588
 1461  3013
 1462  1662
 1463   320
 1464  2742
 1465  1365
 1466    16
 1467  2439
 1468  1092
 1469  3513
 1470  2154
 1471   826
 1472  3210
 1473  1864
 1474   527
 1475  2922
 1476  1587
 1477   225
 1478  2639
 1479  1300
 1480  3694
 1481  2361
 1482  1016
 1483  3428
 1484  2082
 1485   723
 1486  3122
 1487  1773
 1488   424
 1489  2835
 1490  1482
 1491   142
 1492  2544
 1493  1190
 1494  3622
 1495  2263
 1496   924
 1497  3344
 1498  1977
 1499   646
 1500  3048
 1501  1687
 1502   343
 1503  2767
 1504  1425
 1505    66
 1506  2459
 1507  1116
 1508  3516
 1509  2186
 1510   831
 1511  3261
 1512  1891
 1513   534
 1514  2966
 1515  1618
 1516   239
 1517  2683
 1518  1317
 1519  3747
 1520  2398
 1521  1041
 1522  3446
 1523  2077
 1524   727
 1525  3163
 1526  1816
 1527   464
 1528  2877
 1529  1523
 1530   159
 1531  2562
 1532  1244
 1533  3660
 1534  2280
 1535   964
 1536  3347
 1537  1995
 1538   648
 1539  3076
 1540  1741
 1541   363
 1542  2792
 1543  1441
 1544    87
 1545  2497
 1546  1156
 1547  3550
 1548  2217
 1549   863
 1550  3283
 1551  1928
 1552   581
 1553  2999
 1554  1654
 1555   283
 1556  2702
 1557  1348
 1558  3755
 1559  2410
 1560  1051
 1561  3476
 1562  2105
 1563   765
 1564  3193
 1565  1839
 1566   480
 1567  2886
 1568  1558
 1569   200
 1570  2608
 1571  1261
 1572  3669
 1573  2335
 1574   982
 1575  3381
 1576  2037
 1577   689
 1578  3108
 1579  1748
 1580   408
 1581  2798
 1582  1468
 1583    97
 1584  2533
 1585  1179
 1586  3585
 1587  2229
 1588   866
 1589  3288
 1590  1962
 1591   613
 1592  3026
 1593  1645
 1594   327
 1595  2729
 1596  1362
 1597     8
 1598  2416
 1599  1096
 1600  3503
 1601  2146
 1602   790
 1603  3199
 1604  1850
 1605   526
 1606  2920
 1607  1552
 1608   214
 1609  2617
 1610  1301
 1611  3705
 1612  2330
 1613  1002
 1614  3412
 1615  2041
 1616   702
 1617  3119
 1618  1771
 1619   430
 1620  2840
 1621  1486
 1622   155
 1623  2547
 1624  1175
 1625  3611
 1626  2265
 1627   893
 1628  3339
 1629  1963
 1630   606
 1631  3035
 1632  1701
 1633   342
 1634  2748
 1635  1380
 1636    36
 1637  2475
 1638  1121
 1639  3542
 1640  2174
 1641   805
 1642  3228
 1643  1866
 1644   544
 1645  2963
 1646  1606
 1647   255
 1648  2645
 1649  1302
 1650  3708
 1651  2358
 1652  1033
 1653  3432
 1654  2090
 1655   752
 1656  3133
 1657  1781
 1658   429
 1659  2858
 1660  1515
 1661   161
 1662  2589
 1663  1236
 1664  3639
 1665  2273
 1666   916
 1667  3365
 1668  1985
 1669   655
 1670  3075
 1671  1724
 1672   354
 1673  2793
 1674  1415
 1675    63
 1676  2484
 1677  1146
 1678  3562
 1679  2203
 1680   832
 1681  3263
 1682  1904
 1683   558
 1684  2985
 1685  1625
 1686   264
 1687  2669
 1688  1353
 1689  3731
 1690  2409
 1691  1064
 1692  3450
 1693  2098
 1694   768
 1695  3158
 1696  1836
 1697   493
 1698  2869
 1699  1525
 1700   203
 1701  2603
 1702  1250
 1703  3649
 1704  2300
 1705   962
 1706  3393
 1707  2011
 1708   661
 1709  3094
 1710  1722
 1711   373
 1712  2779
 1713  1438
 1714   115
 1715  2493
 1716  1173
 1717  3584
 1718  2224
 1719   880
 1720  3276
 1721  1940
 1722   571
 1723  3006
 1724  1664
 1725   291
 1726  2711
 1727  1361
 1728    23
 1729  2404
 1730  1062
 1731  3477
 1732  2149
 1733   775
 1734  3207
 1735  1840
 1736   517
 1737  2919
 1738  1569
 1739   229
 1740  2638
 1741  1283
 1742  3686
 1743  2332
 1744   990
 1745  3391
 1746  2053
 1747   706
 1748  3101
 1749  1751
 1750   418
 1751  2813
 1752  1473
 1753   132
 1754  2527
 1755  1194
 1756  3590
 1757  2241
 1758   901
 1759  3324
 1760  1952
 1761   601
 1762  3034
 1763  1683
 1764   319
 1765  2735
 1766  1378
 1767    18
 1768  2452
 1769  1083
 1770  3498
 1771  2145
 1772   820
 1773  3229
 1774  1878
 1775   522
 1776  2923
 1777  1597
 1778   247
 1779  2636
 1780  1311
 1781  3703
 1782  2375
 1783   995
 1784  3411
 1785  2089
 1786   707
 1787  3156
 1788  1792
 1789   427
 1790  2865
 1791  1500
 1792   173
 1793  2568
 1794  1219
 1795  3631
 1796  2271
 1797   945
 1798  3346
 1799  1993
 1800   633
 1801  3051
 1802  1716
 1803   357
 1804  2772
 1805  1420
 1806    49
 1807  2473
 1808  1144
 1809  3531
 1810  2179
 1811   842
 1812  3240
 1813  1901
 1814   562
 1815  2965
 1816  1615
 1817   240
 1818  2685
 1819  1307
 1820  3748
 1821  2380
 1822  1020
 1823  3440
 1824  2102
 1825   750
 1826  3150
 1827  1820
 1828   458
 1829  2878
 1830  1527
 1831   166
 1832  2576
 1833  1225
 1834  3648
 1835  2293
 1836   943
 1837  3361
 1838  2006
 1839   680
 1840  3080
 1841  1742
 1842   390
 1843  2789
 1844  1421
 1845    84
 1846  2498
 1847  1148
 1848  3573
 1849  2227
 1850   859
 1851  3285
 1852  1912
 1853   574
 1854  2986
 1855  1650
 1856   305
 1857  2701
 1858  1371
 1859  3758
 1860  2397
 1861  1063
 1862  3491
 1863  2133
 1864   772
 1865  3178
 1866  1854
 1867   490
 1868  2902
 1869  1539
 1870   211
 1871  2616
 1872  1268
 1873  3690
 1874  2324
 1875   989
 1876  3382
 1877  2042
 1878   677
 1879  3090
 1880  1760
 1881   391
 1882  2808
 1883  1479
 1884   103
 1885  2540
 1886  1182
 1887  3586
 1888  2233
 1889   892
 1890  3309
 1891  1976
 1892   616
 1893  3004
 1894  1665
 1895   334
 1896  2717
 1897  1397
 1898    19
 1899  2436
 1900  1073
 1901  3506
 1902  2137
 1903   797
 1904  3222
 1905  1871
 1906   523
 1907  2925
 1908  1585
 1909   243
 1910  2628
 1911  1284
 1912  3701
 1913  2342
 1914   992
 1915  3420
 1916  2044
 1917   720
 1918  3145
 1919  1763
 1920   415
 1921  2842
 1922  1499
 1923   160
 1924  2536
 1925  1193
 1926  3619
 1927  2285
 1928   912
 1929  3329
 1930  1979
 1931   619
 1932  3027
 1933  1681
 1934   345
 1935  2764
 1936  1405
 1937    55
 1938  2483
 1939  1123
 1940  3536
 1941  2161
 1942   827
 1943  3224
 1944  1888
 1945   550
 1946  2956
 1947  1604
 1948   249
 1949  2660
 1950  1329
 1951  3742
 1952  2356
 1953  1039
 1954  3424
 1955  2104
 1956   747
 1957  3166
 1958  1793
 1959   438
 1960  2871
 1961  1526
 1962   158
 1963  2580
 1964  1237
 1965  3644
 1966  2286
 1967   942
 1968  3355
 1969  1989
 1970   651
 1971  3074
 1972  1720
 1973   355
 1974  2775
 1975  1445
 1976   101
 1977  2506
 1978  1149
 1979  3553
 1980  2215
 1981   847
 1982  3270
 1983  1915
 1984   546
 1985  2972
 1986  1617
 1987   280
 1988  2703
 1989  1347
 1990     6
 1991  2399
 1992  1034
 1993  3481
 1994  2120
 1995   778
 1996  3190
 1997  1843
 1998   477
 1999  2904
 2000  1546
 2001   185
 2002  2613
 2003  1241
 2004  3681
 2005  2326
 2006   985
 2007  3377
 2008  2021
 2009   678
 2010  3093
 2011  1754
 2012   379
 2013  2809
 2014  1462
 2015   100
 2016  2530
 2017  1163
 2018  3574
 2019  2207
 2020   869
 2021  3304
 2022  1934
 2023   605
 2024  2991
 2025  1641
 2026   304
 2027  2720
 2028  1389
 2029    15
 2030  2432
 2031  1070
 2032  3495
 2033  2147
 2034   788
 2035  3218
 2036  1841
 2037   511
 2038  2930
 2039  1565
 2040   222
 2041  2651
 2042  1267
 2043  3702
 2044  2348
 2045   991
 2046  3403
 2047  2045
 2048   719
 2049  3134
 2050  1765
 2051   434
 2052  2838
 2053  1471
 2054   138
 2055  2532
 2056  1181
 2057  3587
 2058  2277
 2059   925
 2060  3299
 2061  1961
 2062   623
 2063  3025
 2064  1684
 2065   348
 2066  2731
 2067  1391
 2068    24
 2069  2437
 2070  1120
 2071  3520
 2072  2165
 2073   830
 2074  3238
 2075  1883
 2076   521
 2077  2957
 2078  1610
 2079   252
 2080  2663
 2081  1289
 2082  3732
 2083  2366
 2084  1010
 2085  3443
 2086  2087
 2087   715
 2088  3131
 2089  1797
 2090   454
 2091  2845
 2092  1520
 2093   176
 2094  2567
 2095  1227
 2096  3641
 2097  2269
 2098   939
 2099  3353
 2100  2009
 2101   664
 2102  3054
 2103  1693
 2104   347
 2105  2751
 2106  1412
 2107    81
 2108  2472
 2109  1128
 2110  3533
 2111  2185
 2112   841
 2113  3257
 2114  1906
 2115   556
 2116  2968
 2117  1614
 2118   288
 2119  2672
 2120  1328
 2121  3745
 2122  2400
 2123  1021
 2124  3449
 2125  2118
 2126   759
 2127  3177
 2128  1803
 2129   466
 2130  2879
 2131  1518
 2132   171
 2133  2601
 2134  1234
 2135  3679
 2136  2322
 2137   965
 2138  3366
 2139  2025
 2140   652
 2141  3095
 2142  1718
 2143   395
 2144  2807
 2145  1459
 2146    86
 2147  2508
 2148  1150
 2149  3577
 2150  2228
 2151   876
 2152  3292
 2153  1925
 2154   592
 2155  3010
 2156  1635
 2157   300
 2158  2705
 2159  1364
 2160    21
 2161  2424
 2162  1086
 2163  3500
 2164  2114
 2165   791
 2166  3181
 2167  1833
 2168   483
 2169  2916
 2170  1555
 2171   216
 2172  2624
 2173  1286
 2174  3667
 2175  2341
 2176   987
 2177  3392
 2178  2050
 2179   693
 2180  3089
 2181  1774
 2182   422
 2183  2824
 2184  1484
 2185   126
 2186  2531
 2187  1191
 2188  3608
 2189  2231
 2190   887
 2191  3289
 2192  1968
 2193   614
 2194  3029
 2195  1686
 2196   316
 2197  2719
 2198  1368
 2199    46
 2200  2456
 2201  1095
 2202  3509
 2203  2175
 2204   822
 2205  3227
 2206  1861
 2207   512
 2208  2946
 2209  1564
 2210   224
 2211  2648
 2212  1303
 2213  3706
 2214  2373
 2215  1013
 2216  3437
 2217  2076
 2218   713
 2219  3130
 2220  1801
 2221   421
 2222  2866
 2223  1497
 2224   149
 2225  2552
 2226  1210
 2227  3637
 2228  2287
 2229   913
 2230  3341
 2231  1997
 2232   632
 2233  3037
 2234  1708
 2235   344
 2236  2777
 2237  1394
 2238    60
 2239  2466
 2240  1104
 2241  3528
 2242  2195
 2243   833
 2244  3262
 2245  1905
 2246   539
 2247  2974
 2248  1609
 2249   244
 2250  2684
 2251  1326
 2252  3738
 2253  2364
 2254  1030
 2255  3459
 2256  2110
 2257   743
 2258  3151
 2259  1819
 2260   478
 2261  2868
 2262  1512
 2263   175
 2264  2588
 2265  1238
 2266  3640
 2267  2296
 2268   941
 2269  3380
 2270  1998
 2271   665
 2272  3085
 2273  1713
 2274   361
 2275  2782
 2276  1426
 2277    80
 2278  2513
 2279  1137
 2280  3564
 2281  2191
 2282   871
 2283  3258
 2284  1943
 2285   577
 2286  2982
 2287  1626
 2288   293
 2289  2679
 2290  1334
 2291     1
 2292  2408
 2293  1054
 2294  3460
 2295  2130
 2296   798
 2297  3206
 2298  1844
 2299   494
 2300  2882
 2301  1550
 2302   204
 2303  2619
 2304  1266
 2305  3673
 2306  2314
 2307   973
 2308  3390
 2309  2024
 2310   688
 2311  3084
 2312  1764
 2313   389
 2314  2825
 2315  1470
 2316   122
 2317  2507
 2318  1160
 2319  3600
 2320  2226
 2321   895
 2322  3306
 2323  1951
 2324   602
 2325  3024
 2326  1668
 2327   310
 2328  2730
 2329  1392
 2330    22
 2331  2435
 2332  1093
 2333  3492
 2334  2163
 2335   802
 2336  3203
 2337  1847
 2338   518
 2339  2927
 2340  1583
 2341   226
 2342  2653
 2343  1272
 2344  3711
 2345  2353
 2346  1003
 2347  3414
 2348  2047
 2349   716
 2350  3123
 2351  1790
 2352   437
 2353  2848
 2354  1475
 2355   129
 2356  2571
 2357  1198
 2358  3616
 2359  2264
 2360   902
 2361  3316
 2362  1983
 2363   638
 2364  3038
 2365  1673
 2366   346
 2367  2761
 2368  1387
 2369    44
 2370  2468
 2371  1130
 2372  3547
 2373  2173
 2374   819
 2375  3226
 2376  1886
 2377   535
 2378  2944
 2379  1594
 2380   258
 2381  2674
 2382  1304
 2383  3733
 2384  2360
 2385  1037
 2386  3447
 2387  2091
 2388   736
 2389  3142
 2390  1806
 2391   448
 2392  2863
 2393  1528
 2394   156
 2395  2565
 2396  1222
 2397  3630
 2398  2290
 2399   957
 2400  3368
 2401  1982
 2402   654
 2403  3072
 2404  1699
 2405   380
 2406  2760
 2407  1418
 2408    73
 2409  2482
 2410  1142
 2411  3554
 2412  2213
 2413   864
 2414  3264
 2415  1902
 2416   557
 2417  2988
 2418  1630
 2419   270
 2420  2706
 2421  1343
 2422  3756
 2423  2387
 2424  1060
 2425  3456
 2426  2095
 2427   751
 2428  3185
 2429  1845
 2430   472
 2431  2888
 2432  1534
 2433   206
 2434  2621
 2435  1254
 2436  3652
 2437  2319
 2438   954
 2439  3376
 2440  2039
 2441   667
 2442  3077
 2443  1728
 2444   398
 2445  2817
 2446  1457
 2447   102
 2448  2528
 2449  1180
 2450  3566
 2451  2237
 2452   875
 2453  3284
 2454  1945
 2455   599
 2456  2995
 2457  1639
 2458   286
 2459  2710
 2460  1373
 2461    25
 2462  2451
 2463  1082
 2464  3488
 2465  2150
 2466   787
 2467  3200
 2468  1868
 2469   497
 2470  2899
 2471  1582
 2472   198
 2473  2642
 2474  1269
 2475  3699
 2476  2331
 2477   981
 2478  3389
 2479  2054
 2480   696
 2481  3103
 2482  1757
 2483   435
 2484  2837
 2485  1488
 2486   130
 2487  2555
 2488  1185
 2489  3601
 2490  2249
 2491   918
 2492  3303
 2493  1958
 2494   608
 2495  3011
 2496  1670
 2497   317
 2498  2743
 2499  1399
 2500    59
 2501  2443
 2502  1118
 2503  3499
 2504  2153
 2505   816
 2506  3243
 2507  1897
 2508   530
 2509  2950
 2510  1574
 2511   250
 2512  2646
 2513  1316
 2514  3720
 2515  2372
 2516  1022
 2517  3415
 2518  2080
 2519   717
 2520  3129
 2521  1783
 2522   447
 2523  2867
 2524  1491
 2525   147
 2526  2574
 2527  1221
 2528  3643
 2529  2268
 2530   917
 2531  3345
 2532  1994
 2533   631
 2534  3066
 2535  1704
 2536   341
 2537  2756
 2538  1410
 2539    64
 2540  2463
 2541  1114
 2542  3539
 2543  2197
 2544   854
 2545  3248
 2546  1908
 2547   553
 2548  2987
 2549  1603
 2550   271
 2551  2680
 2552  1345
 2553  3754
 2554  2394
 2555  1024
 2556  3445
 2557  2099
 2558   748
 2559  3164
 2560  1809
 2561   485
 2562  2891
 2563  1513
 2564   174
 2565  2598
 2566  1251
 2567  3665
 2568  2311
 2569   969
 2570  3384
 2571  2032
 2572   686
 2573  3100
 2574  1715
 2575   374
 2576  2797
 2577  1444
 2578    92
 2579  2488
 2580  1158
 2581  3571
 2582  2230
 2583   874
 2584  3277
 2585  1918
 2586   579
 2587  2977
 2588  1658
 2589   274
 2590  2699
 2591  1366
 2592    17
 2593  2405
 2594  1078
 2595  3485
 2596  2121
 2597   763
 2598  3191
 2599  1826
 2600   487
 2601  2913
 2602  1570
 2603   207
 2604  2610
 2605  1257
 2606  3682
 2607  2315
 2608   978
 2609  3395
 2610  2048
 2611   708
 2612  3117
 2613  1761
 2614   400
 2615  2803
 2616  1456
 2617   120
 2618  2534
 2619  1188
 2620  3591
 2621  2257
 2622   910
 2623  3296
 2624  1944
 2625   620
 2626  3022
 2627  1657
 2628   314
 2629  2736
 2630  1395
 2631    31
 2632  2460
 2633  1107
 2634  3521
 2635  2171
 2636   825
 2637  3225
 2638  1880
 2639   499
 2640  2933
 2641  1571
 2642   237
 2643  2656
 2644  1296
 2645  3709
 2646  2371
 2647   998
 2648  3429
 2649  2064
 2650   724
 2651  3147
 2652  1776
 2653   416
 2654  2829
 2655  1495
 2656   131
 2657  2545
 2658  1186
 2659  3605
 2660  2260
 2661   926
 2662  3334
 2663  1999
 2664   630
 2665  3053
 2666  1696
 2667   331
 2668  2744
 2669  1413
 2670    70
 2671  2461
 2672  1105
 2673  3525
 2674  2180
 2675   823
 2676  3246
 2677  1913
 2678   554
 2679  2949
 2680  1602
 2681   246
 2682  2682
 2683  1308
 2684  3728
 2685  2390
 2686  1040
 2687  3433
 2688  2084
 2689   738
 2690  3155
 2691  1817
 2692   459
 2693  2857
 2694  1535
 2695   180
 2696  2569
 2697  1247
 2698  3634
 2699  2298
 2700   936
 2701  3362
 2702  2026
 2703   650
 2704  3056
 2705  1735
 2706   371
 2707  2778
 2708  1429
 2709    77
 2710  2499
 2711  1166
 2712  3551
 2713  2199
 2714   855
 2715  3267
 2716  1939
 2717   580
 2718  2981
 2719  1651
 2720   284
 2721  2709
 2722  1341
 2723  3750
 2724  2417
 2725  1050
 2726  3463
 2727  2128
 2728   774
 2729  3194
 2730  1827
 2731   496
 2732  2896
 2733  1559
 2734   196
 2735  2622
 2736  1262
 2737  3655
 2738  2306
 2739   963
 2740  3396
 2741  2033
 2742   699
 2743  3079
 2744  1766
 2745   387
 2746  2810
 2747  1460
 2748   112
 2749  2510
 2750  1174
 2751  3572
 2752  2216
 2753   897
 2754  3302
 2755  1931
 2756   594
 2757  3008
 2758  1672
 2759   328
 2760  2740
 2761  1386
 2762    28
 2763  2433
 2764  1075
 2765  3482
 2766  2148
 2767   807
 2768  3213
 2769  1855
 2770   509
 2771  2931
 2772  1580
 2773   209
 2774  2644
 2775  1291
 2776  3719
 2777  2336
 2778  1009
 2779  3410
 2780  2049
 2781   714
 2782  3146
 2783  1777
 2784   419
 2785  2854
 2786  1489
 2787   137
 2788  2564
 2789  1201
 2790  3615
 2791  2246
 2792   928
 2793  3338
 2794  1990
 2795   615
 2796  3045
 2797  1669
 2798   350
 2799  2758
 2800  1407
 2801    33
 2802  2455
 2803  1098
 2804  3526
 2805  2183
 2806   813
 2807  3230
 2808  1885
 2809   551
 2810  2935
 2811  1613
 2812   266
 2813  2654
 2814  1314
 2815  3727
 2816  2362
 2817  1035
 2818  3425
 2819  2083
 2820   718
 2821  3148
 2822  1789
 2823   456
 2824  2856
 2825  1529
 2826   152
 2827  2581
 2828  1215
 2829  3653
 2830  2297
 2831   929
 2832  3343
 2833  2015
 2834   657
 2835  3070
 2836  1721
 2837   369
 2838  2784
 2839  1422
 2840    93
 2841  2491
 2842  1135
 2843  3557
 2844  2209
 2845   848
 2846  3250
 2847  1923
 2848   564
 2849  2962
 2850  1642
 2851   267
 2852  2708
 2853  1339
 2854  3736
 2855  2414
 2856  1045
 2857  3462
 2858  2111
 2859   760
 2860  3175
 2861  1805
 2862   471
 2863  2870
 2864  1524
 2865   192
 2866  2587
 2867  1233
 2868  3663
 2869  2313
 2870   956
 2871  3373
 2872  2022
 2873   658
 2874  3102
 2875  1734
 2876   367
 2877  2794
 2878  1450
 2879   105
 2880  2526
 2881  1164
 2882  3593
 2883  2221
 2884   886
 2885  3294
 2886  1955
 2887   595
 2888  2998
 2889  1638
 2890   306
 2891  2700
 2892  1358
 2893  3761
 2894  2423
 2895  1090
 2896  3483
 2897  2152
 2898   785
 2899  3219
 2900  1856
 2901   486
 2902  2903
 2903  1560
 2904   208
 2905  2637
 2906  1275
 2907  3697
 2908  2349
 2909   971
 2910  3409
 2911  2061
 2912   709
 2913  3115
 2914  1750
 2915   405
 2916  2833
 2917  1472
 2918   121
 2919  2543
 2920  1196
 2921  3617
 2922  2258
 2923   911
 2924  3307
 2925  1956
 2926   625
 2927  3041
 2928  1695
 2929   324
 2930  2726
 2931  1375
 2932    54
 2933  2448
 2934  1117
 2935  3522
 2936  2182
 2937   803
 2938  3211
 2939  1872
 2940   540
 2941  2945
 2942  1577
 2943   248
 2944  2664
 2945  1306
 2946  3700
 2947  2379
 2948  1005
 2949  3427
 2950  2075
 2951   722
 2952  3126
 2953  1798
 2954   440
 2955  2851
 2956  1498
 2957   167
 2958  2546
 2959  1217
 2960  3646
 2961  2267
 2962   940
 2963  3336
 2964  1980
 2965   637
 2966  3046
 2967  1714
 2968   335
 2969  2759
 2970  1406
 2971    82
 2972  2489
 2973  1139
 2974  3545
 2975  2177
 2976   829
 2977  3245
 2978  1910
 2979   548
 2980  2969
 2981  1631
 2982   259
 2983  2688
 2984  1320
 2985  3726
 2986  2388
 2987  1026
 2988  3441
 2989  2119
 2990   739
 2991  3153
 2992  1818
 2993   462
 2994  2862
 2995  1547
 2996   177
 2997  2595
 2998  1235
 2999  3657
 3000  2294
 3001   944
 3002  3356
 3003  2005
 3004   679
 3005  3061
 3006  1712
 3007   397
 3008  2786
 3009  1434
 3010    99
 3011  2503
 3012  1172
 3013  3568
 3014  2234
 3015   873
 3016  3293
 3017  1946
 3018   565
 3019  2984
 3020  1628
 3021   285
 3022  2689
 3023  1369
 3024    14
 3025  2426
 3026  1069
 3027  3472
 3028  2126
 3029   782
 3030  3204
 3031  1858
 3032   491
 3033  2911
 3034  1557
 3035   197
 3036  2633
 3037  1265
 3038  3692
 3039  2325
 3040   972
 3041  3397
 3042  2046
 3043   694
 3044  3109
 3045  1747
 3046   407
 3047  2818
 3048  1466
 3049   114
 3050  2537
 3051  1184
 3052  3609
 3053  2248
 3054   896
 3055  3305
 3056  1957
 3057   597
 3058  3014
 3059  1661
 3060   313
 3061  2721
 3062  1385
 3063    11
 3064  2427
 3065  1087
 3066  3490
 3067  2166
 3068   789
 3069  3223
 3070  1862
 3071   528
 3072  2914
 3073  1579
 3074   218
 3075  2631
 3076  1290
 3077  3712
 3078  2369
 3079  1015
 3080  3417
 3081  2085
 3082   734
 3083  3118
 3084  1787
 3085   450
 3086  2832
 3087  1494
 3088   150
 3089  2573
 3090  1216
 3091  3613
 3092  2279
 3093   934
 3094  3328
 3095  1964
 3096   626
 3097  3039
 3098  1688
 3099   353
 3100  2747
 3101  1427
 3102    43
 3103  2457
 3104  1111
 3105  3523
 3106  2196
 3107   852
 3108  3232
 3109  1879
 3110   529
 3111  2959
 3112  1598
 3113   251
 3114  2678
 3115  1327
 3116  3718
 3117  2374
 3118  1048
 3119  3451
 3120  2092
 3121   735
 3122  3157
 3123  1813
 3124   442
 3125  2884
 3126  1521
 3127   184
 3128  2582
 3129  1220
 3130  3629
 3131  2299
 3132   933
 3133  3342
 3134  2014
 3135   674
 3136  3060
 3137  1707
 3138   382
 3139  2774
 3140  1431
 3141    76
 3142  2481
 3143  1154
 3144  3569
 3145  2204
 3146   867
 3147  3279
 3148  1929
 3149   583
 3150  2979
 3151  1627
 3152   273
 3153  2693
 3154  1351
 3155  3762
 3156  2391
 3157  1042
 3158  3464
 3159  2127
 3160   755
 3161  3187
 3162  1810
 3163   465
 3164  2908
 3165  1532
 3166   191
 3167  2625
 3168  1260
 3169  3674
 3170  2334
 3171   984
 3172  3402
 3173  2013
 3174   671
 3175  3113
 3176  1733
 3177   383
 3178  2790
 3179  1448
 3180    96
 3181  2517
 3182  1153
 3183  3582
 3184  2252
 3185   900
 3186  3300
 3187  1953
 3188   586
 3189  3000
 3190  1644
 3191   298
 3192  2713
 3193  1381
 3194    30
 3195  2431
 3196  1094
 3197  3511
 3198  2129
 3199   814
 3200  3192
 3201  1867
 3202   503
 3203  2934
 3204  1578
 3205   228
 3206  2634
 3207  1282
 3208  3685
 3209  2347
 3210   988
 3211  3404
 3212  2052
 3213   712
 3214  3124
 3215  1769
 3216   411
 3217  2820
 3218  1465
 3219   153
 3220  2554
 3221  1205
 3222  3614
 3223  2266
 3224   921
 3225  3323
 3226  1960
 3227   627
 3228  3018
 3229  1700
 3230   352
 3231  2755
 3232  1388
 3233    61
 3234  2478
 3235  1103
 3236  3541
 3237  2156
 3238   808
 3239  3234
 3240  1884
 3241   536
 3242  2961
 3243  1599
 3244   232
 3245  2668
 3246  1322
 3247  3722
 3248  2365
 3249  1031
 3250  3448
 3251  2072
 3252   742
 3253  3154
 3254  1800
 3255   432
 3256  2850
 3257  1496
 3258   144
 3259  2566
 3260  1206
 3261  3638
 3262  2305
 3263   949
 3264  3351
 3265  2008
 3266   659
 3267  3068
 3268  1703
 3269   360
 3270  2771
 3271  1432
 3272    68
 3273  2502
 3274  1129
 3275  3559
 3276  2206
 3277   865
 3278  3281
 3279  1909
 3280   568
 3281  2976
 3282  1612
 3283   261
 3284  2667
 3285  1337
 3286  3757
 3287  2406
 3288  1025
 3289  3470
 3290  2122
 3291   771
 3292  3169
 3293  1808
 3294   469
 3295  2890
 3296  1551
 3297   181
 3298  2593
 3299  1246
 3300  3677
 3301  2309
 3302   958
 3303  3370
 3304  2040
 3305   687
 3306  3087
 3307  1739
 3308   386
 3309  2801
 3310  1443
 3311   107
 3312  2522
 3313  1147
 3314  3581
 3315  2202
 3316   857
 3317  3273
 3318  1927
 3319   591
 3320  3001
 3321  1634
 3322   287
 3323  2727
 3324  1338
 3325     0
 3326  2438
 3327  1067
 3328  3478
 3329  2155
 3330   783
 3331  3201
 3332  1848
 3333   504
 3334  2907
 3335  1572
 3336   217
 3337  2632
 3338  1279
 3339  3695
 3340  2333
 3341  1001
 3342  3398
 3343  2030
 3344   690
 3345  3127
 3346  1745
 3347   409
 3348  2830
 3349  1490
 3350   113
 3351  2524
 3352  1208
 3353  3596
 3354  2235
 3355   905
 3356  3310
 3357  1954
 3358   610
 3359  3033
 3360  1680
 3361   333
 3362  2738
 3363  1384
 3364    48
 3365  2450
 3366  1115
 3367  3501
 3368  2172
 3369   824
 3370  3215
 3371  1889
 3372   514
 3373  2939
 3374  1581
 3375   245
 3376  2647
 3377  1297
 3378  3729
 3379  2351
 3380  1017
 3381  3435
 3382  2068
 3383   726
 3384  3125
 3385  1785
 3386   425
 3387  2839
 3388  1505
 3389   139
 3390  2557
 3391  1211
 3392  3610
 3393  2262
 3394   919
 3395  3325
 3396  2004
 3397   644
 3398  3058
 3399  1689
 3400   365
 3401  2763
 3402  1402
 3403    65
 3404  2480
 3405  1124
 3406  3552
 3407  2187
 3408   837
 3409  3241
 3410  1914
 3411   545
 3412  2947
 3413  1620
 3414   282
 3415  2658
 3416  1333
 3417  3739
 3418  2381
 3419  1032
 3420  3439
 3421  2101
 3422   764
 3423  3170
 3424  1823
 3425   473
 3426  2875
 3427  1540
 3428   178
 3429  2592
 3430  1252
 3431  3645
 3432  2318
 3433   952
 3434  3372
 3435  2017
 3436   672
 3437  3062
 3438  1711
 3439   375
 3440  2776
 3441  1454
 3442   106
 3443  2514
 3444  1143
 3445  3563
 3446  2193
 3447   870
 3448  3278
 3449  1937
 3450   590
 3451  2996
 3452  1643
 3453   295
 3454  2681
 3455  1331
 3456    12
 3457  2407
 3458  1057
 3459  3494
 3460  2134
 3461   758
 3462  3173
 3463  1853
 3464   492
 3465  2910
 3466  1536
 3467   187
 3468  2618
 3469  1277
 3470  3675
 3471  2338
 3472   967
 3473  3399
 3474  2043
 3475   673
 3476  3096
 3477  1770
 3478   412
 3479  2831
 3480  1477
 3481   111
 3482  2541
 3483  1183
 3484  3592
 3485  2238
 3486   877
 3487  3313
 3488  1938
 3489   609
 3490  3009
 3491  1663
 3492   311
 3493  2737
 3494  1376
 3495    41
 3496  2434
 3497  1100
 3498  3504
 3499  2159
 3500   792
 3501  3220
 3502  1882
 3503   520
 3504  2941
 3505  1588
 3506   233
 3507  2640
 3508  1285
 3509  3714
 3510  2367
 3511  1000
 3512  3408
 3513  2069
 3514   697
 3515  3138
 3516  1762
 3517   446
 3518  2836
 3519  1492
 3520   133
 3521  2560
 3522  1200
 3523  3621
 3524  2254
 3525   907
 3526  3322
 3527  1967
 3528   624
 3529  3055
 3530  1675
 3531   339
 3532  2757
 3533  1400
 3534    56
 3535  2454
 3536  1113
 3537  3517
 3538  2181
 3539   840
 3540  3255
 3541  1887
 3542   542
 3543  2970
 3544  1595
 3545   254
 3546  2676
 3547  1309
 3548  3746
 3549  2357
 3550  1014
 3551  3423
 3552  2106
 3553   729
 3554  3160
 3555  1812
 3556   460
 3557  2876
 3558  1510
 3559   157
 3560  2596
 3561  1230
 3562  3662
 3563  2304
 3564   931
 3565  3363
 3566  2003
 3567   660
 3568  3065
 3569  1727
 3570   356
 3571  2766
 3572  1433
 3573    72
 3574  2500
 3575  1145
 3576  3558
 3577  2211
 3578   846
 3579  3249
 3580  1924
 3581   585
 3582  2975
 3583  1652
 3584   265
 3585  2673
 3586  1359
 3587  3744
 3588  2401
 3589  1036
 3590  3468
 3591  2125
 3592   776
 3593  3172
 3594  1835
 3595   470
 3596  2892
 3597  1544
 3598   186
 3599  2586
 3600  1258
 3601  3656
 3602  2320
 3603   968
 3604  3367
 3605  2029
 3606   683
 3607  3107
 3608  1737
 3609   381
 3610  2811
 3611  1440
 3612   117
 3613  2523
 3614  1170
 3615  3594
 3616  2245
 3617   861
 3618  3298
 3619  1932
 3620   612
 3621  3016
 3622  1656
 3623   318
 3624  2724
 3625  1374
 3626    35
 3627  2430
 3628  1077
 3629  3502
 3630  2157
 3631   781
 3632  3208
 3633  1842
 3634   498
 3635  2936
 3636  1575
 3637   210
 3638  2626
 3639  1264
 3640  3691
 3641  2327
 3642   996
 3643  3400
 3644  2056
 3645   710
 3646  3105
 3647  1759
 3648   428
 3649  2828
 3650  1481
 3651   123
 3652  2549
 3653  1209
 3654  3612
 3655  2247
 3656   908
 3657  3308
 3658  1970
 3659   603
 3660  3031
 3661  1694
 3662   315
 3663  2753
 3664  1408
 3665    50
 3666  2462
 3667  1112
 3668  3515
 3669  2167
 3670   839
 3671  3236
 3672  1877
 3673   516
 3674  2951
 3675  1589
 3676   235
 3677  2649
 3678  1298
 3679  3715
 3680  2368
 3681  1027
 3682  3426
 3683  2065
 3684   733
 3685  3161
 3686  1779
 3687   445
 3688  2847
 3689  1501
 3690   143
 3691  2583
 3692  1229
 3693  3624
 3694  2274
 3695   923
 3696  3326
 3697  2002
 3698   662
 3699  3064
 3700  1723
 3701   351
 3702  2752
 3703  1437
 3704    85
 3705  2477
 3706  1122
 3707  3561
 3708  2205
 3709   849
 3710  3269
 3711  1896
 3712   576
 3713  2955
 3714  1621
 3715   253
 3716  2671
 3717  1336
 3718  3737
 3719  2395
 3720  1053
 3721  3473
 3722  2103
 3723   745
 3724  3165
 3725  1811
 3726   468
 3727  2872
 3728  1542
 3729   168
 3730  2602
 3731  1259
 3732  3647
 3733  2302
 3734   961
 3735  3369
 3736  2023
 3737   675
 3738  3071
 3739  1744
 3740   406
 3741  2814
 3742  1439
 3743   109
 3744  2518
 3745  1165
 3746  3570
 3747  2232
 3748   860
 3749  3287
 3750  1941
 3751   584
 3752  3003
 3753  1632
 3754   307
 3755  2716
 3756  1367
 3757     7
 3758  2415
 3759  1074
 3760  3474
 3761  2117
 3762   779
 3763  3184
