FR80T5X32L1
Turbo Code Interleaving
User data with 4 flush bits = 2724
NOTE: S-bit is the bit index after interleaving. Data-bit is the index of user data
S-bit Data-bit
    0    28
    1  1769
    2   771
    3  2530
    4  1566
    5   572
    6  2320
    7  1351
    8   365
    9  2122
   10  1136
   11   168
   12  1899
   13   935
   14  2681
   15  1708
   16   706
   17  2469
   18  1494
   19   510
   20  2250
   21  1282
   22   313
   23  2047
   24  1061
   25    84
   26  1852
   27   875
   28  2625
   29  1626
   30   669
   31  2413
   32  1426
   33   460
   34  2184
   35  1212
   36   239
   37  1979
   38  1001
   39    32
   40  1777
   41   795
   42  2559
   43  1572
   44   585
   45  2343
   46  1359
   47   380
   48  2131
   49  1164
   50   165
   51  1929
   52   937
   53  2702
   54  1724
   55   744
   56  2503
   57  1499
   58   523
   59  2267
   60  1294
   61   329
   62  2064
   63  1090
   64   123
   65  1861
   66   899
   67  2637
   68  1658
   69   676
   70  2409
   71  1437
   72   467
   73  2208
   74  1249
   75   274
   76  2012
   77  1039
   78    62
   79  1806
   80   818
   81  2562
   82  1599
   83   613
   84  2358
   85  1385
   86   422
   87  2143
   88  1187
   89   196
   90  1951
   91   970
   92  2714
   93  1739
   94   750
   95  2507
   96  1516
   97   563
   98  2295
   99  1323
  100   331
  101  2084
  102  1121
  103   130
  104  1875
  105   911
  106  2656
  107  1680
  108   690
  109  2430
  110  1457
  111   482
  112  2239
  113  1268
  114   278
  115  2038
  116  1046
  117    69
  118  1807
  119   834
  120  2578
  121  1622
  122   631
  123  2375
  124  1402
  125   435
  126  2171
  127  1191
  128   225
  129  1968
  130   968
  131     4
  132  1757
  133   785
  134  2517
  135  1553
  136   558
  137  2303
  138  1331
  139   359
  140  2111
  141  1135
  142   140
  143  1887
  144   926
  145  2669
  146  1685
  147   701
  148  2460
  149  1493
  150   512
  151  2256
  152  1265
  153   295
  154  2030
  155  1074
  156    85
  157  1846
  158   872
  159  2593
  160  1631
  161   636
  162  2401
  163  1428
  164   447
  165  2185
  166  1210
  167   227
  168  1989
  169  1002
  170    40
  171  1772
  172   803
  173  2538
  174  1564
  175   582
  176  2345
  177  1354
  178   367
  179  2139
  180  1153
  181   175
  182  1930
  183   945
  184  2691
  185  1705
  186   738
  187  2466
  188  1501
  189   529
  190  2277
  191  1303
  192   314
  193  2063
  194  1096
  195   110
  196  1853
  197   884
  198  2624
  199  1653
  200   663
  201  2422
  202  1441
  203   465
  204  2215
  205  1235
  206   244
  207  2006
  208  1016
  209    43
  210  1782
  211   821
  212  2570
  213  1585
  214   617
  215  2352
  216  1372
  217   397
  218  2142
  219  1176
  220   190
  221  1935
  222   958
  223  2696
  224  1729
  225   758
  226  2508
  227  1529
  228   555
  229  2301
  230  1309
  231   339
  232  2095
  233  1098
  234   119
  235  1868
  236   896
  237  2650
  238  1664
  239   694
  240  2425
  241  1459
  242   494
  243  2230
  244  1243
  245   294
  246  2023
  247  1055
  248    55
  249  1813
  250   819
  251  2587
  252  1611
  253   635
  254  2372
  255  1403
  256   409
  257  2164
  258  1202
  259   217
  260  1946
  261   982
  262     1
  263  1740
  264   763
  265  2527
  266  1543
  267   561
  268  2296
  269  1325
  270   355
  271  2100
  272  1122
  273   148
  274  1903
  275   910
  276  2661
  277  1674
  278   703
  279  2454
  280  1489
  281   495
  282  2255
  283  1279
  284   290
  285  2028
  286  1047
  287    89
  288  1841
  289   841
  290  2590
  291  1619
  292   641
  293  2404
  294  1425
  295   431
  296  2182
  297  1198
  298   220
  299  1972
  300   993
  301    26
  302  1775
  303   796
  304  2549
  305  1545
  306   579
  307  2327
  308  1363
  309   385
  310  2129
  311  1146
  312   157
  313  1907
  314   934
  315  2689
  316  1698
  317   721
  318  2474
  319  1491
  320   506
  321  2263
  322  1293
  323   304
  324  2060
  325  1092
  326   102
  327  1847
  328   865
  329  2608
  330  1642
  331   659
  332  2408
  333  1427
  334   451
  335  2193
  336  1236
  337   261
  338  1988
  339  1032
  340    38
  341  1785
  342   815
  343  2545
  344  1570
  345   586
  346  2349
  347  1374
  348   400
  349  2130
  350  1157
  351   189
  352  1926
  353   964
  354  2690
  355  1720
  356   742
  357  2486
  358  1500
  359   538
  360  2274
  361  1300
  362   335
  363  2072
  364  1111
  365   109
  366  1877
  367   879
  368  2628
  369  1649
  370   678
  371  2429
  372  1444
  373   461
  374  2219
  375  1255
  376   267
  377  2014
  378  1029
  379    58
  380  1794
  381   833
  382  2567
  383  1592
  384   609
  385  2376
  386  1400
  387   411
  388  2145
  389  1171
  390   192
  391  1943
  392   974
  393  2705
  394  1727
  395   762
  396  2504
  397  1534
  398   552
  399  2313
  400  1311
  401   354
  402  2104
  403  1118
  404   139
  405  1889
  406   919
  407  2663
  408  1670
  409   704
  410  2451
  411  1461
  412   490
  413  2234
  414  1254
  415   285
  416  2036
  417  1043
  418    74
  419  1826
  420   853
  421  2581
  422  1602
  423   645
  424  2383
  425  1399
  426   420
  427  2186
  428  1201
  429   215
  430  1974
  431   981
  432    25
  433  1752
  434   789
  435  2516
  436  1540
  437   584
  438  2325
  439  1345
  440   368
  441  2120
  442  1125
  443   158
  444  1913
  445   914
  446  2666
  447  1692
  448   730
  449  2472
  450  1492
  451   501
  452  2270
  453  1271
  454   320
  455  2057
  456  1070
  457   107
  458  1854
  459   873
  460  2612
  461  1644
  462   658
  463  2390
  464  1434
  465   443
  466  2180
  467  1214
  468   236
  469  1991
  470  1021
  471    22
  472  1783
  473   805
  474  2535
  475  1568
  476   588
  477  2341
  478  1375
  479   373
  480  2123
  481  1143
  482   172
  483  1911
  484   932
  485  2703
  486  1723
  487   733
  488  2490
  489  1517
  490   530
  491  2281
  492  1299
  493   326
  494  2065
  495  1089
  496   104
  497  1851
  498   885
  499  2642
  500  1668
  501   688
  502  2406
  503  1439
  504   466
  505  2220
  506  1239
  507   263
  508  2017
  509  1024
  510    42
  511  1803
  512   822
  513  2561
  514  1588
  515   607
  516  2347
  517  1390
  518   403
  519  2150
  520  1182
  521   198
  522  1949
  523   959
  524  2708
  525  1726
  526   756
  527  2513
  528  1528
  529   556
  530  2297
  531  1322
  532   342
  533  2079
  534  1110
  535   133
  536  1885
  537   891
  538  2652
  539  1682
  540   687
  541  2444
  542  1473
  543   497
  544  2244
  545  1257
  546   292
  547  2032
  548  1049
  549    68
  550  1819
  551   825
  552  2592
  553  1595
  554   621
  555  2380
  556  1397
  557   412
  558  2169
  559  1206
  560   216
  561  1960
  562   977
  563    15
  564  1765
  565   780
  566  2519
  567  1550
  568   574
  569  2323
  570  1349
  571   362
  572  2098
  573  1119
  574   137
  575  1891
  576   925
  577  2657
  578  1678
  579   720
  580  2462
  581  1472
  582   496
  583  2253
  584  1267
  585   293
  586  2043
  587  1067
  588    80
  589  1823
  590   851
  591  2602
  592  1628
  593   640
  594  2400
  595  1411
  596   441
  597  2177
  598  1216
  599   240
  600  1973
  601   997
  602     8
  603  1771
  604   790
  605  2529
  606  1554
  607   587
  608  2326
  609  1358
  610   364
  611  2109
  612  1151
  613   161
  614  1923
  615   931
  616  2694
  617  1714
  618   725
  619  2488
  620  1504
  621   528
  622  2259
  623  1296
  624   302
  625  2069
  626  1081
  627   120
  628  1849
  629   887
  630  2622
  631  1636
  632   657
  633  2411
  634  1448
  635   477
  636  2196
  637  1229
  638   246
  639  2004
  640  1033
  641    36
  642  1801
  643   798
  644  2551
  645  1594
  646   612
  647  2355
  648  1371
  649   386
  650  2134
  651  1168
  652   193
  653  1921
  654   965
  655  2693
  656  1731
  657   757
  658  2492
  659  1519
  660   547
  661  2284
  662  1319
  663   348
  664  2090
  665  1101
  666   118
  667  1880
  668   889
  669  2643
  670  1669
  671   674
  672  2435
  673  1455
  674   469
  675  2229
  676  1259
  677   279
  678  2011
  679  1038
  680    71
  681  1818
  682   846
  683  2591
  684  1609
  685   624
  686  2364
  687  1392
  688   413
  689  2175
  690  1175
  691   214
  692  1948
  693   979
  694  2716
  695  1758
  696   781
  697  2510
  698  1531
  699   567
  700  2294
  701  1328
  702   351
  703  2088
  704  1115
  705   136
  706  1876
  707   922
  708  2667
  709  1671
  710   705
  711  2452
  712  1474
  713   489
  714  2245
  715  1258
  716   298
  717  2039
  718  1072
  719    91
  720  1838
  721   852
  722  2610
  723  1632
  724   647
  725  2386
  726  1406
  727   429
  728  2183
  729  1196
  730   237
  731  1964
  732  1008
  733    31
  734  1756
  735   778
  736  2543
  737  1548
  738   578
  739  2315
  740  1355
  741   376
  742  2105
  743  1130
  744   167
  745  1906
  746   936
  747  2687
  748  1711
  749   714
  750  2465
  751  1496
  752   516
  753  2275
  754  1288
  755   307
  756  2058
  757  1076
  758    97
  759  1839
  760   874
  761  2619
  762  1652
  763   656
  764  2410
  765  1424
  766   438
  767  2211
  768  1225
  769   242
  770  1998
  771  1011
  772    34
  773  1787
  774   814
  775  2564
  776  1586
  777   606
  778  2353
  779  1357
  780   381
  781  2127
  782  1158
  783   188
  784  1936
  785   955
  786  2706
  787  1725
  788   755
  789  2498
  790  1527
  791   539
  792  2272
  793  1312
  794   327
  795  2062
  796  1088
  797   122
  798  1863
  799   902
  800  2629
  801  1647
  802   695
  803  2423
  804  1460
  805   468
  806  2206
  807  1230
  808   265
  809  2015
  810  1027
  811    46
  812  1812
  813   820
  814  2571
  815  1600
  816   616
  817  2370
  818  1376
  819   408
  820  2159
  821  1165
  822   212
  823  1950
  824   957
  825  2712
  826  1751
  827   765
  828  2501
  829  1520
  830   546
  831  2306
  832  1317
  833   336
  834  2087
  835  1114
  836   142
  837  1886
  838   905
  839  2654
  840  1686
  841   712
  842  2432
  843  1469
  844   488
  845  2235
  846  1253
  847   270
  848  2026
  849  1060
  850    79
  851  1814
  852   835
  853  2604
  854  1605
  855   642
  856  2371
  857  1393
  858   433
  859  2168
  860  1207
  861   224
  862  1971
  863   983
  864    23
  865  1770
  866   782
  867  2537
  868  1542
  869   566
  870  2307
  871  1343
  872   369
  873  2118
  874  1137
  875   152
  876  1905
  877   923
  878  2673
  879  1697
  880   728
  881  2473
  882  1490
  883   511
  884  2260
  885  1287
  886   297
  887  2041
  888  1078
  889   101
  890  1824
  891   871
  892  2598
  893  1634
  894   650
  895  2396
  896  1417
  897   448
  898  2205
  899  1215
  900   235
  901  1980
  902  1013
  903    39
  904  1788
  905   788
  906  2541
  907  1563
  908   589
  909  2340
  910  1360
  911   393
  912  2137
  913  1148
  914   186
  915  1919
  916   956
  917  2675
  918  1721
  919   745
  920  2482
  921  1507
  922   533
  923  2289
  924  1307
  925   323
  926  2068
  927  1087
  928   125
  929  1872
  930   878
  931  2617
  932  1651
  933   668
  934  2427
  935  1440
  936   464
  937  2209
  938  1233
  939   256
  940  1994
  941  1036
  942    50
  943  1799
  944   824
  945  2558
  946  1578
  947   601
  948  2365
  949  1395
  950   414
  951  2156
  952  1180
  953   201
  954  1947
  955   972
  956  2698
  957  1746
  958   760
  959  2499
  960  1532
  961   551
  962  2300
  963  1320
  964   332
  965  2097
  966  1099
  967   135
  968  1871
  969   900
  970  2649
  971  1659
  972   686
  973  2431
  974  1468
  975   487
  976  2217
  977  1263
  978   266
  979  2027
  980  1051
  981    67
  982  1808
  983   847
  984  2583
  985  1598
  986   628
  987  2388
  988  1394
  989   415
  990  2167
  991  1192
  992   209
  993  1944
  994   984
  995  2723
  996  1747
  997   776
  998  2521
  999  1549
 1000   559
 1001  2314
 1002  1340
 1003   366
 1004  2106
 1005  1128
 1006   159
 1007  1892
 1008   924
 1009  2671
 1010  1696
 1011   709
 1012  2464
 1013  1485
 1014   504
 1015  2249
 1016  1270
 1017   288
 1018  2031
 1019  1059
 1020    92
 1021  1825
 1022   862
 1023  2609
 1024  1625
 1025   644
 1026  2397
 1027  1429
 1028   432
 1029  2195
 1030  1221
 1031   219
 1032  1978
 1033   995
 1034     9
 1035  1768
 1036   804
 1037  2553
 1038  1571
 1039   592
 1040  2339
 1041  1342
 1042   390
 1043  2112
 1044  1150
 1045   176
 1046  1917
 1047   951
 1048  2670
 1049  1701
 1050   729
 1051  2485
 1052  1505
 1053   526
 1054  2278
 1055  1290
 1056   322
 1057  2048
 1058  1091
 1059    98
 1060  1845
 1061   860
 1062  2621
 1063  1654
 1064   675
 1065  2403
 1066  1422
 1067   455
 1068  2203
 1069  1226
 1070   247
 1071  2003
 1072  1017
 1073    53
 1074  1792
 1075   801
 1076  2566
 1077  1577
 1078   608
 1079  2359
 1080  1369
 1081   398
 1082  2152
 1083  1155
 1084   199
 1085  1932
 1086   948
 1087  2715
 1088  1732
 1089   754
 1090  2509
 1091  1510
 1092   535
 1093  2288
 1094  1305
 1095   328
 1096  2085
 1097  1103
 1098   117
 1099  1869
 1100   880
 1101  2631
 1102  1672
 1103   689
 1104  2441
 1105  1453
 1106   471
 1107  2227
 1108  1245
 1109   273
 1110  2002
 1111  1040
 1112    51
 1113  1800
 1114   839
 1115  2568
 1116  1607
 1117   614
 1118  2354
 1119  1383
 1120   418
 1121  2155
 1122  1184
 1123   210
 1124  1952
 1125   978
 1126     3
 1127  1750
 1128   772
 1129  2512
 1130  1539
 1131   548
 1132  2318
 1133  1330
 1134   349
 1135  2101
 1136  1131
 1137   153
 1138  1881
 1139   904
 1140  2647
 1141  1693
 1142   708
 1143  2449
 1144  1463
 1145   507
 1146  2231
 1147  1262
 1148   280
 1149  2042
 1150  1069
 1151    72
 1152  1836
 1153   842
 1154  2603
 1155  1624
 1156   653
 1157  2398
 1158  1413
 1159   426
 1160  2188
 1161  1193
 1162   221
 1163  1983
 1164   999
 1165     2
 1166  1764
 1167   786
 1168  2540
 1169  1552
 1170   573
 1171  2328
 1172  1346
 1173   363
 1174  2107
 1175  1141
 1176   170
 1177  1901
 1178   939
 1179  2684
 1180  1699
 1181   731
 1182  2481
 1183  1498
 1184   531
 1185  2252
 1186  1285
 1187   309
 1188  2055
 1189  1063
 1190    88
 1191  1856
 1192   877
 1193  2605
 1194  1630
 1195   652
 1196  2414
 1197  1421
 1198   452
 1199  2204
 1200  1213
 1201   245
 1202  1984
 1203  1019
 1204    30
 1205  1789
 1206   813
 1207  2546
 1208  1581
 1209   595
 1210  2330
 1211  1367
 1212   391
 1213  2125
 1214  1162
 1215   185
 1216  1927
 1217   950
 1218  2695
 1219  1702
 1220   737
 1221  2476
 1222  1523
 1223   542
 1224  2271
 1225  1301
 1226   321
 1227  2080
 1228  1093
 1229   132
 1230  1867
 1231   897
 1232  2632
 1233  1646
 1234   679
 1235  2416
 1236  1452
 1237   473
 1238  2216
 1239  1238
 1240   260
 1241  2016
 1242  1026
 1243    59
 1244  1804
 1245   809
 1246  2577
 1247  1584
 1248   622
 1249  2367
 1250  1379
 1251   407
 1252  2148
 1253  1185
 1254   202
 1255  1957
 1256   967
 1257  2722
 1258  1748
 1259   767
 1260  2500
 1261  1535
 1262   565
 1263  2293
 1264  1324
 1265   341
 1266  2096
 1267  1109
 1268   144
 1269  1884
 1270   890
 1271  2646
 1272  1677
 1273   692
 1274  2440
 1275  1476
 1276   485
 1277  2238
 1278  1250
 1279   286
 1280  2019
 1281  1048
 1282    81
 1283  1822
 1284   845
 1285  2599
 1286  1608
 1287   639
 1288  2384
 1289  1410
 1290   427
 1291  2173
 1292  1190
 1293   233
 1294  1966
 1295   985
 1296    21
 1297  1754
 1298   775
 1299  2524
 1300  1551
 1301   580
 1302  2312
 1303  1338
 1304   372
 1305  2115
 1306  1126
 1307   145
 1308  1895
 1309   927
 1310  2660
 1311  1704
 1312   723
 1313  2453
 1314  1488
 1315   502
 1316  2254
 1317  1280
 1318   299
 1319  2050
 1320  1057
 1321    99
 1322  1827
 1323   869
 1324  2613
 1325  1629
 1326   664
 1327  2402
 1328  1432
 1329   454
 1330  2202
 1331  1218
 1332   234
 1333  1992
 1334  1005
 1335    29
 1336  1766
 1337   797
 1338  2554
 1339  1560
 1340   591
 1341  2338
 1342  1347
 1343   387
 1344  2128
 1345  1152
 1346   169
 1347  1924
 1348   952
 1349  2676
 1350  1719
 1351   734
 1352  2477
 1353  1497
 1354   536
 1355  2273
 1356  1292
 1357   317
 1358  2070
 1359  1086
 1360   105
 1361  1865
 1362   868
 1363  2623
 1364  1662
 1365   673
 1366  2424
 1367  1443
 1368   462
 1369  2199
 1370  1224
 1371   268
 1372  2000
 1373  1015
 1374    56
 1375  1795
 1376   826
 1377  2556
 1378  1589
 1379   618
 1380  2351
 1381  1370
 1382   394
 1383  2138
 1384  1174
 1385   204
 1386  1945
 1387   960
 1388  2721
 1389  1734
 1390   764
 1391  2511
 1392  1512
 1393   549
 1394  2304
 1395  1318
 1396   343
 1397  2092
 1398  1117
 1399   138
 1400  1878
 1401   908
 1402  2645
 1403  1661
 1404   685
 1405  2445
 1406  1462
 1407   480
 1408  2222
 1409  1252
 1410   275
 1411  2022
 1412  1052
 1413    66
 1414  1820
 1415   837
 1416  2576
 1417  1606
 1418   638
 1419  2369
 1420  1389
 1421   417
 1422  2165
 1423  1177
 1424   200
 1425  1965
 1426   988
 1427     7
 1428  1753
 1429   773
 1430  2522
 1431  1546
 1432   575
 1433  2308
 1434  1326
 1435   346
 1436  2094
 1437  1132
 1438   155
 1439  1894
 1440   920
 1441  2658
 1442  1691
 1443   699
 1444  2439
 1445  1470
 1446   508
 1447  2243
 1448  1273
 1449   284
 1450  2044
 1451  1050
 1452    83
 1453  1830
 1454   848
 1455  2588
 1456  1621
 1457   646
 1458  2395
 1459  1412
 1460   428
 1461  2181
 1462  1203
 1463   232
 1464  1985
 1465   990
 1466    11
 1467  1763
 1468   791
 1469  2542
 1470  1562
 1471   599
 1472  2324
 1473  1350
 1474   383
 1475  2116
 1476  1149
 1477   163
 1478  1910
 1479   940
 1480  2674
 1481  1710
 1482   736
 1483  2479
 1484  1508
 1485   524
 1486  2261
 1487  1283
 1488   308
 1489  2051
 1490  1073
 1491   103
 1492  1842
 1493   863
 1494  2620
 1495  1637
 1496   670
 1497  2418
 1498  1431
 1499   470
 1500  2207
 1501  1223
 1502   250
 1503  2001
 1504  1034
 1505    49
 1506  1778
 1507   807
 1508  2544
 1509  1583
 1510   603
 1511  2360
 1512  1368
 1513   388
 1514  2147
 1515  1173
 1516   173
 1517  1940
 1518   954
 1519  2710
 1520  1736
 1521   753
 1522  2494
 1523  1503
 1524   527
 1525  2290
 1526  1313
 1527   337
 1528  2081
 1529  1104
 1530   114
 1531  1855
 1532   901
 1533  2648
 1534  1650
 1535   697
 1536  2421
 1537  1447
 1538   472
 1539  2225
 1540  1260
 1541   264
 1542  2020
 1543  1042
 1544    65
 1545  1809
 1546   836
 1547  2572
 1548  1604
 1549   625
 1550  2377
 1551  1398
 1552   425
 1553  2172
 1554  1197
 1555   205
 1556  1955
 1557   976
 1558  2718
 1559  1745
 1560   759
 1561  2514
 1562  1526
 1563   554
 1564  2311
 1565  1332
 1566   347
 1567  2089
 1568  1129
 1569   143
 1570  1888
 1571   913
 1572  2655
 1573  1690
 1574   711
 1575  2447
 1576  1475
 1577   500
 1578  2251
 1579  1264
 1580   296
 1581  2025
 1582  1062
 1583    73
 1584  1834
 1585   854
 1586  2595
 1587  1615
 1588   627
 1589  2381
 1590  1419
 1591   444
 1592  2191
 1593  1189
 1594   238
 1595  1975
 1596   987
 1597     6
 1598  1749
 1599   794
 1600  2534
 1601  1556
 1602   570
 1603  2316
 1604  1341
 1605   382
 1606  2114
 1607  1124
 1608   154
 1609  1897
 1610   941
 1611  2682
 1612  1687
 1613   726
 1614  2468
 1615  1478
 1616   509
 1617  2258
 1618  1281
 1619   312
 1620  2054
 1621  1077
 1622   111
 1623  1844
 1624   850
 1625  2615
 1626  1639
 1627   649
 1628  2415
 1629  1420
 1630   440
 1631  2198
 1632  1232
 1633   249
 1634  1990
 1635  1000
 1636    27
 1637  1793
 1638   811
 1639  2565
 1640  1575
 1641   583
 1642  2336
 1643  1352
 1644   395
 1645  2144
 1646  1163
 1647   184
 1648  1914
 1649   942
 1650  2685
 1651  1707
 1652   747
 1653  2483
 1654  1514
 1655   545
 1656  2268
 1657  1289
 1658   311
 1659  2067
 1660  1097
 1661   116
 1662  1874
 1663   893
 1664  2634
 1665  1645
 1666   665
 1667  2436
 1668  1438
 1669   479
 1670  2224
 1671  1248
 1672   257
 1673  2021
 1674  1025
 1675    47
 1676  1798
 1677   829
 1678  2579
 1679  1596
 1680   604
 1681  2362
 1682  1380
 1683   406
 1684  2160
 1685  1178
 1686   191
 1687  1931
 1688   980
 1689  2699
 1690  1744
 1691   770
 1692  2497
 1693  1521
 1694   557
 1695  2287
 1696  1329
 1697   357
 1698  2077
 1699  1105
 1700   146
 1701  1883
 1702   906
 1703  2641
 1704  1667
 1705   696
 1706  2459
 1707  1458
 1708   481
 1709  2241
 1710  1247
 1711   271
 1712  2010
 1713  1041
 1714    82
 1715  1805
 1716   849
 1717  2594
 1718  1610
 1719   637
 1720  2373
 1721  1405
 1722   416
 1723  2176
 1724  1204
 1725   211
 1726  1963
 1727   986
 1728    18
 1729  1741
 1730   768
 1731  2515
 1732  1558
 1733   562
 1734  2322
 1735  1333
 1736   374
 1737  2113
 1738  1138
 1739   166
 1740  1909
 1741   928
 1742  2668
 1743  1689
 1744   717
 1745  2457
 1746  1486
 1747   513
 1748  2247
 1749  1266
 1750   303
 1751  2037
 1752  1066
 1753    96
 1754  1828
 1755   867
 1756  2600
 1757  1623
 1758   654
 1759  2405
 1760  1415
 1761   436
 1762  2197
 1763  1219
 1764   231
 1765  1981
 1766   998
 1767    13
 1768  1774
 1769   784
 1770  2531
 1771  1555
 1772   594
 1773  2337
 1774  1361
 1775   378
 1776  2117
 1777  1156
 1778   180
 1779  1908
 1780   949
 1781  2680
 1782  1718
 1783   722
 1784  2467
 1785  1513
 1786   514
 1787  2286
 1788  1297
 1789   310
 1790  2073
 1791  1085
 1792   126
 1793  1859
 1794   881
 1795  2627
 1796  1643
 1797   684
 1798  2420
 1799  1445
 1800   459
 1801  2210
 1802  1242
 1803   259
 1804  2005
 1805  1030
 1806    37
 1807  1791
 1808   828
 1809  2555
 1810  1579
 1811   611
 1812  2344
 1813  1377
 1814   410
 1815  2146
 1816  1170
 1817   174
 1818  1942
 1819   946
 1820  2711
 1821  1722
 1822   739
 1823  2489
 1824  1524
 1825   543
 1826  2282
 1827  1316
 1828   333
 1829  2082
 1830  1107
 1831   121
 1832  1866
 1833   886
 1834  2640
 1835  1663
 1836   683
 1837  2433
 1838  1454
 1839   493
 1840  2228
 1841  1261
 1842   282
 1843  2018
 1844  1031
 1845    63
 1846  1810
 1847   830
 1848  2585
 1849  1613
 1850   623
 1851  2379
 1852  1386
 1853   419
 1854  2161
 1855  1194
 1856   223
 1857  1954
 1858   994
 1859  2720
 1860  1735
 1861   769
 1862  2525
 1863  1544
 1864   560
 1865  2299
 1866  1344
 1867   356
 1868  2102
 1869  1116
 1870   151
 1871  1896
 1872   917
 1873  2672
 1874  1683
 1875   716
 1876  2448
 1877  1479
 1878   491
 1879  2237
 1880  1274
 1881   283
 1882  2034
 1883  1071
 1884    78
 1885  1840
 1886   857
 1887  2596
 1888  1618
 1889   648
 1890  2394
 1891  1430
 1892   446
 1893  2174
 1894  1205
 1895   243
 1896  1967
 1897  1012
 1898    14
 1899  1761
 1900   777
 1901  2536
 1902  1547
 1903   576
 1904  2331
 1905  1356
 1906   379
 1907  2119
 1908  1147
 1909   177
 1910  1904
 1911   929
 1912  2678
 1913  1695
 1914   719
 1915  2475
 1916  1480
 1917   522
 1918  2279
 1919  1276
 1920   300
 1921  2056
 1922  1084
 1923   115
 1924  1837
 1925   866
 1926  2618
 1927  1655
 1928   661
 1929  2407
 1930  1433
 1931   449
 1932  2192
 1933  1217
 1934   252
 1935  1999
 1936  1018
 1937    41
 1938  1797
 1939   812
 1940  2560
 1941  1565
 1942   600
 1943  2332
 1944  1366
 1945   399
 1946  2140
 1947  1161
 1948   181
 1949  1925
 1950   963
 1951  2707
 1952  1706
 1953   751
 1954  2478
 1955  1525
 1956   540
 1957  2292
 1958  1298
 1959   319
 1960  2078
 1961  1106
 1962   113
 1963  1870
 1964   894
 1965  2639
 1966  1656
 1967   682
 1968  2428
 1969  1442
 1970   475
 1971  2223
 1972  1246
 1973   258
 1974  2007
 1975  1045
 1976    76
 1977  1815
 1978   831
 1979  2574
 1980  1603
 1981   615
 1982  2368
 1983  1388
 1984   396
 1985  2151
 1986  1172
 1987   203
 1988  1956
 1989   975
 1990     5
 1991  1737
 1992   748
 1993  2518
 1994  1537
 1995   564
 1996  2309
 1997  1335
 1998   344
 1999  2103
 2000  1120
 2001   134
 2002  1893
 2003   898
 2004  2664
 2005  1684
 2006   713
 2007  2443
 2008  1464
 2009   492
 2010  2240
 2011  1269
 2012   276
 2013  2035
 2014  1058
 2015    75
 2016  1831
 2017   843
 2018  2586
 2019  1597
 2020   629
 2021  2392
 2022  1401
 2023   439
 2024  2166
 2025  1188
 2026   222
 2027  1970
 2028  1004
 2029    10
 2030  1759
 2031   774
 2032  2528
 2033  1557
 2034   569
 2035  2329
 2036  1334
 2037   370
 2038  2124
 2039  1134
 2040   160
 2041  1918
 2042   916
 2043  2679
 2044  1700
 2045   718
 2046  2463
 2047  1481
 2048   521
 2049  2269
 2050  1278
 2051   315
 2052  2053
 2053  1065
 2054   100
 2055  1833
 2056   856
 2057  2597
 2058  1648
 2059   671
 2060  2389
 2061  1418
 2062   453
 2063  2190
 2064  1220
 2065   255
 2066  1977
 2067  1006
 2068    19
 2069  1762
 2070   810
 2071  2547
 2072  1569
 2073   602
 2074  2342
 2075  1364
 2076   377
 2077  2141
 2078  1167
 2079   183
 2080  1928
 2081   933
 2082  2700
 2083  1713
 2084   732
 2085  2491
 2086  1511
 2087   518
 2088  2266
 2089  1302
 2090   330
 2091  2059
 2092  1102
 2093   129
 2094  1858
 2095   888
 2096  2636
 2097  1641
 2098   680
 2099  2426
 2100  1456
 2101   483
 2102  2213
 2103  1227
 2104   254
 2105  1993
 2106  1022
 2107    61
 2108  1790
 2109   816
 2110  2557
 2111  1582
 2112   610
 2113  2356
 2114  1382
 2115   404
 2116  2149
 2117  1169
 2118   208
 2119  1933
 2120   962
 2121  2709
 2122  1738
 2123   740
 2124  2496
 2125  1536
 2126   550
 2127  2298
 2128  1306
 2129   338
 2130  2083
 2131  1100
 2132   124
 2133  1882
 2134   892
 2135  2662
 2136  1681
 2137   698
 2138  2437
 2139  1466
 2140   476
 2141  2242
 2142  1244
 2143   287
 2144  2033
 2145  1056
 2146    64
 2147  1817
 2148   832
 2149  2589
 2150  1614
 2151   634
 2152  2385
 2153  1396
 2154   430
 2155  2178
 2156  1183
 2157   218
 2158  1958
 2159   989
 2160    16
 2161  1755
 2162   787
 2163  2533
 2164  1533
 2165   571
 2166  2302
 2167  1327
 2168   350
 2169  2110
 2170  1127
 2171   156
 2172  1902
 2173   930
 2174  2653
 2175  1694
 2176   715
 2177  2458
 2178  1484
 2179   503
 2180  2236
 2181  1284
 2182   306
 2183  2045
 2184  1075
 2185    90
 2186  1832
 2187   864
 2188  2614
 2189  1617
 2190   643
 2191  2382
 2192  1423
 2193   445
 2194  2194
 2195  1222
 2196   229
 2197  1969
 2198   992
 2199    35
 2200  1776
 2201   793
 2202  2539
 2203  1576
 2204   596
 2205  2335
 2206  1348
 2207   371
 2208  2133
 2209  1133
 2210   162
 2211  1916
 2212   943
 2213  2683
 2214  1717
 2215   735
 2216  2487
 2217  1502
 2218   517
 2219  2265
 2220  1304
 2221   305
 2222  2074
 2223  1083
 2224   108
 2225  1848
 2226   876
 2227  2633
 2228  1657
 2229   662
 2230  2417
 2231  1449
 2232   458
 2233  2200
 2234  1237
 2235   251
 2236  2008
 2237  1009
 2238    45
 2239  1784
 2240   799
 2241  2552
 2242  1590
 2243   605
 2244  2361
 2245  1381
 2246   392
 2247  2153
 2248  1166
 2249   178
 2250  1941
 2251   961
 2252  2704
 2253  1712
 2254   746
 2255  2505
 2256  1530
 2257   537
 2258  2283
 2259  1315
 2260   345
 2261  2076
 2262  1094
 2263   128
 2264  1873
 2265   895
 2266  2635
 2267  1665
 2268   681
 2269  2446
 2270  1450
 2271   484
 2272  2233
 2273  1240
 2274   262
 2275  2013
 2276  1035
 2277    60
 2278  1821
 2279   823
 2280  2580
 2281  1587
 2282   630
 2283  2357
 2284  1407
 2285   421
 2286  2158
 2287  1179
 2288   213
 2289  1937
 2290   966
 2291     0
 2292  1743
 2293   761
 2294  2506
 2295  1541
 2296   577
 2297  2321
 2298  1336
 2299   358
 2300  2086
 2301  1123
 2302   147
 2303  1898
 2304   915
 2305  2659
 2306  1675
 2307   702
 2308  2456
 2309  1465
 2310   499
 2311  2232
 2312  1277
 2313   281
 2314  2046
 2315  1064
 2316    87
 2317  1816
 2318   840
 2319  2606
 2320  1612
 2321   651
 2322  2393
 2323  1414
 2324   437
 2325  2189
 2326  1208
 2327   226
 2328  1976
 2329  1007
 2330    17
 2331  1760
 2332   792
 2333  2526
 2334  1567
 2335   581
 2336  2319
 2337  1339
 2338   375
 2339  2121
 2340  1145
 2341   164
 2342  1920
 2343   921
 2344  2688
 2345  1703
 2346   727
 2347  2470
 2348  1482
 2349   519
 2350  2262
 2351  1295
 2352   318
 2353  2061
 2354  1068
 2355    93
 2356  1862
 2357   870
 2358  2616
 2359  1638
 2360   655
 2361  2399
 2362  1436
 2363   463
 2364  2201
 2365  1211
 2366   253
 2367  1997
 2368  1003
 2369    33
 2370  1786
 2371   817
 2372  2569
 2373  1574
 2374   593
 2375  2334
 2376  1365
 2377   389
 2378  2132
 2379  1154
 2380   187
 2381  1934
 2382   944
 2383  2701
 2384  1709
 2385   749
 2386  2495
 2387  1515
 2388   532
 2389  2276
 2390  1308
 2391   325
 2392  2071
 2393  1108
 2394   112
 2395  1857
 2396   883
 2397  2626
 2398  1660
 2399   693
 2400  2438
 2401  1435
 2402   478
 2403  2221
 2404  1231
 2405   277
 2406  1996
 2407  1028
 2408    54
 2409  1796
 2410   827
 2411  2575
 2412  1601
 2413   626
 2414  2363
 2415  1378
 2416   405
 2417  2163
 2418  1181
 2419   194
 2420  1959
 2421   971
 2422  2719
 2423  1728
 2424   766
 2425  2502
 2426  1518
 2427   544
 2428  2305
 2429  1337
 2430   340
 2431  2091
 2432  1112
 2433   149
 2434  1900
 2435   909
 2436  2644
 2437  1679
 2438   691
 2439  2442
 2440  1477
 2441   486
 2442  2226
 2443  1251
 2444   289
 2445  2040
 2446  1054
 2447    77
 2448  1829
 2449   855
 2450  2582
 2451  1620
 2452   633
 2453  2378
 2454  1409
 2455   434
 2456  2170
 2457  1186
 2458   207
 2459  1962
 2460   996
 2461    20
 2462  1773
 2463   783
 2464  2523
 2465  1559
 2466   568
 2467  2317
 2468  1353
 2469   360
 2470  2099
 2471  1144
 2472   141
 2473  1912
 2474   918
 2475  2677
 2476  1688
 2477   710
 2478  2455
 2479  1487
 2480   505
 2481  2248
 2482  1272
 2483   316
 2484  2052
 2485  1079
 2486    94
 2487  1850
 2488   858
 2489  2607
 2490  1627
 2491   667
 2492  2391
 2493  1416
 2494   442
 2495  2179
 2496  1209
 2497   230
 2498  1986
 2499  1014
 2500    44
 2501  1767
 2502   808
 2503  2532
 2504  1561
 2505   590
 2506  2346
 2507  1373
 2508   384
 2509  2136
 2510  1142
 2511   182
 2512  1915
 2513   953
 2514  2692
 2515  1716
 2516   741
 2517  2471
 2518  1506
 2519   520
 2520  2264
 2521  1291
 2522   324
 2523  2075
 2524  1080
 2525   106
 2526  1864
 2527   882
 2528  2638
 2529  1640
 2530   666
 2531  2419
 2532  1446
 2533   457
 2534  2218
 2535  1234
 2536   248
 2537  1995
 2538  1020
 2539    48
 2540  1781
 2541   806
 2542  2563
 2543  1591
 2544   619
 2545  2350
 2546  1384
 2547   401
 2548  2162
 2549  1160
 2550   195
 2551  1938
 2552   973
 2553  2717
 2554  1733
 2555   743
 2556  2493
 2557  1522
 2558   541
 2559  2291
 2560  1310
 2561   352
 2562  2093
 2563  1095
 2564   127
 2565  1879
 2566   907
 2567  2651
 2568  1673
 2569   700
 2570  2450
 2571  1471
 2572   498
 2573  2246
 2574  1241
 2575   272
 2576  2024
 2577  1044
 2578    70
 2579  1802
 2580   838
 2581  2584
 2582  1616
 2583   632
 2584  2374
 2585  1391
 2586   423
 2587  2154
 2588  1200
 2589   197
 2590  1953
 2591   991
 2592    12
 2593  1742
 2594   779
 2595  2520
 2596  1538
 2597   553
 2598  2310
 2599  1321
 2600   353
 2601  2108
 2602  1139
 2603   150
 2604  1890
 2605   912
 2606  2665
 2607  1676
 2608   707
 2609  2461
 2610  1483
 2611   515
 2612  2257
 2613  1275
 2614   291
 2615  2029
 2616  1053
 2617    86
 2618  1835
 2619   861
 2620  2601
 2621  1633
 2622   660
 2623  2387
 2624  1408
 2625   450
 2626  2187
 2627  1199
 2628   228
 2629  1982
 2630  1010
 2631    24
 2632  1779
 2633   802
 2634  2548
 2635  1573
 2636   598
 2637  2333
 2638  1362
 2639   361
 2640  2126
 2641  1140
 2642   171
 2643  1922
 2644   938
 2645  2686
 2646  1715
 2647   724
 2648  2480
 2649  1495
 2650   525
 2651  2280
 2652  1286
 2653   301
 2654  2049
 2655  1082
 2656    95
 2657  1843
 2658   859
 2659  2611
 2660  1635
 2661   672
 2662  2412
 2663  1451
 2664   456
 2665  2212
 2666  1228
 2667   241
 2668  1987
 2669  1023
 2670    52
 2671  1780
 2672   800
 2673  2550
 2674  1580
 2675   597
 2676  2348
 2677  1387
 2678   402
 2679  2135
 2680  1159
 2681   179
 2682  1939
 2683   947
 2684  2697
 2685  1730
 2686   752
 2687  2484
 2688  1509
 2689   534
 2690  2285
 2691  1314
 2692   334
 2693  2066
 2694  1113
 2695   131
 2696  1860
 2697   903
 2698  2630
 2699  1666
 2700   677
 2701  2434
 2702  1467
 2703   474
 2704  2214
 2705  1256
 2706   269
 2707  2009
 2708  1037
 2709    57
 2710  1811
 2711   844
 2712  2573
 2713  1593
 2714   620
 2715  2366
 2716  1404
 2717   424
 2718  2157
 2719  1195
 2720   206
 2721  1961
 2722   969
 2723  2713
