FR80T25X4L6
Turbo Code Interleaving
User data with 4 flush bits = 1252
NOTE: S-bit is the bit index after interleaving. Data-bit is the index of user data
S-bit Data-bit
    0    11
    1   811
    2   353
    3  1162
    4   719
    5   262
    6  1065
    7   619
    8   167
    9   975
   10   522
   11    77
   12   873
   13   430
   14  1231
   15   785
   16   325
   17  1133
   18   685
   19   234
   20  1032
   21   587
   22   142
   23   941
   24   487
   25    38
   26   851
   27   401
   28  1207
   29   746
   30   308
   31  1110
   32   655
   33   210
   34  1003
   35   555
   36   109
   37   909
   38   460
   39    14
   40   816
   41   365
   42  1175
   43   723
   44   269
   45  1075
   46   624
   47   174
   48   981
   49   535
   50    75
   51   887
   52   432
   53  1242
   54   791
   55   341
   56  1148
   57   688
   58   238
   59  1040
   60   593
   61   151
   62   949
   63   500
   64    57
   65   855
   66   413
   67  1212
   68   762
   69   311
   70  1107
   71   660
   72   215
   73  1014
   74   572
   75   125
   76   923
   77   477
   78    29
   79   830
   80   376
   81  1177
   82   735
   83   282
   84  1083
   85   636
   86   195
   87   986
   88   544
   89    89
   90   899
   91   446
   92  1248
   93   798
   94   343
   95  1150
   96   695
   97   259
   98  1053
   99   608
  100   152
  101   956
  102   515
  103    59
  104   862
  105   419
  106  1220
  107   772
  108   318
  109  1118
  110   669
  111   221
  112  1028
  113   583
  114   126
  115   936
  116   480
  117    32
  118   831
  119   384
  120  1185
  121   743
  122   290
  123  1091
  124   645
  125   201
  126   997
  127   545
  128   104
  129   903
  130   445
  131     3
  132   806
  133   360
  134  1157
  135   715
  136   256
  137  1058
  138   612
  139   163
  140   971
  141   521
  142    66
  143   869
  144   426
  145  1226
  146   774
  147   321
  148  1128
  149   684
  150   236
  151  1036
  152   581
  153   135
  154   932
  155   493
  156    39
  157   847
  158   398
  159  1192
  160   749
  161   292
  162  1102
  163   657
  164   205
  165  1004
  166   554
  167   105
  168   914
  169   461
  170    19
  171   814
  172   369
  173  1165
  174   718
  175   267
  176  1076
  177   620
  178   169
  179   984
  180   530
  181    80
  182   888
  183   434
  184  1236
  185   784
  186   339
  187  1132
  188   690
  189   241
  190  1046
  191   598
  192   143
  193   948
  194   504
  195    51
  196   852
  197   406
  198  1206
  199   760
  200   306
  201  1113
  202   663
  203   213
  204  1017
  205   566
  206   112
  207   921
  208   465
  209    21
  210   817
  211   379
  212  1182
  213   728
  214   285
  215  1079
  216   630
  217   181
  218   985
  219   540
  220    86
  221   890
  222   441
  223  1240
  224   795
  225   348
  226  1151
  227   702
  228   254
  229  1057
  230   601
  231   156
  232   961
  233   505
  234    54
  235   858
  236   411
  237  1217
  238   764
  239   319
  240  1115
  241   670
  242   226
  243  1024
  244   570
  245   134
  246   928
  247   484
  248    26
  249   834
  250   377
  251  1188
  252   741
  253   291
  254  1090
  255   646
  256   187
  257   993
  258   551
  259    99
  260   894
  261   453
  262     0
  263   799
  264   351
  265  1160
  266   709
  267   258
  268  1054
  269   609
  270   162
  271   964
  272   516
  273    68
  274   875
  275   418
  276  1222
  277   770
  278   322
  279  1127
  280   680
  281   227
  282  1035
  283   586
  284   131
  285   931
  286   481
  287    41
  288   845
  289   387
  290  1189
  291   742
  292   294
  293  1104
  294   654
  295   198
  296  1001
  297   549
  298   101
  299   905
  300   456
  301    10
  302   815
  303   366
  304  1171
  305   710
  306   266
  307  1069
  308   626
  309   176
  310   979
  311   526
  312    71
  313   878
  314   429
  315  1234
  316   780
  317   331
  318  1136
  319   682
  320   232
  321  1039
  322   592
  323   139
  324   946
  325   502
  326    47
  327   848
  328   396
  329  1198
  330   753
  331   305
  332  1106
  333   656
  334   207
  335  1007
  336   567
  337   118
  338   913
  339   473
  340    17
  341   819
  342   375
  343  1169
  344   721
  345   270
  346  1078
  347   631
  348   183
  349   980
  350   532
  351    85
  352   885
  353   443
  354  1235
  355   788
  356   340
  357  1141
  358   689
  359   246
  360  1044
  361   596
  362   154
  363   953
  364   510
  365    50
  366   864
  367   404
  368  1208
  369   757
  370   312
  371  1117
  372   664
  373   211
  374  1020
  375   575
  376   122
  377   924
  378   472
  379    27
  380   824
  381   383
  382  1180
  383   731
  384   280
  385  1092
  386   644
  387   188
  388   987
  389   538
  390    87
  391   892
  392   448
  393  1244
  394   794
  395   350
  396  1149
  397   705
  398   253
  399  1061
  400   602
  401   161
  402   966
  403   513
  404    65
  405   870
  406   421
  407  1223
  408   767
  409   323
  410  1125
  411   672
  412   225
  413  1026
  414   574
  415   129
  416   935
  417   479
  418    35
  419   841
  420   393
  421  1186
  422   737
  423   297
  424  1094
  425   643
  426   194
  427  1005
  428   550
  429    97
  430   907
  431   452
  432     9
  433   804
  434   363
  435  1156
  436   707
  437   268
  438  1067
  439   616
  440   170
  441   974
  442   517
  443    72
  444   880
  445   420
  446  1224
  447   776
  448   335
  449  1134
  450   683
  451   230
  452  1041
  453   585
  454   144
  455   944
  456   491
  457    49
  458   853
  459   399
  460  1201
  461   754
  462   304
  463  1097
  464   659
  465   204
  466  1000
  467   557
  468   107
  469   915
  470   468
  471     7
  472   818
  473   371
  474  1163
  475   720
  476   272
  477  1074
  478   632
  479   172
  480   976
  481   525
  482    79
  483   879
  484   428
  485  1243
  486   790
  487   337
  488  1143
  489   696
  490   242
  491  1048
  492   595
  493   148
  494   950
  495   499
  496    48
  497   850
  498   407
  499  1213
  500   765
  501   316
  502  1105
  503   661
  504   214
  505  1021
  506   569
  507   119
  508   927
  509   469
  510    20
  511   828
  512   380
  513  1176
  514   730
  515   278
  516  1077
  517   637
  518   184
  519   988
  520   542
  521    90
  522   897
  523   442
  524  1246
  525   793
  526   346
  527  1155
  528   701
  529   255
  530  1055
  531   607
  532   157
  533   954
  534   509
  535    61
  536   867
  537   410
  538  1218
  539   773
  540   315
  541  1123
  542   677
  543   229
  544  1029
  545   576
  546   132
  547   934
  548   482
  549    31
  550   837
  551   382
  552  1191
  553   733
  554   286
  555  1093
  556   642
  557   189
  558   996
  559   552
  560    98
  561   901
  562   449
  563     6
  564   809
  565   357
  566  1158
  567   713
  568   264
  569  1066
  570   618
  571   164
  572   963
  573   514
  574    64
  575   871
  576   425
  577  1221
  578   771
  579   330
  580  1129
  581   676
  582   228
  583  1034
  584   582
  585   133
  586   940
  587   489
  588    37
  589   838
  590   391
  591  1194
  592   747
  593   293
  594  1101
  595   648
  596   203
  597   999
  598   559
  599   110
  600   906
  601   458
  602     4
  603   813
  604   364
  605  1161
  606   716
  607   271
  608  1068
  609   623
  610   166
  611   970
  612   529
  613    74
  614   884
  615   427
  616  1238
  617   787
  618   332
  619  1142
  620   691
  621   240
  622  1037
  623   594
  624   138
  625   952
  626   496
  627    55
  628   849
  629   408
  630  1205
  631   752
  632   303
  633  1109
  634   665
  635   220
  636  1009
  637   563
  638   114
  639   920
  640   474
  641    16
  642   827
  643   367
  644  1172
  645   732
  646   281
  647  1082
  648   629
  649   177
  650   982
  651   537
  652    88
  653   883
  654   444
  655  1237
  656   796
  657   347
  658  1144
  659   697
  660   250
  661  1049
  662   605
  663   158
  664   960
  665   507
  666    53
  667   865
  668   409
  669  1214
  670   766
  671   309
  672  1121
  673   668
  674   217
  675  1023
  676   578
  677   127
  678   922
  679   476
  680    33
  681   836
  682   389
  683  1190
  684   740
  685   288
  686  1085
  687   638
  688   190
  689   998
  690   539
  691    96
  692   896
  693   451
  694  1250
  695   807
  696   358
  697  1153
  698   703
  699   261
  700  1052
  701   610
  702   160
  703   959
  704   512
  705    63
  706   863
  707   422
  708  1225
  709   768
  710   324
  711  1126
  712   678
  713   224
  714  1030
  715   577
  716   137
  717   937
  718   492
  719    42
  720   843
  721   392
  722  1200
  723   750
  724   298
  725  1095
  726   647
  727   197
  728  1002
  729   548
  730   108
  731   902
  732   462
  733    13
  734   805
  735   356
  736  1168
  737   711
  738   265
  739  1063
  740   621
  741   173
  742   967
  743   519
  744    76
  745   877
  746   431
  747  1233
  748   786
  749   329
  750  1131
  751   686
  752   237
  753  1045
  754   590
  755   140
  756   945
  757   494
  758    44
  759   844
  760   400
  761  1203
  762   759
  763   302
  764  1108
  765   653
  766   202
  767  1016
  768   561
  769   111
  770   917
  771   463
  772    15
  773   820
  774   374
  775  1178
  776   729
  777   277
  778  1080
  779   622
  780   175
  781   978
  782   533
  783    84
  784   891
  785   438
  786  1245
  787   792
  788   345
  789  1145
  790   700
  791   247
  792  1043
  793   603
  794   149
  795   947
  796   498
  797    56
  798   856
  799   415
  800  1209
  801   756
  802   320
  803  1114
  804   671
  805   216
  806  1013
  807   564
  808   120
  809   925
  810   471
  811    22
  812   833
  813   378
  814  1183
  815   736
  816   284
  817  1088
  818   633
  819   186
  820   992
  821   536
  822    95
  823   898
  824   440
  825  1247
  826   803
  827   352
  828  1147
  829   698
  830   249
  831  1059
  832   604
  833   155
  834   958
  835   511
  836    67
  837   868
  838   417
  839  1219
  840   775
  841   328
  842  1120
  843   675
  844   223
  845  1027
  846   573
  847   123
  848   929
  849   486
  850    36
  851   835
  852   385
  853  1196
  854   738
  855   295
  856  1089
  857   639
  858   200
  859   995
  860   553
  861   103
  862   904
  863   454
  864     8
  865   812
  866   359
  867  1164
  868   708
  869   260
  870  1060
  871   615
  872   171
  873   973
  874   523
  875    69
  876   876
  877   423
  878  1229
  879   779
  880   333
  881  1135
  882   681
  883   235
  884  1038
  885   589
  886   136
  887   938
  888   495
  889    46
  890   839
  891   397
  892  1193
  893   751
  894   299
  895  1098
  896   650
  897   206
  898  1012
  899   558
  900   106
  901   910
  902   464
  903    18
  904   821
  905   362
  906  1167
  907   717
  908   273
  909  1073
  910   625
  911   180
  912   983
  913   527
  914    83
  915   882
  916   439
  917  1230
  918   789
  919   342
  920  1139
  921   693
  922   244
  923  1051
  924   600
  925   147
  926   951
  927   497
  928    58
  929   861
  930   403
  931  1202
  932   758
  933   307
  934  1116
  935   662
  936   212
  937  1015
  938   565
  939   116
  940   916
  941   475
  942    23
  943   825
  944   381
  945  1174
  946   725
  947   276
  948  1086
  949   641
  950   191
  951   991
  952   541
  953    92
  954   895
  955   447
  956  1241
  957   800
  958   349
  959  1146
  960   704
  961   252
  962  1056
  963   606
  964   153
  965   962
  966   506
  967    62
  968   860
  969   414
  970  1216
  971   763
  972   314
  973  1119
  974   674
  975   222
  976  1019
  977   580
  978   121
  979   930
  980   483
  981    30
  982   832
  983   390
  984  1187
  985   734
  986   289
  987  1096
  988   640
  989   192
  990   994
  991   546
  992    93
  993   893
  994   455
  995  1251
  996   801
  997   355
  998  1159
  999   712
 1000   257
 1001  1062
 1002   613
 1003   168
 1004   968
 1005   518
 1006    73
 1007   872
 1008   424
 1009  1228
 1010   778
 1011   327
 1012  1130
 1013   679
 1014   231
 1015  1031
 1016   584
 1017   130
 1018   933
 1019   485
 1020    43
 1021   840
 1022   395
 1023  1199
 1024   745
 1025   296
 1026  1099
 1027   658
 1028   199
 1029  1008
 1030   560
 1031   100
 1032   908
 1033   457
 1034     5
 1035   810
 1036   370
 1037  1173
 1038   722
 1039   274
 1040  1072
 1041   614
 1042   178
 1043   972
 1044   528
 1045    81
 1046   881
 1047   437
 1048  1227
 1049   782
 1050   334
 1051  1140
 1052   692
 1053   239
 1054  1047
 1055   591
 1056   146
 1057   942
 1058   501
 1059    45
 1060   846
 1061   394
 1062  1204
 1063   761
 1064   310
 1065  1103
 1066   652
 1067   209
 1068  1010
 1069   562
 1070   115
 1071   919
 1072   466
 1073    25
 1074   823
 1075   368
 1076  1179
 1077   724
 1078   279
 1079  1084
 1080   628
 1081   182
 1082   989
 1083   531
 1084    91
 1085   889
 1086   435
 1087  1249
 1088   797
 1089   344
 1090  1152
 1091   694
 1092   245
 1093  1050
 1094   599
 1095   150
 1096   957
 1097   508
 1098    52
 1099   859
 1100   405
 1101  1210
 1102   769
 1103   317
 1104  1122
 1105   667
 1106   218
 1107  1022
 1108   571
 1109   124
 1110   918
 1111   478
 1112    24
 1113   826
 1114   386
 1115  1181
 1116   739
 1117   283
 1118  1081
 1119   635
 1120   193
 1121   990
 1122   543
 1123    94
 1124   900
 1125   450
 1126     2
 1127   802
 1128   354
 1129  1154
 1130   706
 1131   251
 1132  1064
 1133   611
 1134   159
 1135   965
 1136   520
 1137    70
 1138   866
 1139   416
 1140  1215
 1141   777
 1142   326
 1143  1124
 1144   673
 1145   233
 1146  1025
 1147   579
 1148   128
 1149   939
 1150   490
 1151    34
 1152   842
 1153   388
 1154  1195
 1155   744
 1156   301
 1157  1100
 1158   649
 1159   196
 1160  1006
 1161   547
 1162   102
 1163   911
 1164   459
 1165     1
 1166   808
 1167   361
 1168  1166
 1169   714
 1170   263
 1171  1070
 1172   617
 1173   165
 1174   969
 1175   524
 1176    78
 1177   874
 1178   433
 1179  1232
 1180   781
 1181   336
 1182  1138
 1183   687
 1184   243
 1185  1033
 1186   588
 1187   141
 1188   943
 1189   488
 1190    40
 1191   854
 1192   402
 1193  1197
 1194   748
 1195   300
 1196  1111
 1197   651
 1198   208
 1199  1011
 1200   556
 1201   113
 1202   912
 1203   467
 1204    12
 1205   822
 1206   373
 1207  1170
 1208   726
 1209   275
 1210  1071
 1211   627
 1212   179
 1213   977
 1214   534
 1215    82
 1216   886
 1217   436
 1218  1239
 1219   783
 1220   338
 1221  1137
 1222   699
 1223   248
 1224  1042
 1225   597
 1226   145
 1227   955
 1228   503
 1229    60
 1230   857
 1231   412
 1232  1211
 1233   755
 1234   313
 1235  1112
 1236   666
 1237   219
 1238  1018
 1239   568
 1240   117
 1241   926
 1242   470
 1243    28
 1244   829
 1245   372
 1246  1184
 1247   727
 1248   287
 1249  1087
 1250   634
 1251   185
