FR80T5X4RE
Turbo Code Interleaving
User data with 4 flush bits = 2684
NOTE: S-bit is the bit index after interleaving. Data-bit is the index of user data
S-bit Data-bit
    0    28
    1  1744
    2   760
    3  2494
    4  1544
    5   564
    6  2287
    7  1332
    8   360
    9  2092
   10  1120
   11   166
   12  1872
   13   922
   14  2643
   15  1684
   16   696
   17  2434
   18  1473
   19   503
   20  2218
   21  1264
   22   309
   23  2018
   24  1046
   25    83
   26  1826
   27   863
   28  2588
   29  1603
   30   660
   31  2379
   32  1406
   33   454
   34  2153
   35  1195
   36   236
   37  1951
   38   987
   39    32
   40  1752
   41   784
   42  2523
   43  1550
   44   577
   45  2310
   46  1340
   47   375
   48  2101
   49  1148
   50   163
   51  1902
   52   924
   53  2663
   54  1700
   55   734
   56  2467
   57  1478
   58   516
   59  2235
   60  1276
   61   325
   62  2035
   63  1075
   64   122
   65  1834
   66   887
   67  2599
   68  1635
   69   667
   70  2375
   71  1417
   72   461
   73  2177
   74  1232
   75   270
   76  1983
   77  1024
   78    61
   79  1781
   80   807
   81  2526
   82  1576
   83   605
   84  2325
   85  1366
   86   417
   87  2113
   88  1171
   89   194
   90  1924
   91   956
   92  2674
   93  1714
   94   740
   95  2471
   96  1494
   97   555
   98  2262
   99  1304
  100   327
  101  2054
  102  1105
  103   129
  104  1848
  105   898
  106  2618
  107  1656
  108   680
  109  2396
  110  1437
  111   475
  112  2207
  113  1250
  114   274
  115  2009
  116  1031
  117    68
  118  1782
  119   823
  120  2541
  121  1599
  122   622
  123  2341
  124  1383
  125   429
  126  2140
  127  1175
  128   222
  129  1940
  130   955
  131     4
  132  1732
  133   774
  134  2481
  135  1531
  136   550
  137  2270
  138  1312
  139   354
  140  2081
  141  1119
  142   138
  143  1860
  144   913
  145  2631
  146  1661
  147   691
  148  2425
  149  1472
  150   505
  151  2224
  152  1247
  153   291
  154  2001
  155  1059
  156    84
  157  1820
  158   860
  159  2556
  160  1608
  161   627
  162  2367
  163  1408
  164   441
  165  2154
  166  1193
  167   224
  168  1961
  169   988
  170    40
  171  1747
  172   792
  173  2502
  174  1542
  175   574
  176  2312
  177  1335
  178   362
  179  2109
  180  1137
  181   173
  182  1903
  183   932
  184  2653
  185  1681
  186   728
  187  2431
  188  1480
  189   522
  190  2245
  191  1285
  192   310
  193  2034
  194  1081
  195   109
  196  1827
  197   872
  198  2587
  199  1630
  200   654
  201  2388
  202  1421
  203   459
  204  2183
  205  1218
  206   241
  207  1978
  208  1002
  209    43
  210  1757
  211   810
  212  2534
  213  1563
  214   609
  215  2319
  216  1353
  217   392
  218  2112
  219  1160
  220   188
  221  1908
  222   945
  223  2658
  224  1705
  225   747
  226  2472
  227  1507
  228   547
  229  2268
  230  1291
  231   334
  232  2065
  233  1083
  234   118
  235  1841
  236   884
  237  2612
  238  1641
  239   684
  240  2391
  241  1439
  242   487
  243  2198
  244  1226
  245   290
  246  1994
  247  1040
  248    55
  249  1787
  250   808
  251  2550
  252  1588
  253   626
  254  2338
  255  1384
  256   404
  257  2133
  258  1185
  259   214
  260  1919
  261   968
  262     1
  263  1715
  264   752
  265  2491
  266  1521
  267   553
  268  2263
  269  1306
  270   350
  271  2070
  272  1106
  273   146
  274  1876
  275   897
  276  2623
  277  1650
  278   693
  279  2419
  280  1468
  281   488
  282  2223
  283  1261
  284   286
  285  1999
  286  1032
  287    88
  288  1815
  289   830
  290  2553
  291  1596
  292   632
  293  2370
  294  1405
  295   425
  296  2151
  297  1181
  298   217
  299  1944
  300   979
  301    26
  302  1750
  303   785
  304  2513
  305  1523
  306   571
  307  2294
  308  1344
  309   380
  310  2099
  311  1130
  312   155
  313  1880
  314   921
  315  2651
  316  1674
  317   711
  318  2439
  319  1470
  320   499
  321  2231
  322  1275
  323   300
  324  2031
  325  1077
  326   101
  327  1821
  328   853
  329  2571
  330  1619
  331   650
  332  2374
  333  1407
  334   445
  335  2162
  336  1219
  337   258
  338  1960
  339  1018
  340    38
  341  1760
  342   804
  343  2509
  344  1548
  345   578
  346  2316
  347  1355
  348   395
  349  2100
  350  1141
  351   187
  352  1899
  353   951
  354  2652
  355  1696
  356   732
  357  2450
  358  1479
  359   530
  360  2242
  361  1282
  362   330
  363  2042
  364  1096
  365   108
  366  1850
  367   867
  368  2591
  369  1626
  370   668
  371  2395
  372  1424
  373   455
  374  2187
  375  1238
  376   264
  377  1985
  378  1015
  379    57
  380  1769
  381   822
  382  2531
  383  1570
  384   601
  385  2342
  386  1381
  387   406
  388  2115
  389  1155
  390   190
  391  1916
  392   960
  393  2666
  394  1703
  395   751
  396  2468
  397  1512
  398   544
  399  2280
  400  1293
  401   349
  402  2074
  403  1102
  404   137
  405  1862
  406   906
  407  2625
  408  1646
  409   694
  410  2416
  411  1441
  412   483
  413  2202
  414  1237
  415   281
  416  2007
  417  1028
  418    73
  419  1800
  420   841
  421  2544
  422  1579
  423   636
  424  2349
  425  1380
  426   415
  427  2155
  428  1184
  429   212
  430  1946
  431   967
  432    25
  433  1727
  434   778
  435  2480
  436  1518
  437   576
  438  2292
  439  1326
  440   363
  441  2090
  442  1109
  443   156
  444  1886
  445   901
  446  2628
  447  1668
  448   720
  449  2437
  450  1471
  451   494
  452  2238
  453  1253
  454   316
  455  2028
  456  1055
  457   106
  458  1828
  459   861
  460  2575
  461  1621
  462   649
  463  2356
  464  1414
  465   437
  466  2149
  467  1197
  468   233
  469  1963
  470  1007
  471    22
  472  1758
  473   794
  474  2499
  475  1546
  476   580
  477  2308
  478  1356
  479   368
  480  2093
  481  1127
  482   170
  483  1884
  484   919
  485  2664
  486  1699
  487   723
  488  2454
  489  1495
  490   523
  491  2249
  492  1281
  493   322
  494  2036
  495  1074
  496   103
  497  1825
  498   873
  499  2604
  500  1644
  501   678
  502  2372
  503  1419
  504   460
  505  2188
  506  1222
  507   260
  508  1988
  509  1010
  510    42
  511  1778
  512   811
  513  2525
  514  1566
  515   599
  516  2314
  517  1371
  518   398
  519  2120
  520  1166
  521   196
  522  1922
  523   946
  524  2669
  525  1702
  526   745
  527  2477
  528  1506
  529   548
  530  2264
  531  1303
  532   337
  533  2049
  534  1095
  535   131
  536  1858
  537   879
  538  2614
  539  1658
  540   677
  541  2409
  542  1452
  543   490
  544  2212
  545  1239
  546   288
  547  2003
  548  1034
  549    67
  550  1793
  551   814
  552  2555
  553  1572
  554   612
  555  2346
  556  1378
  557   407
  558  2138
  559  1189
  560   213
  561  1933
  562   963
  563    15
  564  1740
  565   769
  566  2483
  567  1528
  568   566
  569  2290
  570  1330
  571   357
  572  2068
  573  1103
  574   135
  575  1864
  576   912
  577  2619
  578  1654
  579   710
  580  2427
  581  1451
  582   489
  583  2221
  584  1249
  585   289
  586  2014
  587  1052
  588    79
  589  1797
  590   839
  591  2565
  592  1605
  593   631
  594  2366
  595  1391
  596   435
  597  2146
  598  1199
  599   237
  600  1945
  601   983
  602     8
  603  1746
  604   779
  605  2493
  606  1532
  607   579
  608  2293
  609  1339
  610   359
  611  2079
  612  1135
  613   159
  614  1896
  615   918
  616  2656
  617  1690
  618   715
  619  2452
  620  1483
  621   521
  622  2227
  623  1278
  624   298
  625  2039
  626  1066
  627   119
  628  1823
  629   875
  630  2585
  631  1613
  632   648
  633  2377
  634  1428
  635   470
  636  2165
  637  1212
  638   243
  639  1976
  640  1019
  641    36
  642  1776
  643   787
  644  2515
  645  1571
  646   604
  647  2322
  648  1352
  649   381
  650  2104
  651  1152
  652   191
  653  1894
  654   952
  655  2655
  656  1706
  657   746
  658  2456
  659  1497
  660   539
  661  2252
  662  1300
  663   343
  664  2060
  665  1086
  666   117
  667  1853
  668   877
  669  2605
  670  1645
  671   665
  672  2400
  673  1435
  674   463
  675  2197
  676  1241
  677   275
  678  1982
  679  1023
  680    70
  681  1792
  682   834
  683  2554
  684  1586
  685   615
  686  2331
  687  1373
  688   408
  689  2144
  690  1159
  691   211
  692  1921
  693   965
  694  2676
  695  1733
  696   770
  697  2474
  698  1509
  699   559
  700  2261
  701  1309
  702   346
  703  2058
  704  1099
  705   134
  706  1849
  707   909
  708  2629
  709  1647
  710   695
  711  2417
  712  1453
  713   482
  714  2213
  715  1240
  716   294
  717  2010
  718  1057
  719    90
  720  1812
  721   840
  722  2573
  723  1609
  724   638
  725  2352
  726  1386
  727   423
  728  2152
  729  1179
  730   234
  731  1936
  732   994
  733    31
  734  1731
  735   767
  736  2507
  737  1526
  738   570
  739  2282
  740  1336
  741   371
  742  2075
  743  1114
  744   165
  745  1879
  746   923
  747  2649
  748  1687
  749   704
  750  2430
  751  1475
  752   509
  753  2243
  754  1270
  755   303
  756  2029
  757  1061
  758    96
  759  1813
  760   862
  761  2582
  762  1629
  763   647
  764  2376
  765  1404
  766   432
  767  2180
  768  1208
  769   239
  770  1970
  771   997
  772    34
  773  1762
  774   803
  775  2528
  776  1564
  777   598
  778  2320
  779  1338
  780   376
  781  2097
  782  1142
  783   186
  784  1909
  785   942
  786  2667
  787  1701
  788   744
  789  2462
  790  1505
  791   531
  792  2240
  793  1294
  794   323
  795  2033
  796  1073
  797   121
  798  1836
  799   890
  800  2592
  801  1624
  802   685
  803  2389
  804  1440
  805   462
  806  2175
  807  1213
  808   262
  809  1986
  810  1013
  811    46
  812  1786
  813   809
  814  2535
  815  1577
  816   608
  817  2336
  818  1357
  819   403
  820  2128
  821  1149
  822   209
  823  1923
  824   944
  825  2673
  826  1726
  827   754
  828  2465
  829  1498
  830   538
  831  2273
  832  1298
  833   331
  834  2057
  835  1098
  836   140
  837  1859
  838   892
  839  2616
  840  1662
  841   702
  842  2398
  843  1448
  844   481
  845  2203
  846  1236
  847   266
  848  1997
  849  1045
  850    78
  851  1788
  852   824
  853  2567
  854  1582
  855   633
  856  2337
  857  1374
  858   427
  859  2137
  860  1190
  861   221
  862  1943
  863   969
  864    23
  865  1745
  866   771
  867  2501
  868  1520
  869   558
  870  2274
  871  1324
  872   364
  873  2088
  874  1121
  875   150
  876  1878
  877   910
  878  2635
  879  1673
  880   718
  881  2438
  882  1469
  883   504
  884  2228
  885  1269
  886   293
  887  2012
  888  1063
  889   100
  890  1798
  891   859
  892  2561
  893  1611
  894   641
  895  2362
  896  1397
  897   442
  898  2174
  899  1198
  900   232
  901  1952
  902   999
  903    39
  904  1763
  905   777
  906  2505
  907  1541
  908   581
  909  2307
  910  1341
  911   388
  912  2107
  913  1132
  914   184
  915  1892
  916   943
  917  2637
  918  1697
  919   735
  920  2447
  921  1486
  922   526
  923  2256
  924  1289
  925   319
  926  2038
  927  1072
  928   124
  929  1845
  930   866
  931  2580
  932  1628
  933   659
  934  2393
  935  1420
  936   458
  937  2178
  938  1216
  939   253
  940  1966
  941  1022
  942    50
  943  1774
  944   813
  945  2522
  946  1556
  947   593
  948  2332
  949  1376
  950   409
  951  2126
  952  1164
  953   199
  954  1920
  955   958
  956  2659
  957  1721
  958   749
  959  2463
  960  1510
  961   543
  962  2267
  963  1301
  964   328
  965  2067
  966  1084
  967   133
  968  1844
  969   888
  970  2611
  971  1636
  972   676
  973  2397
  974  1447
  975   480
  976  2185
  977  1245
  978   263
  979  1998
  980  1036
  981    66
  982  1783
  983   835
  984  2546
  985  1575
  986   619
  987  2354
  988  1375
  989   410
  990  2136
  991  1176
  992   206
  993  1917
  994   970
  995  2683
  996  1722
  997   765
  998  2485
  999  1527
 1000   551
 1001  2281
 1002  1321
 1003   361
 1004  2076
 1005  1112
 1006   157
 1007  1865
 1008   911
 1009  2633
 1010  1672
 1011   699
 1012  2429
 1013  1464
 1014   497
 1015  2217
 1016  1252
 1017   284
 1018  2002
 1019  1044
 1020    91
 1021  1799
 1022   850
 1023  2572
 1024  1602
 1025   635
 1026  2363
 1027  1409
 1028   426
 1029  2164
 1030  1204
 1031   216
 1032  1950
 1033   981
 1034     9
 1035  1743
 1036   793
 1037  2517
 1038  1549
 1039   584
 1040  2306
 1041  1323
 1042   385
 1043  2082
 1044  1134
 1045   174
 1046  1890
 1047   938
 1048  2632
 1049  1677
 1050   719
 1051  2449
 1052  1484
 1053   519
 1054  2246
 1055  1272
 1056   318
 1057  2019
 1058  1076
 1059    97
 1060  1819
 1061   848
 1062  2584
 1063  1631
 1064   666
 1065  2369
 1066  1402
 1067   449
 1068  2172
 1069  1209
 1070   244
 1071  1975
 1072  1003
 1073    53
 1074  1767
 1075   790
 1076  2530
 1077  1555
 1078   600
 1079  2326
 1080  1350
 1081   393
 1082  2122
 1083  1139
 1084   197
 1085  1905
 1086   935
 1087  2675
 1088  1707
 1089   743
 1090  2473
 1091  1488
 1092   527
 1093  2255
 1094  1287
 1095   324
 1096  2055
 1097  1088
 1098   116
 1099  1842
 1100   868
 1101  2593
 1102  1648
 1103   679
 1104  2406
 1105  1433
 1106   465
 1107  2195
 1108  1228
 1109   269
 1110  1974
 1111  1025
 1112    51
 1113  1775
 1114   828
 1115  2532
 1116  1584
 1117   606
 1118  2321
 1119  1364
 1120   413
 1121  2125
 1122  1168
 1123   207
 1124  1925
 1125   964
 1126     3
 1127  1725
 1128   761
 1129  2476
 1130  1517
 1131   540
 1132  2285
 1133  1311
 1134   344
 1135  2071
 1136  1115
 1137   151
 1138  1854
 1139   891
 1140  2609
 1141  1669
 1142   698
 1143  2414
 1144  1443
 1145   500
 1146  2199
 1147  1244
 1148   276
 1149  2013
 1150  1054
 1151    71
 1152  1810
 1153   831
 1154  2566
 1155  1601
 1156   644
 1157  2364
 1158  1393
 1159   420
 1160  2157
 1161  1177
 1162   218
 1163  1955
 1164   985
 1165     2
 1166  1739
 1167   775
 1168  2504
 1169  1530
 1170   565
 1171  2295
 1172  1327
 1173   358
 1174  2077
 1175  1125
 1176   168
 1177  1874
 1178   926
 1179  2646
 1180  1675
 1181   721
 1182  2446
 1183  1477
 1184   524
 1185  2220
 1186  1267
 1187   305
 1188  2026
 1189  1048
 1190    87
 1191  1830
 1192   865
 1193  2568
 1194  1607
 1195   643
 1196  2380
 1197  1401
 1198   446
 1199  2173
 1200  1196
 1201   242
 1202  1956
 1203  1005
 1204    30
 1205  1764
 1206   802
 1207  2510
 1208  1559
 1209   587
 1210  2297
 1211  1348
 1212   386
 1213  2095
 1214  1146
 1215   183
 1216  1900
 1217   937
 1218  2657
 1219  1678
 1220   727
 1221  2441
 1222  1501
 1223   534
 1224  2239
 1225  1283
 1226   317
 1227  2050
 1228  1078
 1229   130
 1230  1840
 1231   885
 1232  2594
 1233  1623
 1234   669
 1235  2382
 1236  1432
 1237   467
 1238  2184
 1239  1221
 1240   257
 1241  1987
 1242  1012
 1243    58
 1244  1779
 1245   798
 1246  2540
 1247  1562
 1248   613
 1249  2333
 1250  1360
 1251   402
 1252  2118
 1253  1169
 1254   200
 1255  1930
 1256   954
 1257  2682
 1258  1723
 1259   756
 1260  2464
 1261  1513
 1262   557
 1263  2260
 1264  1305
 1265   336
 1266  2066
 1267  1094
 1268   142
 1269  1857
 1270   878
 1271  2608
 1272  1653
 1273   682
 1274  2405
 1275  1455
 1276   478
 1277  2206
 1278  1233
 1279   282
 1280  1990
 1281  1033
 1282    80
 1283  1796
 1284   833
 1285  2562
 1286  1585
 1287   630
 1288  2350
 1289  1390
 1290   421
 1291  2142
 1292  1174
 1293   230
 1294  1938
 1295   971
 1296    21
 1297  1729
 1298   764
 1299  2488
 1300  1529
 1301   572
 1302  2279
 1303  1319
 1304   367
 1305  2085
 1306  1110
 1307   143
 1308  1868
 1309   914
 1310  2622
 1311  1680
 1312   713
 1313  2418
 1314  1467
 1315   495
 1316  2222
 1317  1262
 1318   295
 1319  2021
 1320  1042
 1321    98
 1322  1801
 1323   857
 1324  2576
 1325  1606
 1326   655
 1327  2368
 1328  1412
 1329   448
 1330  2171
 1331  1201
 1332   231
 1333  1964
 1334   991
 1335    29
 1336  1741
 1337   786
 1338  2518
 1339  1538
 1340   583
 1341  2305
 1342  1328
 1343   382
 1344  2098
 1345  1136
 1346   167
 1347  1897
 1348   939
 1349  2638
 1350  1695
 1351   724
 1352  2442
 1353  1476
 1354   528
 1355  2241
 1356  1274
 1357   313
 1358  2040
 1359  1071
 1360   104
 1361  1838
 1362   856
 1363  2586
 1364  1639
 1365   664
 1366  2390
 1367  1423
 1368   456
 1369  2168
 1370  1207
 1371   265
 1372  1972
 1373  1001
 1374    56
 1375  1770
 1376   815
 1377  2520
 1378  1567
 1379   610
 1380  2318
 1381  1351
 1382   389
 1383  2108
 1384  1158
 1385   202
 1386  1918
 1387   947
 1388  2681
 1389  1709
 1390   753
 1391  2475
 1392  1490
 1393   541
 1394  2271
 1395  1299
 1396   338
 1397  2062
 1398  1101
 1399   136
 1400  1851
 1401   895
 1402  2607
 1403  1638
 1404   675
 1405  2410
 1406  1442
 1407   473
 1408  2190
 1409  1235
 1410   271
 1411  1993
 1412  1037
 1413    65
 1414  1794
 1415   826
 1416  2539
 1417  1583
 1418   629
 1419  2335
 1420  1370
 1421   412
 1422  2134
 1423  1161
 1424   198
 1425  1937
 1426   974
 1427     7
 1428  1728
 1429   762
 1430  2486
 1431  1524
 1432   567
 1433  2275
 1434  1307
 1435   341
 1436  2064
 1437  1116
 1438   153
 1439  1867
 1440   907
 1441  2620
 1442  1667
 1443   689
 1444  2404
 1445  1449
 1446   501
 1447  2211
 1448  1255
 1449   280
 1450  2015
 1451  1035
 1452    82
 1453  1804
 1454   836
 1455  2551
 1456  1598
 1457   637
 1458  2361
 1459  1392
 1460   422
 1461  2150
 1462  1186
 1463   229
 1464  1957
 1465   976
 1466    11
 1467  1738
 1468   780
 1469  2506
 1470  1540
 1471   591
 1472  2291
 1473  1331
 1474   378
 1475  2086
 1476  1133
 1477   161
 1478  1883
 1479   927
 1480  2636
 1481  1686
 1482   726
 1483  2444
 1484  1487
 1485   517
 1486  2229
 1487  1265
 1488   304
 1489  2022
 1490  1058
 1491   102
 1492  1816
 1493   851
 1494  2583
 1495  1614
 1496   661
 1497  2384
 1498  1411
 1499   464
 1500  2176
 1501  1206
 1502   247
 1503  1973
 1504  1020
 1505    49
 1506  1753
 1507   796
 1508  2508
 1509  1561
 1510   595
 1511  2327
 1512  1349
 1513   383
 1514  2117
 1515  1157
 1516   171
 1517  1913
 1518   941
 1519  2671
 1520  1711
 1521   742
 1522  2458
 1523  1482
 1524   520
 1525  2257
 1526  1295
 1527   332
 1528  2051
 1529  1089
 1530   113
 1531  1829
 1532   889
 1533  2610
 1534  1627
 1535   687
 1536  2387
 1537  1427
 1538   466
 1539  2193
 1540  1242
 1541   261
 1542  1991
 1543  1027
 1544    64
 1545  1784
 1546   825
 1547  2536
 1548  1581
 1549   616
 1550  2343
 1551  1379
 1552   419
 1553  2141
 1554  1180
 1555   203
 1556  1928
 1557   962
 1558  2678
 1559  1720
 1560   748
 1561  2478
 1562  1504
 1563   546
 1564  2278
 1565  1313
 1566   342
 1567  2059
 1568  1113
 1569   141
 1570  1861
 1571   900
 1572  2617
 1573  1666
 1574   701
 1575  2412
 1576  1454
 1577   493
 1578  2219
 1579  1246
 1580   292
 1581  1996
 1582  1047
 1583    72
 1584  1808
 1585   842
 1586  2558
 1587  1592
 1588   618
 1589  2347
 1590  1399
 1591   438
 1592  2160
 1593  1173
 1594   235
 1595  1947
 1596   973
 1597     6
 1598  1724
 1599   783
 1600  2498
 1601  1534
 1602   562
 1603  2283
 1604  1322
 1605   377
 1606  2084
 1607  1108
 1608   152
 1609  1870
 1610   928
 1611  2644
 1612  1663
 1613   716
 1614  2433
 1615  1457
 1616   502
 1617  2226
 1618  1263
 1619   308
 1620  2025
 1621  1062
 1622   110
 1623  1818
 1624   838
 1625  2578
 1626  1616
 1627   640
 1628  2381
 1629  1400
 1630   434
 1631  2167
 1632  1215
 1633   246
 1634  1962
 1635   986
 1636    27
 1637  1768
 1638   800
 1639  2529
 1640  1553
 1641   575
 1642  2303
 1643  1333
 1644   390
 1645  2114
 1646  1147
 1647   182
 1648  1887
 1649   929
 1650  2647
 1651  1683
 1652   737
 1653  2448
 1654  1492
 1655   537
 1656  2236
 1657  1271
 1658   307
 1659  2037
 1660  1082
 1661   115
 1662  1847
 1663   881
 1664  2596
 1665  1622
 1666   656
 1667  2401
 1668  1418
 1669   472
 1670  2192
 1671  1231
 1672   254
 1673  1992
 1674  1011
 1675    47
 1676  1773
 1677   818
 1678  2542
 1679  1573
 1680   596
 1681  2329
 1682  1361
 1683   401
 1684  2129
 1685  1162
 1686   189
 1687  1904
 1688   966
 1689  2660
 1690  1719
 1691   759
 1692  2461
 1693  1499
 1694   549
 1695  2254
 1696  1310
 1697   352
 1698  2047
 1699  1090
 1700   144
 1701  1856
 1702   893
 1703  2603
 1704  1643
 1705   686
 1706  2424
 1707  1438
 1708   474
 1709  2209
 1710  1230
 1711   267
 1712  1981
 1713  1026
 1714    81
 1715  1780
 1716   837
 1717  2557
 1718  1587
 1719   628
 1720  2339
 1721  1385
 1722   411
 1723  2145
 1724  1187
 1725   208
 1726  1935
 1727   972
 1728    18
 1729  1716
 1730   757
 1731  2479
 1732  1536
 1733   554
 1734  2289
 1735  1314
 1736   369
 1737  2083
 1738  1122
 1739   164
 1740  1882
 1741   915
 1742  2630
 1743  1665
 1744   707
 1745  2422
 1746  1465
 1747   506
 1748  2215
 1749  1248
 1750   299
 1751  2008
 1752  1051
 1753    95
 1754  1802
 1755   855
 1756  2563
 1757  1600
 1758   645
 1759  2371
 1760  1395
 1761   430
 1762  2166
 1763  1202
 1764   228
 1765  1953
 1766   984
 1767    13
 1768  1749
 1769   773
 1770  2495
 1771  1533
 1772   586
 1773  2304
 1774  1342
 1775   373
 1776  2087
 1777  1140
 1778   178
 1779  1881
 1780   936
 1781  2642
 1782  1694
 1783   712
 1784  2432
 1785  1491
 1786   507
 1787  2253
 1788  1279
 1789   306
 1790  2043
 1791  1070
 1792   125
 1793  1833
 1794   869
 1795  2590
 1796  1620
 1797   674
 1798  2386
 1799  1425
 1800   453
 1801  2179
 1802  1225
 1803   256
 1804  1977
 1805  1016
 1806    37
 1807  1766
 1808   817
 1809  2519
 1810  1557
 1811   603
 1812  2311
 1813  1358
 1814   405
 1815  2116
 1816  1154
 1817   172
 1818  1915
 1819   933
 1820  2672
 1821  1698
 1822   729
 1823  2453
 1824  1502
 1825   535
 1826  2250
 1827  1297
 1828   329
 1829  2052
 1830  1092
 1831   120
 1832  1839
 1833   874
 1834  2602
 1835  1640
 1836   673
 1837  2399
 1838  1434
 1839   486
 1840  2196
 1841  1243
 1842   278
 1843  1989
 1844  1017
 1845    62
 1846  1785
 1847   819
 1848  2548
 1849  1590
 1850   614
 1851  2345
 1852  1367
 1853   414
 1854  2130
 1855  1178
 1856   220
 1857  1927
 1858   980
 1859  2680
 1860  1710
 1861   758
 1862  2489
 1863  1522
 1864   552
 1865  2266
 1866  1325
 1867   351
 1868  2072
 1869  1100
 1870   149
 1871  1869
 1872   904
 1873  2634
 1874  1659
 1875   706
 1876  2413
 1877  1458
 1878   484
 1879  2205
 1880  1256
 1881   279
 1882  2005
 1883  1056
 1884    77
 1885  1814
 1886   845
 1887  2559
 1888  1595
 1889   639
 1890  2360
 1891  1410
 1892   440
 1893  2143
 1894  1188
 1895   240
 1896  1939
 1897   998
 1898    14
 1899  1736
 1900   766
 1901  2500
 1902  1525
 1903   568
 1904  2298
 1905  1337
 1906   374
 1907  2089
 1908  1131
 1909   175
 1910  1877
 1911   916
 1912  2640
 1913  1671
 1914   709
 1915  2440
 1916  1459
 1917   515
 1918  2247
 1919  1258
 1920   296
 1921  2027
 1922  1069
 1923   114
 1924  1811
 1925   854
 1926  2581
 1927  1632
 1928   652
 1929  2373
 1930  1413
 1931   443
 1932  2161
 1933  1200
 1934   249
 1935  1971
 1936  1004
 1937    41
 1938  1772
 1939   801
 1940  2524
 1941  1543
 1942   592
 1943  2299
 1944  1347
 1945   394
 1946  2110
 1947  1145
 1948   179
 1949  1898
 1950   950
 1951  2668
 1952  1682
 1953   741
 1954  2443
 1955  1503
 1956   532
 1957  2259
 1958  1280
 1959   315
 1960  2048
 1961  1091
 1962   112
 1963  1843
 1964   882
 1965  2601
 1966  1633
 1967   672
 1968  2394
 1969  1422
 1970   468
 1971  2191
 1972  1229
 1973   255
 1974  1979
 1975  1030
 1976    75
 1977  1789
 1978   820
 1979  2537
 1980  1580
 1981   607
 1982  2334
 1983  1369
 1984   391
 1985  2121
 1986  1156
 1987   201
 1988  1929
 1989   961
 1990     5
 1991  1712
 1992   738
 1993  2482
 1994  1515
 1995   556
 1996  2276
 1997  1316
 1998   339
 1999  2073
 2000  1104
 2001   132
 2002  1866
 2003   886
 2004  2626
 2005  1660
 2006   703
 2007  2408
 2008  1444
 2009   485
 2010  2208
 2011  1251
 2012   272
 2013  2006
 2014  1043
 2015    74
 2016  1805
 2017   832
 2018  2549
 2019  1574
 2020   620
 2021  2358
 2022  1382
 2023   433
 2024  2135
 2025  1172
 2026   219
 2027  1942
 2028   990
 2029    10
 2030  1734
 2031   763
 2032  2492
 2033  1535
 2034   561
 2035  2296
 2036  1315
 2037   365
 2038  2094
 2039  1118
 2040   158
 2041  1891
 2042   903
 2043  2641
 2044  1676
 2045   708
 2046  2428
 2047  1460
 2048   514
 2049  2237
 2050  1260
 2051   311
 2052  2024
 2053  1050
 2054    99
 2055  1807
 2056   844
 2057  2560
 2058  1625
 2059   662
 2060  2355
 2061  1398
 2062   447
 2063  2159
 2064  1203
 2065   252
 2066  1949
 2067   992
 2068    19
 2069  1737
 2070   799
 2071  2511
 2072  1547
 2073   594
 2074  2309
 2075  1345
 2076   372
 2077  2111
 2078  1151
 2079   181
 2080  1901
 2081   920
 2082  2661
 2083  1689
 2084   722
 2085  2455
 2086  1489
 2087   511
 2088  2234
 2089  1284
 2090   326
 2091  2030
 2092  1087
 2093   128
 2094  1832
 2095   876
 2096  2598
 2097  1618
 2098   670
 2099  2392
 2100  1436
 2101   476
 2102  2182
 2103  1210
 2104   251
 2105  1965
 2106  1008
 2107    60
 2108  1765
 2109   805
 2110  2521
 2111  1560
 2112   602
 2113  2323
 2114  1363
 2115   399
 2116  2119
 2117  1153
 2118   205
 2119  1906
 2120   949
 2121  2670
 2122  1713
 2123   730
 2124  2460
 2125  1514
 2126   542
 2127  2265
 2128  1288
 2129   333
 2130  2053
 2131  1085
 2132   123
 2133  1855
 2134   880
 2135  2624
 2136  1657
 2137   688
 2138  2402
 2139  1446
 2140   469
 2141  2210
 2142  1227
 2143   283
 2144  2004
 2145  1041
 2146    63
 2147  1791
 2148   821
 2149  2552
 2150  1591
 2151   625
 2152  2351
 2153  1377
 2154   424
 2155  2147
 2156  1167
 2157   215
 2158  1931
 2159   975
 2160    16
 2161  1730
 2162   776
 2163  2497
 2164  1511
 2165   563
 2166  2269
 2167  1308
 2168   345
 2169  2080
 2170  1111
 2171   154
 2172  1875
 2173   917
 2174  2615
 2175  1670
 2176   705
 2177  2423
 2178  1463
 2179   496
 2180  2204
 2181  1266
 2182   302
 2183  2016
 2184  1060
 2185    89
 2186  1806
 2187   852
 2188  2577
 2189  1594
 2190   634
 2191  2348
 2192  1403
 2193   439
 2194  2163
 2195  1205
 2196   226
 2197  1941
 2198   978
 2199    35
 2200  1751
 2201   782
 2202  2503
 2203  1554
 2204   588
 2205  2302
 2206  1329
 2207   366
 2208  2103
 2209  1117
 2210   160
 2211  1889
 2212   930
 2213  2645
 2214  1693
 2215   725
 2216  2451
 2217  1481
 2218   510
 2219  2233
 2220  1286
 2221   301
 2222  2044
 2223  1068
 2224   107
 2225  1822
 2226   864
 2227  2595
 2228  1634
 2229   653
 2230  2383
 2231  1429
 2232   452
 2233  2169
 2234  1220
 2235   248
 2236  1980
 2237   995
 2238    45
 2239  1759
 2240   788
 2241  2516
 2242  1568
 2243   597
 2244  2328
 2245  1362
 2246   387
 2247  2123
 2248  1150
 2249   176
 2250  1914
 2251   948
 2252  2665
 2253  1688
 2254   736
 2255  2469
 2256  1508
 2257   529
 2258  2251
 2259  1296
 2260   340
 2261  2046
 2262  1079
 2263   127
 2264  1846
 2265   883
 2266  2597
 2267  1642
 2268   671
 2269  2411
 2270  1430
 2271   477
 2272  2201
 2273  1223
 2274   259
 2275  1984
 2276  1021
 2277    59
 2278  1795
 2279   812
 2280  2543
 2281  1565
 2282   621
 2283  2324
 2284  1387
 2285   416
 2286  2127
 2287  1163
 2288   210
 2289  1910
 2290   953
 2291     0
 2292  1718
 2293   750
 2294  2470
 2295  1519
 2296   569
 2297  2288
 2298  1317
 2299   353
 2300  2056
 2301  1107
 2302   145
 2303  1871
 2304   902
 2305  2621
 2306  1651
 2307   692
 2308  2421
 2309  1445
 2310   492
 2311  2200
 2312  1259
 2313   277
 2314  2017
 2315  1049
 2316    86
 2317  1790
 2318   829
 2319  2569
 2320  1589
 2321   642
 2322  2359
 2323  1394
 2324   431
 2325  2158
 2326  1191
 2327   223
 2328  1948
 2329   993
 2330    17
 2331  1735
 2332   781
 2333  2490
 2334  1545
 2335   573
 2336  2286
 2337  1320
 2338   370
 2339  2091
 2340  1129
 2341   162
 2342  1893
 2343   908
 2344  2650
 2345  1679
 2346   717
 2347  2435
 2348  1461
 2349   512
 2350  2230
 2351  1277
 2352   314
 2353  2032
 2354  1053
 2355    92
 2356  1835
 2357   858
 2358  2579
 2359  1615
 2360   646
 2361  2365
 2362  1416
 2363   457
 2364  2170
 2365  1194
 2366   250
 2367  1969
 2368   989
 2369    33
 2370  1761
 2371   806
 2372  2533
 2373  1552
 2374   585
 2375  2301
 2376  1346
 2377   384
 2378  2102
 2379  1138
 2380   185
 2381  1907
 2382   931
 2383  2662
 2384  1685
 2385   739
 2386  2459
 2387  1493
 2388   525
 2389  2244
 2390  1290
 2391   321
 2392  2041
 2393  1093
 2394   111
 2395  1831
 2396   871
 2397  2589
 2398  1637
 2399   683
 2400  2403
 2401  1415
 2402   471
 2403  2189
 2404  1214
 2405   273
 2406  1968
 2407  1014
 2408    54
 2409  1771
 2410   816
 2411  2538
 2412  1578
 2413   617
 2414  2330
 2415  1359
 2416   400
 2417  2132
 2418  1165
 2419   192
 2420  1932
 2421   957
 2422  2679
 2423  1704
 2424   755
 2425  2466
 2426  1496
 2427   536
 2428  2272
 2429  1318
 2430   335
 2431  2061
 2432  1097
 2433   147
 2434  1873
 2435   896
 2436  2606
 2437  1655
 2438   681
 2439  2407
 2440  1456
 2441   479
 2442  2194
 2443  1234
 2444   285
 2445  2011
 2446  1039
 2447    76
 2448  1803
 2449   843
 2450  2545
 2451  1597
 2452   624
 2453  2344
 2454  1389
 2455   428
 2456  2139
 2457  1170
 2458   204
 2459  1934
 2460   982
 2461    20
 2462  1748
 2463   772
 2464  2487
 2465  1537
 2466   560
 2467  2284
 2468  1334
 2469   355
 2470  2069
 2471  1128
 2472   139
 2473  1885
 2474   905
 2475  2639
 2476  1664
 2477   700
 2478  2420
 2479  1466
 2480   498
 2481  2216
 2482  1254
 2483   312
 2484  2023
 2485  1064
 2486    93
 2487  1824
 2488   846
 2489  2570
 2490  1604
 2491   658
 2492  2357
 2493  1396
 2494   436
 2495  2148
 2496  1192
 2497   227
 2498  1958
 2499  1000
 2500    44
 2501  1742
 2502   797
 2503  2496
 2504  1539
 2505   582
 2506  2313
 2507  1354
 2508   379
 2509  2106
 2510  1126
 2511   180
 2512  1888
 2513   940
 2514  2654
 2515  1692
 2516   731
 2517  2436
 2518  1485
 2519   513
 2520  2232
 2521  1273
 2522   320
 2523  2045
 2524  1065
 2525   105
 2526  1837
 2527   870
 2528  2600
 2529  1617
 2530   657
 2531  2385
 2532  1426
 2533   451
 2534  2186
 2535  1217
 2536   245
 2537  1967
 2538  1006
 2539    48
 2540  1756
 2541   795
 2542  2527
 2543  1569
 2544   611
 2545  2317
 2546  1365
 2547   396
 2548  2131
 2549  1144
 2550   193
 2551  1911
 2552   959
 2553  2677
 2554  1708
 2555   733
 2556  2457
 2557  1500
 2558   533
 2559  2258
 2560  1292
 2561   347
 2562  2063
 2563  1080
 2564   126
 2565  1852
 2566   894
 2567  2613
 2568  1649
 2569   690
 2570  2415
 2571  1450
 2572   491
 2573  2214
 2574  1224
 2575   268
 2576  1995
 2577  1029
 2578    69
 2579  1777
 2580   827
 2581  2547
 2582  1593
 2583   623
 2584  2340
 2585  1372
 2586   418
 2587  2124
 2588  1183
 2589   195
 2590  1926
 2591   977
 2592    12
 2593  1717
 2594   768
 2595  2484
 2596  1516
 2597   545
 2598  2277
 2599  1302
 2600   348
 2601  2078
 2602  1123
 2603   148
 2604  1863
 2605   899
 2606  2627
 2607  1652
 2608   697
 2609  2426
 2610  1462
 2611   508
 2612  2225
 2613  1257
 2614   287
 2615  2000
 2616  1038
 2617    85
 2618  1809
 2619   849
 2620  2564
 2621  1610
 2622   651
 2623  2353
 2624  1388
 2625   444
 2626  2156
 2627  1182
 2628   225
 2629  1954
 2630   996
 2631    24
 2632  1754
 2633   791
 2634  2512
 2635  1551
 2636   590
 2637  2300
 2638  1343
 2639   356
 2640  2096
 2641  1124
 2642   169
 2643  1895
 2644   925
 2645  2648
 2646  1691
 2647   714
 2648  2445
 2649  1474
 2650   518
 2651  2248
 2652  1268
 2653   297
 2654  2020
 2655  1067
 2656    94
 2657  1817
 2658   847
 2659  2574
 2660  1612
 2661   663
 2662  2378
 2663  1431
 2664   450
 2665  2181
 2666  1211
 2667   238
 2668  1959
 2669  1009
 2670    52
 2671  1755
 2672   789
 2673  2514
 2674  1558
 2675   589
 2676  2315
 2677  1368
 2678   397
 2679  2105
 2680  1143
 2681   177
 2682  1912
 2683   934
