FR80T25X32L1
Turbo Code Interleaving
User data with 4 flush bits = 2644
NOTE: S-bit is the bit index after interleaving. Data-bit is the index of user data
S-bit Data-bit
    0    28
    1  1718
    2   749
    3  2457
    4  1521
    5   556
    6  2253
    7  1312
    8   355
    9  2061
   10  1103
   11   164
   12  1844
   13   909
   14  2604
   15  1659
   16   686
   17  2398
   18  1451
   19   496
   20  2185
   21  1245
   22   304
   23  1988
   24  1030
   25    82
   26  1798
   27   850
   28  2549
   29  1579
   30   651
   31  2343
   32  1385
   33   447
   34  2121
   35  1177
   36   233
   37  1922
   38   972
   39    32
   40  1726
   41   773
   42  2485
   43  1527
   44   569
   45  2276
   46  1320
   47   370
   48  2070
   49  1130
   50   161
   51  1874
   52   911
   53  2623
   54  1674
   55   723
   56  2430
   57  1455
   58   509
   59  2202
   60  1256
   61   320
   62  2004
   63  1058
   64   120
   65  1806
   66   874
   67  2560
   68  1610
   69   657
   70  2340
   71  1396
   72   454
   73  2145
   74  1213
   75   266
   76  1953
   77  1008
   78    60
   79  1754
   80   795
   81  2488
   82  1552
   83   596
   84  2290
   85  1346
   86   411
   87  2081
   88  1153
   89   191
   90  1895
   91   941
   92  2634
   93  1688
   94   729
   95  2434
   96  1471
   97   547
   98  2228
   99  1284
  100   322
  101  2023
  102  1088
  103   127
  104  1820
  105   885
  106  2579
  107  1631
  108   670
  109  2360
  110  1415
  111   468
  112  2174
  113  1231
  114   270
  115  1979
  116  1015
  117    67
  118  1755
  119   811
  120  2503
  121  1575
  122   613
  123  2306
  124  1362
  125   423
  126  2108
  127  1157
  128   219
  129  1911
  130   940
  131     4
  132  1706
  133   763
  134  2444
  135  1508
  136   542
  137  2236
  138  1292
  139   349
  140  2050
  141  1102
  142   136
  143  1832
  144   900
  145  2592
  146  1636
  147   681
  148  2389
  149  1450
  150   498
  151  2191
  152  1228
  153   287
  154  1971
  155  1043
  156    83
  157  1792
  158   847
  159  2518
  160  1584
  161   618
  162  2332
  163  1387
  164   435
  165  2122
  166  1175
  167   221
  168  1931
  169   973
  170    40
  171  1721
  172   780
  173  2465
  174  1519
  175   566
  176  2278
  177  1315
  178   357
  179  2077
  180  1120
  181   171
  182  1875
  183   918
  184  2613
  185  1656
  186   717
  187  2395
  188  1457
  189   514
  190  2212
  191  1265
  192   305
  193  2003
  194  1064
  195   107
  196  1799
  197   859
  198  2548
  199  1605
  200   645
  201  2352
  202  1400
  203   452
  204  2150
  205  1199
  206   237
  207  1948
  208   987
  209    43
  210  1730
  211   798
  212  2496
  213  1539
  214   600
  215  2284
  216  1333
  217   387
  218  2080
  219  1142
  220   185
  221  1880
  222   930
  223  2618
  224  1679
  225   736
  226  2435
  227  1484
  228   539
  229  2234
  230  1271
  231   329
  232  2034
  233  1066
  234   116
  235  1813
  236   871
  237  2573
  238  1616
  239   674
  240  2355
  241  1417
  242   480
  243  2165
  244  1207
  245   286
  246  1964
  247  1024
  248    54
  249  1760
  250   796
  251  2512
  252  1564
  253   617
  254  2303
  255  1363
  256   398
  257  2101
  258  1167
  259   211
  260  1890
  261   953
  262     1
  263  1689
  264   741
  265  2454
  266  1498
  267   545
  268  2229
  269  1286
  270   345
  271  2039
  272  1089
  273   144
  274  1848
  275   884
  276  2584
  277  1625
  278   683
  279  2383
  280  1446
  281   481
  282  2190
  283  1242
  284   282
  285  1969
  286  1016
  287    87
  288  1788
  289   818
  290  2515
  291  1572
  292   623
  293  2335
  294  1384
  295   419
  296  2119
  297  1163
  298   214
  299  1915
  300   964
  301    26
  302  1724
  303   774
  304  2476
  305  1500
  306   563
  307  2260
  308  1324
  309   375
  310  2068
  311  1113
  312   153
  313  1852
  314   908
  315  2611
  316  1649
  317   701
  318  2403
  319  1448
  320   492
  321  2198
  322  1255
  323   295
  324  2000
  325  1060
  326    99
  327  1793
  328   840
  329  2533
  330  1594
  331   641
  332  2339
  333  1386
  334   439
  335  2130
  336  1200
  337   254
  338  1930
  339  1002
  340    38
  341  1733
  342   792
  343  2472
  344  1525
  345   570
  346  2281
  347  1335
  348   390
  349  2069
  350  1124
  351   184
  352  1871
  353   936
  354  2612
  355  1670
  356   721
  357  2413
  358  1456
  359   522
  360  2209
  361  1262
  362   325
  363  2011
  364  1079
  365   106
  366  1822
  367   854
  368  2552
  369  1601
  370   658
  371  2359
  372  1403
  373   448
  374  2154
  375  1219
  376   260
  377  1955
  378   999
  379    56
  380  1742
  381   810
  382  2493
  383  1546
  384   592
  385  2307
  386  1360
  387   400
  388  2083
  389  1137
  390   187
  391  1887
  392   945
  393  2626
  394  1677
  395   740
  396  2431
  397  1489
  398   536
  399  2246
  400  1273
  401   344
  402  2043
  403  1085
  404   135
  405  1834
  406   893
  407  2586
  408  1621
  409   684
  410  2380
  411  1419
  412   476
  413  2169
  414  1218
  415   277
  416  1977
  417  1012
  418    72
  419  1773
  420   829
  421  2506
  422  1555
  423   627
  424  2314
  425  1359
  426   409
  427  2123
  428  1166
  429   209
  430  1917
  431   952
  432    25
  433  1701
  434   767
  435  2443
  436  1495
  437   568
  438  2258
  439  1306
  440   358
  441  2059
  442  1092
  443   154
  444  1858
  445   888
  446  2589
  447  1643
  448   709
  449  2401
  450  1449
  451   487
  452  2205
  453  1234
  454   311
  455  1997
  456  1039
  457   104
  458  1800
  459   848
  460  2536
  461  1596
  462   640
  463  2321
  464  1393
  465   431
  466  2117
  467  1179
  468   230
  469  1933
  470   992
  471    22
  472  1731
  473   782
  474  2462
  475  1523
  476   572
  477  2274
  478  1336
  479   363
  480  2062
  481  1110
  482   168
  483  1856
  484   906
  485  2624
  486  1673
  487   712
  488  2417
  489  1472
  490   515
  491  2215
  492  1261
  493   317
  494  2005
  495  1057
  496   101
  497  1797
  498   860
  499  2565
  500  1619
  501   668
  502  2337
  503  1398
  504   453
  505  2155
  506  1203
  507   256
  508  1958
  509   994
  510    42
  511  1751
  512   799
  513  2487
  514  1542
  515   590
  516  2280
  517  1350
  518   392
  519  2088
  520  1148
  521   193
  522  1893
  523   931
  524  2629
  525  1676
  526   734
  527  2440
  528  1483
  529   540
  530  2230
  531  1283
  532   332
  533  2018
  534  1078
  535   129
  536  1830
  537   866
  538  2575
  539  1633
  540   667
  541  2373
  542  1430
  543   483
  544  2179
  545  1220
  546   284
  547  1973
  548  1018
  549    66
  550  1766
  551   802
  552  2517
  553  1548
  554   603
  555  2311
  556  1357
  557   401
  558  2106
  559  1171
  560   210
  561  1904
  562   948
  563    15
  564  1714
  565   758
  566  2446
  567  1505
  568   558
  569  2256
  570  1310
  571   352
  572  2037
  573  1086
  574   133
  575  1836
  576   899
  577  2580
  578  1629
  579   700
  580  2391
  581  1429
  582   482
  583  2188
  584  1230
  585   285
  586  1984
  587  1036
  588    78
  589  1770
  590   827
  591  2527
  592  1581
  593   622
  594  2331
  595  1370
  596   429
  597  2114
  598  1181
  599   234
  600  1916
  601   968
  602     8
  603  1720
  604   768
  605  2456
  606  1509
  607   571
  608  2259
  609  1319
  610   354
  611  2048
  612  1118
  613   157
  614  1868
  615   905
  616  2616
  617  1665
  618   704
  619  2415
  620  1460
  621   513
  622  2194
  623  1258
  624   293
  625  2008
  626  1050
  627   117
  628  1795
  629   862
  630  2546
  631  1588
  632   639
  633  2342
  634  1407
  635   463
  636  2133
  637  1193
  638   239
  639  1946
  640  1003
  641    36
  642  1749
  643   776
  644  2477
  645  1547
  646   595
  647  2287
  648  1332
  649   376
  650  2073
  651  1134
  652   188
  653  1866
  654   937
  655  2615
  656  1680
  657   735
  658  2419
  659  1474
  660   531
  661  2218
  662  1280
  663   338
  664  2029
  665  1069
  666   115
  667  1825
  668   864
  669  2566
  670  1620
  671   655
  672  2364
  673  1413
  674   456
  675  2164
  676  1222
  677   271
  678  1952
  679  1007
  680    69
  681  1765
  682   822
  683  2516
  684  1562
  685   606
  686  2296
  687  1352
  688   402
  689  2112
  690  1141
  691   208
  692  1892
  693   950
  694  2636
  695  1707
  696   759
  697  2437
  698  1486
  699   551
  700  2227
  701  1289
  702   341
  703  2027
  704  1082
  705   132
  706  1821
  707   896
  708  2590
  709  1622
  710   685
  711  2381
  712  1431
  713   475
  714  2180
  715  1221
  716   290
  717  1980
  718  1041
  719    89
  720  1785
  721   828
  722  2535
  723  1585
  724   629
  725  2317
  726  1365
  727   417
  728  2120
  729  1161
  730   231
  731  1907
  732   979
  733    31
  734  1705
  735   756
  736  2470
  737  1503
  738   562
  739  2248
  740  1316
  741   366
  742  2044
  743  1097
  744   163
  745  1851
  746   910
  747  2609
  748  1662
  749   694
  750  2394
  751  1452
  752   502
  753  2210
  754  1250
  755   298
  756  1998
  757  1045
  758    94
  759  1786
  760   849
  761  2543
  762  1604
  763   638
  764  2341
  765  1383
  766   426
  767  2148
  768  1190
  769   235
  770  1940
  771   982
  772    34
  773  1735
  774   791
  775  2490
  776  1540
  777   589
  778  2285
  779  1318
  780   371
  781  2066
  782  1125
  783   183
  784  1881
  785   927
  786  2627
  787  1675
  788   733
  789  2425
  790  1482
  791   523
  792  2207
  793  1274
  794   318
  795  2002
  796  1056
  797   119
  798  1808
  799   877
  800  2553
  801  1599
  802   675
  803  2353
  804  1418
  805   455
  806  2143
  807  1194
  808   258
  809  1956
  810   997
  811    46
  812  1759
  813   797
  814  2497
  815  1553
  816   599
  817  2301
  818  1337
  819   397
  820  2096
  821  1131
  822   206
  823  1894
  824   929
  825  2633
  826  1700
  827   743
  828  2428
  829  1475
  830   530
  831  2239
  832  1278
  833   326
  834  2026
  835  1081
  836   138
  837  1831
  838   879
  839  2577
  840  1637
  841   692
  842  2362
  843  1426
  844   474
  845  2170
  846  1217
  847   262
  848  1967
  849  1029
  850    77
  851  1761
  852   812
  853  2529
  854  1558
  855   624
  856  2302
  857  1353
  858   421
  859  2105
  860  1172
  861   218
  862  1914
  863   954
  864    23
  865  1719
  866   760
  867  2464
  868  1497
  869   550
  870  2240
  871  1304
  872   359
  873  2057
  874  1104
  875   148
  876  1850
  877   897
  878  2596
  879  1648
  880   707
  881  2402
  882  1447
  883   497
  884  2195
  885  1249
  886   289
  887  1982
  888  1047
  889    98
  890  1771
  891   846
  892  2523
  893  1587
  894   632
  895  2327
  896  1376
  897   436
  898  2142
  899  1180
  900   229
  901  1923
  902   984
  903    39
  904  1736
  905   766
  906  2468
  907  1518
  908   573
  909  2273
  910  1321
  911   383
  912  2075
  913  1115
  914   181
  915  1864
  916   928
  917  2598
  918  1671
  919   724
  920  2410
  921  1463
  922   518
  923  2222
  924  1269
  925   314
  926  2007
  927  1055
  928   122
  929  1817
  930   853
  931  2541
  932  1603
  933   650
  934  2357
  935  1399
  936   451
  937  2146
  938  1197
  939   249
  940  1936
  941  1006
  942    50
  943  1747
  944   801
  945  2484
  946  1533
  947   584
  948  2297
  949  1355
  950   403
  951  2094
  952  1146
  953   196
  954  1891
  955   943
  956  2619
  957  1695
  958   738
  959  2426
  960  1487
  961   535
  962  2233
  963  1281
  964   323
  965  2036
  966  1067
  967   131
  968  1816
  969   875
  970  2572
  971  1611
  972   666
  973  2361
  974  1425
  975   473
  976  2152
  977  1226
  978   259
  979  1968
  980  1020
  981    65
  982  1756
  983   823
  984  2508
  985  1551
  986   610
  987  2319
  988  1354
  989   404
  990  2104
  991  1158
  992   203
  993  1888
  994   955
  995  2643
  996  1696
  997   754
  998  2448
  999  1504
 1000   543
 1001  2247
 1002  1301
 1003   356
 1004  2045
 1005  1095
 1006   155
 1007  1837
 1008   898
 1009  2594
 1010  1647
 1011   689
 1012  2393
 1013  1442
 1014   490
 1015  2184
 1016  1233
 1017   280
 1018  1972
 1019  1028
 1020    90
 1021  1772
 1022   837
 1023  2534
 1024  1578
 1025   626
 1026  2328
 1027  1388
 1028   420
 1029  2132
 1030  1186
 1031   213
 1032  1921
 1033   966
 1034     9
 1035  1717
 1036   781
 1037  2479
 1038  1526
 1039   576
 1040  2272
 1041  1303
 1042   380
 1043  2051
 1044  1117
 1045   172
 1046  1862
 1047   923
 1048  2593
 1049  1652
 1050   708
 1051  2412
 1052  1461
 1053   511
 1054  2213
 1055  1252
 1056   313
 1057  1989
 1058  1059
 1059    95
 1060  1791
 1061   835
 1062  2545
 1063  1606
 1064   656
 1065  2334
 1066  1381
 1067   443
 1068  2140
 1069  1191
 1070   240
 1071  1945
 1072   988
 1073    52
 1074  1740
 1075   778
 1076  2492
 1077  1532
 1078   591
 1079  2291
 1080  1330
 1081   388
 1082  2090
 1083  1122
 1084   194
 1085  1877
 1086   920
 1087  2635
 1088  1681
 1089   732
 1090  2436
 1091  1465
 1092   519
 1093  2221
 1094  1267
 1095   319
 1096  2024
 1097  1071
 1098   114
 1099  1814
 1100   855
 1101  2554
 1102  1623
 1103   669
 1104  2370
 1105  1411
 1106   458
 1107  2162
 1108  1209
 1109   265
 1110  1944
 1111  1009
 1112    51
 1113  1748
 1114   816
 1115  2494
 1116  1560
 1117   597
 1118  2286
 1119  1344
 1120   407
 1121  2093
 1122  1150
 1123   204
 1124  1896
 1125   949
 1126     3
 1127  1699
 1128   750
 1129  2439
 1130  1494
 1131   532
 1132  2251
 1133  1291
 1134   339
 1135  2040
 1136  1098
 1137   149
 1138  1826
 1139   878
 1140  2570
 1141  1644
 1142   688
 1143  2378
 1144  1421
 1145   493
 1146  2166
 1147  1225
 1148   272
 1149  1983
 1150  1038
 1151    70
 1152  1783
 1153   819
 1154  2528
 1155  1577
 1156   635
 1157  2329
 1158  1372
 1159   414
 1160  2125
 1161  1159
 1162   215
 1163  1926
 1164   970
 1165     2
 1166  1713
 1167   764
 1168  2467
 1169  1507
 1170   557
 1171  2261
 1172  1307
 1173   353
 1174  2046
 1175  1108
 1176   166
 1177  1846
 1178   912
 1179  2607
 1180  1650
 1181   710
 1182  2409
 1183  1454
 1184   516
 1185  2187
 1186  1248
 1187   300
 1188  1995
 1189  1032
 1190    86
 1191  1802
 1192   852
 1193  2530
 1194  1583
 1195   634
 1196  2344
 1197  1380
 1198   440
 1199  2141
 1200  1178
 1201   238
 1202  1927
 1203   990
 1204    30
 1205  1737
 1206   790
 1207  2473
 1208  1535
 1209   579
 1210  2263
 1211  1328
 1212   381
 1213  2064
 1214  1128
 1215   180
 1216  1872
 1217   922
 1218  2617
 1219  1653
 1220   716
 1221  2405
 1222  1478
 1223   526
 1224  2206
 1225  1263
 1226   312
 1227  2019
 1228  1061
 1229   128
 1230  1812
 1231   872
 1232  2555
 1233  1598
 1234   659
 1235  2346
 1236  1410
 1237   460
 1238  2151
 1239  1202
 1240   253
 1241  1957
 1242   996
 1243    57
 1244  1752
 1245   786
 1246  2502
 1247  1538
 1248   604
 1249  2298
 1250  1340
 1251   396
 1252  2086
 1253  1151
 1254   197
 1255  1901
 1256   939
 1257  2642
 1258  1697
 1259   745
 1260  2427
 1261  1490
 1262   549
 1263  2226
 1264  1285
 1265   331
 1266  2035
 1267  1077
 1268   140
 1269  1829
 1270   865
 1271  2569
 1272  1628
 1273   672
 1274  2369
 1275  1433
 1276   471
 1277  2173
 1278  1214
 1279   278
 1280  1960
 1281  1017
 1282    79
 1283  1769
 1284   821
 1285  2524
 1286  1561
 1287   621
 1288  2315
 1289  1369
 1290   415
 1291  2110
 1292  1156
 1293   227
 1294  1909
 1295   956
 1296    21
 1297  1703
 1298   753
 1299  2451
 1300  1506
 1301   564
 1302  2245
 1303  1299
 1304   362
 1305  2054
 1306  1093
 1307   141
 1308  1840
 1309   901
 1310  2583
 1311  1655
 1312   703
 1313  2382
 1314  1445
 1315   488
 1316  2189
 1317  1243
 1318   291
 1319  1990
 1320  1026
 1321    96
 1322  1774
 1323   844
 1324  2537
 1325  1582
 1326   646
 1327  2333
 1328  1391
 1329   442
 1330  2139
 1331  1183
 1332   228
 1333  1934
 1334   976
 1335    29
 1336  1715
 1337   775
 1338  2480
 1339  1515
 1340   575
 1341  2271
 1342  1308
 1343   377
 1344  2067
 1345  1119
 1346   165
 1347  1869
 1348   924
 1349  2599
 1350  1669
 1351   713
 1352  2406
 1353  1453
 1354   520
 1355  2208
 1356  1254
 1357   308
 1358  2009
 1359  1054
 1360   102
 1361  1810
 1362   843
 1363  2547
 1364  1614
 1365   654
 1366  2354
 1367  1402
 1368   449
 1369  2136
 1370  1189
 1371   261
 1372  1942
 1373   986
 1374    55
 1375  1743
 1376   803
 1377  2482
 1378  1543
 1379   601
 1380  2283
 1381  1331
 1382   384
 1383  2076
 1384  1140
 1385   199
 1386  1889
 1387   932
 1388  2641
 1389  1683
 1390   742
 1391  2438
 1392  1467
 1393   533
 1394  2237
 1395  1279
 1396   333
 1397  2031
 1398  1084
 1399   134
 1400  1823
 1401   882
 1402  2568
 1403  1613
 1404   665
 1405  2374
 1406  1420
 1407   466
 1408  2157
 1409  1216
 1410   267
 1411  1963
 1412  1021
 1413    64
 1414  1767
 1415   814
 1416  2501
 1417  1559
 1418   620
 1419  2300
 1420  1349
 1421   406
 1422  2102
 1423  1143
 1424   195
 1425  1908
 1426   959
 1427     7
 1428  1702
 1429   751
 1430  2449
 1431  1501
 1432   559
 1433  2241
 1434  1287
 1435   336
 1436  2033
 1437  1099
 1438   151
 1439  1839
 1440   894
 1441  2581
 1442  1642
 1443   679
 1444  2368
 1445  1427
 1446   494
 1447  2178
 1448  1236
 1449   276
 1450  1985
 1451  1019
 1452    81
 1453  1777
 1454   824
 1455  2513
 1456  1574
 1457   628
 1458  2326
 1459  1371
 1460   416
 1461  2118
 1462  1168
 1463   226
 1464  1928
 1465   961
 1466    11
 1467  1712
 1468   769
 1469  2469
 1470  1517
 1471   582
 1472  2257
 1473  1311
 1474   373
 1475  2055
 1476  1116
 1477   159
 1478  1855
 1479   913
 1480  2597
 1481  1661
 1482   715
 1483  2408
 1484  1464
 1485   510
 1486  2196
 1487  1246
 1488   299
 1489  1991
 1490  1042
 1491   100
 1492  1789
 1493   838
 1494  2544
 1495  1589
 1496   652
 1497  2348
 1498  1390
 1499   457
 1500  2144
 1501  1188
 1502   243
 1503  1943
 1504  1004
 1505    49
 1506  1727
 1507   784
 1508  2471
 1509  1537
 1510   586
 1511  2292
 1512  1329
 1513   378
 1514  2085
 1515  1139
 1516   169
 1517  1884
 1518   926
 1519  2631
 1520  1685
 1521   731
 1522  2421
 1523  1459
 1524   512
 1525  2223
 1526  1275
 1527   327
 1528  2020
 1529  1072
 1530   111
 1531  1801
 1532   876
 1533  2571
 1534  1602
 1535   677
 1536  2351
 1537  1406
 1538   459
 1539  2160
 1540  1223
 1541   257
 1542  1961
 1543  1011
 1544    63
 1545  1757
 1546   813
 1547  2498
 1548  1557
 1549   607
 1550  2308
 1551  1358
 1552   413
 1553  2109
 1554  1162
 1555   200
 1556  1899
 1557   947
 1558  2638
 1559  1694
 1560   737
 1561  2441
 1562  1481
 1563   538
 1564  2244
 1565  1293
 1566   337
 1567  2028
 1568  1096
 1569   139
 1570  1833
 1571   887
 1572  2578
 1573  1641
 1574   691
 1575  2376
 1576  1432
 1577   486
 1578  2186
 1579  1227
 1580   288
 1581  1966
 1582  1031
 1583    71
 1584  1781
 1585   830
 1586  2520
 1587  1568
 1588   609
 1589  2312
 1590  1378
 1591   432
 1592  2128
 1593  1155
 1594   232
 1595  1918
 1596   958
 1597     6
 1598  1698
 1599   772
 1600  2461
 1601  1511
 1602   554
 1603  2249
 1604  1302
 1605   372
 1606  2053
 1607  1091
 1608   150
 1609  1842
 1610   914
 1611  2605
 1612  1638
 1613   705
 1614  2397
 1615  1435
 1616   495
 1617  2193
 1618  1244
 1619   303
 1620  1994
 1621  1046
 1622   108
 1623  1790
 1624   826
 1625  2539
 1626  1591
 1627   631
 1628  2345
 1629  1379
 1630   428
 1631  2135
 1632  1196
 1633   242
 1634  1932
 1635   971
 1636    27
 1637  1741
 1638   788
 1639  2491
 1640  1530
 1641   567
 1642  2269
 1643  1313
 1644   385
 1645  2082
 1646  1129
 1647   179
 1648  1859
 1649   915
 1650  2608
 1651  1658
 1652   726
 1653  2411
 1654  1469
 1655   529
 1656  2203
 1657  1251
 1658   302
 1659  2006
 1660  1065
 1661   113
 1662  1819
 1663   868
 1664  2557
 1665  1597
 1666   647
 1667  2365
 1668  1397
 1669   465
 1670  2159
 1671  1212
 1672   250
 1673  1962
 1674   995
 1675    47
 1676  1746
 1677   806
 1678  2504
 1679  1549
 1680   587
 1681  2294
 1682  1341
 1683   395
 1684  2097
 1685  1144
 1686   186
 1687  1876
 1688   951
 1689  2620
 1690  1693
 1691   748
 1692  2424
 1693  1476
 1694   541
 1695  2220
 1696  1290
 1697   347
 1698  2016
 1699  1073
 1700   142
 1701  1828
 1702   880
 1703  2564
 1704  1618
 1705   676
 1706  2388
 1707  1416
 1708   467
 1709  2176
 1710  1211
 1711   263
 1712  1951
 1713  1010
 1714    80
 1715  1753
 1716   825
 1717  2519
 1718  1563
 1719   619
 1720  2304
 1721  1364
 1722   405
 1723  2113
 1724  1169
 1725   205
 1726  1906
 1727   957
 1728    18
 1729  1690
 1730   746
 1731  2442
 1732  1513
 1733   546
 1734  2255
 1735  1294
 1736   364
 1737  2052
 1738  1105
 1739   162
 1740  1854
 1741   902
 1742  2591
 1743  1640
 1744   697
 1745  2386
 1746  1443
 1747   499
 1748  2182
 1749  1229
 1750   294
 1751  1978
 1752  1035
 1753    93
 1754  1775
 1755   842
 1756  2525
 1757  1576
 1758   636
 1759  2336
 1760  1374
 1761   424
 1762  2134
 1763  1184
 1764   225
 1765  1924
 1766   969
 1767    13
 1768  1723
 1769   762
 1770  2458
 1771  1510
 1772   578
 1773  2270
 1774  1322
 1775   368
 1776  2056
 1777  1123
 1778   175
 1779  1853
 1780   921
 1781  2603
 1782  1668
 1783   702
 1784  2396
 1785  1468
 1786   500
 1787  2219
 1788  1259
 1789   301
 1790  2012
 1791  1053
 1792   123
 1793  1805
 1794   856
 1795  2551
 1796  1595
 1797   664
 1798  2350
 1799  1404
 1800   446
 1801  2147
 1802  1206
 1803   252
 1804  1947
 1805  1000
 1806    37
 1807  1739
 1808   805
 1809  2481
 1810  1534
 1811   594
 1812  2277
 1813  1338
 1814   399
 1815  2084
 1816  1136
 1817   170
 1818  1886
 1819   919
 1820  2632
 1821  1672
 1822   718
 1823  2416
 1824  1479
 1825   527
 1826  2216
 1827  1277
 1828   324
 1829  2021
 1830  1075
 1831   118
 1832  1811
 1833   861
 1834  2563
 1835  1615
 1836   663
 1837  2363
 1838  1412
 1839   479
 1840  2163
 1841  1224
 1842   274
 1843  1959
 1844  1001
 1845    61
 1846  1758
 1847   807
 1848  2510
 1849  1566
 1850   605
 1851  2310
 1852  1347
 1853   408
 1854  2098
 1855  1160
 1856   217
 1857  1898
 1858   965
 1859  2640
 1860  1684
 1861   747
 1862  2452
 1863  1499
 1864   544
 1865  2232
 1866  1305
 1867   346
 1868  2041
 1869  1083
 1870   147
 1871  1841
 1872   891
 1873  2595
 1874  1634
 1875   696
 1876  2377
 1877  1436
 1878   477
 1879  2172
 1880  1237
 1881   275
 1882  1975
 1883  1040
 1884    76
 1885  1787
 1886   833
 1887  2521
 1888  1571
 1889   630
 1890  2325
 1891  1389
 1892   434
 1893  2111
 1894  1170
 1895   236
 1896  1910
 1897   983
 1898    14
 1899  1710
 1900   755
 1901  2463
 1902  1502
 1903   560
 1904  2264
 1905  1317
 1906   369
 1907  2058
 1908  1114
 1909   173
 1910  1849
 1911   903
 1912  2601
 1913  1646
 1914   699
 1915  2404
 1916  1437
 1917   508
 1918  2214
 1919  1239
 1920   292
 1921  1996
 1922  1052
 1923   112
 1924  1784
 1925   841
 1926  2542
 1927  1607
 1928   643
 1929  2338
 1930  1392
 1931   437
 1932  2129
 1933  1182
 1934   245
 1935  1941
 1936   989
 1937    41
 1938  1745
 1939   789
 1940  2486
 1941  1520
 1942   583
 1943  2265
 1944  1327
 1945   389
 1946  2078
 1947  1127
 1948   176
 1949  1870
 1950   935
 1951  2628
 1952  1657
 1953   730
 1954  2407
 1955  1480
 1956   524
 1957  2225
 1958  1260
 1959   310
 1960  2017
 1961  1074
 1962   110
 1963  1815
 1964   869
 1965  2562
 1966  1608
 1967   662
 1968  2358
 1969  1401
 1970   461
 1971  2158
 1972  1210
 1973   251
 1974  1949
 1975  1014
 1976    74
 1977  1762
 1978   808
 1979  2499
 1980  1556
 1981   598
 1982  2299
 1983  1348
 1984   386
 1985  2089
 1986  1138
 1987   198
 1988  1900
 1989   946
 1990     5
 1991  1686
 1992   727
 1993  2445
 1994  1492
 1995   548
 1996  2242
 1997  1296
 1998   334
 1999  2042
 2000  1087
 2001   130
 2002  1838
 2003   873
 2004  2587
 2005  1635
 2006   693
 2007  2372
 2008  1422
 2009   478
 2010  2175
 2011  1232
 2012   268
 2013  1976
 2014  1027
 2015    73
 2016  1778
 2017   820
 2018  2511
 2019  1550
 2020   611
 2021  2323
 2022  1361
 2023   427
 2024  2103
 2025  1154
 2026   216
 2027  1913
 2028   975
 2029    10
 2030  1708
 2031   752
 2032  2455
 2033  1512
 2034   553
 2035  2262
 2036  1295
 2037   360
 2038  2063
 2039  1101
 2040   156
 2041  1863
 2042   890
 2043  2602
 2044  1651
 2045   698
 2046  2392
 2047  1438
 2048   507
 2049  2204
 2050  1241
 2051   306
 2052  1993
 2053  1034
 2054    97
 2055  1780
 2056   832
 2057  2522
 2058  1600
 2059   653
 2060  2320
 2061  1377
 2062   441
 2063  2127
 2064  1185
 2065   248
 2066  1920
 2067   977
 2068    19
 2069  1711
 2070   787
 2071  2474
 2072  1524
 2073   585
 2074  2275
 2075  1325
 2076   367
 2077  2079
 2078  1133
 2079   178
 2080  1873
 2081   907
 2082  2621
 2083  1664
 2084   711
 2085  2418
 2086  1466
 2087   504
 2088  2201
 2089  1264
 2090   321
 2091  1999
 2092  1070
 2093   126
 2094  1804
 2095   863
 2096  2559
 2097  1593
 2098   660
 2099  2356
 2100  1414
 2101   469
 2102  2149
 2103  1192
 2104   247
 2105  1935
 2106   993
 2107    59
 2108  1738
 2109   793
 2110  2483
 2111  1536
 2112   593
 2113  2288
 2114  1343
 2115   393
 2116  2087
 2117  1135
 2118   202
 2119  1878
 2120   934
 2121  2630
 2122  1687
 2123   719
 2124  2423
 2125  1491
 2126   534
 2127  2231
 2128  1268
 2129   328
 2130  2022
 2131  1068
 2132   121
 2133  1827
 2134   867
 2135  2585
 2136  1632
 2137   678
 2138  2366
 2139  1424
 2140   462
 2141  2177
 2142  1208
 2143   279
 2144  1974
 2145  1025
 2146    62
 2147  1764
 2148   809
 2149  2514
 2150  1567
 2151   616
 2152  2316
 2153  1356
 2154   418
 2155  2115
 2156  1149
 2157   212
 2158  1902
 2159   960
 2160    16
 2161  1704
 2162   765
 2163  2460
 2164  1488
 2165   555
 2166  2235
 2167  1288
 2168   340
 2169  2049
 2170  1094
 2171   152
 2172  1847
 2173   904
 2174  2576
 2175  1645
 2176   695
 2177  2387
 2178  1441
 2179   489
 2180  2171
 2181  1247
 2182   297
 2183  1986
 2184  1044
 2185    88
 2186  1779
 2187   839
 2188  2538
 2189  1570
 2190   625
 2191  2313
 2192  1382
 2193   433
 2194  2131
 2195  1187
 2196   223
 2197  1912
 2198   963
 2199    35
 2200  1725
 2201   771
 2202  2466
 2203  1531
 2204   580
 2205  2268
 2206  1309
 2207   361
 2208  2072
 2209  1100
 2210   158
 2211  1861
 2212   916
 2213  2606
 2214  1667
 2215   714
 2216  2414
 2217  1458
 2218   503
 2219  2200
 2220  1266
 2221   296
 2222  2013
 2223  1051
 2224   105
 2225  1794
 2226   851
 2227  2556
 2228  1609
 2229   644
 2230  2347
 2231  1408
 2232   445
 2233  2137
 2234  1201
 2235   244
 2236  1950
 2237   980
 2238    45
 2239  1732
 2240   777
 2241  2478
 2242  1544
 2243   588
 2244  2293
 2245  1342
 2246   382
 2247  2091
 2248  1132
 2249   174
 2250  1885
 2251   933
 2252  2625
 2253  1663
 2254   725
 2255  2432
 2256  1485
 2257   521
 2258  2217
 2259  1276
 2260   335
 2261  2015
 2262  1062
 2263   125
 2264  1818
 2265   870
 2266  2558
 2267  1617
 2268   661
 2269  2375
 2270  1409
 2271   470
 2272  2168
 2273  1204
 2274   255
 2275  1954
 2276  1005
 2277    58
 2278  1768
 2279   800
 2280  2505
 2281  1541
 2282   612
 2283  2289
 2284  1366
 2285   410
 2286  2095
 2287  1145
 2288   207
 2289  1882
 2290   938
 2291     0
 2292  1692
 2293   739
 2294  2433
 2295  1496
 2296   561
 2297  2254
 2298  1297
 2299   348
 2300  2025
 2301  1090
 2302   143
 2303  1843
 2304   889
 2305  2582
 2306  1626
 2307   682
 2308  2385
 2309  1423
 2310   485
 2311  2167
 2312  1240
 2313   273
 2314  1987
 2315  1033
 2316    85
 2317  1763
 2318   817
 2319  2531
 2320  1565
 2321   633
 2322  2324
 2323  1373
 2324   425
 2325  2126
 2326  1173
 2327   220
 2328  1919
 2329   978
 2330    17
 2331  1709
 2332   770
 2333  2453
 2334  1522
 2335   565
 2336  2252
 2337  1300
 2338   365
 2339  2060
 2340  1112
 2341   160
 2342  1865
 2343   895
 2344  2610
 2345  1654
 2346   706
 2347  2399
 2348  1439
 2349   505
 2350  2197
 2351  1257
 2352   309
 2353  2001
 2354  1037
 2355    91
 2356  1807
 2357   845
 2358  2540
 2359  1590
 2360   637
 2361  2330
 2362  1395
 2363   450
 2364  2138
 2365  1176
 2366   246
 2367  1939
 2368   974
 2369    33
 2370  1734
 2371   794
 2372  2495
 2373  1529
 2374   577
 2375  2267
 2376  1326
 2377   379
 2378  2071
 2379  1121
 2380   182
 2381  1879
 2382   917
 2383  2622
 2384  1660
 2385   728
 2386  2422
 2387  1470
 2388   517
 2389  2211
 2390  1270
 2391   316
 2392  2010
 2393  1076
 2394   109
 2395  1803
 2396   858
 2397  2550
 2398  1612
 2399   673
 2400  2367
 2401  1394
 2402   464
 2403  2156
 2404  1195
 2405   269
 2406  1938
 2407   998
 2408    53
 2409  1744
 2410   804
 2411  2500
 2412  1554
 2413   608
 2414  2295
 2415  1339
 2416   394
 2417  2100
 2418  1147
 2419   189
 2420  1903
 2421   942
 2422  2639
 2423  1678
 2424   744
 2425  2429
 2426  1473
 2427   528
 2428  2238
 2429  1298
 2430   330
 2431  2030
 2432  1080
 2433   145
 2434  1845
 2435   883
 2436  2567
 2437  1630
 2438   671
 2439  2371
 2440  1434
 2441   472
 2442  2161
 2443  1215
 2444   281
 2445  1981
 2446  1023
 2447    75
 2448  1776
 2449   831
 2450  2507
 2451  1573
 2452   615
 2453  2309
 2454  1368
 2455   422
 2456  2107
 2457  1152
 2458   201
 2459  1905
 2460   967
 2461    20
 2462  1722
 2463   761
 2464  2450
 2465  1514
 2466   552
 2467  2250
 2468  1314
 2469   350
 2470  2038
 2471  1111
 2472   137
 2473  1857
 2474   892
 2475  2600
 2476  1639
 2477   690
 2478  2384
 2479  1444
 2480   491
 2481  2183
 2482  1235
 2483   307
 2484  1992
 2485  1048
 2486    92
 2487  1796
 2488   834
 2489  2532
 2490  1580
 2491   649
 2492  2322
 2493  1375
 2494   430
 2495  2116
 2496  1174
 2497   224
 2498  1929
 2499   985
 2500    44
 2501  1716
 2502   785
 2503  2459
 2504  1516
 2505   574
 2506  2279
 2507  1334
 2508   374
 2509  2074
 2510  1109
 2511   177
 2512  1860
 2513   925
 2514  2614
 2515  1666
 2516   720
 2517  2400
 2518  1462
 2519   506
 2520  2199
 2521  1253
 2522   315
 2523  2014
 2524  1049
 2525   103
 2526  1809
 2527   857
 2528  2561
 2529  1592
 2530   648
 2531  2349
 2532  1405
 2533   444
 2534  2153
 2535  1198
 2536   241
 2537  1937
 2538   991
 2539    48
 2540  1729
 2541   783
 2542  2489
 2543  1545
 2544   602
 2545  2282
 2546  1345
 2547   391
 2548  2099
 2549  1126
 2550   190
 2551  1883
 2552   944
 2553  2637
 2554  1682
 2555   722
 2556  2420
 2557  1477
 2558   525
 2559  2224
 2560  1272
 2561   342
 2562  2032
 2563  1063
 2564   124
 2565  1824
 2566   881
 2567  2574
 2568  1624
 2569   680
 2570  2379
 2571  1428
 2572   484
 2573  2181
 2574  1205
 2575   264
 2576  1965
 2577  1013
 2578    68
 2579  1750
 2580   815
 2581  2509
 2582  1569
 2583   614
 2584  2305
 2585  1351
 2586   412
 2587  2092
 2588  1165
 2589   192
 2590  1897
 2591   962
 2592    12
 2593  1691
 2594   757
 2595  2447
 2596  1493
 2597   537
 2598  2243
 2599  1282
 2600   343
 2601  2047
 2602  1106
 2603   146
 2604  1835
 2605   886
 2606  2588
 2607  1627
 2608   687
 2609  2390
 2610  1440
 2611   501
 2612  2192
 2613  1238
 2614   283
 2615  1970
 2616  1022
 2617    84
 2618  1782
 2619   836
 2620  2526
 2621  1586
 2622   642
 2623  2318
 2624  1367
 2625   438
 2626  2124
 2627  1164
 2628   222
 2629  1925
 2630   981
 2631    24
 2632  1728
 2633   779
 2634  2475
 2635  1528
 2636   581
 2637  2266
 2638  1323
 2639   351
 2640  2065
 2641  1107
 2642   167
 2643  1867
