FR80T25X4L1
Turbo Code Interleaving
User data with 4 flush bits = 2212
NOTE: S-bit is the bit index after interleaving. Data-bit is the index of user data
S-bit Data-bit
    0    23
    1  1437
    2   626
    3  2054
    4  1273
    5   465
    6  1884
    7  1098
    8   295
    9  1724
   10   924
   11   137
   12  1543
   13   760
   14  2179
   15  1388
   16   573
   17  2006
   18  1213
   19   415
   20  1827
   21  1041
   22   255
   23  1663
   24   861
   25    69
   26  1504
   27   711
   28  2133
   29  1321
   30   543
   31  1960
   32  1158
   33   373
   34  1774
   35   982
   36   194
   37  1608
   38   814
   39    27
   40  1444
   41   647
   42  2079
   43  1278
   44   476
   45  1904
   46  1105
   47   309
   48  1732
   49   944
   50   134
   51  1568
   52   762
   53  2194
   54  1399
   55   604
   56  2032
   57  1217
   58   424
   59  1840
   60  1051
   61   267
   62  1677
   63   884
   64   100
   65  1511
   66   731
   67  2141
   68  1347
   69   549
   70  1957
   71  1167
   72   379
   73  1794
   74  1013
   75   222
   76  1633
   77   842
   78    49
   79  1466
   80   664
   81  2082
   82  1298
   83   499
   84  1915
   85  1125
   86   344
   87  1741
   88   963
   89   158
   90  1585
   91   787
   92  2204
   93  1411
   94   608
   95  2034
   96  1230
   97   457
   98  1863
   99  1073
  100   269
  101  1692
  102   910
  103   105
  104  1522
  105   740
  106  2157
  107  1362
  108   561
  109  1975
  110  1183
  111   392
  112  1818
  113  1030
  114   225
  115  1656
  116   848
  117    56
  118  1467
  119   678
  120  2094
  121  1317
  122   513
  123  1928
  124  1140
  125   354
  126  1762
  127   967
  128   183
  129  1598
  130   786
  131     3
  132  1427
  133   638
  134  2044
  135  1262
  136   452
  137  1871
  138  1081
  139   291
  140  1714
  141   923
  142   114
  143  1533
  144   751
  145  2168
  146  1367
  147   569
  148  1998
  149  1212
  150   417
  151  1833
  152  1027
  153   239
  154  1648
  155   872
  156    70
  157  1500
  158   708
  159  2106
  160  1325
  161   516
  162  1949
  163  1160
  164   364
  165  1775
  166   981
  167   184
  168  1615
  169   815
  170    34
  171  1440
  172   652
  173  2061
  174  1271
  175   473
  176  1906
  177  1100
  178   297
  179  1737
  180   936
  181   143
  182  1569
  183   767
  184  2186
  185  1385
  186   600
  187  2003
  188  1219
  189   429
  190  1849
  191  1059
  192   256
  193  1676
  194   888
  195    88
  196  1505
  197   717
  198  2132
  199  1343
  200   539
  201  1967
  202  1171
  203   377
  204  1799
  205  1002
  206   198
  207  1629
  208   824
  209    37
  210  1446
  211   667
  212  2088
  213  1288
  214   503
  215  1910
  216  1116
  217   323
  218  1740
  219   955
  220   154
  221  1573
  222   778
  223  2190
  224  1403
  225   615
  226  2035
  227  1241
  228   449
  229  1869
  230  1063
  231   276
  232  1700
  233   890
  234    96
  235  1516
  236   728
  237  2152
  238  1352
  239   563
  240  1970
  241  1185
  242   402
  243  1811
  244  1007
  245   238
  246  1643
  247   855
  248    44
  249  1472
  250   665
  251  2100
  252  1309
  253   515
  254  1926
  255  1141
  256   332
  257  1756
  258   975
  259   175
  260  1580
  261   797
  262     0
  263  1412
  264   619
  265  2051
  266  1252
  267   455
  268  1864
  269  1075
  270   288
  271  1704
  272   911
  273   120
  274  1546
  275   739
  276  2161
  277  1359
  278   570
  279  1994
  280  1208
  281   403
  282  1832
  283  1038
  284   235
  285  1647
  286   849
  287    72
  288  1496
  289   683
  290  2103
  291  1315
  292   521
  293  1952
  294  1157
  295   351
  296  1772
  297   973
  298   178
  299  1602
  300   807
  301    21
  302  1442
  303   648
  304  2071
  305  1254
  306   471
  307  1890
  308  1108
  309   313
  310  1730
  311   929
  312   127
  313  1550
  314   759
  315  2184
  316  1379
  317   586
  318  2009
  319  1210
  320   411
  321  1838
  322  1050
  323   247
  324  1674
  325   886
  326    82
  327  1501
  328   702
  329  2118
  330  1332
  331   537
  332  1956
  333  1159
  334   367
  335  1781
  336  1003
  337   212
  338  1614
  339   837
  340    32
  341  1448
  342   662
  343  2068
  344  1276
  345   477
  346  1908
  347  1117
  348   326
  349  1731
  350   939
  351   153
  352  1565
  353   783
  354  2185
  355  1395
  356   603
  357  2019
  358  1218
  359   435
  360  1847
  361  1056
  362   272
  363  1683
  364   902
  365    87
  366  1524
  367   714
  368  2135
  369  1339
  370   550
  371  1974
  372  1174
  373   374
  374  1802
  375  1018
  376   217
  377  1634
  378   834
  379    46
  380  1456
  381   677
  382  2086
  383  1292
  384   495
  385  1929
  386  1138
  387   334
  388  1743
  389   950
  390   156
  391  1577
  392   789
  393  2196
  394  1402
  395   618
  396  2033
  397  1245
  398   447
  399  1879
  400  1064
  401   287
  402  1708
  403   907
  404   113
  405  1535
  406   745
  407  2163
  408  1356
  409   571
  410  1991
  411  1187
  412   398
  413  1813
  414  1017
  415   231
  416  1654
  417   846
  418    60
  419  1483
  420   694
  421  2096
  422  1300
  423   525
  424  1935
  425  1137
  426   343
  427  1776
  428   974
  429   173
  430  1604
  431   796
  432    20
  433  1422
  434   642
  435  2043
  436  1250
  437   475
  438  1888
  439  1092
  440   298
  441  1723
  442   913
  443   128
  444  1555
  445   742
  446  2165
  447  1373
  448   593
  449  2007
  450  1211
  451   407
  452  1843
  453  1033
  454   260
  455  1671
  456   868
  457    86
  458  1506
  459   709
  460  2121
  461  1334
  462   536
  463  1941
  464  1166
  465   360
  466  1770
  467   984
  468   191
  469  1617
  470   828
  471    18
  472  1447
  473   654
  474  2058
  475  1274
  476   479
  477  1902
  478  1118
  479   303
  480  1725
  481   928
  482   140
  483  1554
  484   757
  485  2195
  486  1398
  487   596
  488  2022
  489  1231
  490   430
  491  1852
  492  1055
  493   264
  494  1678
  495   883
  496    84
  497  1503
  498   718
  499  2145
  500  1354
  501   559
  502  1954
  503  1169
  504   378
  505  1803
  506  1005
  507   213
  508  1637
  509   830
  510    36
  511  1463
  512   668
  513  2081
  514  1290
  515   493
  516  1907
  517  1129
  518   327
  519  1748
  520   959
  521   159
  522  1583
  523   779
  524  2199
  525  1401
  526   613
  527  2040
  528  1240
  529   450
  530  1865
  531  1072
  532   278
  533  1687
  534   901
  535   107
  536  1531
  537   724
  538  2153
  539  1364
  540   558
  541  1986
  542  1196
  543   405
  544  1823
  545  1019
  546   236
  547  1650
  548   851
  549    55
  550  1477
  551   670
  552  2105
  553  1294
  554   505
  555  1932
  556  1135
  557   335
  558  1761
  559   979
  560   174
  561  1592
  562   792
  563    13
  564  1434
  565   634
  566  2046
  567  1259
  568   467
  569  1886
  570  1096
  571   292
  572  1703
  573   908
  574   111
  575  1536
  576   750
  577  2158
  578  1361
  579   585
  580  1999
  581  1195
  582   404
  583  1830
  584  1029
  585   237
  586  1660
  587   866
  588    65
  589  1480
  590   692
  591  2114
  592  1322
  593   520
  594  1948
  595  1145
  596   359
  597  1768
  598   986
  599   195
  600  1603
  601   810
  602     7
  603  1439
  604   643
  605  2053
  606  1263
  607   478
  608  1889
  609  1104
  610   294
  611  1712
  612   934
  613   131
  614  1562
  615   756
  616  2188
  617  1392
  618   589
  619  2020
  620  1221
  621   428
  622  1835
  623  1052
  624   245
  625  1681
  626   877
  627    97
  628  1502
  629   720
  630  2130
  631  1328
  632   535
  633  1959
  634  1177
  635   388
  636  1784
  637   998
  638   200
  639  1627
  640   838
  641    30
  642  1462
  643   650
  644  2072
  645  1293
  646   498
  647  1913
  648  1115
  649   314
  650  1734
  651   947
  652   157
  653  1561
  654   784
  655  2187
  656  1404
  657   614
  658  2024
  659  1232
  660   442
  661  1854
  662  1070
  663   283
  664  1697
  665   893
  666    95
  667  1526
  668   722
  669  2146
  670  1355
  671   547
  672  1979
  673  1181
  674   381
  675  1810
  676  1021
  677   226
  678  1632
  679   841
  680    57
  681  1476
  682   687
  683  2104
  684  1307
  685   508
  686  1919
  687  1130
  688   336
  689  1766
  690   954
  691   172
  692  1582
  693   794
  694  2206
  695  1428
  696   635
  697  2037
  698  1242
  699   461
  700  1862
  701  1078
  702   286
  703  1695
  704   904
  705   110
  706  1523
  707   747
  708  2166
  709  1357
  710   572
  711  1992
  712  1197
  713   397
  714  1824
  715  1020
  716   242
  717  1657
  718   870
  719    74
  720  1493
  721   693
  722  2120
  723  1326
  724   527
  725  1938
  726  1143
  727   349
  728  1773
  729   971
  730   192
  731  1594
  732   819
  733    26
  734  1426
  735   633
  736  2066
  737  1257
  738   470
  739  1881
  740  1101
  741   305
  742  1709
  743   918
  744   136
  745  1549
  746   761
  747  2183
  748  1390
  749   579
  750  2002
  751  1214
  752   420
  753  1848
  754  1046
  755   249
  756  1672
  757   874
  758    77
  759  1494
  760   710
  761  2127
  762  1342
  763   534
  764  1958
  765  1156
  766   356
  767  1797
  768   995
  769   196
  770  1621
  771   820
  772    28
  773  1449
  774   661
  775  2083
  776  1289
  777   492
  778  1911
  779  1103
  780   310
  781  1728
  782   940
  783   152
  784  1574
  785   775
  786  2197
  787  1400
  788   612
  789  2028
  790  1239
  791   436
  792  1845
  793  1065
  794   265
  795  1675
  796   882
  797    99
  798  1512
  799   734
  800  2136
  801  1337
  802   564
  803  1968
  804  1186
  805   380
  806  1792
  807   999
  808   215
  809  1635
  810   833
  811    38
  812  1471
  813   666
  814  2089
  815  1299
  816   502
  817  1924
  818  1119
  819   331
  820  1753
  821   945
  822   171
  823  1584
  824   777
  825  2203
  826  1421
  827   621
  828  2031
  829  1233
  830   441
  831  1873
  832  1068
  833   273
  834  1694
  835   903
  836   115
  837  1532
  838   736
  839  2155
  840  1368
  841   577
  842  1977
  843  1193
  844   396
  845  1814
  846  1016
  847   219
  848  1645
  849   860
  850    64
  851  1473
  852   679
  853  2116
  854  1303
  855   522
  856  1925
  857  1131
  858   353
  859  1760
  860   980
  861   182
  862  1601
  863   798
  864    19
  865  1438
  866   636
  867  2060
  868  1251
  869   460
  870  1874
  871  1090
  872   299
  873  1721
  874   925
  875   122
  876  1548
  877   748
  878  2172
  879  1378
  880   591
  881  2008
  882  1209
  883   416
  884  1836
  885  1045
  886   241
  887  1658
  888   876
  889    81
  890  1481
  891   707
  892  2111
  893  1327
  894   530
  895  1945
  896  1149
  897   365
  898  1791
  899   985
  900   190
  901  1609
  902   822
  903    33
  904  1450
  905   641
  906  2064
  907  1270
  908   480
  909  1901
  910  1106
  911   319
  912  1735
  913   931
  914   151
  915  1560
  916   776
  917  2174
  918  1396
  919   605
  920  2016
  921  1223
  922   432
  923  1858
  924  1062
  925   263
  926  1680
  927   881
  928   102
  929  1520
  930   713
  931  2125
  932  1341
  933   542
  934  1972
  935  1170
  936   376
  937  1795
  938  1001
  939   207
  940  1620
  941   840
  942    41
  943  1460
  944   669
  945  2078
  946  1282
  947   488
  948  1920
  949  1133
  950   337
  951  1752
  952   958
  953   162
  954  1581
  955   788
  956  2191
  957  1416
  958   617
  959  2029
  960  1243
  961   446
  962  1868
  963  1071
  964   270
  965  1702
  966   891
  967   109
  968  1519
  969   732
  970  2151
  971  1348
  972   557
  973  1976
  974  1192
  975   395
  976  1801
  977  1025
  978   216
  979  1646
  980   853
  981    54
  982  1468
  983   688
  984  2097
  985  1297
  986   511
  987  1939
  988  1132
  989   338
  990  1759
  991   968
  992   168
  993  1578
  994   799
  995  2211
  996  1417
  997   631
  998  2047
  999  1258
 1000   453
 1001  1880
 1002  1087
 1003   296
 1004  1710
 1005   916
 1006   129
 1007  1537
 1008   749
 1009  2170
 1010  1377
 1011   575
 1012  2001
 1013  1205
 1014   410
 1015  1826
 1016  1032
 1017   234
 1018  1649
 1019   859
 1020    75
 1021  1482
 1022   699
 1023  2119
 1024  1320
 1025   524
 1026  1946
 1027  1161
 1028   352
 1029  1783
 1030   991
 1031   177
 1032  1607
 1033   809
 1034     8
 1035  1436
 1036   653
 1037  2073
 1038  1277
 1039   482
 1040  1900
 1041  1089
 1042   317
 1043  1715
 1044   933
 1045   144
 1046  1558
 1047   772
 1048  2169
 1049  1382
 1050   592
 1051  2018
 1052  1222
 1053   426
 1054  1850
 1055  1048
 1056   262
 1057  1664
 1058   885
 1059    78
 1060  1499
 1061   698
 1062  2129
 1063  1344
 1064   548
 1065  1951
 1066  1154
 1067   371
 1068  1789
 1069   996
 1070   201
 1071  1626
 1072   825
 1073    43
 1074  1454
 1075   651
 1076  2085
 1077  1281
 1078   494
 1079  1916
 1080  1113
 1081   324
 1082  1750
 1083   937
 1084   160
 1085  1571
 1086   769
 1087  2205
 1088  1405
 1089   611
 1090  2036
 1091  1225
 1092   433
 1093  1857
 1094  1060
 1095   266
 1096  1693
 1097   895
 1098    94
 1099  1517
 1100   715
 1101  2137
 1102  1358
 1103   560
 1104  1984
 1105  1179
 1106   383
 1107  1808
 1108  1009
 1109   221
 1110  1625
 1111   843
 1112    42
 1113  1461
 1114   682
 1115  2087
 1116  1305
 1117   500
 1118  1912
 1119  1124
 1120   341
 1121  1751
 1122   961
 1123   169
 1124  1586
 1125   793
 1126     2
 1127  1420
 1128   627
 1129  2039
 1130  1249
 1131   443
 1132  1883
 1133  1080
 1134   284
 1135  1705
 1136   919
 1137   123
 1138  1527
 1139   735
 1140  2149
 1141  1374
 1142   574
 1143  1990
 1144  1189
 1145   412
 1146  1812
 1147  1024
 1148   227
 1149  1659
 1150   867
 1151    58
 1152  1491
 1153   684
 1154  2115
 1155  1319
 1156   532
 1157  1947
 1158  1147
 1159   346
 1160  1777
 1161   969
 1162   179
 1163  1611
 1164   812
 1165     1
 1166  1433
 1167   639
 1168  2063
 1169  1261
 1170   466
 1171  1891
 1172  1093
 1173   293
 1174  1711
 1175   927
 1176   139
 1177  1544
 1178   763
 1179  2181
 1180  1380
 1181   594
 1182  2015
 1183  1216
 1184   431
 1185  1829
 1186  1044
 1187   251
 1188  1669
 1189   863
 1190    71
 1191  1508
 1192   712
 1193  2117
 1194  1324
 1195   531
 1196  1961
 1197  1153
 1198   368
 1199  1790
 1200   983
 1201   199
 1202  1612
 1203   827
 1204    25
 1205  1451
 1206   660
 1207  2069
 1208  1284
 1209   484
 1210  1893
 1211  1111
 1212   318
 1213  1727
 1214   942
 1215   150
 1216  1566
 1217   771
 1218  2189
 1219  1383
 1220   599
 1221  2011
 1222  1235
 1223   438
 1224  1844
 1225  1057
 1226   261
 1227  1688
 1228   887
 1229   106
 1230  1515
 1231   729
 1232  2138
 1233  1336
 1234   551
 1235  1963
 1236  1178
 1237   385
 1238  1800
 1239  1004
 1240   211
 1241  1636
 1242   832
 1243    47
 1244  1464
 1245   656
 1246  2093
 1247  1287
 1248   506
 1249  1921
 1250  1121
 1251   330
 1252  1746
 1253   962
 1254   163
 1255  1590
 1256   785
 1257  2210
 1258  1418
 1259   622
 1260  2030
 1261  1246
 1262   459
 1263  1861
 1264  1074
 1265   277
 1266  1701
 1267   900
 1268   117
 1269  1530
 1270   723
 1271  2148
 1272  1360
 1273   562
 1274  1983
 1275  1199
 1276   394
 1277  1817
 1278  1014
 1279   232
 1280  1639
 1281   850
 1282    66
 1283  1479
 1284   686
 1285  2112
 1286  1306
 1287   519
 1288  1936
 1289  1144
 1290   347
 1291  1764
 1292   966
 1293   188
 1294  1596
 1295   800
 1296    17
 1297  1424
 1298   630
 1299  2049
 1300  1260
 1301   472
 1302  1878
 1303  1086
 1304   302
 1305  1718
 1306   914
 1307   118
 1308  1540
 1309   752
 1310  2160
 1311  1384
 1312   588
 1313  1993
 1314  1207
 1315   408
 1316  1831
 1317  1039
 1318   243
 1319  1665
 1320   857
 1321    79
 1322  1484
 1323   706
 1324  2122
 1325  1323
 1326   540
 1327  1950
 1328  1164
 1329   370
 1330  1788
 1331   988
 1332   189
 1333  1618
 1334   817
 1335    24
 1336  1435
 1337   649
 1338  2074
 1339  1268
 1340   481
 1341  1899
 1342  1094
 1343   315
 1344  1729
 1345   935
 1346   138
 1347  1563
 1348   773
 1349  2175
 1350  1394
 1351   597
 1352  2012
 1353  1215
 1354   434
 1355  1846
 1356  1049
 1357   258
 1358  1682
 1359   880
 1360    85
 1361  1513
 1362   705
 1363  2131
 1364  1350
 1365   546
 1366  1969
 1367  1173
 1368   375
 1369  1787
 1370   994
 1371   218
 1372  1623
 1373   823
 1374    45
 1375  1457
 1376   671
 1377  2076
 1378  1291
 1379   504
 1380  1909
 1381  1114
 1382   320
 1383  1736
 1384   953
 1385   165
 1386  1579
 1387   780
 1388  2209
 1389  1406
 1390   620
 1391  2038
 1392  1227
 1393   444
 1394  1872
 1395  1069
 1396   279
 1397  1698
 1398   906
 1399   112
 1400  1525
 1401   738
 1402  2147
 1403  1349
 1404   556
 1405  1987
 1406  1188
 1407   390
 1408  1804
 1409  1015
 1410   223
 1411  1642
 1412   854
 1413    53
 1414  1478
 1415   681
 1416  2092
 1417  1304
 1418   518
 1419  1923
 1420  1128
 1421   340
 1422  1757
 1423   956
 1424   161
 1425  1595
 1426   803
 1427     6
 1428  1423
 1429   628
 1430  2048
 1431  1255
 1432   468
 1433  1875
 1434  1076
 1435   281
 1436  1699
 1437   920
 1438   125
 1439  1539
 1440   746
 1441  2159
 1442  1372
 1443   568
 1444  1982
 1445  1194
 1446   413
 1447  1822
 1448  1034
 1449   230
 1450  1661
 1451   852
 1452    68
 1453  1486
 1454   689
 1455  2101
 1456  1316
 1457   526
 1458  1944
 1459  1146
 1460   348
 1461  1771
 1462   976
 1463   187
 1464  1613
 1465   805
 1466    10
 1467  1432
 1468   644
 1469  2065
 1470  1269
 1471   486
 1472  1887
 1473  1097
 1474   312
 1475  1719
 1476   932
 1477   133
 1478  1553
 1479   764
 1480  2173
 1481  1389
 1482   598
 1483  2014
 1484  1224
 1485   425
 1486  1837
 1487  1042
 1488   250
 1489  1666
 1490   871
 1491    83
 1492  1497
 1493   700
 1494  2128
 1495  1329
 1496   544
 1497  1964
 1498  1163
 1499   382
 1500  1793
 1501   993
 1502   203
 1503  1624
 1504   839
 1505    40
 1506  1445
 1507   655
 1508  2067
 1509  1286
 1510   490
 1511  1917
 1512  1112
 1513   316
 1514  1745
 1515   952
 1516   141
 1517  1575
 1518   774
 1519  2201
 1520  1408
 1521   610
 1522  2025
 1523  1220
 1524   427
 1525  1859
 1526  1066
 1527   274
 1528  1689
 1529   896
 1530    91
 1531  1507
 1532   733
 1533  2150
 1534  1340
 1535   566
 1536  1966
 1537  1176
 1538   384
 1539  1807
 1540  1022
 1541   214
 1542  1640
 1543   845
 1544    52
 1545  1469
 1546   680
 1547  2090
 1548  1302
 1549   509
 1550  1930
 1551  1136
 1552   345
 1553  1763
 1554   972
 1555   166
 1556  1588
 1557   791
 1558  2207
 1559  1415
 1560   616
 1561  2041
 1562  1238
 1563   448
 1564  1877
 1565  1082
 1566   282
 1567  1696
 1568   917
 1569   116
 1570  1534
 1571   741
 1572  2156
 1573  1371
 1574   576
 1575  1988
 1576  1198
 1577   406
 1578  1828
 1579  1026
 1580   240
 1581  1644
 1582   862
 1583    59
 1584  1490
 1585   695
 1586  2108
 1587  1312
 1588   510
 1589  1933
 1590  1151
 1591   361
 1592  1779
 1593   965
 1594   193
 1595  1605
 1596   802
 1597     5
 1598  1419
 1599   646
 1600  2057
 1601  1265
 1602   463
 1603  1882
 1604  1088
 1605   311
 1606  1717
 1607   912
 1608   124
 1609  1542
 1610   765
 1611  2180
 1612  1369
 1613   590
 1614  2005
 1615  1200
 1616   414
 1617  1834
 1618  1040
 1619   254
 1620  1668
 1621   875
 1622    89
 1623  1498
 1624   691
 1625  2124
 1626  1330
 1627   529
 1628  1962
 1629  1152
 1630   358
 1631  1786
 1632  1000
 1633   202
 1634  1616
 1635   813
 1636    22
 1637  1455
 1638   658
 1639  2084
 1640  1279
 1641   474
 1642  1897
 1643  1099
 1644   321
 1645  1742
 1646   943
 1647   149
 1648  1556
 1649   766
 1650  2182
 1651  1387
 1652   606
 1653  2017
 1654  1229
 1655   440
 1656  1841
 1657  1047
 1658   253
 1659  1679
 1660   889
 1661    93
 1662  1521
 1663   726
 1664  2139
 1665  1335
 1666   541
 1667  1980
 1668  1168
 1669   389
 1670  1806
 1671  1012
 1672   208
 1673  1641
 1674   831
 1675    39
 1676  1459
 1677   673
 1678  2095
 1679  1295
 1680   491
 1681  1918
 1682  1122
 1683   329
 1684  1754
 1685   957
 1686   155
 1687  1570
 1688   795
 1689  2192
 1690  1414
 1691   625
 1692  2027
 1693  1234
 1694   451
 1695  1856
 1696  1079
 1697   290
 1698  1685
 1699   897
 1700   119
 1701  1529
 1702   737
 1703  2144
 1704  1353
 1705   565
 1706  1997
 1707  1184
 1708   391
 1709  1820
 1710  1011
 1711   220
 1712  1631
 1713   844
 1714    67
 1715  1465
 1716   690
 1717  2107
 1718  1308
 1719   517
 1720  1927
 1721  1142
 1722   339
 1723  1767
 1724   977
 1725   170
 1726  1593
 1727   801
 1728    15
 1729  1413
 1730   623
 1731  2042
 1732  1267
 1733   456
 1734  1885
 1735  1083
 1736   304
 1737  1716
 1738   926
 1739   135
 1740  1552
 1741   753
 1742  2167
 1743  1370
 1744   582
 1745  1995
 1746  1206
 1747   418
 1748  1825
 1749  1028
 1750   246
 1751  1655
 1752   865
 1753    76
 1754  1485
 1755   704
 1756  2113
 1757  1318
 1758   533
 1759  1953
 1760  1148
 1761   355
 1762  1785
 1763   989
 1764   186
 1765  1610
 1766   811
 1767    11
 1768  1441
 1769   637
 1770  2055
 1771  1264
 1772   483
 1773  1898
 1774  1107
 1775   307
 1776  1720
 1777   938
 1778   146
 1779  1551
 1780   770
 1781  2178
 1782  1393
 1783   587
 1784  2004
 1785  1228
 1786   419
 1787  1855
 1788  1053
 1789   252
 1790  1684
 1791   879
 1792   103
 1793  1510
 1794   716
 1795  2134
 1796  1333
 1797   555
 1798  1965
 1799  1175
 1800   372
 1801  1796
 1802  1006
 1803   210
 1804  1628
 1805   835
 1806    31
 1807  1453
 1808   672
 1809  2075
 1810  1283
 1811   497
 1812  1905
 1813  1120
 1814   333
 1815  1744
 1816   949
 1817   142
 1818  1576
 1819   768
 1820  2202
 1821  1397
 1822   601
 1823  2021
 1824  1236
 1825   439
 1826  1853
 1827  1067
 1828   271
 1829  1690
 1830   899
 1831    98
 1832  1514
 1833   719
 1834  2143
 1835  1351
 1836   554
 1837  1978
 1838  1180
 1839   401
 1840  1809
 1841  1023
 1842   228
 1843  1638
 1844   836
 1845    50
 1846  1470
 1847   674
 1848  2098
 1849  1310
 1850   507
 1851  1931
 1852  1126
 1853   342
 1854  1755
 1855   970
 1856   181
 1857  1587
 1858   808
 1859  2208
 1860  1407
 1861   624
 1862  2050
 1863  1253
 1864   454
 1865  1867
 1866  1091
 1867   289
 1868  1706
 1869   905
 1870   121
 1871  1541
 1872   744
 1873  2171
 1874  1365
 1875   581
 1876  1989
 1877  1201
 1878   399
 1879  1816
 1880  1035
 1881   229
 1882  1652
 1883   869
 1884    63
 1885  1495
 1886   697
 1887  2109
 1888  1314
 1889   528
 1890  1943
 1891  1162
 1892   363
 1893  1765
 1894   978
 1895   197
 1896  1597
 1897   821
 1898    12
 1899  1430
 1900   632
 1901  2059
 1902  1256
 1903   469
 1904  1894
 1905  1102
 1906   308
 1907  1722
 1908   930
 1909   145
 1910  1547
 1911   754
 1912  2176
 1913  1376
 1914   584
 1915  2010
 1916  1202
 1917   423
 1918  1851
 1919  1036
 1920   244
 1921  1670
 1922   878
 1923    92
 1924  1492
 1925   703
 1926  2126
 1927  1345
 1928   538
 1929  1955
 1930  1165
 1931   366
 1932  1780
 1933   987
 1934   204
 1935  1622
 1936   826
 1937    35
 1938  1458
 1939   659
 1940  2080
 1941  1272
 1942   487
 1943  1895
 1944  1110
 1945   325
 1946  1738
 1947   941
 1948   147
 1949  1564
 1950   782
 1951  2198
 1952  1386
 1953   609
 1954  2013
 1955  1237
 1956   437
 1957  1860
 1958  1054
 1959   259
 1960  1686
 1961   898
 1962    90
 1963  1518
 1964   727
 1965  2142
 1966  1346
 1967   553
 1968  1973
 1969  1172
 1970   386
 1971  1805
 1972  1010
 1973   209
 1974  1630
 1975   847
 1976    62
 1977  1474
 1978   675
 1979  2091
 1980  1301
 1981   501
 1982  1922
 1983  1127
 1984   322
 1985  1749
 1986   951
 1987   164
 1988  1589
 1989   790
 1990     4
 1991  1409
 1992   607
 1993  2045
 1994  1248
 1995   458
 1996  1876
 1997  1085
 1998   280
 1999  1707
 2000   909
 2001   108
 2002  1538
 2003   730
 2004  2164
 2005  1366
 2006   578
 2007  1985
 2008  1190
 2009   400
 2010  1819
 2011  1031
 2012   224
 2013  1653
 2014   858
 2015    61
 2016  1487
 2017   685
 2018  2099
 2019  1296
 2020   512
 2021  1942
 2022  1139
 2023   357
 2024  1758
 2025   964
 2026   180
 2027  1600
 2028   816
 2029     9
 2030  1429
 2031   629
 2032  2052
 2033  1266
 2034   462
 2035  1892
 2036  1084
 2037   300
 2038  1726
 2039   922
 2040   130
 2041  1559
 2042   743
 2043  2177
 2044  1381
 2045   583
 2046  2000
 2047  1203
 2048   422
 2049  1842
 2050  1037
 2051   257
 2052  1667
 2053   864
 2054    80
 2055  1489
 2056   696
 2057  2110
 2058  1338
 2059   545
 2060  1940
 2061  1150
 2062   369
 2063  1778
 2064   990
 2065   206
 2066  1606
 2067   818
 2068    16
 2069  1431
 2070   657
 2071  2070
 2072  1275
 2073   489
 2074  1903
 2075  1109
 2076   306
 2077  1739
 2078   946
 2079   148
 2080  1567
 2081   758
 2082  2193
 2083  1391
 2084   595
 2085  2023
 2086  1226
 2087   421
 2088  1839
 2089  1058
 2090   268
 2091  1673
 2092   894
 2093   104
 2094  1509
 2095   721
 2096  2140
 2097  1331
 2098   552
 2099  1971
 2100  1182
 2101   393
 2102  1798
 2103   997
 2104   205
 2105  1619
 2106   829
 2107    48
 2108  1452
 2109   663
 2110  2077
 2111  1285
 2112   496
 2113  1914
 2114  1123
 2115   328
 2116  1747
 2117   948
 2118   167
 2119  1572
 2120   781
 2121  2200
 2122  1410
 2123   602
 2124  2026
 2125  1247
 2126   445
 2127  1866
 2128  1061
 2129   275
 2130  1691
 2131   892
 2132   101
 2133  1528
 2134   725
 2135  2162
 2136  1363
 2137   567
 2138  1981
 2139  1191
 2140   387
 2141  1821
 2142  1008
 2143   233
 2144  1651
 2145   856
 2146    51
 2147  1475
 2148   676
 2149  2102
 2150  1311
 2151   514
 2152  1937
 2153  1134
 2154   350
 2155  1769
 2156   960
 2157   176
 2158  1591
 2159   804
 2160    14
 2161  1425
 2162   640
 2163  2056
 2164  1244
 2165   464
 2166  1870
 2167  1077
 2168   285
 2169  1713
 2170   915
 2171   126
 2172  1545
 2173   755
 2174  2154
 2175  1375
 2176   580
 2177  1996
 2178  1204
 2179   409
 2180  1815
 2181  1043
 2182   248
 2183  1662
 2184   873
 2185    73
 2186  1488
 2187   701
 2188  2123
 2189  1313
 2190   523
 2191  1934
 2192  1155
 2193   362
 2194  1782
 2195   992
 2196   185
 2197  1599
 2198   806
 2199    29
 2200  1443
 2201   645
 2202  2062
 2203  1280
 2204   485
 2205  1896
 2206  1095
 2207   301
 2208  1733
 2209   921
 2210   132
 2211  1557
