FR80T25X32RE
Turbo Code Interleaving
User data with 4 flush bits = 3044
NOTE: S-bit is the bit index after interleaving. Data-bit is the index of user data
S-bit Data-bit
    0    31
    1  1977
    2   861
    3  2828
    4  1749
    5   639
    6  2591
    7  1509
    8   407
    9  2370
   10  1269
   11   187
   12  2120
   13  1045
   14  2996
   15  1908
   16   790
   17  2759
   18  1669
   19   568
   20  2513
   21  1431
   22   348
   23  2286
   24  1185
   25    93
   26  2069
   27   977
   28  2932
   29  1816
   30   745
   31  2694
   32  1592
   33   512
   34  2440
   35  1354
   36   266
   37  2211
   38  1118
   39    35
   40  1987
   41   888
   42  2859
   43  1755
   44   654
   45  2618
   46  1518
   47   423
   48  2381
   49  1299
   50   184
   51  2156
   52  1047
   53  3020
   54  1926
   55   831
   56  2796
   57  1674
   58   584
   59  2532
   60  1444
   61   365
   62  2305
   63  1217
   64   136
   65  2079
   66  1005
   67  2944
   68  1851
   69   754
   70  2690
   71  1604
   72   520
   73  2467
   74  1395
   75   305
   76  2247
   77  1161
   78    67
   79  2018
   80   913
   81  2862
   82  1786
   83   684
   84  2635
   85  1546
   86   470
   87  2394
   88  1326
   89   219
   90  2180
   91  1084
   92  3033
   93  1942
   94   838
   95  2800
   96  1693
   97   628
   98  2563
   99  1478
  100   367
  101  2329
  102  1251
  103   144
  104  2095
  105  1017
  106  2968
  107  1877
  108   770
  109  2715
  110  1626
  111   537
  112  2501
  113  1416
  114   309
  115  2277
  116  1168
  117    74
  118  2019
  119   931
  120  2880
  121  1812
  122   703
  123  2652
  124  1565
  125   485
  126  2425
  127  1331
  128   250
  129  2199
  130  1082
  131     4
  132  1964
  133   877
  134  2813
  135  1734
  136   622
  137  2572
  138  1486
  139   400
  140  2359
  141  1268
  142   155
  143  2108
  144  1035
  145  2981
  146  1883
  147   783
  148  2746
  149  1668
  150   570
  151  2520
  152  1412
  153   328
  154  2268
  155  1199
  156    94
  157  2063
  158   974
  159  2897
  160  1822
  161   709
  162  2682
  163  1594
  164   498
  165  2441
  166  1351
  167   252
  168  2222
  169  1119
  170    43
  171  1981
  172   897
  173  2836
  174  1747
  175   650
  176  2620
  177  1512
  178   409
  179  2390
  180  1288
  181   194
  182  2157
  183  1055
  184  3006
  185  1905
  186   824
  187  2754
  188  1676
  189   591
  190  2542
  191  1455
  192   349
  193  2304
  194  1223
  195   122
  196  2070
  197   988
  198  2931
  199  1846
  200   739
  201  2706
  202  1608
  203   518
  204  2474
  205  1378
  206   272
  207  2241
  208  1134
  209    47
  210  1992
  211   916
  212  2871
  213  1771
  214   689
  215  2629
  216  1532
  217   441
  218  2393
  219  1312
  220   211
  221  2162
  222  1071
  223  3012
  224  1932
  225   847
  226  2803
  227  1706
  228   619
  229  2570
  230  1462
  231   377
  232  2340
  233  1225
  234   131
  235  2086
  236  1002
  237  2962
  238  1858
  239   775
  240  2709
  241  1628
  242   550
  243  2492
  244  1388
  245   327
  246  2261
  247  1178
  248    59
  249  2026
  250   914
  251  2891
  252  1800
  253   708
  254  2649
  255  1566
  256   455
  257  2418
  258  1342
  259   241
  260  2175
  261  1096
  262     1
  263  1943
  264   853
  265  2825
  266  1724
  267   625
  268  2564
  269  1480
  270   395
  271  2346
  272  1252
  273   165
  274  2125
  275  1016
  276  2973
  277  1870
  278   787
  279  2740
  280  1663
  281   551
  282  2518
  283  1428
  284   323
  285  2266
  286  1169
  287    99
  288  2056
  289   938
  290  2894
  291  1809
  292   714
  293  2685
  294  1591
  295   479
  296  2438
  297  1338
  298   244
  299  2203
  300  1109
  301    29
  302  1984
  303   890
  304  2848
  305  1726
  306   646
  307  2600
  308  1522
  309   428
  310  2379
  311  1281
  312   176
  313  2130
  314  1044
  315  3004
  316  1897
  317   805
  318  2764
  319  1665
  320   563
  321  2528
  322  1443
  323   339
  324  2300
  325  1219
  326   113
  327  2064
  328   965
  329  2913
  330  1835
  331   734
  332  2689
  333  1593
  334   502
  335  2449
  336  1379
  337   290
  338  2221
  339  1153
  340    41
  341  1995
  342   910
  343  2843
  344  1753
  345   655
  346  2625
  347  1534
  348   446
  349  2380
  350  1292
  351   210
  352  2152
  353  1077
  354  3005
  355  1921
  356   828
  357  2778
  358  1675
  359   601
  360  2539
  361  1451
  362   372
  363  2316
  364  1240
  365   120
  366  2097
  367   981
  368  2935
  369  1842
  370   756
  371  2714
  372  1612
  373   513
  374  2479
  375  1401
  376   297
  377  2249
  378  1149
  379    62
  380  2004
  381   930
  382  2867
  383  1778
  384   680
  385  2653
  386  1563
  387   457
  388  2397
  389  1307
  390   215
  391  2170
  392  1088
  393  3024
  394  1929
  395   852
  396  2797
  397  1712
  398   616
  399  2583
  400  1464
  401   394
  402  2351
  403  1247
  404   154
  405  2110
  406  1027
  407  2975
  408  1866
  409   788
  410  2737
  411  1631
  412   545
  413  2496
  414  1400
  415   317
  416  2275
  417  1165
  418    80
  419  2040
  420   953
  421  2883
  422  1789
  423   719
  424  2660
  425  1561
  426   468
  427  2442
  428  1341
  429   239
  430  2206
  431  1095
  432    27
  433  1957
  434   881
  435  2812
  436  1719
  437   652
  438  2597
  439  1502
  440   410
  441  2368
  442  1255
  443   177
  444  2137
  445  1021
  446  2978
  447  1891
  448   815
  449  2762
  450  1666
  451   557
  452  2535
  453  1419
  454   355
  455  2297
  456  1195
  457   118
  458  2071
  459   975
  460  2917
  461  1837
  462   733
  463  2669
  464  1601
  465   493
  466  2436
  467  1356
  468   262
  469  2224
  470  1141
  471    23
  472  1993
  473   899
  474  2833
  475  1751
  476   657
  477  2616
  478  1535
  479   416
  480  2371
  481  1276
  482   191
  483  2135
  484  1041
  485  3021
  486  1925
  487   819
  488  2783
  489  1694
  490   592
  491  2548
  492  1450
  493   362
  494  2307
  495  1216
  496   115
  497  2068
  498   989
  499  2950
  500  1863
  501   768
  502  2687
  503  1606
  504   519
  505  2480
  506  1382
  507   292
  508  2254
  509  1144
  510    46
  511  2014
  512   918
  513  2861
  514  1774
  515   678
  516  2622
  517  1551
  518   449
  519  2403
  520  1320
  521   221
  522  2178
  523  1072
  524  3027
  525  1928
  526   845
  527  2809
  528  1705
  529   620
  530  2566
  531  1477
  532   381
  533  2324
  534  1239
  535   147
  536  2106
  537   995
  538  2964
  539  1879
  540   767
  541  2730
  542  1645
  543   553
  544  2506
  545  1404
  546   325
  547  2270
  548  1172
  549    73
  550  2033
  551   922
  552  2896
  553  1781
  554   693
  555  2657
  556  1559
  557   460
  558  2423
  559  1346
  560   240
  561  2190
  562  1091
  563    16
  564  1973
  565   872
  566  2817
  567  1731
  568   641
  569  2594
  570  1507
  571   404
  572  2344
  573  1248
  574   151
  575  2112
  576  1034
  577  2969
  578  1875
  579   804
  580  2750
  581  1644
  582   552
  583  2516
  584  1415
  585   326
  586  2282
  587  1192
  588    88
  589  2037
  590   951
  591  2907
  592  1819
  593   713
  594  2681
  595  1575
  596   491
  597  2432
  598  1358
  599   267
  600  2204
  601  1114
  602     8
  603  1979
  604   883
  605  2827
  606  1735
  607   656
  608  2599
  609  1517
  610   406
  611  2357
  612  1286
  613   180
  614  2149
  615  1040
  616  3010
  617  1915
  618   809
  619  2780
  620  1680
  621   590
  622  2523
  623  1447
  624   336
  625  2312
  626  1207
  627   132
  628  2066
  629   991
  630  2929
  631  1828
  632   732
  633  2692
  634  1616
  635   530
  636  2452
  637  1372
  638   274
  639  2239
  640  1154
  641    39
  642  2011
  643   892
  644  2851
  645  1780
  646   683
  647  2632
  648  1531
  649   429
  650  2385
  651  1303
  652   216
  653  2147
  654  1078
  655  3009
  656  1934
  657   846
  658  2785
  659  1696
  660   610
  661  2551
  662  1473
  663   387
  664  2335
  665  1228
  666   130
  667  2101
  668   993
  669  2951
  670  1864
  671   752
  672  2720
  673  1624
  674   522
  675  2491
  676  1406
  677   310
  678  2246
  679  1159
  680    77
  681  2031
  682   944
  683  2895
  684  1798
  685   696
  686  2641
  687  1553
  688   461
  689  2430
  690  1311
  691   238
  692  2177
  693  1093
  694  3035
  695  1965
  696   873
  697  2805
  698  1709
  699   634
  700  2562
  701  1483
  702   390
  703  2333
  704  1244
  705   150
  706  2096
  707  1030
  708  2979
  709  1867
  710   789
  711  2738
  712  1646
  713   544
  714  2507
  715  1405
  716   332
  717  2278
  718  1197
  719   101
  720  2053
  721   952
  722  2915
  723  1823
  724   721
  725  2665
  726  1569
  727   477
  728  2439
  729  1336
  730   263
  731  2195
  732  1126
  733    34
  734  1962
  735   870
  736  2841
  737  1729
  738   645
  739  2585
  740  1513
  741   419
  742  2352
  743  1263
  744   186
  745  2128
  746  1046
  747  3002
  748  1912
  749   798
  750  2753
  751  1671
  752   575
  753  2540
  754  1438
  755   342
  756  2298
  757  1201
  758   107
  759  2054
  760   976
  761  2926
  762  1845
  763   731
  764  2691
  765  1590
  766   488
  767  2470
  768  1367
  769   269
  770  2233
  771  1129
  772    37
  773  1997
  774   909
  775  2864
  776  1772
  777   677
  778  2630
  779  1516
  780   424
  781  2377
  782  1293
  783   209
  784  2163
  785  1067
  786  3025
  787  1927
  788   843
  789  2791
  790  1704
  791   602
  792  2537
  793  1465
  794   363
  795  2302
  796  1215
  797   135
  798  2081
  799  1008
  800  2936
  801  1840
  802   776
  803  2707
  804  1630
  805   521
  806  2465
  807  1373
  808   294
  809  2251
  810  1147
  811    50
  812  2024
  813   915
  814  2872
  815  1787
  816   688
  817  2647
  818  1536
  819   454
  820  2412
  821  1300
  822   236
  823  2179
  824  1070
  825  3031
  826  1956
  827   855
  828  2794
  829  1697
  830   609
  831  2575
  832  1471
  833   374
  834  2332
  835  1243
  836   159
  837  2107
  838  1011
  839  2966
  840  1884
  841   796
  842  2717
  843  1640
  844   543
  845  2497
  846  1399
  847   301
  848  2264
  849  1184
  850    86
  851  2027
  852   932
  853  2909
  854  1793
  855   715
  856  2648
  857  1554
  858   483
  859  2422
  860  1347
  861   249
  862  2202
  863  1097
  864    25
  865  1978
  866   874
  867  2835
  868  1723
  869   632
  870  2576
  871  1498
  872   412
  873  2366
  874  1270
  875   171
  876  2127
  877  1031
  878  2986
  879  1896
  880   812
  881  2763
  882  1664
  883   569
  884  2524
  885  1437
  886   331
  887  2280
  888  1203
  889   112
  890  2038
  891   972
  892  2902
  893  1826
  894   724
  895  2677
  896  1583
  897   499
  898  2462
  899  1357
  900   260
  901  2212
  902  1131
  903    42
  904  1998
  905   880
  906  2839
  907  1746
  908   659
  909  2615
  910  1519
  911   437
  912  2388
  913  1283
  914   206
  915  2144
  916  1068
  917  2988
  918  1922
  919   832
  920  2774
  921  1683
  922   595
  923  2557
  924  1459
  925   359
  926  2311
  927  1214
  928   138
  929  2091
  930   980
  931  2924
  932  1844
  933   744
  934  2711
  935  1607
  936   517
  937  2468
  938  1376
  939   284
  940  2227
  941  1157
  942    54
  943  2009
  944   920
  945  2858
  946  1762
  947   671
  948  2642
  949  1556
  950   462
  951  2409
  952  1317
  953   224
  954  2176
  955  1086
  956  3016
  957  1949
  958   850
  959  2792
  960  1710
  961   615
  962  2569
  963  1474
  964   369
  965  2343
  966  1226
  967   149
  968  2090
  969  1006
  970  2960
  971  1852
  972   766
  973  2716
  974  1639
  975   542
  976  2477
  977  1410
  978   295
  979  2265
  980  1174
  981    72
  982  2020
  983   945
  984  2885
  985  1784
  986   700
  987  2667
  988  1555
  989   463
  990  2421
  991  1332
  992   233
  993  2171
  994  1098
  995  3043
  996  1950
  997   867
  998  2819
  999  1730
 1000   623
 1001  2584
 1002  1495
 1003   408
 1004  2353
 1005  1258
 1006   178
 1007  2113
 1008  1033
 1009  2983
 1010  1895
 1011   793
 1012  2752
 1013  1659
 1014   561
 1015  2512
 1016  1418
 1017   320
 1018  2269
 1019  1183
 1020   102
 1021  2039
 1022   962
 1023  2914
 1024  1815
 1025   718
 1026  2678
 1027  1595
 1028   482
 1029  2451
 1030  1363
 1031   243
 1032  2210
 1033  1111
 1034     9
 1035  1976
 1036   898
 1037  2853
 1038  1754
 1039   662
 1040  2614
 1041  1497
 1042   433
 1043  2360
 1044  1285
 1045   195
 1046  2142
 1047  1062
 1048  2982
 1049  1901
 1050   814
 1051  2777
 1052  1681
 1053   588
 1054  2543
 1055  1440
 1056   358
 1057  2287
 1058  1218
 1059   108
 1060  2062
 1061   960
 1062  2928
 1063  1847
 1064   753
 1065  2684
 1066  1588
 1067   507
 1068  2460
 1069  1368
 1070   275
 1071  2238
 1072  1135
 1073    57
 1074  2002
 1075   895
 1076  2866
 1077  1760
 1078   679
 1079  2636
 1080  1529
 1081   443
 1082  2405
 1083  1290
 1084   222
 1085  2159
 1086  1059
 1087  3034
 1088  1935
 1089   842
 1090  2804
 1091  1687
 1092   598
 1093  2556
 1094  1457
 1095   364
 1096  2330
 1097  1230
 1098   129
 1099  2087
 1100   984
 1101  2938
 1102  1868
 1103   769
 1104  2727
 1105  1621
 1106   524
 1107  2488
 1108  1390
 1109   304
 1110  2237
 1111  1162
 1112    55
 1113  2010
 1114   936
 1115  2869
 1116  1795
 1117   685
 1118  2631
 1119  1543
 1120   466
 1121  2408
 1122  1322
 1123   234
 1124  2181
 1125  1092
 1126     3
 1127  1955
 1128   862
 1129  2807
 1130  1718
 1131   611
 1132  2588
 1133  1485
 1134   388
 1135  2347
 1136  1264
 1137   172
 1138  2102
 1139  1010
 1140  2958
 1141  1892
 1142   792
 1143  2735
 1144  1633
 1145   565
 1146  2493
 1147  1409
 1148   312
 1149  2281
 1150  1194
 1151    78
 1152  2051
 1153   939
 1154  2908
 1155  1814
 1156   728
 1157  2679
 1158  1577
 1159   474
 1160  2444
 1161  1333
 1162   245
 1163  2215
 1164  1116
 1165     2
 1166  1972
 1167   878
 1168  2838
 1169  1733
 1170   640
 1171  2601
 1172  1504
 1173   405
 1174  2355
 1175  1274
 1176   189
 1177  2123
 1178  1049
 1179  2999
 1180  1898
 1181   816
 1182  2773
 1183  1673
 1184   593
 1185  2515
 1186  1434
 1187   344
 1188  2295
 1189  1187
 1190    98
 1191  2073
 1192   979
 1193  2910
 1194  1821
 1195   727
 1196  2696
 1197  1587
 1198   503
 1199  2461
 1200  1355
 1201   273
 1202  2217
 1203  1139
 1204    33
 1205  1999
 1206   908
 1207  2844
 1208  1767
 1209   665
 1210  2604
 1211  1527
 1212   434
 1213  2374
 1214  1297
 1215   205
 1216  2153
 1217  1061
 1218  3011
 1219  1902
 1220   823
 1221  2766
 1222  1700
 1223   605
 1224  2536
 1225  1452
 1226   357
 1227  2325
 1228  1220
 1229   146
 1230  2085
 1231  1003
 1232  2939
 1233  1839
 1234   757
 1235  2699
 1236  1620
 1237   526
 1238  2475
 1239  1381
 1240   289
 1241  2253
 1242  1146
 1243    63
 1244  2016
 1245   904
 1246  2878
 1247  1770
 1248   694
 1249  2644
 1250  1539
 1251   453
 1252  2400
 1253  1323
 1254   225
 1255  2187
 1256  1080
 1257  3041
 1258  1951
 1259   857
 1260  2793
 1261  1713
 1262   630
 1263  2561
 1264  1479
 1265   380
 1266  2341
 1267  1238
 1268   161
 1269  2105
 1270   994
 1271  2957
 1272  1874
 1273   772
 1274  2726
 1275  1648
 1276   540
 1277  2500
 1278  1396
 1279   318
 1280  2256
 1281  1170
 1282    89
 1283  2036
 1284   943
 1285  2903
 1286  1797
 1287   712
 1288  2661
 1289  1574
 1290   475
 1291  2428
 1292  1330
 1293   258
 1294  2197
 1295  1100
 1296    22
 1297  1959
 1298   866
 1299  2822
 1300  1732
 1301   647
 1302  2582
 1303  1493
 1304   415
 1305  2363
 1306  1256
 1307   162
 1308  2116
 1309  1036
 1310  2972
 1311  1904
 1312   807
 1313  2739
 1314  1662
 1315   558
 1316  2517
 1317  1429
 1318   333
 1319  2290
 1320  1181
 1321   109
 1322  2041
 1323   970
 1324  2918
 1325  1820
 1326   740
 1327  2683
 1328  1598
 1329   506
 1330  2458
 1331  1360
 1332   259
 1333  2225
 1334  1123
 1335    32
 1336  1974
 1337   891
 1338  2854
 1339  1742
 1340   661
 1341  2613
 1342  1505
 1343   430
 1344  2378
 1345  1287
 1346   188
 1347  2150
 1348  1064
 1349  2990
 1350  1920
 1351   820
 1352  2767
 1353  1672
 1354   599
 1355  2538
 1356  1442
 1357   352
 1358  2313
 1359  1213
 1360   116
 1361  2083
 1362   968
 1363  2930
 1364  1855
 1365   749
 1366  2708
 1367  1611
 1368   514
 1369  2455
 1370  1366
 1371   299
 1372  2235
 1373  1133
 1374    60
 1375  2005
 1376   923
 1377  2856
 1378  1775
 1379   690
 1380  2628
 1381  1530
 1382   438
 1383  2389
 1384  1310
 1385   227
 1386  2174
 1387  1073
 1388  3040
 1389  1937
 1390   854
 1391  2806
 1392  1689
 1393   612
 1394  2573
 1395  1472
 1396   382
 1397  2337
 1398  1246
 1399   153
 1400  2099
 1401  1014
 1402  2954
 1403  1854
 1404   765
 1405  2731
 1406  1632
 1407   533
 1408  2483
 1409  1398
 1410   306
 1411  2260
 1412  1175
 1413    71
 1414  2034
 1415   934
 1416  2877
 1417  1794
 1418   711
 1419  2646
 1420  1550
 1421   465
 1422  2419
 1423  1313
 1424   223
 1425  2196
 1426  1103
 1427     7
 1428  1958
 1429   863
 1430  2820
 1431  1727
 1432   642
 1433  2577
 1434  1481
 1435   385
 1436  2339
 1437  1265
 1438   174
 1439  2115
 1440  1028
 1441  2970
 1442  1890
 1443   781
 1444  2724
 1445  1641
 1446   566
 1447  2505
 1448  1421
 1449   316
 1450  2283
 1451  1173
 1452    92
 1453  2045
 1454   946
 1455  2892
 1456  1811
 1457   720
 1458  2676
 1459  1576
 1460   476
 1461  2437
 1462  1343
 1463   257
 1464  2218
 1465  1105
 1466    12
 1467  1971
 1468   884
 1469  2840
 1470  1745
 1471   669
 1472  2595
 1473  1508
 1474   426
 1475  2364
 1476  1284
 1477   182
 1478  2134
 1479  1050
 1480  2987
 1481  1910
 1482   822
 1483  2771
 1484  1684
 1485   586
 1486  2525
 1487  1432
 1488   343
 1489  2291
 1490  1198
 1491   114
 1492  2058
 1493   963
 1494  2927
 1495  1829
 1496   746
 1497  2702
 1498  1597
 1499   523
 1500  2466
 1501  1365
 1502   278
 1503  2236
 1504  1155
 1505    53
 1506  1988
 1507   901
 1508  2842
 1509  1769
 1510   674
 1511  2637
 1512  1528
 1513   431
 1514  2399
 1515  1309
 1516   192
 1517  2167
 1518  1066
 1519  3029
 1520  1939
 1521   841
 1522  2787
 1523  1679
 1524   589
 1525  2558
 1526  1466
 1527   375
 1528  2326
 1529  1231
 1530   126
 1531  2072
 1532  1007
 1533  2959
 1534  1843
 1535   779
 1536  2705
 1537  1615
 1538   525
 1539  2486
 1540  1407
 1541   293
 1542  2257
 1543  1164
 1544    70
 1545  2021
 1546   933
 1547  2873
 1548  1792
 1549   697
 1550  2654
 1551  1560
 1552   473
 1553  2427
 1554  1337
 1555   228
 1556  2185
 1557  1090
 1558  3037
 1559  1948
 1560   849
 1561  2810
 1562  1703
 1563   618
 1564  2580
 1565  1487
 1566   386
 1567  2334
 1568  1260
 1569   160
 1570  2109
 1571  1019
 1572  2967
 1573  1888
 1574   795
 1575  2733
 1576  1647
 1577   556
 1578  2514
 1579  1411
 1580   330
 1581  2263
 1582  1186
 1583    79
 1584  2049
 1585   954
 1586  2899
 1587  1804
 1588   699
 1589  2658
 1590  1585
 1591   494
 1592  2447
 1593  1329
 1594   264
 1595  2207
 1596  1102
 1597     6
 1598  1953
 1599   887
 1600  2832
 1601  1737
 1602   637
 1603  2586
 1604  1496
 1605   425
 1606  2362
 1607  1254
 1608   173
 1609  2118
 1610  1051
 1611  2997
 1612  1885
 1613   810
 1614  2758
 1615  1650
 1616   567
 1617  2522
 1618  1430
 1619   347
 1620  2294
 1621  1202
 1622   123
 1623  2061
 1624   950
 1625  2920
 1626  1831
 1627   723
 1628  2698
 1629  1586
 1630   490
 1631  2454
 1632  1375
 1633   277
 1634  2223
 1635  1117
 1636    30
 1637  2003
 1638   906
 1639  2865
 1640  1758
 1641   651
 1642  2610
 1643  1510
 1644   439
 1645  2396
 1646  1298
 1647   204
 1648  2139
 1649  1052
 1650  3000
 1651  1907
 1652   834
 1653  2775
 1654  1691
 1655   608
 1656  2533
 1657  1439
 1658   346
 1659  2310
 1660  1224
 1661   128
 1662  2094
 1663   999
 1664  2941
 1665  1838
 1666   741
 1667  2721
 1668  1605
 1669   532
 1670  2485
 1671  1394
 1672   286
 1673  2258
 1674  1145
 1675    51
 1676  2008
 1677   926
 1678  2881
 1679  1782
 1680   675
 1681  2639
 1682  1540
 1683   452
 1684  2414
 1685  1314
 1686   212
 1687  2158
 1688  1094
 1689  3017
 1690  1947
 1691   860
 1692  2790
 1693  1698
 1694   621
 1695  2555
 1696  1484
 1697   398
 1698  2321
 1699  1233
 1700   163
 1701  2104
 1702  1012
 1703  2949
 1704  1862
 1705   777
 1706  2745
 1707  1627
 1708   536
 1709  2503
 1710  1393
 1711   302
 1712  2245
 1713  1163
 1714    91
 1715  2017
 1716   948
 1717  2898
 1718  1799
 1719   710
 1720  2650
 1721  1568
 1722   464
 1723  2431
 1724  1344
 1725   235
 1726  2194
 1727  1101
 1728    19
 1729  1944
 1730   858
 1731  2811
 1732  1740
 1733   627
 1734  2593
 1735  1488
 1736   417
 1737  2361
 1738  1271
 1739   185
 1740  2133
 1741  1037
 1742  2980
 1743  1887
 1744   801
 1745  2743
 1746  1660
 1747   571
 1748  2509
 1749  1414
 1750   337
 1751  2276
 1752  1191
 1753   106
 1754  2043
 1755   967
 1756  2904
 1757  1813
 1758   729
 1759  2686
 1760  1579
 1761   486
 1762  2453
 1763  1361
 1764   256
 1765  2213
 1766  1115
 1767    14
 1768  1983
 1769   876
 1770  2829
 1771  1736
 1772   664
 1773  2611
 1774  1520
 1775   421
 1776  2365
 1777  1291
 1778   199
 1779  2131
 1780  1060
 1781  2995
 1782  1919
 1783   806
 1784  2757
 1785  1690
 1786   572
 1787  2554
 1788  1448
 1789   345
 1790  2317
 1791  1212
 1792   139
 1793  2077
 1794   985
 1795  2934
 1796  1836
 1797   764
 1798  2704
 1799  1613
 1800   511
 1801  2469
 1802  1387
 1803   288
 1804  2240
 1805  1150
 1806    40
 1807  2001
 1808   925
 1809  2855
 1810  1763
 1811   682
 1812  2619
 1813  1537
 1814   456
 1815  2398
 1816  1306
 1817   193
 1818  2169
 1819  1057
 1820  3030
 1821  1924
 1822   825
 1823  2781
 1824  1701
 1825   606
 1826  2549
 1827  1470
 1828   370
 1829  2327
 1830  1235
 1831   133
 1832  2084
 1833   990
 1834  2948
 1835  1856
 1836   762
 1837  2718
 1838  1623
 1839   549
 1840  2490
 1841  1408
 1842   314
 1843  2255
 1844  1151
 1845    68
 1846  2022
 1847   927
 1848  2889
 1849  1802
 1850   695
 1851  2656
 1852  1547
 1853   467
 1854  2415
 1855  1334
 1856   247
 1857  2184
 1858  1110
 1859  3039
 1860  1938
 1861   859
 1862  2823
 1863  1725
 1864   624
 1865  2568
 1866  1499
 1867   396
 1868  2348
 1869  1245
 1870   170
 1871  2117
 1872  1025
 1873  2984
 1874  1880
 1875   800
 1876  2734
 1877  1651
 1878   546
 1879  2499
 1880  1422
 1881   315
 1882  2272
 1883  1196
 1884    85
 1885  2055
 1886   957
 1887  2900
 1888  1807
 1889   722
 1890  2675
 1891  1596
 1892   497
 1893  2429
 1894  1345
 1895   270
 1896  2198
 1897  1130
 1898    15
 1899  1969
 1900   868
 1901  2834
 1902  1728
 1903   643
 1904  2605
 1905  1514
 1906   422
 1907  2367
 1908  1282
 1909   196
 1910  2126
 1911  1038
 1912  2993
 1913  1894
 1914   803
 1915  2765
 1916  1652
 1917   583
 1918  2544
 1919  1424
 1920   334
 1921  2296
 1922  1211
 1923   127
 1924  2052
 1925   966
 1926  2925
 1927  1848
 1928   737
 1929  2688
 1930  1599
 1931   500
 1932  2448
 1933  1359
 1934   280
 1935  2234
 1936  1136
 1937    45
 1938  2007
 1939   907
 1940  2860
 1941  1748
 1942   670
 1943  2606
 1944  1526
 1945   444
 1946  2391
 1947  1296
 1948   201
 1949  2151
 1950  1076
 1951  3026
 1952  1906
 1953   839
 1954  2768
 1955  1702
 1956   603
 1957  2560
 1958  1449
 1959   354
 1960  2323
 1961  1234
 1962   125
 1963  2088
 1964  1000
 1965  2946
 1966  1849
 1967   761
 1968  2712
 1969  1609
 1970   528
 1971  2484
 1972  1391
 1973   287
 1974  2242
 1975  1167
 1976    83
 1977  2028
 1978   928
 1979  2875
 1980  1790
 1981   686
 1982  2645
 1983  1549
 1984   440
 1985  2404
 1986  1308
 1987   226
 1988  2186
 1989  1089
 1990     5
 1991  1940
 1992   835
 1993  2814
 1994  1716
 1995   629
 1996  2578
 1997  1490
 1998   383
 1999  2350
 2000  1249
 2001   148
 2002  2114
 2003  1004
 2004  2976
 2005  1882
 2006   797
 2007  2729
 2008  1634
 2009   547
 2010  2502
 2011  1417
 2012   307
 2013  2273
 2014  1182
 2015    82
 2016  2046
 2017   940
 2018  2890
 2019  1783
 2020   701
 2021  2672
 2022  1564
 2023   489
 2024  2420
 2025  1327
 2026   246
 2027  2201
 2028  1122
 2029    11
 2030  1966
 2031   865
 2032  2826
 2033  1738
 2034   636
 2035  2602
 2036  1489
 2037   413
 2038  2372
 2039  1267
 2040   179
 2041  2143
 2042  1024
 2043  2994
 2044  1899
 2045   802
 2046  2751
 2047  1653
 2048   582
 2049  2534
 2050  1426
 2051   350
 2052  2293
 2053  1189
 2054   111
 2055  2048
 2056   956
 2057  2901
 2058  1841
 2059   747
 2060  2668
 2061  1584
 2062   504
 2063  2446
 2064  1362
 2065   283
 2066  2209
 2067  1124
 2068    20
 2069  1970
 2070   905
 2071  2845
 2072  1752
 2073   673
 2074  2617
 2075  1523
 2076   420
 2077  2392
 2078  1302
 2079   203
 2080  2154
 2081  1042
 2082  3018
 2083  1914
 2084   818
 2085  2784
 2086  1688
 2087   578
 2088  2531
 2089  1453
 2090   366
 2091  2299
 2092  1229
 2093   142
 2094  2076
 2095   992
 2096  2943
 2097  1834
 2098   758
 2099  2710
 2100  1625
 2101   538
 2102  2472
 2103  1369
 2104   282
 2105  2226
 2106  1142
 2107    65
 2108  2000
 2109   911
 2110  2857
 2111  1768
 2112   681
 2113  2633
 2114  1542
 2115   450
 2116  2401
 2117  1305
 2118   232
 2119  2160
 2120  1075
 2121  3028
 2122  1941
 2123   826
 2124  2789
 2125  1714
 2126   613
 2127  2567
 2128  1458
 2129   376
 2130  2328
 2131  1227
 2132   137
 2133  2103
 2134   997
 2135  2974
 2136  1878
 2137   780
 2138  2722
 2139  1637
 2140   529
 2141  2504
 2142  1389
 2143   319
 2144  2271
 2145  1179
 2146    69
 2147  2030
 2148   929
 2149  2893
 2150  1803
 2151   707
 2152  2662
 2153  1558
 2154   478
 2155  2434
 2156  1321
 2157   242
 2158  2188
 2159  1104
 2160    17
 2161  1961
 2162   879
 2163  2831
 2164  1711
 2165   638
 2166  2571
 2167  1482
 2168   389
 2169  2358
 2170  1257
 2171   175
 2172  2124
 2173  1039
 2174  2965
 2175  1893
 2176   799
 2177  2744
 2178  1658
 2179   559
 2180  2498
 2181  1433
 2182   341
 2183  2284
 2184  1200
 2185   100
 2186  2047
 2187   964
 2188  2919
 2189  1806
 2190   717
 2191  2659
 2192  1589
 2193   495
 2194  2450
 2195  1364
 2196   254
 2197  2200
 2198  1107
 2199    38
 2200  1986
 2201   886
 2202  2837
 2203  1759
 2204   666
 2205  2609
 2206  1506
 2207   414
 2208  2384
 2209  1266
 2210   181
 2211  2141
 2212  1053
 2213  2998
 2214  1918
 2215   821
 2216  2779
 2217  1678
 2218   576
 2219  2530
 2220  1456
 2221   340
 2222  2318
 2223  1209
 2224   119
 2225  2065
 2226   978
 2227  2940
 2228  1850
 2229   738
 2230  2700
 2231  1617
 2232   510
 2233  2456
 2234  1380
 2235   279
 2236  2243
 2237  1127
 2238    49
 2239  1994
 2240   893
 2241  2852
 2242  1776
 2243   676
 2244  2638
 2245  1541
 2246   435
 2247  2406
 2248  1301
 2249   197
 2250  2168
 2251  1074
 2252  3023
 2253  1913
 2254   833
 2255  2798
 2256  1707
 2257   600
 2258  2550
 2259  1469
 2260   384
 2261  2320
 2262  1221
 2263   141
 2264  2093
 2265  1001
 2266  2942
 2267  1859
 2268   760
 2269  2732
 2270  1618
 2271   539
 2272  2495
 2273  1384
 2274   291
 2275  2248
 2276  1156
 2277    64
 2278  2035
 2279   919
 2280  2882
 2281  1773
 2282   702
 2283  2634
 2284  1570
 2285   469
 2286  2411
 2287  1315
 2288   237
 2289  2164
 2290  1079
 2291     0
 2292  1946
 2293   851
 2294  2799
 2295  1722
 2296   644
 2297  2592
 2298  1491
 2299   399
 2300  2331
 2301  1253
 2302   164
 2303  2119
 2304  1023
 2305  2971
 2306  1872
 2307   786
 2308  2742
 2309  1636
 2310   555
 2311  2494
 2312  1425
 2313   313
 2314  2285
 2315  1188
 2316    97
 2317  2029
 2318   937
 2319  2911
 2320  1801
 2321   725
 2322  2673
 2323  1578
 2324   487
 2325  2445
 2326  1348
 2327   251
 2328  2208
 2329  1125
 2330    18
 2331  1968
 2332   885
 2333  2824
 2334  1750
 2335   648
 2336  2589
 2337  1494
 2338   418
 2339  2369
 2340  1280
 2341   183
 2342  2145
 2343  1029
 2344  3003
 2345  1903
 2346   811
 2347  2760
 2348  1655
 2349   579
 2350  2526
 2351  1446
 2352   353
 2353  2301
 2354  1193
 2355   103
 2356  2080
 2357   971
 2358  2922
 2359  1830
 2360   730
 2361  2680
 2362  1603
 2363   516
 2364  2457
 2365  1353
 2366   281
 2367  2232
 2368  1121
 2369    36
 2370  1996
 2371   912
 2372  2870
 2373  1757
 2374   663
 2375  2608
 2376  1525
 2377   432
 2378  2382
 2379  1289
 2380   207
 2381  2161
 2382  1054
 2383  3019
 2384  1909
 2385   837
 2386  2788
 2387  1692
 2388   594
 2389  2541
 2390  1461
 2391   361
 2392  2315
 2393  1236
 2394   124
 2395  2075
 2396   987
 2397  2933
 2398  1853
 2399   774
 2400  2723
 2401  1602
 2402   531
 2403  2482
 2404  1374
 2405   308
 2406  2231
 2407  1148
 2408    58
 2409  2006
 2410   924
 2411  2876
 2412  1788
 2413   698
 2414  2640
 2415  1538
 2416   451
 2417  2417
 2418  1318
 2419   217
 2420  2189
 2421  1085
 2422  3038
 2423  1930
 2424   856
 2425  2795
 2426  1695
 2427   607
 2428  2574
 2429  1492
 2430   379
 2431  2336
 2432  1241
 2433   166
 2434  2121
 2435  1015
 2436  2952
 2437  1876
 2438   771
 2439  2728
 2440  1649
 2441   541
 2442  2487
 2443  1397
 2444   322
 2445  2279
 2446  1177
 2447    84
 2448  2044
 2449   955
 2450  2884
 2451  1810
 2452   706
 2453  2655
 2454  1572
 2455   484
 2456  2424
 2457  1325
 2458   231
 2459  2193
 2460  1112
 2461    21
 2462  1982
 2463   875
 2464  2821
 2465  1741
 2466   635
 2467  2587
 2468  1511
 2469   402
 2470  2345
 2471  1279
 2472   158
 2473  2136
 2474  1026
 2475  2991
 2476  1886
 2477   794
 2478  2741
 2479  1661
 2480   562
 2481  2511
 2482  1420
 2483   351
 2484  2292
 2485  1204
 2486   104
 2487  2067
 2488   958
 2489  2912
 2490  1818
 2491   743
 2492  2671
 2493  1582
 2494   492
 2495  2435
 2496  1350
 2497   255
 2498  2219
 2499  1132
 2500    48
 2501  1975
 2502   903
 2503  2830
 2504  1744
 2505   660
 2506  2621
 2507  1533
 2508   427
 2509  2387
 2510  1275
 2511   202
 2512  2140
 2513  1065
 2514  3008
 2515  1917
 2516   827
 2517  2761
 2518  1682
 2519   580
 2520  2529
 2521  1441
 2522   360
 2523  2319
 2524  1206
 2525   117
 2526  2082
 2527   986
 2528  2945
 2529  1833
 2530   742
 2531  2703
 2532  1614
 2533   509
 2534  2478
 2535  1377
 2536   276
 2537  2228
 2538  1140
 2539    52
 2540  1991
 2541   900
 2542  2863
 2543  1777
 2544   691
 2545  2626
 2546  1544
 2547   447
 2548  2416
 2549  1295
 2550   218
 2551  2165
 2552  1087
 2553  3036
 2554  1936
 2555   829
 2556  2786
 2557  1699
 2558   604
 2559  2559
 2560  1463
 2561   391
 2562  2338
 2563  1222
 2564   140
 2565  2100
 2566  1013
 2567  2963
 2568  1869
 2569   782
 2570  2736
 2571  1642
 2572   554
 2573  2508
 2574  1386
 2575   303
 2576  2262
 2577  1166
 2578    75
 2579  2012
 2580   935
 2581  2887
 2582  1805
 2583   705
 2584  2651
 2585  1552
 2586   471
 2587  2407
 2588  1340
 2589   220
 2590  2182
 2591  1106
 2592    13
 2593  1945
 2594   871
 2595  2818
 2596  1717
 2597   617
 2598  2579
 2599  1475
 2600   393
 2601  2356
 2602  1272
 2603   167
 2604  2111
 2605  1018
 2606  2977
 2607  1873
 2608   791
 2609  2747
 2610  1656
 2611   573
 2612  2521
 2613  1423
 2614   324
 2615  2267
 2616  1176
 2617    95
 2618  2050
 2619   961
 2620  2905
 2621  1824
 2622   735
 2623  2666
 2624  1571
 2625   501
 2626  2443
 2627  1339
 2628   253
 2629  2214
 2630  1128
 2631    26
 2632  1989
 2633   896
 2634  2846
 2635  1756
 2636   668
 2637  2607
 2638  1521
 2639   403
 2640  2375
 2641  1273
 2642   190
 2643  2148
 2644  1048
 2645  3001
 2646  1916
 2647   808
 2648  2772
 2649  1670
 2650   587
 2651  2546
 2652  1435
 2653   335
 2654  2288
 2655  1208
 2656   105
 2657  2059
 2658   959
 2659  2916
 2660  1827
 2661   748
 2662  2693
 2663  1619
 2664   508
 2665  2471
 2666  1371
 2667   268
 2668  2220
 2669  1143
 2670    56
 2671  1990
 2672   894
 2673  2849
 2674  1764
 2675   667
 2676  2624
 2677  1548
 2678   448
 2679  2386
 2680  1294
 2681   198
 2682  2166
 2683  1058
 2684  3015
 2685  1933
 2686   840
 2687  2776
 2688  1686
 2689   596
 2690  2553
 2691  1467
 2692   371
 2693  2309
 2694  1242
 2695   145
 2696  2078
 2697  1009
 2698  2937
 2699  1861
 2700   755
 2701  2719
 2702  1638
 2703   527
 2704  2473
 2705  1403
 2706   300
 2707  2244
 2708  1158
 2709    61
 2710  2023
 2711   942
 2712  2874
 2713  1779
 2714   692
 2715  2643
 2716  1567
 2717   472
 2718  2410
 2719  1335
 2720   229
 2721  2192
 2722  1083
 2723  3032
 2724  1954
 2725   848
 2726  2802
 2727  1721
 2728   626
 2729  2581
 2730  1476
 2731   401
 2732  2342
 2733  1261
 2734   156
 2735  2122
 2736  1020
 2737  2955
 2738  1865
 2739   778
 2740  2748
 2741  1643
 2742   564
 2743  2489
 2744  1427
 2745   311
 2746  2274
 2747  1180
 2748    90
 2749  2032
 2750   949
 2751  2888
 2752  1791
 2753   726
 2754  2670
 2755  1562
 2756   480
 2757  2433
 2758  1352
 2759   265
 2760  2216
 2761  1120
 2762    24
 2763  1967
 2764   869
 2765  2815
 2766  1739
 2767   653
 2768  2598
 2769  1500
 2770   411
 2771  2373
 2772  1278
 2773   169
 2774  2138
 2775  1043
 2776  3007
 2777  1889
 2778   817
 2779  2756
 2780  1657
 2781   577
 2782  2545
 2783  1436
 2784   338
 2785  2306
 2786  1205
 2787   110
 2788  2074
 2789   973
 2790  2921
 2791  1817
 2792   750
 2793  2697
 2794  1610
 2795   496
 2796  2463
 2797  1349
 2798   285
 2799  2229
 2800  1138
 2801    28
 2802  1985
 2803   889
 2804  2850
 2805  1766
 2806   658
 2807  2612
 2808  1524
 2809   445
 2810  2376
 2811  1304
 2812   213
 2813  2146
 2814  1063
 2815  3014
 2816  1911
 2817   836
 2818  2769
 2819  1685
 2820   581
 2821  2547
 2822  1445
 2823   368
 2824  2308
 2825  1237
 2826   121
 2827  2089
 2828   982
 2829  2953
 2830  1860
 2831   751
 2832  2701
 2833  1629
 2834   534
 2835  2481
 2836  1392
 2837   298
 2838  2250
 2839  1152
 2840    76
 2841  2015
 2842   917
 2843  2879
 2844  1785
 2845   687
 2846  2627
 2847  1557
 2848   458
 2849  2395
 2850  1328
 2851   214
 2852  2191
 2853  1081
 2854  3022
 2855  1952
 2856   844
 2857  2801
 2858  1708
 2859   614
 2860  2565
 2861  1460
 2862   378
 2863  2322
 2864  1232
 2865   152
 2866  2092
 2867   996
 2868  2961
 2869  1871
 2870   773
 2871  2725
 2872  1635
 2873   535
 2874  2510
 2875  1402
 2876   296
 2877  2259
 2878  1171
 2879    87
 2880  2042
 2881   941
 2882  2906
 2883  1796
 2884   716
 2885  2664
 2886  1580
 2887   481
 2888  2426
 2889  1324
 2890   248
 2891  2183
 2892  1099
 2893  3042
 2894  1960
 2895   882
 2896  2816
 2897  1743
 2898   633
 2899  2603
 2900  1501
 2901   392
 2902  2349
 2903  1262
 2904   168
 2905  2132
 2906  1032
 2907  2989
 2908  1900
 2909   784
 2910  2755
 2911  1667
 2912   574
 2913  2519
 2914  1413
 2915   329
 2916  2289
 2917  1190
 2918    96
 2919  2057
 2920   969
 2921  2923
 2922  1825
 2923   736
 2924  2674
 2925  1581
 2926   505
 2927  2459
 2928  1370
 2929   261
 2930  2205
 2931  1113
 2932    44
 2933  1980
 2934   902
 2935  2847
 2936  1765
 2937   649
 2938  2596
 2939  1515
 2940   436
 2941  2383
 2942  1277
 2943   200
 2944  2155
 2945  1056
 2946  2992
 2947  1923
 2948   813
 2949  2770
 2950  1677
 2951   585
 2952  2527
 2953  1454
 2954   356
 2955  2303
 2956  1210
 2957   134
 2958  2060
 2959   983
 2960  2947
 2961  1832
 2962   759
 2963  2695
 2964  1600
 2965   515
 2966  2464
 2967  1385
 2968   271
 2969  2230
 2970  1137
 2971    66
 2972  2013
 2973   921
 2974  2868
 2975  1761
 2976   672
 2977  2623
 2978  1545
 2979   442
 2980  2402
 2981  1319
 2982   208
 2983  2172
 2984  1069
 2985  3013
 2986  1931
 2987   830
 2988  2782
 2989  1715
 2990   597
 2991  2552
 2992  1468
 2993   373
 2994  2314
 2995  1250
 2996   143
 2997  2098
 2998   998
 2999  2956
 3000  1857
 3001   763
 3002  2713
 3003  1622
 3004   548
 3005  2476
 3006  1383
 3007   321
 3008  2252
 3009  1160
 3010    81
 3011  2025
 3012   947
 3013  2886
 3014  1808
 3015   704
 3016  2663
 3017  1573
 3018   459
 3019  2413
 3020  1316
 3021   230
 3022  2173
 3023  1108
 3024    10
 3025  1963
 3026   864
 3027  2808
 3028  1720
 3029   631
 3030  2590
 3031  1503
 3032   397
 3033  2354
 3034  1259
 3035   157
 3036  2129
 3037  1022
 3038  2985
 3039  1881
 3040   785
 3041  2749
 3042  1654
 3043   560
