R20T1XH3
Turbo Code Interleaving
User data with 4 flush bits N=1668
NOTE: Q-bit is the bit index after interleaving. Data-bit is the index of user data

Q-bit Data-bit
--------------
    0    16
    1  1082
    2   470
    3  1548
    4   958
    5   348
    6  1420
    7   827
    8   222
    9  1299
   10   696
   11   103
   12  1164
   13   571
   14  1641
   15  1045
   16   432
   17  1510
   18   912
   19   312
   20  1374
   21   783
   22   191
   23  1252
   24   649
   25    51
   26  1133
   27   535
   28  1608
   29   993
   30   409
   31  1476
   32   872
   33   279
   34  1336
   35   740
   36   146
   37  1210
   38   614
   39    20
   40  1087
   41   486
   42  1566
   43   962
   44   358
   45  1433
   46   833
   47   230
   48  1306
   49   712
   50   101
   51  1181
   52   573
   53  1654
   54  1053
   55   453
   56  1530
   57   916
   58   316
   59  1386
   60   792
   61   201
   62  1263
   63   666
   64    76
   65  1138
   66   549
   67  1614
   68  1014
   69   414
   70  1473
   71   879
   72   285
   73  1352
   74   761
   75   166
   76  1229
   77   634
   78    37
   79  1104
   80   500
   81  1568
   82   977
   83   374
   84  1442
   85   847
   86   258
   87  1312
   88   725
   89   118
   90  1195
   91   594
   92  1661
   93  1062
   94   456
   95  1532
   96   927
   97   343
   98  1403
   99   809
  100   202
  101  1273
  102   685
  103    78
  104  1147
  105   557
  106  1626
  107  1027
  108   422
  109  1488
  110   890
  111   294
  112  1369
  113   776
  114   168
  115  1246
  116   638
  117    42
  118  1105
  119   509
  120  1579
  121   990
  122   385
  123  1452
  124   858
  125   267
  126  1327
  127   728
  128   137
  129  1203
  130   593
  131     3
  132  1075
  133   479
  134  1541
  135   951
  136   340
  137  1408
  138   815
  139   218
  140  1292
  141   695
  142    86
  143  1156
  144   566
  145  1634
  146  1029
  147   428
  148  1504
  149   911
  150   314
  151  1380
  152   774
  153   179
  154  1242
  155   657
  156    52
  157  1129
  158   532
  159  1587
  160   997
  161   387
  162  1467
  163   874
  164   273
  165  1337
  166   739
  167   138
  168  1216
  169   615
  170    25
  171  1085
  172   491
  173  1552
  174   957
  175   355
  176  1434
  177   829
  178   224
  179  1310
  180   706
  181   108
  182  1182
  183   578
  184  1648
  185  1043
  186   451
  187  1508
  188   918
  189   321
  190  1394
  191   797
  192   192
  193  1262
  194   670
  195    67
  196  1134
  197   540
  198  1607
  199  1012
  200   405
  201  1482
  202   882
  203   283
  204  1355
  205   755
  206   149
  207  1227
  208   621
  209    27
  210  1089
  211   503
  212  1574
  213   969
  214   377
  215  1438
  216   841
  217   243
  218  1311
  219   719
  220   115
  221  1184
  222   587
  223  1652
  224  1057
  225   462
  226  1533
  227   935
  228   338
  229  1407
  230   800
  231   207
  232  1281
  233   672
  234    73
  235  1142
  236   547
  237  1622
  238  1018
  239   424
  240  1485
  241   891
  242   300
  243  1364
  244   759
  245   178
  246  1237
  247   645
  248    33
  249  1109
  250   501
  251  1582
  252   986
  253   386
  254  1451
  255   859
  256   249
  257  1322
  258   735
  259   132
  260  1190
  261   602
  262     0
  263  1063
  264   466
  265  1546
  266   943
  267   342
  268  1404
  269   811
  270   217
  271  1285
  272   686
  273    91
  274  1166
  275   556
  276  1630
  277  1024
  278   429
  279  1503
  280   907
  281   301
  282  1379
  283   780
  284   175
  285  1241
  286   639
  287    54
  288  1125
  289   514
  290  1584
  291   988
  292   391
  293  1470
  294   871
  295   264
  296  1334
  297   733
  298   134
  299  1205
  300   609
  301    14
  302  1086
  303   487
  304  1560
  305   944
  306   353
  307  1425
  308   835
  309   234
  310  1304
  311   700
  312    96
  313  1169
  314   570
  315  1646
  316  1038
  317   439
  318  1513
  319   909
  320   308
  321  1385
  322   791
  323   185
  324  1260
  325   668
  326    61
  327  1130
  328   528
  329  1595
  330  1003
  331   404
  332  1472
  333   873
  334   275
  335  1341
  336   756
  337   157
  338  1215
  339   629
  340    23
  341  1091
  342   499
  343  1558
  344   960
  345   359
  346  1436
  347   842
  348   245
  349  1305
  350   708
  351   114
  352  1179
  353   590
  354  1647
  355  1050
  356   452
  357  1521
  358   917
  359   327
  360  1392
  361   795
  362   204
  363  1269
  364   679
  365    66
  366  1149
  367   538
  368  1609
  369  1008
  370   415
  371  1487
  372   884
  373   280
  374  1358
  375   766
  376   162
  377  1230
  378   628
  379    35
  380  1097
  381   508
  382  1572
  383   973
  384   372
  385  1453
  386   857
  387   250
  388  1314
  389   715
  390   116
  391  1187
  392   596
  393  1656
  394  1056
  395   465
  396  1531
  397   938
  398   336
  399  1415
  400   801
  401   216
  402  1287
  403   683
  404    85
  405  1158
  406   560
  407  1631
  408  1021
  409   430
  410  1500
  411   893
  412   299
  413  1366
  414   765
  415   172
  416  1245
  417   637
  418    46
  419  1118
  420   523
  421  1580
  422   979
  423   394
  424  1457
  425   856
  426   257
  427  1338
  428   734
  429   130
  430  1207
  431   601
  432    13
  433  1071
  434   482
  435  1540
  436   941
  437   357
  438  1423
  439   822
  440   225
  441  1298
  442   688
  443    97
  444  1172
  445   559
  446  1632
  447  1034
  448   445
  449  1511
  450   910
  451   305
  452  1388
  453   778
  454   194
  455  1258
  456   654
  457    65
  458  1135
  459   533
  460  1598
  461  1004
  462   403
  463  1461
  464   878
  465   271
  466  1332
  467   742
  468   143
  469  1218
  470   624
  471    11
  472  1090
  473   493
  474  1550
  475   959
  476   361
  477  1432
  478   843
  479   228
  480  1300
  481   699
  482   106
  483  1171
  484   569
  485  1655
  486  1052
  487   447
  488  1523
  489   928
  490   322
  491  1396
  492   794
  493   198
  494  1264
  495   665
  496    63
  497  1132
  498   541
  499  1615
  500  1019
  501   420
  502  1471
  503   880
  504   284
  505  1359
  506   758
  507   158
  508  1233
  509   625
  510    26
  511  1102
  512   504
  513  1567
  514   971
  515   370
  516  1435
  517   849
  518   246
  519  1317
  520   722
  521   119
  522  1193
  523   588
  524  1658
  525  1055
  526   460
  527  1538
  528   934
  529   339
  530  1405
  531   808
  532   209
  533  1270
  534   678
  535    80
  536  1154
  537   545
  538  1623
  539  1028
  540   419
  541  1496
  542   900
  543   303
  544  1371
  545   767
  546   176
  547  1244
  548   641
  549    41
  550  1112
  551   506
  552  1586
  553   975
  554   379
  555  1455
  556   854
  557   251
  558  1326
  559   737
  560   131
  561  1199
  562   598
  563     9
  564  1079
  565   476
  566  1542
  567   948
  568   350
  569  1421
  570   825
  571   219
  572  1284
  573   684
  574    83
  575  1159
  576   565
  577  1627
  578  1026
  579   438
  580  1505
  581   899
  582   302
  583  1377
  584   775
  585   177
  586  1250
  587   652
  588    48
  589  1115
  590   521
  591  1591
  592   994
  593   390
  594  1466
  595   862
  596   270
  597  1331
  598   744
  599   147
  600  1206
  601   611
  602     6
  603  1084
  604   483
  605  1547
  606   952
  607   360
  608  1424
  609   832
  610   221
  611  1291
  612   704
  613    99
  614  1177
  615   568
  616  1650
  617  1048
  618   441
  619  1522
  620   920
  621   320
  622  1382
  623   793
  624   184
  625  1267
  626   661
  627    74
  628  1131
  629   542
  630  1605
  631  1000
  632   402
  633  1475
  634   886
  635   292
  636  1343
  637   751
  638   151
  639  1226
  640   630
  641    22
  642  1101
  643   489
  644  1561
  645   974
  646   373
  647  1441
  648   840
  649   235
  650  1307
  651   714
  652   117
  653  1176
  654   591
  655  1649
  656  1058
  657   461
  658  1524
  659   929
  660   332
  661  1397
  662   806
  663   213
  664  1278
  665   674
  666    72
  667  1151
  668   543
  669  1616
  670  1020
  671   412
  672  1491
  673   889
  674   287
  675  1363
  676   769
  677   169
  678  1228
  679   633
  680    43
  681  1111
  682   517
  683  1585
  684   985
  685   381
  686  1445
  687   850
  688   252
  689  1330
  690   718
  691   129
  692  1192
  693   600
  694  1663
  695  1076
  696   477
  697  1535
  698   936
  699   346
  700  1402
  701   813
  702   215
  703  1276
  704   681
  705    82
  706  1148
  707   562
  708  1633
  709  1022
  710   431
  711  1501
  712   901
  713   298
  714  1372
  715   768
  716   182
  717  1247
  718   655
  719    55
  720  1123
  721   522
  722  1597
  723   998
  724   396
  725  1459
  726   860
  727   263
  728  1335
  729   731
  730   144
  731  1200
  732   617
  733    19
  734  1074
  735   475
  736  1556
  737   946
  738   352
  739  1417
  740   830
  741   229
  742  1288
  743   692
  744   102
  745  1168
  746   572
  747  1645
  748  1047
  749   437
  750  1507
  751   913
  752   315
  753  1393
  754   787
  755   186
  756  1259
  757   658
  758    57
  759  1124
  760   534
  761  1602
  762  1011
  763   401
  764  1474
  765   870
  766   268
  767  1354
  768   749
  769   148
  770  1221
  771   618
  772    21
  773  1092
  774   498
  775  1569
  776   970
  777   369
  778  1439
  779   831
  780   231
  781  1302
  782   709
  783   113
  784  1185
  785   584
  786  1657
  787  1054
  788   459
  789  1526
  790   933
  791   328
  792  1390
  793   802
  794   199
  795  1261
  796   664
  797    75
  798  1139
  799   552
  800  1610
  801  1007
  802   425
  803  1483
  804   892
  805   286
  806  1350
  807   752
  808   160
  809  1231
  810   627
  811    28
  812  1108
  813   502
  814  1575
  815   978
  816   376
  817  1449
  818   844
  819   248
  820  1321
  821   713
  822   128
  823  1194
  824   586
  825  1660
  826  1070
  827   468
  828  1529
  829   930
  830   331
  831  1410
  832   804
  833   205
  834  1275
  835   680
  836    87
  837  1155
  838   554
  839  1624
  840  1030
  841   436
  842  1490
  843   897
  844   297
  845  1367
  846   764
  847   164
  848  1239
  849   648
  850    47
  851  1110
  852   510
  853  1593
  854   981
  855   392
  856  1450
  857   851
  858   266
  859  1325
  860   738
  861   136
  862  1204
  863   603
  864    12
  865  1083
  866   478
  867  1551
  868   942
  869   345
  870  1411
  871   821
  872   226
  873  1297
  874   697
  875    92
  876  1167
  877   563
  878  1637
  879  1037
  880   443
  881  1512
  882   908
  883   313
  884  1383
  885   786
  886   181
  887  1248
  888   660
  889    60
  890  1116
  891   531
  892  1589
  893   999
  894   398
  895  1463
  896   865
  897   274
  898  1349
  899   743
  900   142
  901  1211
  902   619
  903    24
  904  1093
  905   481
  906  1554
  907   956
  908   362
  909  1431
  910   834
  911   240
  912  1308
  913   701
  914   112
  915  1175
  916   585
  917  1639
  918  1051
  919   454
  920  1518
  921   922
  922   324
  923  1399
  924   799
  925   197
  926  1266
  927   663
  928    77
  929  1145
  930   537
  931  1601
  932  1010
  933   408
  934  1486
  935   881
  936   282
  937  1353
  938   754
  939   155
  940  1220
  941   632
  942    30
  943  1099
  944   505
  945  1565
  946   965
  947   367
  948  1446
  949   853
  950   253
  951  1320
  952   721
  953   122
  954  1191
  955   595
  956  1653
  957  1065
  958   464
  959  1527
  960   937
  961   335
  962  1406
  963   807
  964   203
  965  1283
  966   673
  967    81
  968  1144
  969   550
  970  1621
  971  1015
  972   418
  973  1489
  974   896
  975   296
  976  1357
  977   772
  978   161
  979  1240
  980   643
  981    40
  982  1106
  983   518
  984  1581
  985   976
  986   384
  987  1460
  988   852
  989   254
  990  1324
  991   729
  992   126
  993  1188
  994   604
  995  1667
  996  1066
  997   474
  998  1543
  999   947
 1000   341
 1001  1416
 1002   818
 1003   223
 1004  1289
 1005   690
 1006    98
 1007  1160
 1008   564
 1009  1636
 1010  1036
 1011   434
 1012  1506
 1013   905
 1014   307
 1015  1373
 1016   777
 1017   174
 1018  1243
 1019   647
 1020    56
 1021  1117
 1022   526
 1023  1596
 1024   992
 1025   393
 1026  1464
 1027   875
 1028   265
 1029  1342
 1030   746
 1031   133
 1032  1209
 1033   610
 1034     7
 1035  1081
 1036   492
 1037  1562
 1038   961
 1039   364
 1040  1430
 1041   820
 1042   238
 1043  1293
 1044   703
 1045   109
 1046  1174
 1047   581
 1048  1635
 1049  1040
 1050   444
 1051  1520
 1052   921
 1053   318
 1054  1395
 1055   789
 1056   196
 1057  1253
 1058   667
 1059    58
 1060  1128
 1061   525
 1062  1604
 1063  1013
 1064   413
 1065  1469
 1066   869
 1067   278
 1068  1347
 1069   750
 1070   152
 1071  1225
 1072   622
 1073    32
 1074  1095
 1075   490
 1076  1571
 1077   964
 1078   371
 1079  1443
 1080   838
 1081   244
 1082  1318
 1083   707
 1084   120
 1085  1183
 1086   579
 1087  1662
 1088  1059
 1089   458
 1090  1534
 1091   924
 1092   325
 1093  1398
 1094   798
 1095   200
 1096  1274
 1097   675
 1098    71
 1099  1143
 1100   539
 1101  1611
 1102  1023
 1103   421
 1104  1495
 1105   888
 1106   289
 1107  1362
 1108   760
 1109   165
 1110  1224
 1111   635
 1112    31
 1113  1100
 1114   513
 1115  1573
 1116   983
 1117   375
 1118  1440
 1119   846
 1120   256
 1121  1319
 1122   723
 1123   127
 1124  1196
 1125   599
 1126     2
 1127  1069
 1128   471
 1129  1537
 1130   940
 1131   333
 1132  1419
 1133   814
 1134   214
 1135  1286
 1136   693
 1137    93
 1138  1152
 1139   553
 1140  1619
 1141  1035
 1142   433
 1143  1499
 1144   895
 1145   309
 1146  1365
 1147   771
 1148   170
 1149  1249
 1150   653
 1151    44
 1152  1122
 1153   515
 1154  1592
 1155   991
 1156   400
 1157  1465
 1158   864
 1159   260
 1160  1339
 1161   730
 1162   135
 1163  1212
 1164   612
 1165     1
 1166  1078
 1167   480
 1168  1553
 1169   950
 1170   349
 1171  1426
 1172   823
 1173   220
 1174  1290
 1175   698
 1176   105
 1177  1165
 1178   574
 1179  1643
 1180  1039
 1181   446
 1182  1517
 1183   915
 1184   323
 1185  1376
 1186   785
 1187   188
 1188  1257
 1189   651
 1190    53
 1191  1137
 1192   536
 1193  1594
 1194   996
 1195   399
 1196  1477
 1197   868
 1198   276
 1199  1348
 1200   741
 1201   150
 1202  1213
 1203   623
 1204    18
 1205  1094
 1206   497
 1207  1559
 1208   966
 1209   365
 1210  1427
 1211   836
 1212   239
 1213  1301
 1214   710
 1215   111
 1216  1180
 1217   580
 1218  1651
 1219  1041
 1220   450
 1221  1514
 1222   931
 1223   329
 1224  1389
 1225   796
 1226   195
 1227  1271
 1228   669
 1229    79
 1230  1141
 1231   548
 1232  1612
 1233  1006
 1234   416
 1235  1479
 1236   887
 1237   291
 1238  1356
 1239   757
 1240   156
 1241  1232
 1242   626
 1243    36
 1244  1103
 1245   495
 1246  1578
 1247   968
 1248   380
 1249  1447
 1250   845
 1251   247
 1252  1316
 1253   724
 1254   123
 1255  1198
 1256   592
 1257  1666
 1258  1067
 1259   469
 1260  1528
 1261   939
 1262   344
 1263  1401
 1264   810
 1265   208
 1266  1282
 1267   677
 1268    89
 1269  1153
 1270   544
 1271  1618
 1272  1025
 1273   423
 1274  1494
 1275   903
 1276   295
 1277  1368
 1278   762
 1279   173
 1280  1234
 1281   640
 1282    49
 1283  1114
 1284   516
 1285  1590
 1286   984
 1287   389
 1288  1458
 1289   861
 1290   261
 1291  1329
 1292   727
 1293   140
 1294  1202
 1295   605
 1296    10
 1297  1073
 1298   473
 1299  1545
 1300   949
 1301   354
 1302  1414
 1303   817
 1304   227
 1305  1295
 1306   689
 1307    90
 1308  1162
 1309   567
 1310  1629
 1311  1042
 1312   440
 1313  1502
 1314   906
 1315   306
 1316  1378
 1317   781
 1318   183
 1319  1254
 1320   646
 1321    59
 1322  1119
 1323   530
 1324  1599
 1325   995
 1326   406
 1327  1468
 1328   877
 1329   277
 1330  1346
 1331   745
 1332   141
 1333  1219
 1334   616
 1335    17
 1336  1080
 1337   488
 1338  1563
 1339   954
 1340   363
 1341  1429
 1342   824
 1343   236
 1344  1303
 1345   705
 1346   104
 1347  1178
 1348   582
 1349  1640
 1350  1049
 1351   448
 1352  1515
 1353   914
 1354   326
 1355  1391
 1356   790
 1357   193
 1358  1268
 1359   662
 1360    64
 1361  1140
 1362   529
 1363  1606
 1364  1017
 1365   411
 1366  1484
 1367   883
 1368   281
 1369  1345
 1370   748
 1371   163
 1372  1222
 1373   620
 1374    34
 1375  1098
 1376   507
 1377  1564
 1378   972
 1379   378
 1380  1437
 1381   839
 1382   241
 1383  1309
 1384   717
 1385   124
 1386  1189
 1387   589
 1388  1665
 1389  1060
 1390   467
 1391  1536
 1392   925
 1393   334
 1394  1409
 1395   805
 1396   210
 1397  1279
 1398   682
 1399    84
 1400  1150
 1401   555
 1402  1617
 1403  1016
 1404   417
 1405  1497
 1406   894
 1407   293
 1408  1360
 1409   763
 1410   167
 1411  1236
 1412   644
 1413    39
 1414  1113
 1415   512
 1416  1577
 1417   982
 1418   388
 1419  1448
 1420   848
 1421   255
 1422  1323
 1423   720
 1424   121
 1425  1201
 1426   607
 1427     5
 1428  1072
 1429   472
 1430  1544
 1431   945
 1432   351
 1433  1412
 1434   812
 1435   211
 1436  1280
 1437   694
 1438    95
 1439  1161
 1440   561
 1441  1628
 1442  1033
 1443   427
 1444  1493
 1445   898
 1446   310
 1447  1370
 1448   779
 1449   171
 1450  1251
 1451   642
 1452    50
 1453  1120
 1454   519
 1455  1583
 1456   989
 1457   395
 1458  1462
 1459   863
 1460   262
 1461  1333
 1462   736
 1463   139
 1464  1214
 1465   608
 1466     8
 1467  1077
 1468   484
 1469  1555
 1470   955
 1471   366
 1472  1422
 1473   826
 1474   233
 1475  1296
 1476   702
 1477   100
 1478  1170
 1479   575
 1480  1638
 1481  1046
 1482   449
 1483  1516
 1484   923
 1485   317
 1486  1384
 1487   784
 1488   187
 1489  1255
 1490   656
 1491    62
 1492  1126
 1493   527
 1494  1603
 1495  1001
 1496   410
 1497  1480
 1498   876
 1499   288
 1500  1351
 1501   747
 1502   154
 1503  1223
 1504   631
 1505    29
 1506  1088
 1507   494
 1508  1557
 1509   967
 1510   368
 1511  1444
 1512   837
 1513   237
 1514  1315
 1515   716
 1516   107
 1517  1186
 1518   583
 1519  1659
 1520  1061
 1521   457
 1522  1525
 1523   919
 1524   319
 1525  1400
 1526   803
 1527   206
 1528  1272
 1529   676
 1530    69
 1531  1136
 1532   551
 1533  1620
 1534  1009
 1535   426
 1536  1481
 1537   885
 1538   290
 1539  1361
 1540   770
 1541   159
 1542  1235
 1543   636
 1544    38
 1545  1107
 1546   511
 1547  1576
 1548   980
 1549   382
 1550  1454
 1551   855
 1552   259
 1553  1328
 1554   732
 1555   125
 1556  1197
 1557   597
 1558  1664
 1559  1064
 1560   463
 1561  1539
 1562   932
 1563   337
 1564  1413
 1565   816
 1566   212
 1567  1277
 1568   691
 1569    88
 1570  1157
 1571   558
 1572  1625
 1573  1032
 1574   435
 1575  1498
 1576   902
 1577   304
 1578  1375
 1579   773
 1580   180
 1581  1238
 1582   650
 1583    45
 1584  1121
 1585   524
 1586  1588
 1587   987
 1588   383
 1589  1456
 1590   866
 1591   272
 1592  1340
 1593   726
 1594   145
 1595  1208
 1596   606
 1597     4
 1598  1068
 1599   485
 1600  1549
 1601   953
 1602   347
 1603  1418
 1604   819
 1605   232
 1606  1294
 1607   687
 1608    94
 1609  1163
 1610   576
 1611  1642
 1612  1031
 1613   442
 1614  1509
 1615   904
 1616   311
 1617  1381
 1618   782
 1619   190
 1620  1256
 1621   659
 1622    68
 1623  1127
 1624   520
 1625  1600
 1626  1002
 1627   397
 1628  1478
 1629   867
 1630   269
 1631  1344
 1632   753
 1633   153
 1634  1217
 1635   613
 1636    15
 1637  1096
 1638   496
 1639  1570
 1640   963
 1641   356
 1642  1428
 1643   828
 1644   242
 1645  1313
 1646   711
 1647   110
 1648  1173
 1649   577
 1650  1644
 1651  1044
 1652   455
 1653  1519
 1654   926
 1655   330
 1656  1387
 1657   788
 1658   189
 1659  1265
 1660   671
 1661    70
 1662  1146
 1663   546
 1664  1613
 1665  1005
 1666   407
 1667  1492
