R20T2QL5
Turbo Code Interleaving
User data with 4 flush bits N=1420
NOTE: Q-bit is the bit index after interleaving. Data-bit is the index of user data

Q-bit Data-bit
--------------
    0    12
    1   920
    2   400
    3  1318
    4   815
    5   296
    6  1208
    7   703
    8   189
    9  1105
   10   592
   11    87
   12   990
   13   487
   14  1397
   15   889
   16   368
   17  1285
   18   776
   19   265
   20  1170
   21   666
   22   161
   23  1066
   24   553
   25    43
   26   964
   27   455
   28  1369
   29   845
   30   348
   31  1258
   32   741
   33   237
   34  1137
   35   629
   36   124
   37  1030
   38   521
   39    16
   40   925
   41   413
   42  1333
   43   819
   44   304
   45  1219
   46   708
   47   197
   48  1112
   49   606
   50    85
   51  1005
   52   489
   53  1408
   54   896
   55   386
   56  1302
   57   780
   58   269
   59  1179
   60   673
   61   171
   62  1075
   63   567
   64    64
   65   968
   66   468
   67  1374
   68   862
   69   352
   70  1255
   71   747
   72   243
   73  1150
   74   648
   75   141
   76  1046
   77   540
   78    32
   79   940
   80   425
   81  1335
   82   832
   83   318
   84  1228
   85   721
   86   220
   87  1118
   88   617
   89   100
   90  1018
   91   506
   92  1414
   93   904
   94   388
   95  1304
   96   788
   97   292
   98  1194
   99   689
  100   172
  101  1083
  102   584
  103    66
  104   976
  105   475
  106  1384
  107   875
  108   360
  109  1267
  110   757
  111   250
  112  1166
  113   661
  114   143
  115  1061
  116   543
  117    36
  118   941
  119   434
  120  1344
  121   842
  122   327
  123  1237
  124   730
  125   227
  126  1130
  127   619
  128   117
  129  1024
  130   505
  131     3
  132   914
  133   408
  134  1312
  135   810
  136   289
  137  1199
  138   694
  139   185
  140  1100
  141   591
  142    74
  143   985
  144   482
  145  1391
  146   877
  147   364
  148  1280
  149   775
  150   267
  151  1175
  152   659
  153   153
  154  1057
  155   559
  156    44
  157   960
  158   452
  159  1351
  160   849
  161   329
  162  1249
  163   743
  164   231
  165  1138
  166   628
  167   118
  168  1035
  169   522
  170    21
  171   923
  172   418
  173  1321
  174   814
  175   302
  176  1220
  177   704
  178   191
  179  1116
  180   601
  181    91
  182  1006
  183   491
  184  1402
  185   888
  186   384
  187  1284
  188   782
  189   272
  190  1186
  191   678
  192   162
  193  1074
  194   571
  195    58
  196   965
  197   460
  198  1368
  199   860
  200   345
  201  1261
  202   750
  203   241
  204  1153
  205   642
  206   127
  207  1044
  208   528
  209    23
  210   926
  211   428
  212  1340
  213   824
  214   321
  215  1224
  216   715
  217   206
  218  1117
  219   612
  220    97
  221  1008
  222   499
  223  1406
  224   900
  225   393
  226  1305
  227   795
  228   287
  229  1198
  230   681
  231   176
  232  1089
  233   572
  234    61
  235   972
  236   466
  237  1381
  238   866
  239   362
  240  1264
  241   758
  242   256
  243  1161
  244   646
  245   152
  246  1053
  247   549
  248    28
  249   944
  250   426
  251  1347
  252   840
  253   328
  254  1236
  255   731
  256   212
  257  1126
  258   625
  259   112
  260  1013
  261   513
  262     0
  263   905
  264   396
  265  1316
  266   803
  267   291
  268  1195
  269   691
  270   184
  271  1093
  272   585
  273    78
  274   992
  275   474
  276  1387
  277   872
  278   365
  279  1279
  280   771
  281   257
  282  1174
  283   664
  284   149
  285  1056
  286   544
  287    46
  288   958
  289   438
  290  1348
  291   841
  292   333
  293  1252
  294   740
  295   224
  296  1135
  297   623
  298   114
  299  1026
  300   517
  301    11
  302   924
  303   414
  304  1327
  305   804
  306   300
  307  1212
  308   710
  309   199
  310  1110
  311   596
  312    81
  313   995
  314   486
  315  1400
  316   883
  317   374
  318  1288
  319   773
  320   263
  321  1178
  322   672
  323   158
  324  1072
  325   569
  326    53
  327   961
  328   448
  329  1358
  330   853
  331   344
  332  1254
  333   742
  334   233
  335  1141
  336   643
  337   133
  338  1034
  339   536
  340    19
  341   928
  342   424
  343  1325
  344   817
  345   305
  346  1222
  347   716
  348   208
  349  1111
  350   603
  351    96
  352  1003
  353   502
  354  1401
  355   893
  356   385
  357  1294
  358   781
  359   278
  360  1184
  361   676
  362   174
  363  1080
  364   578
  365    57
  366   978
  367   458
  368  1370
  369   857
  370   353
  371  1266
  372   752
  373   238
  374  1156
  375   653
  376   137
  377  1047
  378   535
  379    30
  380   933
  381   433
  382  1338
  383   828
  384   316
  385  1238
  386   729
  387   213
  388  1119
  389   609
  390    98
  391  1010
  392   508
  393  1410
  394   899
  395   395
  396  1303
  397   798
  398   286
  399  1204
  400   682
  401   183
  402  1095
  403   582
  404    73
  405   986
  406   477
  407  1388
  408   869
  409   366
  410  1276
  411   760
  412   255
  413  1163
  414   652
  415   146
  416  1060
  417   542
  418    39
  419   953
  420   445
  421  1345
  422   834
  423   336
  424  1240
  425   728
  426   219
  427  1139
  428   624
  429   110
  430  1028
  431   512
  432    10
  433   911
  434   411
  435  1311
  436   801
  437   303
  438  1210
  439   699
  440   192
  441  1104
  442   586
  443    82
  444   997
  445   476
  446  1389
  447   879
  448   379
  449  1286
  450   774
  451   260
  452  1180
  453   663
  454   164
  455  1070
  456   557
  457    56
  458   966
  459   453
  460  1361
  461   854
  462   343
  463  1244
  464   746
  465   230
  466  1134
  467   631
  468   122
  469  1036
  470   531
  471     8
  472   927
  473   420
  474  1319
  475   816
  476   307
  477  1218
  478   717
  479   195
  480  1106
  481   595
  482    90
  483   996
  484   485
  485  1409
  486   895
  487   381
  488  1296
  489   789
  490   273
  491  1188
  492   675
  493   168
  494  1076
  495   566
  496    54
  497   963
  498   461
  499  1375
  500   867
  501   358
  502  1253
  503   748
  504   242
  505  1157
  506   645
  507   134
  508  1050
  509   532
  510    22
  511   938
  512   429
  513  1334
  514   826
  515   314
  516  1221
  517   722
  518   209
  519  1121
  520   614
  521   101
  522  1016
  523   500
  524  1412
  525   898
  526   391
  527  1310
  528   794
  529   288
  530  1196
  531   688
  532   178
  533  1081
  534   577
  535    68
  536   983
  537   465
  538  1382
  539   876
  540   357
  541  1273
  542   766
  543   259
  544  1167
  545   654
  546   150
  547  1059
  548   546
  549    35
  550   947
  551   431
  552  1350
  553   830
  554   323
  555  1239
  556   727
  557   214
  558  1129
  559   626
  560   111
  561  1021
  562   509
  563     6
  564   917
  565   405
  566  1313
  567   807
  568   298
  569  1209
  570   702
  571   186
  572  1092
  573   583
  574    71
  575   987
  576   481
  577  1385
  578   874
  579   373
  580  1281
  581   765
  582   258
  583  1172
  584   660
  585   151
  586  1065
  587   555
  588    41
  589   950
  590   443
  591  1354
  592   846
  593   332
  594  1248
  595   734
  596   229
  597  1133
  598   633
  599   125
  600  1027
  601   519
  602     4
  603   922
  604   412
  605  1317
  606   811
  607   306
  608  1211
  609   707
  610   188
  611  1099
  612   599
  613    84
  614  1001
  615   484
  616  1404
  617   891
  618   376
  619  1295
  620   783
  621   271
  622  1176
  623   674
  624   157
  625  1078
  626   562
  627    62
  628   962
  629   462
  630  1366
  631   852
  632   342
  633  1257
  634   753
  635   248
  636  1143
  637   639
  638   129
  639  1043
  640   537
  641    18
  642   937
  643   416
  644  1328
  645   829
  646   317
  647  1227
  648   714
  649   200
  650  1113
  651   608
  652    99
  653  1000
  654   503
  655  1403
  656   901
  657   392
  658  1297
  659   790
  660   282
  661  1189
  662   686
  663   180
  664  1087
  665   574
  666    60
  667   980
  668   463
  669  1376
  670   868
  671   350
  672  1270
  673   756
  674   245
  675  1160
  676   656
  677   144
  678  1045
  679   539
  680    37
  681   946
  682   441
  683  1349
  684   839
  685   325
  686  1230
  687   723
  688   215
  689  1132
  690   611
  691   109
  692  1015
  693   511
  694  1416
  695   915
  696   406
  697  1307
  698   796
  699   295
  700  1193
  701   692
  702   182
  703  1086
  704   580
  705    70
  706   977
  707   478
  708  1390
  709   870
  710   367
  711  1277
  712   767
  713   254
  714  1168
  715   655
  716   155
  717  1062
  718   558
  719    47
  720   956
  721   444
  722  1360
  723   850
  724   337
  725  1242
  726   732
  727   223
  728  1136
  729   622
  730   123
  731  1022
  732   524
  733    15
  734   913
  735   404
  736  1324
  737   805
  738   299
  739  1206
  740   705
  741   196
  742  1096
  743   589
  744    86
  745   994
  746   488
  747  1399
  748   890
  749   372
  750  1283
  751   777
  752   268
  753  1185
  754   669
  755   159
  756  1071
  757   560
  758    49
  759   957
  760   454
  761  1364
  762   859
  763   341
  764  1256
  765   739
  766   228
  767  1152
  768   637
  769   126
  770  1039
  771   525
  772    17
  773   929
  774   423
  775  1336
  776   825
  777   313
  778  1225
  779   706
  780   198
  781  1108
  782   604
  783    95
  784  1009
  785   496
  786  1411
  787   897
  788   390
  789  1298
  790   793
  791   279
  792  1182
  793   683
  794   169
  795  1073
  796   565
  797    63
  798   969
  799   470
  800  1371
  801   856
  802   363
  803  1262
  804   759
  805   244
  806  1149
  807   640
  808   135
  809  1048
  810   534
  811    24
  812   943
  813   427
  814  1341
  815   833
  816   320
  817  1234
  818   718
  819   211
  820  1125
  821   607
  822   108
  823  1017
  824   498
  825  1413
  826   910
  827   398
  828  1301
  829   791
  830   281
  831  1201
  832   684
  833   175
  834  1085
  835   579
  836    75
  837   984
  838   472
  839  1383
  840   878
  841   371
  842  1269
  843   764
  844   253
  845  1164
  846   651
  847   139
  848  1054
  849   552
  850    40
  851   945
  852   435
  853  1356
  854   835
  855   334
  856  1235
  857   724
  858   226
  859  1128
  860   627
  861   116
  862  1025
  863   514
  864     9
  865   921
  866   407
  867  1320
  868   802
  869   294
  870  1202
  871   698
  872   193
  873  1103
  874   593
  875    79
  876   993
  877   479
  878  1394
  879   882
  880   377
  881  1287
  882   772
  883   266
  884  1177
  885   668
  886   154
  887  1063
  888   561
  889    52
  890   951
  891   451
  892  1352
  893   851
  894   338
  895  1245
  896   736
  897   232
  898  1148
  899   632
  900   121
  901  1031
  902   526
  903    20
  904   930
  905   410
  906  1323
  907   813
  908   308
  909  1217
  910   709
  911   204
  912  1114
  913   597
  914    94
  915   999
  916   497
  917  1395
  918   894
  919   387
  920  1292
  921   785
  922   275
  923  1191
  924   680
  925   167
  926  1077
  927   564
  928    65
  929   975
  930   457
  931  1363
  932   858
  933   347
  934  1265
  935   749
  936   240
  937  1151
  938   641
  939   131
  940  1038
  941   538
  942    25
  943   935
  944   430
  945  1332
  946   821
  947   312
  948  1231
  949   726
  950   216
  951  1124
  952   613
  953   103
  954  1014
  955   507
  956  1407
  957   906
  958   394
  959  1299
  960   797
  961   285
  962  1197
  963   687
  964   173
  965  1091
  966   573
  967    69
  968   974
  969   469
  970  1380
  971   863
  972   356
  973  1268
  974   763
  975   252
  976  1155
  977   658
  978   136
  979  1055
  980   547
  981    34
  982   942
  983   442
  984  1346
  985   831
  986   326
  987  1243
  988   725
  989   217
  990  1127
  991   620
  992   106
  993  1011
  994   515
  995  1419
  996   907
  997   403
  998  1314
  999   806
 1000   290
 1001  1205
 1002   696
 1003   190
 1004  1097
 1005   588
 1006    83
 1007   988
 1008   480
 1009  1393
 1010   881
 1011   370
 1012  1282
 1013   769
 1014   262
 1015  1169
 1016   662
 1017   148
 1018  1058
 1019   551
 1020    48
 1021   952
 1022   447
 1023  1359
 1024   844
 1025   335
 1026  1246
 1027   744
 1028   225
 1029  1142
 1030   635
 1031   113
 1032  1029
 1033   518
 1034     5
 1035   919
 1036   419
 1037  1329
 1038   818
 1039   310
 1040  1216
 1041   697
 1042   202
 1043  1101
 1044   598
 1045    92
 1046   998
 1047   494
 1048  1392
 1049   885
 1050   378
 1051  1293
 1052   784
 1053   270
 1054  1187
 1055   670
 1056   166
 1057  1067
 1058   568
 1059    50
 1060   959
 1061   446
 1062  1365
 1063   861
 1064   351
 1065  1251
 1066   738
 1067   236
 1068  1146
 1069   638
 1070   130
 1071  1042
 1072   529
 1073    27
 1074   932
 1075   417
 1076  1337
 1077   820
 1078   315
 1079  1229
 1080   712
 1081   207
 1082  1122
 1083   602
 1084   102
 1085  1007
 1086   492
 1087  1415
 1088   902
 1089   389
 1090  1306
 1091   786
 1092   276
 1093  1190
 1094   679
 1095   170
 1096  1084
 1097   575
 1098    59
 1099   973
 1100   459
 1101  1372
 1102   871
 1103   359
 1104  1272
 1105   755
 1106   246
 1107  1159
 1108   647
 1109   140
 1110  1041
 1111   541
 1112    26
 1113   936
 1114   437
 1115  1339
 1116   837
 1117   319
 1118  1226
 1119   720
 1120   218
 1121  1123
 1122   615
 1123   107
 1124  1019
 1125   510
 1126     2
 1127   909
 1128   401
 1129  1309
 1130   800
 1131   283
 1132  1207
 1133   693
 1134   181
 1135  1094
 1136   590
 1137    80
 1138   981
 1139   471
 1140  1379
 1141   880
 1142   369
 1143  1275
 1144   762
 1145   264
 1146  1162
 1147   657
 1148   145
 1149  1064
 1150   556
 1151    38
 1152   955
 1153   439
 1154  1355
 1155   843
 1156   340
 1157  1247
 1158   735
 1159   221
 1160  1140
 1161   621
 1162   115
 1163  1032
 1164   520
 1165     1
 1166   916
 1167   409
 1168  1322
 1169   809
 1170   297
 1171  1213
 1172   700
 1173   187
 1174  1098
 1175   594
 1176    89
 1177   991
 1178   490
 1179  1398
 1180   884
 1181   380
 1182  1291
 1183   779
 1184   274
 1185  1171
 1186   667
 1187   160
 1188  1069
 1189   554
 1190    45
 1191   967
 1192   456
 1193  1357
 1194   848
 1195   339
 1196  1259
 1197   737
 1198   234
 1199  1147
 1200   630
 1201   128
 1202  1033
 1203   530
 1204    14
 1205   931
 1206   422
 1207  1326
 1208   822
 1209   311
 1210  1214
 1211   711
 1212   203
 1213  1107
 1214   605
 1215    93
 1216  1004
 1217   493
 1218  1405
 1219   886
 1220   383
 1221  1289
 1222   792
 1223   280
 1224  1181
 1225   677
 1226   165
 1227  1082
 1228   570
 1229    67
 1230   971
 1231   467
 1232  1373
 1233   855
 1234   354
 1235  1260
 1236   754
 1237   247
 1238  1154
 1239   644
 1240   132
 1241  1049
 1242   533
 1243    31
 1244   939
 1245   421
 1246  1343
 1247   823
 1248   324
 1249  1232
 1250   719
 1251   210
 1252  1120
 1253   616
 1254   104
 1255  1020
 1256   504
 1257  1418
 1258   908
 1259   399
 1260  1300
 1261   799
 1262   293
 1263  1192
 1264   690
 1265   177
 1266  1090
 1267   576
 1268    76
 1269   982
 1270   464
 1271  1378
 1272   873
 1273   361
 1274  1271
 1275   768
 1276   251
 1277  1165
 1278   649
 1279   147
 1280  1051
 1281   545
 1282    42
 1283   949
 1284   440
 1285  1353
 1286   838
 1287   331
 1288  1241
 1289   733
 1290   222
 1291  1131
 1292   618
 1293   119
 1294  1023
 1295   516
 1296     7
 1297   912
 1298   402
 1299  1315
 1300   808
 1301   301
 1302  1203
 1303   695
 1304   194
 1305  1102
 1306   587
 1307    77
 1308   989
 1309   483
 1310  1386
 1311   887
 1312   375
 1313  1278
 1314   770
 1315   261
 1316  1173
 1317   665
 1318   156
 1319  1068
 1320   550
 1321    51
 1322   954
 1323   450
 1324  1362
 1325   847
 1326   346
 1327  1250
 1328   745
 1329   235
 1330  1145
 1331   634
 1332   120
 1333  1037
 1334   523
 1335    13
 1336   918
 1337   415
 1338  1330
 1339   812
 1340   309
 1341  1215
 1342   701
 1343   201
 1344  1109
 1345   600
 1346    88
 1347  1002
 1348   495
 1349  1396
 1350   892
 1351   382
 1352  1290
 1353   778
 1354   277
 1355  1183
 1356   671
 1357   163
 1358  1079
 1359   563
 1360    55
 1361   970
 1362   449
 1363  1367
 1364   865
 1365   349
 1366  1263
 1367   751
 1368   239
 1369  1144
 1370   636
 1371   138
 1372  1040
 1373   527
 1374    29
 1375   934
 1376   432
 1377  1331
 1378   827
 1379   322
 1380  1223
 1381   713
 1382   205
 1383  1115
 1384   610
 1385   105
 1386  1012
 1387   501
 1388  1417
 1389   903
 1390   397
 1391  1308
 1392   787
 1393   284
 1394  1200
 1395   685
 1396   179
 1397  1088
 1398   581
 1399    72
 1400   979
 1401   473
 1402  1377
 1403   864
 1404   355
 1405  1274
 1406   761
 1407   249
 1408  1158
 1409   650
 1410   142
 1411  1052
 1412   548
 1413    33
 1414   948
 1415   436
 1416  1342
 1417   836
 1418   330
 1419  1233
