R20T45XH1
Turbo Code Interleaving
User data with 4 flush bits N=3324
NOTE: Q-bit is the bit index after interleaving. Data-bit is the index of user data

Q-bit Data-bit
--------------
    0    33
    1  2158
    2   940
    3  3088
    4  1909
    5   698
    6  2830
    7  1647
    8   445
    9  2587
   10  1384
   11   204
   12  2313
   13  1141
   14  3271
   15  2082
   16   862
   17  3013
   18  1822
   19   620
   20  2743
   21  1563
   22   380
   23  2497
   24  1295
   25   102
   26  2258
   27  1067
   28  3202
   29  1981
   30   813
   31  2943
   32  1740
   33   560
   34  2666
   35  1478
   36   290
   37  2414
   38  1219
   39    37
   40  2169
   41   969
   42  3121
   43  1916
   44   714
   45  2860
   46  1657
   47   461
   48  2599
   49  1418
   50   200
   51  2352
   52  1143
   53  3298
   54  2103
   55   907
   56  3053
   57  1827
   58   637
   59  2766
   60  1577
   61   400
   62  2518
   63  1329
   64   148
   65  2269
   66  1097
   67  3216
   68  2020
   69   824
   70  2939
   71  1752
   72   568
   73  2694
   74  1523
   75   332
   76  2454
   77  1267
   78    73
   79  2202
   80   997
   81  3124
   82  1951
   83   745
   84  2877
   85  1688
   86   512
   87  2613
   88  1448
   89   239
   90  2380
   91  1183
   92  3311
   93  2120
   94   915
   95  3057
   96  1849
   97   686
   98  2800
   99  1615
  100   402
  101  2542
  102  1365
  103   156
  104  2287
  105  1110
  106  3240
  107  2049
  108   841
  109  2966
  110  1775
  111   586
  112  2731
  113  1547
  114   338
  115  2486
  116  1275
  117    80
  118  2203
  119  1016
  120  3144
  121  1977
  122   768
  123  2896
  124  1709
  125   531
  126  2647
  127  1454
  128   273
  129  2400
  130  1181
  131     4
  132  2144
  133   956
  134  3072
  135  1893
  136   679
  137  2809
  138  1623
  139   437
  140  2576
  141  1383
  142   170
  143  2301
  144  1129
  145  3256
  146  2055
  147   855
  148  2998
  149  1821
  150   622
  151  2752
  152  1543
  153   358
  154  2477
  155  1309
  156   103
  157  2251
  158  1062
  159  3164
  160  1989
  161   774
  162  2929
  163  1742
  164   544
  165  2667
  166  1475
  167   275
  168  2425
  169  1220
  170    46
  171  2162
  172   979
  173  3096
  174  1907
  175   709
  176  2862
  177  1651
  178   447
  179  2608
  180  1405
  181   212
  182  2353
  183  1151
  184  3282
  185  2079
  186   899
  187  3008
  188  1830
  189   644
  190  2776
  191  1588
  192   382
  193  2517
  194  1335
  195   134
  196  2259
  197  1080
  198  3201
  199  2015
  200   806
  201  2956
  202  1756
  203   566
  204  2701
  205  1505
  206   296
  207  2447
  208  1237
  209    50
  210  2174
  211  1000
  212  3134
  213  1932
  214   750
  215  2871
  216  1673
  217   482
  218  2611
  219  1432
  220   231
  221  2360
  222  1168
  223  3290
  224  2109
  225   926
  226  3061
  227  1862
  228   676
  229  2807
  230  1596
  231   413
  232  2555
  233  1337
  234   143
  235  2277
  236  1094
  237  3234
  238  2027
  239   847
  240  2960
  241  1777
  242   601
  243  2721
  244  1516
  245   357
  246  2469
  247  1286
  248    64
  249  2211
  250   998
  251  3156
  252  1965
  253   773
  254  2892
  255  1710
  256   496
  257  2640
  258  1465
  259   264
  260  2374
  261  1196
  262     1
  263  2121
  264   932
  265  3085
  266  1883
  267   683
  268  2801
  269  1617
  270   432
  271  2561
  272  1366
  273   180
  274  2319
  275  1109
  276  3247
  277  2042
  278   859
  279  2992
  280  1816
  281   602
  282  2750
  283  1559
  284   353
  285  2475
  286  1276
  287   108
  288  2244
  289  1025
  290  3159
  291  1974
  292   779
  293  2932
  294  1739
  295   524
  296  2663
  297  1461
  298   267
  299  2405
  300  1209
  301    31
  302  2165
  303   971
  304  3110
  305  1885
  306   705
  307  2839
  308  1662
  309   468
  310  2597
  311  1398
  312   192
  313  2326
  314  1140
  315  3280
  316  2070
  317   879
  318  3019
  319  1818
  320   615
  321  2762
  322  1575
  323   371
  324  2512
  325  1331
  326   122
  327  2252
  328  1053
  329  3180
  330  2003
  331   801
  332  2938
  333  1741
  334   548
  335  2675
  336  1506
  337   316
  338  2424
  339  1256
  340    44
  341  2177
  342   993
  343  3104
  344  1914
  345   715
  346  2867
  347  1675
  348   487
  349  2598
  350  1411
  351   230
  352  2348
  353  1175
  354  3281
  355  2098
  356   903
  357  3033
  358  1829
  359   657
  360  2773
  361  1584
  362   407
  363  2529
  364  1354
  365   131
  366  2290
  367  1071
  368  3206
  369  2010
  370   826
  371  2965
  372  1760
  373   561
  374  2707
  375  1529
  376   324
  377  2456
  378  1252
  379    68
  380  2186
  381  1015
  382  3130
  383  1940
  384   741
  385  2898
  386  1707
  387   498
  388  2617
  389  1427
  390   235
  391  2369
  392  1187
  393  3302
  394  2106
  395   931
  396  3054
  397  1868
  398   673
  399  2822
  400  1601
  401   431
  402  2566
  403  1361
  404   169
  405  2303
  406  1121
  407  3249
  408  2037
  409   860
  410  2989
  411  1782
  412   596
  413  2725
  414  1528
  415   347
  416  2484
  417  1271
  418    87
  419  2226
  420  1040
  421  3147
  422  1954
  423   784
  424  2905
  425  1705
  426   510
  427  2668
  428  1464
  429   261
  430  2409
  431  1195
  432    29
  433  2136
  434   961
  435  3071
  436  1876
  437   711
  438  2836
  439  1639
  440   448
  441  2585
  442  1370
  443   193
  444  2333
  445  1115
  446  3252
  447  2064
  448   889
  449  3016
  450  1819
  451   609
  452  2769
  453  1550
  454   388
  455  2509
  456  1305
  457   128
  458  2260
  459  1063
  460  3184
  461  2005
  462   800
  463  2915
  464  1749
  465   539
  466  2660
  467  1480
  468   286
  469  2428
  470  1244
  471    24
  472  2175
  473   981
  474  3093
  475  1911
  476   717
  477  2858
  478  1676
  479   454
  480  2588
  481  1391
  482   209
  483  2331
  484  1136
  485  3299
  486  2102
  487   893
  488  3038
  489  1850
  490   645
  491  2782
  492  1583
  493   396
  494  2520
  495  1328
  496   125
  497  2257
  498  1081
  499  3222
  500  2033
  501   839
  502  2935
  503  1754
  504   567
  505  2709
  506  1510
  507   319
  508  2461
  509  1247
  510    49
  511  2198
  512  1002
  513  3123
  514  1935
  515   739
  516  2864
  517  1693
  518   490
  519  2623
  520  1441
  521   242
  522  2378
  523  1169
  524  3305
  525  2105
  526   923
  527  3068
  528  1861
  529   677
  530  2803
  531  1614
  532   418
  533  2537
  534  1352
  535   160
  536  2299
  537  1087
  538  3236
  539  2051
  540   837
  541  2982
  542  1796
  543   604
  544  2736
  545  1533
  546   355
  547  2479
  548  1280
  549    79
  550  2218
  551  1006
  552  3161
  553  1943
  554   755
  555  2902
  556  1701
  557   501
  558  2645
  559  1470
  560   262
  561  2390
  562  1190
  563    17
  564  2154
  565   951
  566  3076
  567  1890
  568   700
  569  2833
  570  1645
  571   441
  572  2559
  573  1362
  574   165
  575  2305
  576  1128
  577  3241
  578  2047
  579   878
  580  3002
  581  1795
  582   603
  583  2747
  584  1546
  585   356
  586  2493
  587  1302
  588    96
  589  2222
  590  1038
  591  3174
  592  1985
  593   778
  594  2928
  595  1719
  596   537
  597  2656
  598  1482
  599   291
  600  2406
  601  1214
  602     8
  603  2160
  604   963
  605  3087
  606  1894
  607   716
  608  2838
  609  1656
  610   443
  611  2574
  612  1403
  613   196
  614  2345
  615  1135
  616  3288
  617  2091
  618   883
  619  3035
  620  1834
  621   643
  622  2756
  623  1580
  624   368
  625  2525
  626  1317
  627   144
  628  2254
  629  1083
  630  3199
  631  1995
  632   799
  633  2941
  634  1764
  635   578
  636  2678
  637  1497
  638   298
  639  2444
  640  1257
  641    42
  642  2195
  643   973
  644  3113
  645  1942
  646   744
  647  2874
  648  1672
  649   469
  650  2603
  651  1422
  652   236
  653  2343
  654  1176
  655  3286
  656  2112
  657   924
  658  3040
  659  1852
  660   666
  661  2785
  662  1610
  663   424
  664  2549
  665  1340
  666   142
  667  2294
  668  1085
  669  3223
  670  2034
  671   820
  672  2971
  673  1772
  674   570
  675  2720
  676  1536
  677   339
  678  2453
  679  1263
  680    83
  681  2216
  682  1031
  683  3160
  684  1963
  685   759
  686  2883
  687  1695
  688   502
  689  2654
  690  1431
  691   260
  692  2377
  693  1193
  694  3313
  695  2145
  696   952
  697  3063
  698  1865
  699   692
  700  2798
  701  1620
  702   427
  703  2547
  704  1358
  705   164
  706  2288
  707  1124
  708  3253
  709  2038
  710   861
  711  2990
  712  1797
  713   593
  714  2737
  715  1534
  716   364
  717  2487
  718  1307
  719   110
  720  2241
  721  1039
  722  3182
  723  1990
  724   786
  725  2910
  726  1713
  727   521
  728  2664
  729  1459
  730   287
  731  2395
  732  1229
  733    36
  734  2141
  735   949
  736  3102
  737  1888
  738   704
  739  2824
  740  1652
  741   457
  742  2567
  743  1378
  744   203
  745  2322
  746  1142
  747  3277
  748  2086
  749   871
  750  3007
  751  1824
  752   627
  753  2774
  754  1570
  755   374
  756  2510
  757  1311
  758   116
  759  2242
  760  1064
  761  3196
  762  2014
  763   798
  764  2940
  765  1738
  766   534
  767  2697
  768  1492
  769   293
  770  2438
  771  1232
  772    40
  773  2179
  774   992
  775  3126
  776  1933
  777   738
  778  2872
  779  1655
  780   462
  781  2595
  782  1412
  783   228
  784  2361
  785  1163
  786  3303
  787  2104
  788   921
  789  3048
  790  1860
  791   658
  792  2771
  793  1602
  794   398
  795  2514
  796  1327
  797   147
  798  2271
  799  1100
  800  3207
  801  2008
  802   848
  803  2957
  804  1781
  805   569
  806  2692
  807  1498
  808   321
  809  2458
  810  1250
  811    54
  812  2208
  813   999
  814  3135
  815  1952
  816   749
  817  2889
  818  1677
  819   495
  820  2634
  821  1419
  822   258
  823  2379
  824  1166
  825  3309
  826  2135
  827   934
  828  3051
  829  1853
  830   665
  831  2812
  832  1608
  833   409
  834  2545
  835  1357
  836   174
  837  2300
  838  1104
  839  3238
  840  2056
  841   868
  842  2968
  843  1791
  844   592
  845  2727
  846  1527
  847   328
  848  2472
  849  1292
  850    93
  851  2212
  852  1019
  853  3176
  854  1958
  855   780
  856  2891
  857  1696
  858   529
  859  2644
  860  1471
  861   272
  862  2404
  863  1197
  864    26
  865  2159
  866   953
  867  3095
  868  1882
  869   690
  870  2814
  871  1635
  872   450
  873  2583
  874  1385
  875   186
  876  2321
  877  1125
  878  3261
  879  2069
  880   886
  881  3018
  882  1817
  883   621
  884  2757
  885  1569
  886   362
  887  2490
  888  1313
  889   121
  890  2224
  891  1060
  892  3169
  893  1993
  894   789
  895  2924
  896  1729
  897   545
  898  2689
  899  1481
  900   284
  901  2415
  902  1234
  903    45
  904  2180
  905   960
  906  3100
  907  1906
  908   720
  909  2857
  910  1658
  911   478
  912  2606
  913  1400
  914   225
  915  2340
  916  1164
  917  3263
  918  2099
  919   908
  920  3029
  921  1837
  922   650
  923  2793
  924  1593
  925   393
  926  2524
  927  1326
  928   150
  929  2283
  930  1070
  931  3194
  932  2013
  933   811
  934  2962
  935  1755
  936   565
  937  2695
  938  1502
  939   308
  940  2431
  941  1261
  942    58
  943  2193
  944  1004
  945  3120
  946  1923
  947   732
  948  2884
  949  1698
  950   504
  951  2631
  952  1438
  953   245
  954  2375
  955  1185
  956  3294
  957  2128
  958   929
  959  3049
  960  1866
  961   672
  962  2806
  963  1611
  964   404
  965  2558
  966  1338
  967   163
  968  2282
  969  1098
  970  3232
  971  2021
  972   836
  973  2967
  974  1790
  975   591
  976  2705
  977  1540
  978   322
  979  2473
  980  1282
  981    78
  982  2204
  983  1032
  984  3149
  985  1949
  986   765
  987  2912
  988  1697
  989   505
  990  2643
  991  1455
  992   255
  993  2370
  994  1198
  995  3323
  996  2129
  997   946
  998  3078
  999  1889
 1000   680
 1001  2823
 1002  1632
 1003   446
 1004  2569
 1005  1373
 1006   194
 1007  2306
 1008  1127
 1009  3258
 1010  2068
 1011   865
 1012  3006
 1013  1811
 1014   613
 1015  2742
 1016  1549
 1017   350
 1018  2478
 1019  1291
 1020   111
 1021  2225
 1022  1050
 1023  3181
 1024  1980
 1025   783
 1026  2925
 1027  1743
 1028   527
 1029  2677
 1030  1487
 1031   266
 1032  2413
 1033  1211
 1034    10
 1035  2157
 1036   980
 1037  3115
 1038  1915
 1039   723
 1040  2855
 1041  1634
 1042   474
 1043  2577
 1044  1402
 1045   213
 1046  2338
 1047  1158
 1048  3257
 1049  2075
 1050   888
 1051  3032
 1052  1835
 1053   641
 1054  2777
 1055  1572
 1056   392
 1057  2498
 1058  1330
 1059   117
 1060  2250
 1061  1048
 1062  3198
 1063  2016
 1064   821
 1065  2931
 1066  1736
 1067   555
 1068  2687
 1069  1493
 1070   299
 1071  2443
 1072  1238
 1073    62
 1074  2184
 1075   977
 1076  3129
 1077  1921
 1078   740
 1079  2878
 1080  1670
 1081   484
 1082  2625
 1083  1407
 1084   243
 1085  2357
 1086  1155
 1087  3312
 1088  2113
 1089   920
 1090  3062
 1091  1842
 1092   653
 1093  2792
 1094  1591
 1095   399
 1096  2543
 1097  1343
 1098   141
 1099  2278
 1100  1075
 1101  3209
 1102  2040
 1103   840
 1104  2979
 1105  1769
 1106   572
 1107  2717
 1108  1518
 1109   331
 1110  2442
 1111  1268
 1112    60
 1113  2194
 1114  1023
 1115  3132
 1116  1960
 1117   746
 1118  2873
 1119  1684
 1120   508
 1121  2629
 1122  1444
 1123   256
 1124  2381
 1125  1191
 1126     3
 1127  2134
 1128   941
 1129  3066
 1130  1875
 1131   668
 1132  2827
 1133  1622
 1134   425
 1135  2562
 1136  1379
 1137   187
 1138  2295
 1139  1103
 1140  3230
 1141  2065
 1142   864
 1143  2987
 1144  1784
 1145   617
 1146  2722
 1147  1539
 1148   342
 1149  2492
 1150  1304
 1151    84
 1152  2238
 1153  1026
 1154  3175
 1155  1979
 1156   794
 1157  2926
 1158  1721
 1159   516
 1160  2670
 1161  1456
 1162   268
 1163  2418
 1164  1216
 1165     2
 1166  2153
 1167   957
 1168  3098
 1169  1892
 1170   699
 1171  2840
 1172  1641
 1173   442
 1174  2571
 1175  1389
 1176   207
 1177  2316
 1178  1145
 1179  3274
 1180  2071
 1181   890
 1182  3028
 1183  1826
 1184   646
 1185  2746
 1186  1566
 1187   376
 1188  2507
 1189  1297
 1190   107
 1191  2262
 1192  1069
 1193  3177
 1194  1988
 1195   793
 1196  2945
 1197  1735
 1198   549
 1199  2688
 1200  1479
 1201   297
 1202  2420
 1203  1242
 1204    35
 1205  2181
 1206   991
 1207  3105
 1208  1928
 1209   726
 1210  2843
 1211  1668
 1212   475
 1213  2591
 1214  1416
 1215   224
 1216  2349
 1217  1157
 1218  3289
 1219  2076
 1220   898
 1221  3021
 1222  1856
 1223   661
 1224  2770
 1225  1585
 1226   390
 1227  2538
 1228  1332
 1229   159
 1230  2276
 1231  1095
 1232  3210
 1233  2007
 1234   827
 1235  2948
 1236  1768
 1237   574
 1238  2702
 1239  1509
 1240   315
 1241  2460
 1242  1249
 1243    69
 1244  2200
 1245   987
 1246  3141
 1247  1931
 1248   757
 1249  2886
 1250  1680
 1251   494
 1252  2620
 1253  1445
 1254   246
 1255  2387
 1256  1178
 1257  3320
 1258  2130
 1259   936
 1260  3050
 1261  1869
 1262   688
 1263  2797
 1264  1616
 1265   417
 1266  2556
 1267  1351
 1268   176
 1269  2298
 1270  1086
 1271  3229
 1272  2046
 1273   843
 1274  2978
 1275  1799
 1276   589
 1277  2730
 1278  1524
 1279   348
 1280  2464
 1281  1278
 1282    97
 1283  2221
 1284  1030
 1285  3170
 1286  1962
 1287   777
 1288  2906
 1289  1718
 1290   519
 1291  2652
 1292  1453
 1293   282
 1294  2398
 1295  1200
 1296    23
 1297  2138
 1298   945
 1299  3081
 1300  1891
 1301   706
 1302  2821
 1303  1630
 1304   453
 1305  2580
 1306  1371
 1307   177
 1308  2309
 1309  1130
 1310  3245
 1311  2078
 1312   881
 1313  2991
 1314  1815
 1315   610
 1316  2748
 1317  1560
 1318   365
 1319  2502
 1320  1289
 1321   118
 1322  2228
 1323  1058
 1324  3185
 1325  1986
 1326   807
 1327  2930
 1328  1746
 1329   554
 1330  2685
 1331  1484
 1332   283
 1333  2429
 1334  1226
 1335    34
 1336  2155
 1337   972
 1338  3116
 1339  1901
 1340   722
 1341  2853
 1342  1642
 1343   470
 1344  2596
 1345  1404
 1346   206
 1347  2346
 1348  1160
 1349  3265
 1350  2097
 1351   894
 1352  3022
 1353  1825
 1354   654
 1355  2772
 1356  1574
 1357   385
 1358  2526
 1359  1325
 1360   126
 1361  2274
 1362  1056
 1363  3200
 1364  2024
 1365   817
 1366  2958
 1367  1759
 1368   562
 1369  2681
 1370  1491
 1371   326
 1372  2440
 1373  1236
 1374    65
 1375  2188
 1376  1007
 1377  3118
 1378  1936
 1379   752
 1380  2870
 1381  1671
 1382   479
 1383  2607
 1384  1430
 1385   248
 1386  2373
 1387  1170
 1388  3319
 1389  2115
 1390   933
 1391  3064
 1392  1844
 1393   669
 1394  2810
 1395  1609
 1396   419
 1397  2551
 1398  1360
 1399   168
 1400  2292
 1401  1107
 1402  3226
 1403  2023
 1404   835
 1405  2983
 1406  1783
 1407   581
 1408  2712
 1409  1526
 1410   333
 1411  2468
 1412  1283
 1413    77
 1414  2219
 1415  1021
 1416  3140
 1417  1959
 1418   776
 1419  2888
 1420  1692
 1421   507
 1422  2641
 1423  1433
 1424   244
 1425  2397
 1426  1203
 1427     7
 1428  2137
 1429   942
 1430  3079
 1431  1886
 1432   701
 1433  2815
 1434  1618
 1435   422
 1436  2554
 1437  1380
 1438   189
 1439  2308
 1440  1122
 1441  3242
 1442  2063
 1443   853
 1444  2976
 1445  1792
 1446   618
 1447  2735
 1448  1552
 1449   346
 1450  2494
 1451  1281
 1452   101
 1453  2232
 1454  1033
 1455  3157
 1456  1976
 1457   785
 1458  2923
 1459  1720
 1460   520
 1461  2661
 1462  1467
 1463   281
 1464  2421
 1465  1205
 1466    13
 1467  2152
 1468   964
 1469  3101
 1470  1904
 1471   730
 1472  2834
 1473  1646
 1474   464
 1475  2581
 1476  1401
 1477   198
 1478  2330
 1479  1146
 1480  3262
 1481  2084
 1482   897
 1483  3026
 1484  1838
 1485   639
 1486  2758
 1487  1564
 1488   375
 1489  2503
 1490  1308
 1491   123
 1492  2246
 1493  1051
 1494  3197
 1495  1996
 1496   814
 1497  2952
 1498  1745
 1499   571
 1500  2693
 1501  1489
 1502   302
 1503  2441
 1504  1258
 1505    57
 1506  2170
 1507   984
 1508  3103
 1509  1930
 1510   735
 1511  2879
 1512  1669
 1513   471
 1514  2619
 1515  1429
 1516   210
 1517  2366
 1518  1162
 1519  3307
 1520  2117
 1521   918
 1522  3042
 1523  1833
 1524   642
 1525  2794
 1526  1603
 1527   410
 1528  2539
 1529  1344
 1530   138
 1531  2261
 1532  1099
 1533  3231
 1534  2012
 1535   851
 1536  2955
 1537  1763
 1538   573
 1539  2715
 1540  1537
 1541   320
 1542  2465
 1543  1270
 1544    76
 1545  2205
 1546  1020
 1547  3136
 1548  1957
 1549   760
 1550  2899
 1551  1703
 1552   515
 1553  2649
 1554  1460
 1555   249
 1556  2385
 1557  1189
 1558  3315
 1559  2127
 1560   928
 1561  3069
 1562  1859
 1563   675
 1564  2819
 1565  1624
 1566   423
 1567  2548
 1568  1375
 1569   175
 1570  2302
 1571  1113
 1572  3239
 1573  2061
 1574   867
 1575  2985
 1576  1798
 1577   608
 1578  2744
 1579  1542
 1580   361
 1581  2471
 1582  1296
 1583    86
 1584  2236
 1585  1041
 1586  3166
 1587  1969
 1588   763
 1589  2903
 1590  1732
 1591   540
 1592  2673
 1593  1452
 1594   288
 1595  2410
 1596  1202
 1597     6
 1598  2132
 1599   968
 1600  3092
 1601  1896
 1602   696
 1603  2825
 1604  1633
 1605   463
 1606  2579
 1607  1369
 1608   188
 1609  2311
 1610  1147
 1611  3272
 1612  2057
 1613   884
 1614  3012
 1615  1802
 1616   619
 1617  2755
 1618  1562
 1619   379
 1620  2506
 1621  1312
 1622   135
 1623  2249
 1624  1037
 1625  3188
 1626  1998
 1627   788
 1628  2947
 1629  1733
 1630   536
 1631  2680
 1632  1501
 1633   301
 1634  2427
 1635  1217
 1636    32
 1637  2185
 1638   989
 1639  3128
 1640  1919
 1641   710
 1642  2850
 1643  1648
 1644   480
 1645  2616
 1646  1417
 1647   223
 1648  2335
 1649  1148
 1650  3275
 1651  2081
 1652   911
 1653  3030
 1654  1846
 1655   664
 1656  2767
 1657  1571
 1658   378
 1659  2523
 1660  1336
 1661   140
 1662  2286
 1663  1091
 1664  3213
 1665  2006
 1666   808
 1667  2972
 1668  1753
 1669   580
 1670  2714
 1671  1522
 1672   312
 1673  2466
 1674  1248
 1675    55
 1676  2192
 1677  1010
 1678  3145
 1679  1945
 1680   736
 1681  2881
 1682  1681
 1683   493
 1684  2636
 1685  1434
 1686   232
 1687  2356
 1688  1194
 1689  3295
 1690  2126
 1691   939
 1692  3046
 1693  1854
 1694   678
 1695  2791
 1696  1621
 1697   435
 1698  2534
 1699  1346
 1700   178
 1701  2297
 1702  1105
 1703  3221
 1704  2032
 1705   849
 1706  2997
 1707  1776
 1708   585
 1709  2733
 1710  1521
 1711   329
 1712  2452
 1713  1269
 1714   100
 1715  2201
 1716  1035
 1717  3165
 1718  1964
 1719   775
 1720  2893
 1721  1712
 1722   506
 1723  2655
 1724  1468
 1725   257
 1726  2394
 1727  1201
 1728    20
 1729  2122
 1730   937
 1731  3070
 1732  1899
 1733   685
 1734  2832
 1735  1625
 1736   455
 1737  2578
 1738  1386
 1739   202
 1740  2329
 1741  1132
 1742  3255
 1743  2059
 1744   875
 1745  2995
 1746  1813
 1747   623
 1748  2739
 1749  1545
 1750   369
 1751  2485
 1752  1301
 1753   115
 1754  2230
 1755  1055
 1756  3171
 1757  1978
 1758   796
 1759  2934
 1760  1723
 1761   532
 1762  2679
 1763  1485
 1764   280
 1765  2416
 1766  1215
 1767    15
 1768  2164
 1769   955
 1770  3089
 1771  1895
 1772   725
 1773  2851
 1774  1659
 1775   459
 1776  2582
 1777  1408
 1778   217
 1779  2327
 1780  1156
 1781  3270
 1782  2096
 1783   880
 1784  3011
 1785  1845
 1786   624
 1787  2789
 1788  1581
 1789   377
 1790  2530
 1791  1324
 1792   151
 1793  2267
 1794  1076
 1795  3205
 1796  2004
 1797   834
 1798  2954
 1799  1761
 1800   559
 1801  2696
 1802  1515
 1803   314
 1804  2446
 1805  1253
 1806    43
 1807  2183
 1808  1009
 1809  3117
 1810  1924
 1811   743
 1812  2861
 1813  1678
 1814   497
 1815  2618
 1816  1426
 1817   211
 1818  2368
 1819  1153
 1820  3308
 1821  2101
 1822   900
 1823  3036
 1824  1857
 1825   662
 1826  2783
 1827  1607
 1828   405
 1829  2540
 1830  1348
 1831   145
 1832  2275
 1833  1082
 1834  3220
 1835  2025
 1836   832
 1837  2969
 1838  1771
 1839   600
 1840  2719
 1841  1538
 1842   344
 1843  2462
 1844  1254
 1845    74
 1846  2206
 1847  1012
 1848  3154
 1849  1967
 1850   758
 1851  2901
 1852  1689
 1853   509
 1854  2637
 1855  1457
 1856   270
 1857  2384
 1858  1210
 1859  3318
 1860  2116
 1861   938
 1862  3083
 1863  1884
 1864   682
 1865  2805
 1866  1636
 1867   433
 1868  2563
 1869  1359
 1870   185
 1871  2310
 1872  1119
 1873  3259
 1874  2052
 1875   874
 1876  2986
 1877  1803
 1878   597
 1879  2729
 1880  1553
 1881   345
 1882  2481
 1883  1306
 1884    92
 1885  2243
 1886  1044
 1887  3167
 1888  1972
 1889   787
 1890  2922
 1891  1744
 1892   543
 1893  2653
 1894  1469
 1895   294
 1896  2399
 1897  1233
 1898    16
 1899  2150
 1900   947
 1901  3094
 1902  1887
 1903   702
 1904  2844
 1905  1653
 1906   460
 1907  2584
 1908  1399
 1909   214
 1910  2320
 1911  1133
 1912  3268
 1913  2067
 1914   877
 1915  3020
 1916  1804
 1917   636
 1918  2778
 1919  1555
 1920   366
 1921  2508
 1922  1323
 1923   139
 1924  2239
 1925  1054
 1926  3195
 1927  2017
 1928   804
 1929  2937
 1930  1747
 1931   546
 1932  2674
 1933  1483
 1934   304
 1935  2439
 1936  1239
 1937    48
 1938  2191
 1939   990
 1940  3122
 1941  1908
 1942   731
 1943  2846
 1944  1667
 1945   485
 1946  2609
 1947  1415
 1948   219
 1949  2347
 1950  1174
 1951  3304
 1952  2080
 1953   916
 1954  3023
 1955  1858
 1956   659
 1957  2796
 1958  1582
 1959   387
 1960  2536
 1961  1347
 1962   137
 1963  2279
 1964  1092
 1965  3218
 1966  2018
 1967   831
 1968  2963
 1969  1757
 1970   576
 1971  2713
 1972  1519
 1973   313
 1974  2449
 1975  1274
 1976    90
 1977  2213
 1978  1013
 1979  3138
 1980  1955
 1981   747
 1982  2887
 1983  1691
 1984   481
 1985  2624
 1986  1428
 1987   247
 1988  2386
 1989  1188
 1990     5
 1991  2118
 1992   912
 1993  3073
 1994  1872
 1995   687
 1996  2816
 1997  1627
 1998   420
 1999  2565
 2000  1363
 2001   162
 2002  2307
 2003  1096
 2004  3250
 2005  2054
 2006   870
 2007  2981
 2008  1785
 2009   598
 2010  2732
 2011  1548
 2012   334
 2013  2482
 2014  1290
 2015    89
 2016  2233
 2017  1027
 2018  3155
 2019  1948
 2020   766
 2021  2918
 2022  1708
 2023   535
 2024  2642
 2025  1449
 2026   269
 2027  2402
 2028  1225
 2029    12
 2030  2147
 2031   944
 2032  3086
 2033  1897
 2034   694
 2035  2841
 2036  1626
 2037   451
 2038  2589
 2039  1382
 2040   195
 2041  2339
 2042  1118
 2043  3269
 2044  2073
 2045   876
 2046  3004
 2047  1805
 2048   635
 2049  2768
 2050  1557
 2051   383
 2052  2505
 2053  1299
 2054   120
 2055  2235
 2056  1043
 2057  3168
 2058  2009
 2059   815
 2060  2913
 2061  1731
 2062   550
 2063  2672
 2064  1486
 2065   307
 2066  2412
 2067  1227
 2068    21
 2069  2151
 2070   988
 2071  3106
 2072  1912
 2073   734
 2074  2859
 2075  1663
 2076   458
 2077  2610
 2078  1421
 2079   222
 2080  2350
 2081  1137
 2082  3296
 2083  2089
 2084   892
 2085  3039
 2086  1843
 2087   631
 2088  2765
 2089  1586
 2090   401
 2091  2511
 2092  1341
 2093   154
 2094  2266
 2095  1084
 2096  3215
 2097  2002
 2098   828
 2099  2961
 2100  1774
 2101   587
 2102  2699
 2103  1494
 2104   306
 2105  2430
 2106  1245
 2107    71
 2108  2182
 2109   994
 2110  3119
 2111  1929
 2112   742
 2113  2875
 2114  1683
 2115   491
 2116  2621
 2117  1425
 2118   254
 2119  2358
 2120  1173
 2121  3306
 2122  2119
 2123   901
 2124  3045
 2125  1870
 2126   670
 2127  2804
 2128  1592
 2129   412
 2130  2541
 2131  1339
 2132   149
 2133  2296
 2134  1089
 2135  3248
 2136  2050
 2137   852
 2138  2973
 2139  1788
 2140   577
 2141  2734
 2142  1517
 2143   349
 2144  2480
 2145  1287
 2146    75
 2147  2215
 2148  1014
 2149  3158
 2150  1968
 2151   772
 2152  2907
 2153  1700
 2154   523
 2155  2658
 2156  1443
 2157   265
 2158  2388
 2159  1204
 2160    18
 2161  2140
 2162   958
 2163  3091
 2164  1867
 2165   697
 2166  2808
 2167  1619
 2168   426
 2169  2575
 2170  1372
 2171   190
 2172  2317
 2173  1134
 2174  3237
 2175  2066
 2176   872
 2177  2996
 2178  1810
 2179   611
 2180  2728
 2181  1565
 2182   373
 2183  2495
 2184  1310
 2185   109
 2186  2234
 2187  1052
 2188  3186
 2189  1971
 2190   782
 2191  2904
 2192  1737
 2193   541
 2194  2676
 2195  1488
 2196   278
 2197  2401
 2198  1207
 2199    41
 2200  2167
 2201   967
 2202  3097
 2203  1920
 2204   727
 2205  2849
 2206  1643
 2207   452
 2208  2602
 2209  1381
 2210   197
 2211  2337
 2212  1149
 2213  3273
 2214  2094
 2215   895
 2216  3034
 2217  1832
 2218   629
 2219  2764
 2220  1590
 2221   372
 2222  2531
 2223  1321
 2224   129
 2225  2253
 2226  1068
 2227  3211
 2228  2019
 2229   805
 2230  2949
 2231  1765
 2232   558
 2233  2682
 2234  1508
 2235   303
 2236  2450
 2237  1230
 2238    52
 2239  2176
 2240   975
 2241  3114
 2242  1937
 2243   737
 2244  2880
 2245  1682
 2246   476
 2247  2626
 2248  1420
 2249   215
 2250  2367
 2251  1171
 2252  3301
 2253  2087
 2254   909
 2255  3055
 2256  1863
 2257   656
 2258  2784
 2259  1606
 2260   421
 2261  2533
 2262  1333
 2263   153
 2264  2285
 2265  1093
 2266  3214
 2267  2028
 2268   830
 2269  2984
 2270  1766
 2271   588
 2272  2724
 2273  1512
 2274   318
 2275  2455
 2276  1259
 2277    70
 2278  2220
 2279  1003
 2280  3146
 2281  1934
 2282   767
 2283  2876
 2284  1714
 2285   511
 2286  2633
 2287  1435
 2288   259
 2289  2363
 2290  1177
 2291     0
 2292  2125
 2293   930
 2294  3056
 2295  1881
 2296   703
 2297  2831
 2298  1628
 2299   436
 2300  2544
 2301  1367
 2302   179
 2303  2312
 2304  1117
 2305  3243
 2306  2044
 2307   858
 2308  2994
 2309  1787
 2310   607
 2311  2723
 2312  1556
 2313   343
 2314  2496
 2315  1298
 2316   106
 2317  2214
 2318  1024
 2319  3178
 2320  1966
 2321   790
 2322  2920
 2323  1722
 2324   533
 2325  2671
 2326  1472
 2327   274
 2328  2411
 2329  1228
 2330    19
 2331  2149
 2332   965
 2333  3084
 2334  1910
 2335   707
 2336  2828
 2337  1631
 2338   456
 2339  2586
 2340  1397
 2341   199
 2342  2341
 2343  1123
 2344  3278
 2345  2077
 2346   885
 2347  3014
 2348  1807
 2349   632
 2350  2759
 2351  1579
 2352   386
 2353  2513
 2354  1303
 2355   112
 2356  2270
 2357  1059
 2358  3192
 2359  1997
 2360   797
 2361  2927
 2362  1751
 2363   564
 2364  2683
 2365  1477
 2366   305
 2367  2437
 2368  1223
 2369    39
 2370  2178
 2371   996
 2372  3133
 2373  1918
 2374   724
 2375  2848
 2376  1666
 2377   472
 2378  2600
 2379  1406
 2380   226
 2381  2359
 2382  1150
 2383  3297
 2384  2083
 2385   914
 2386  3043
 2387  1847
 2388   649
 2389  2775
 2390  1595
 2391   395
 2392  2528
 2393  1349
 2394   136
 2395  2264
 2396  1079
 2397  3204
 2398  2022
 2399   845
 2400  2974
 2401  1750
 2402   579
 2403  2711
 2404  1499
 2405   335
 2406  2436
 2407  1251
 2408    63
 2409  2190
 2410  1008
 2411  3139
 2412  1953
 2413   761
 2414  2882
 2415  1679
 2416   492
 2417  2639
 2418  1439
 2419   237
 2420  2389
 2421  1184
 2422  3316
 2423  2107
 2424   935
 2425  3052
 2426  1851
 2427   663
 2428  2811
 2429  1629
 2430   416
 2431  2550
 2432  1355
 2433   181
 2434  2314
 2435  1108
 2436  3224
 2437  2048
 2438   842
 2439  2980
 2440  1800
 2441   590
 2442  2716
 2443  1525
 2444   352
 2445  2488
 2446  1285
 2447    91
 2448  2231
 2449  1042
 2450  3148
 2451  1975
 2452   771
 2453  2900
 2454  1716
 2455   530
 2456  2646
 2457  1447
 2458   252
 2459  2393
 2460  1212
 2461    22
 2462  2163
 2463   954
 2464  3080
 2465  1900
 2466   693
 2467  2826
 2468  1650
 2469   439
 2470  2560
 2471  1396
 2472   173
 2473  2332
 2474  1120
 2475  3266
 2476  2058
 2477   866
 2478  2993
 2479  1814
 2480   614
 2481  2741
 2482  1551
 2483   384
 2484  2504
 2485  1314
 2486   113
 2487  2256
 2488  1046
 2489  3179
 2490  1984
 2491   810
 2492  2917
 2493  1728
 2494   538
 2495  2659
 2496  1474
 2497   279
 2498  2422
 2499  1235
 2500    51
 2501  2156
 2502   986
 2503  3090
 2504  1903
 2505   721
 2506  2863
 2507  1674
 2508   467
 2509  2605
 2510  1390
 2511   220
 2512  2336
 2513  1161
 2514  3285
 2515  2093
 2516   902
 2517  3015
 2518  1836
 2519   633
 2520  2763
 2521  1573
 2522   394
 2523  2532
 2524  1316
 2525   127
 2526  2273
 2527  1078
 2528  3217
 2529  2001
 2530   809
 2531  2953
 2532  1762
 2533   557
 2534  2706
 2535  1504
 2536   300
 2537  2433
 2538  1243
 2539    56
 2540  2173
 2541   983
 2542  3125
 2543  1939
 2544   753
 2545  2868
 2546  1685
 2547   488
 2548  2638
 2549  1414
 2550   238
 2551  2364
 2552  1186
 2553  3314
 2554  2114
 2555   904
 2556  3041
 2557  1855
 2558   660
 2559  2795
 2560  1598
 2561   428
 2562  2553
 2563  1334
 2564   152
 2565  2293
 2566  1106
 2567  3235
 2568  2041
 2569   854
 2570  2988
 2571  1793
 2572   605
 2573  2738
 2574  1514
 2575   330
 2576  2470
 2577  1273
 2578    81
 2579  2196
 2580  1022
 2581  3152
 2582  1970
 2583   770
 2584  2894
 2585  1694
 2586   513
 2587  2628
 2588  1463
 2589   241
 2590  2382
 2591  1206
 2592    14
 2593  2123
 2594   950
 2595  3077
 2596  1873
 2597   674
 2598  2817
 2599  1612
 2600   430
 2601  2572
 2602  1387
 2603   182
 2604  2304
 2605  1111
 2606  3251
 2607  2045
 2608   863
 2609  2999
 2610  1808
 2611   625
 2612  2753
 2613  1554
 2614   354
 2615  2476
 2616  1284
 2617   104
 2618  2237
 2619  1049
 2620  3172
 2621  1991
 2622   802
 2623  2911
 2624  1715
 2625   547
 2626  2669
 2627  1462
 2628   277
 2629  2417
 2630  1231
 2631    28
 2632  2171
 2633   978
 2634  3107
 2635  1917
 2636   729
 2637  2847
 2638  1661
 2639   440
 2640  2592
 2641  1388
 2642   208
 2643  2344
 2644  1144
 2645  3276
 2646  2092
 2647   882
 2648  3027
 2649  1823
 2650   640
 2651  2780
 2652  1567
 2653   367
 2654  2499
 2655  1319
 2656   114
 2657  2247
 2658  1047
 2659  3183
 2660  1994
 2661   816
 2662  2942
 2663  1767
 2664   556
 2665  2698
 2666  1496
 2667   292
 2668  2423
 2669  1246
 2670    61
 2671  2172
 2672   976
 2673  3111
 2674  1925
 2675   728
 2676  2866
 2677  1690
 2678   489
 2679  2604
 2680  1413
 2681   216
 2682  2365
 2683  1154
 2684  3293
 2685  2110
 2686   917
 2687  3031
 2688  1840
 2689   651
 2690  2788
 2691  1604
 2692   406
 2693  2522
 2694  1356
 2695   157
 2696  2268
 2697  1102
 2698  3208
 2699  2030
 2700   825
 2701  2970
 2702  1789
 2703   575
 2704  2700
 2705  1532
 2706   327
 2707  2451
 2708  1262
 2709    67
 2710  2207
 2711  1029
 2712  3137
 2713  1941
 2714   754
 2715  2885
 2716  1711
 2717   514
 2718  2632
 2719  1458
 2720   250
 2721  2392
 2722  1182
 2723  3310
 2724  2133
 2725   927
 2726  3059
 2727  1879
 2728   684
 2729  2820
 2730  1613
 2731   438
 2732  2557
 2733  1376
 2734   171
 2735  2315
 2736  1114
 2737  3227
 2738  2036
 2739   850
 2740  3000
 2741  1794
 2742   616
 2743  2718
 2744  1558
 2745   341
 2746  2483
 2747  1288
 2748    98
 2749  2217
 2750  1036
 2751  3153
 2752  1956
 2753   792
 2754  2916
 2755  1706
 2756   525
 2757  2657
 2758  1476
 2759   289
 2760  2419
 2761  1222
 2762    25
 2763  2148
 2764   948
 2765  3074
 2766  1898
 2767   712
 2768  2837
 2769  1637
 2770   449
 2771  2590
 2772  1395
 2773   184
 2774  2334
 2775  1139
 2776  3284
 2777  2062
 2778   891
 2779  3010
 2780  1809
 2781   630
 2782  2779
 2783  1568
 2784   370
 2785  2519
 2786  1315
 2787   119
 2788  2263
 2789  1061
 2790  3191
 2791  1982
 2792   818
 2793  2946
 2794  1758
 2795   542
 2796  2690
 2797  1473
 2798   309
 2799  2434
 2800  1241
 2801    30
 2802  2166
 2803   970
 2804  3112
 2805  1927
 2806   718
 2807  2852
 2808  1665
 2809   486
 2810  2594
 2811  1424
 2812   233
 2813  2342
 2814  1159
 2815  3292
 2816  2085
 2817   913
 2818  3024
 2819  1839
 2820   634
 2821  2781
 2822  1578
 2823   403
 2824  2521
 2825  1350
 2826   132
 2827  2280
 2828  1072
 2829  3225
 2830  2029
 2831   819
 2832  2951
 2833  1780
 2834   582
 2835  2710
 2836  1520
 2837   325
 2838  2457
 2839  1255
 2840    82
 2841  2199
 2842  1001
 2843  3142
 2844  1950
 2845   748
 2846  2869
 2847  1699
 2848   499
 2849  2615
 2850  1450
 2851   234
 2852  2391
 2853  1180
 2854  3300
 2855  2131
 2856   922
 2857  3058
 2858  1864
 2859   671
 2860  2802
 2861  1594
 2862   415
 2863  2535
 2864  1345
 2865   167
 2866  2284
 2867  1088
 2868  3233
 2869  2043
 2870   844
 2871  2977
 2872  1786
 2873   583
 2874  2740
 2875  1531
 2876   323
 2877  2467
 2878  1279
 2879    94
 2880  2229
 2881  1028
 2882  3173
 2883  1961
 2884   781
 2885  2909
 2886  1725
 2887   526
 2888  2648
 2889  1446
 2890   271
 2891  2383
 2892  1199
 2893  3321
 2894  2139
 2895   962
 2896  3075
 2897  1902
 2898   691
 2899  2842
 2900  1638
 2901   429
 2902  2564
 2903  1377
 2904   183
 2905  2328
 2906  1126
 2907  3264
 2908  2074
 2909   856
 2910  3009
 2911  1820
 2912   626
 2913  2751
 2914  1544
 2915   359
 2916  2501
 2917  1300
 2918   105
 2919  2245
 2920  1057
 2921  3193
 2922  1992
 2923   803
 2924  2921
 2925  1726
 2926   551
 2927  2686
 2928  1495
 2929   285
 2930  2407
 2931  1213
 2932    47
 2933  2161
 2934   985
 2935  3108
 2936  1926
 2937   708
 2938  2835
 2939  1654
 2940   477
 2941  2601
 2942  1392
 2943   218
 2944  2351
 2945  1152
 2946  3267
 2947  2100
 2948   887
 2949  3025
 2950  1831
 2951   638
 2952  2761
 2953  1587
 2954   389
 2955  2516
 2956  1322
 2957   146
 2958  2248
 2959  1074
 2960  3219
 2961  2000
 2962   829
 2963  2944
 2964  1748
 2965   563
 2966  2691
 2967  1513
 2968   295
 2969  2435
 2970  1240
 2971    72
 2972  2197
 2973  1005
 2974  3131
 2975  1922
 2976   733
 2977  2865
 2978  1687
 2979   483
 2980  2622
 2981  1440
 2982   227
 2983  2371
 2984  1165
 2985  3291
 2986  2108
 2987   906
 2988  3037
 2989  1871
 2990   652
 2991  2786
 2992  1605
 2993   408
 2994  2527
 2995  1364
 2996   155
 2997  2291
 2998  1090
 2999  3228
 3000  2026
 3001   833
 3002  2964
 3003  1770
 3004   599
 3005  2704
 3006  1511
 3007   351
 3008  2459
 3009  1266
 3010    88
 3011  2210
 3012  1034
 3013  3150
 3014  1973
 3015   769
 3016  2908
 3017  1717
 3018   500
 3019  2635
 3020  1437
 3021   251
 3022  2372
 3023  1208
 3024    11
 3025  2142
 3026   943
 3027  3067
 3028  1877
 3029   689
 3030  2829
 3031  1640
 3032   434
 3033  2570
 3034  1374
 3035   172
 3036  2324
 3037  1116
 3038  3260
 3039  2053
 3040   857
 3041  3001
 3042  1806
 3043   612
 3044  2745
 3045  1541
 3046   360
 3047  2489
 3048  1294
 3049    99
 3050  2240
 3051  1045
 3052  3187
 3053  1983
 3054   791
 3055  2919
 3056  1727
 3057   528
 3058  2662
 3059  1466
 3060   276
 3061  2403
 3062  1221
 3063     9
 3064  2143
 3065   959
 3066  3082
 3067  1913
 3068   695
 3069  2845
 3070  1644
 3071   465
 3072  2573
 3073  1394
 3074   191
 3075  2323
 3076  1138
 3077  3279
 3078  2090
 3079   896
 3080  3017
 3081  1841
 3082   647
 3083  2754
 3084  1576
 3085   397
 3086  2500
 3087  1318
 3088   130
 3089  2272
 3090  1073
 3091  3189
 3092  2011
 3093   823
 3094  2936
 3095  1734
 3096   552
 3097  2684
 3098  1490
 3099   311
 3100  2426
 3101  1260
 3102    38
 3103  2168
 3104   982
 3105  3109
 3106  1938
 3107   751
 3108  2854
 3109  1660
 3110   466
 3111  2612
 3112  1409
 3113   221
 3114  2362
 3115  1172
 3116  3283
 3117  2095
 3118   925
 3119  3047
 3120  1848
 3121   648
 3122  2790
 3123  1600
 3124   391
 3125  2546
 3126  1342
 3127   161
 3128  2281
 3129  1077
 3130  3203
 3131  2031
 3132   822
 3133  2950
 3134  1779
 3135   595
 3136  2703
 3137  1507
 3138   336
 3139  2448
 3140  1264
 3141    66
 3142  2189
 3143  1018
 3144  3151
 3145  1946
 3146   764
 3147  2895
 3148  1704
 3149   517
 3150  2630
 3151  1436
 3152   240
 3153  2376
 3154  1192
 3155  3322
 3156  2111
 3157   919
 3158  3060
 3159  1878
 3160   667
 3161  2813
 3162  1599
 3163   411
 3164  2568
 3165  1353
 3166   166
 3167  2318
 3168  1112
 3169  3244
 3170  2060
 3171   869
 3172  3003
 3173  1778
 3174   594
 3175  2749
 3176  1530
 3177   337
 3178  2463
 3179  1277
 3180    85
 3181  2223
 3182  1017
 3183  3163
 3184  1987
 3185   795
 3186  2914
 3187  1724
 3188   518
 3189  2650
 3190  1451
 3191   263
 3192  2396
 3193  1218
 3194    27
 3195  2146
 3196   966
 3197  3099
 3198  1880
 3199   719
 3200  2818
 3201  1649
 3202   444
 3203  2593
 3204  1393
 3205   201
 3206  2325
 3207  1131
 3208  3254
 3209  2072
 3210   873
 3211  3005
 3212  1812
 3213   628
 3214  2760
 3215  1561
 3216   363
 3217  2491
 3218  1293
 3219   133
 3220  2255
 3221  1065
 3222  3190
 3223  1999
 3224   812
 3225  2933
 3226  1730
 3227   553
 3228  2665
 3229  1500
 3230   310
 3231  2432
 3232  1224
 3233    53
 3234  2187
 3235   974
 3236  3127
 3237  1905
 3238   713
 3239  2856
 3240  1664
 3241   473
 3242  2614
 3243  1410
 3244   205
 3245  2355
 3246  1167
 3247  3287
 3248  2088
 3249   910
 3250  3044
 3251  1828
 3252   655
 3253  2787
 3254  1589
 3255   381
 3256  2515
 3257  1320
 3258   124
 3259  2265
 3260  1066
 3261  3212
 3262  2035
 3263   838
 3264  2959
 3265  1773
 3266   584
 3267  2708
 3268  1503
 3269   317
 3270  2445
 3271  1265
 3272    59
 3273  2209
 3274   995
 3275  3143
 3276  1947
 3277   762
 3278  2897
 3279  1686
 3280   503
 3281  2627
 3282  1423
 3283   229
 3284  2354
 3285  1179
 3286  3317
 3287  2124
 3288   905
 3289  3065
 3290  1874
 3291   681
 3292  2799
 3293  1597
 3294   414
 3295  2552
 3296  1368
 3297   158
 3298  2289
 3299  1101
 3300  3246
 3301  2039
 3302   846
 3303  2975
 3304  1801
 3305   606
 3306  2726
 3307  1535
 3308   340
 3309  2474
 3310  1272
 3311    95
 3312  2227
 3313  1011
 3314  3162
 3315  1944
 3316   756
 3317  2890
 3318  1702
 3319   522
 3320  2651
 3321  1442
 3322   253
 3323  2408
