R20T45QL3
Turbo Code Interleaving
User data with 4 flush bits N=4116
NOTE: Q-bit is the bit index after interleaving. Data-bit is the index of user data

Q-bit Data-bit
--------------
    0    39
    1  2673
    2  1163
    3  3823
    4  2365
    5   866
    6  3504
    7  2039
    8   552
    9  3202
   10  1712
   11   252
   12  2865
   13  1414
   14  4049
   15  2579
   16  1067
   17  3733
   18  2256
   19   769
   20  3397
   21  1935
   22   470
   23  3089
   24  1603
   25   128
   26  2797
   27  1319
   28  3967
   29  2454
   30  1007
   31  3646
   32  2155
   33   693
   34  3301
   35  1830
   36   360
   37  2988
   38  1510
   39    46
   40  2688
   41  1198
   42  3865
   43  2373
   44   884
   45  3542
   46  2051
   47   573
   48  3220
   49  1756
   50   247
   51  2915
   52  1416
   53  4082
   54  2606
   55  1124
   56  3780
   57  2265
   58   789
   59  3426
   60  1954
   61   495
   62  3119
   63  1646
   64   185
   65  2809
   66  1356
   67  3982
   68  2501
   69  1021
   70  3642
   71  2169
   72   701
   73  3335
   74  1886
   75   411
   76  3041
   77  1568
   78    91
   79  2728
   80  1237
   81  3868
   82  2416
   83   921
   84  3563
   85  2088
   86   632
   87  3237
   88  1793
   89   298
   90  2948
   91  1468
   92  4101
   93  2626
   94  1135
   95  3784
   96  2290
   97   849
   98  3468
   99  1999
  100   498
  101  3148
  102  1690
  103   194
  104  2832
  105  1372
  106  4011
  107  2538
  108  1040
  109  3672
  110  2197
  111   724
  112  3381
  113  1915
  114   419
  115  3078
  116  1580
  117    99
  118  2730
  119  1258
  120  3893
  121  2448
  122   953
  123  3586
  124  2115
  125   656
  126  3276
  127  1800
  128   338
  129  2971
  130  1466
  131     5
  132  2655
  133  1184
  134  3805
  135  2343
  136   840
  137  3479
  138  2009
  139   542
  140  3190
  141  1711
  142   213
  143  2851
  144  1396
  145  4030
  146  2545
  147  1060
  148  3711
  149  2255
  150   771
  151  3408
  152  1911
  153   440
  154  3066
  155  1620
  156   129
  157  2788
  158  1313
  159  3918
  160  2465
  161   960
  162  3626
  163  2158
  164   673
  165  3302
  166  1827
  167   341
  168  3001
  169  1511
  170    58
  171  2677
  172  1210
  173  3834
  174  2361
  175   878
  176  3545
  177  2044
  178   555
  179  3231
  180  1741
  181   262
  182  2916
  183  1426
  184  4064
  185  2575
  186  1114
  187  3726
  188  2268
  189   799
  190  3437
  191  1967
  192   472
  193  3118
  194  1654
  195   167
  196  2798
  197  1336
  198  3965
  199  2496
  200   998
  201  3660
  202  2173
  203   699
  204  3343
  205  1865
  206   367
  207  3033
  208  1534
  209    63
  210  2694
  211  1240
  212  3879
  213  2394
  214   929
  215  3556
  216  2072
  217   600
  218  3235
  219  1775
  220   287
  221  2925
  222  1446
  223  4073
  224  2613
  225  1146
  226  3788
  227  2307
  228   837
  229  3477
  230  1975
  231   510
  232  3163
  233  1656
  234   179
  235  2819
  236  1353
  237  4005
  238  2508
  239  1047
  240  3666
  241  2199
  242   743
  243  3370
  244  1878
  245   439
  246  3057
  247  1593
  248    82
  249  2739
  250  1238
  251  3910
  252  2432
  253   959
  254  3581
  255  2116
  256   614
  257  3268
  258  1813
  259   327
  260  2942
  261  1481
  262     2
  263  2627
  264  1154
  265  3819
  266  2331
  267   845
  268  3471
  269  2001
  270   533
  271  3171
  272  1691
  273   223
  274  2873
  275  1370
  276  4020
  277  2529
  278  1064
  279  3704
  280  2249
  281   744
  282  3406
  283  1930
  284   435
  285  3063
  286  1581
  287   135
  288  2777
  289  1268
  290  3913
  291  2444
  292   965
  293  3631
  294  2154
  295   648
  296  3297
  297  1808
  298   330
  299  2977
  300  1498
  301    36
  302  2681
  303  1200
  304  3853
  305  2334
  306   874
  307  3515
  308  2057
  309   581
  310  3215
  311  1730
  312   239
  313  2881
  314  1413
  315  4059
  316  2563
  317  1085
  318  3739
  319  2252
  320   762
  321  3422
  322  1952
  323   459
  324  3112
  325  1648
  326   153
  327  2790
  328  1303
  329  3937
  330  2483
  331   993
  332  3640
  333  2156
  334   679
  335  3311
  336  1866
  337   391
  338  3000
  339  1555
  340    56
  341  2697
  342  1232
  343  3846
  344  2371
  345   885
  346  3551
  347  2075
  348   605
  349  3219
  350  1749
  351   286
  352  2909
  353  1455
  354  4063
  355  2600
  356  1118
  357  3756
  358  2267
  359   813
  360  3434
  361  1962
  362   504
  363  3131
  364  1675
  365   163
  366  2837
  367  1327
  368  3971
  369  2491
  370  1023
  371  3671
  372  2178
  373   694
  374  3354
  375  1893
  376   402
  377  3043
  378  1550
  379    86
  380  2707
  381  1257
  382  3874
  383  2404
  384   915
  385  3588
  386  2113
  387   616
  388  3241
  389  1767
  390   293
  391  2937
  392  1472
  393  4089
  394  2610
  395  1153
  396  3781
  397  2313
  398   833
  399  3495
  400  1983
  401   532
  402  3176
  403  1685
  404   212
  405  2853
  406  1386
  407  4022
  408  2522
  409  1065
  410  3701
  411  2205
  412   738
  413  3374
  414  1892
  415   428
  416  3074
  417  1576
  418   106
  419  2756
  420  1286
  421  3898
  422  2420
  423   970
  424  3596
  425  2110
  426   629
  427  3304
  428  1812
  429   324
  430  2982
  431  1480
  432    34
  433  2645
  434  1189
  435  3804
  436  2323
  437   880
  438  3511
  439  2030
  440   556
  441  3199
  442  1696
  443   240
  444  2889
  445  1379
  446  4025
  447  2556
  448  1100
  449  3736
  450  2253
  451   753
  452  3429
  453  1919
  454   478
  455  3109
  456  1615
  457   160
  458  2800
  459  1314
  460  3941
  461  2485
  462   990
  463  3608
  464  2166
  465   667
  466  3294
  467  1833
  468   356
  469  3006
  470  1542
  471    29
  472  2695
  473  1212
  474  3831
  475  2367
  476   887
  477  3539
  478  2076
  479   563
  480  3203
  481  1722
  482   259
  483  2887
  484  1409
  485  4084
  486  2605
  487  1104
  488  3764
  489  2291
  490   800
  491  3443
  492  1961
  493   490
  494  3121
  495  1645
  496   157
  497  2795
  498  1337
  499  3990
  500  2514
  501  1037
  502  3637
  503  2171
  504   700
  505  3356
  506  1871
  507   395
  508  3048
  509  1545
  510    62
  511  2723
  512  1242
  513  3867
  514  2397
  515   912
  516  3548
  517  2095
  518   608
  519  3249
  520  1786
  521   301
  522  2946
  523  1447
  524  4092
  525  2609
  526  1143
  527  3799
  528  2306
  529   838
  530  3473
  531  1998
  532   518
  533  3141
  534  1672
  535   200
  536  2849
  537  1345
  538  4007
  539  2540
  540  1035
  541  3693
  542  2224
  543   747
  544  3388
  545  1897
  546   437
  547  3068
  548  1586
  549    98
  550  2746
  551  1246
  552  3915
  553  2407
  554   934
  555  3592
  556  2106
  557   619
  558  3273
  559  1821
  560   325
  561  2959
  562  1475
  563    21
  564  2668
  565  1178
  566  3809
  567  2340
  568   868
  569  3508
  570  2036
  571   547
  572  3167
  573  1687
  574   207
  575  2855
  576  1394
  577  4012
  578  2534
  579  1084
  580  3718
  581  2223
  582   746
  583  3402
  584  1914
  585   438
  586  3085
  587  1611
  588   118
  589  2751
  590  1284
  591  3930
  592  2460
  593   964
  594  3625
  595  2128
  596   663
  597  3289
  598  1835
  599   361
  600  2979
  601  1505
  602    10
  603  2675
  604  1191
  605  3822
  606  2344
  607   886
  608  3513
  609  2050
  610   549
  611  3188
  612  1739
  613   243
  614  2904
  615  1408
  616  4071
  617  2591
  618  1090
  619  3759
  620  2272
  621   796
  622  3413
  623  1957
  624   456
  625  3126
  626  1631
  627   180
  628  2792
  629  1339
  630  3963
  631  2472
  632   988
  633  3644
  634  2183
  635   714
  636  3315
  637  1856
  638   370
  639  3030
  640  1556
  641    52
  642  2720
  643  1203
  644  3856
  645  2406
  646   920
  647  3560
  648  2070
  649   582
  650  3225
  651  1761
  652   294
  653  2902
  654  1458
  655  4069
  656  2616
  657  1144
  658  3766
  659  2293
  660   823
  661  3446
  662  1994
  663   524
  664  3156
  665  1659
  666   178
  667  2842
  668  1341
  669  3991
  670  2516
  671  1016
  672  3678
  673  2194
  674   704
  675  3369
  676  1902
  677   420
  678  3040
  679  1562
  680   102
  681  2744
  682  1275
  683  3914
  684  2430
  685   941
  686  3571
  687  2098
  688   620
  689  3285
  690  1774
  691   322
  692  2945
  693  1478
  694  4103
  695  2656
  696  1179
  697  3790
  698  2310
  699   858
  700  3465
  701  2004
  702   528
  703  3154
  704  1680
  705   206
  706  2834
  707  1389
  708  4026
  709  2523
  710  1066
  711  3702
  712  2225
  713   732
  714  3389
  715  1900
  716   450
  717  3079
  718  1617
  719   137
  720  2773
  721  1285
  722  3939
  723  2466
  724   972
  725  3601
  726  2122
  727   644
  728  3299
  729  1806
  730   357
  731  2964
  732  1522
  733    42
  734  2650
  735  1175
  736  3841
  737  2337
  738   873
  739  3497
  740  2045
  741   567
  742  3177
  743  1706
  744   251
  745  2876
  746  1415
  747  4056
  748  2583
  749  1076
  750  3725
  751  2260
  752   778
  753  3435
  754  1945
  755   462
  756  3110
  757  1622
  758   144
  759  2774
  760  1315
  761  3958
  762  2495
  763   986
  764  3643
  765  2152
  766   660
  767  3338
  768  1848
  769   363
  770  3020
  771  1526
  772    50
  773  2699
  774  1231
  775  3870
  776  2395
  777   911
  778  3557
  779  2048
  780   575
  781  3212
  782  1750
  783   284
  784  2928
  785  1441
  786  4090
  787  2608
  788  1141
  789  3775
  790  2305
  791   815
  792  3431
  793  1984
  794   492
  795  3115
  796  1643
  797   184
  798  2812
  799  1360
  800  3973
  801  2489
  802  1049
  803  3661
  804  2203
  805   702
  806  3333
  807  1857
  808   397
  809  3045
  810  1548
  811    67
  812  2736
  813  1239
  814  3880
  815  2418
  816   928
  817  3578
  818  2077
  819   613
  820  3262
  821  1757
  822   319
  823  2947
  824  1444
  825  4099
  826  2644
  827  1157
  828  3778
  829  2294
  830   822
  831  3483
  832  1991
  833   506
  834  3152
  835  1679
  836   217
  837  2850
  838  1364
  839  4009
  840  2546
  841  1073
  842  3674
  843  2216
  844   731
  845  3377
  846  1891
  847   406
  848  3060
  849  1599
  850   112
  851  2740
  852  1262
  853  3933
  854  2424
  855   966
  856  3580
  857  2099
  858   653
  859  3272
  860  1823
  861   336
  862  2976
  863  1482
  864    31
  865  2674
  866  1180
  867  3833
  868  2330
  869   856
  870  3487
  871  2025
  872   558
  873  3197
  874  1713
  875   230
  876  2875
  877  1390
  878  4037
  879  2562
  880  1096
  881  3738
  882  2250
  883   770
  884  3414
  885  1943
  886   447
  887  3082
  888  1625
  889   152
  890  2754
  891  1310
  892  3923
  893  2469
  894   975
  895  3619
  896  2142
  897   674
  898  3330
  899  1834
  900   353
  901  2989
  902  1528
  903    57
  904  2701
  905  1188
  906  3839
  907  2359
  908   890
  909  3537
  910  2052
  911   592
  912  3229
  913  1733
  914   281
  915  2899
  916  1442
  917  4041
  918  2601
  919  1125
  920  3751
  921  2277
  922   806
  923  3458
  924  1972
  925   485
  926  3125
  927  1642
  928   187
  929  2826
  930  1326
  931  3956
  932  2494
  933  1005
  934  3668
  935  2172
  936   698
  937  3336
  938  1861
  939   381
  940  3011
  941  1560
  942    73
  943  2718
  944  1244
  945  3863
  946  2383
  947   903
  948  3572
  949  2101
  950   622
  951  3259
  952  1782
  953   304
  954  2943
  955  1470
  956  4078
  957  2635
  958  1150
  959  3776
  960  2311
  961   832
  962  3476
  963  1995
  964   500
  965  3166
  966  1657
  967   205
  968  2825
  969  1358
  970  4002
  971  2502
  972  1034
  973  3673
  974  2215
  975   730
  976  3349
  977  1908
  978   400
  979  3061
  980  1588
  981    97
  982  2731
  983  1276
  984  3900
  985  2414
  986   948
  987  3604
  988  2100
  989   623
  990  3271
  991  1801
  992   315
  993  2938
  994  1483
  995  4115
  996  2637
  997  1171
  998  3811
  999  2338
 1000   841
 1001  3496
 1002  2021
 1003   553
 1004  3181
 1005  1700
 1006   241
 1007  2856
 1008  1392
 1009  4032
 1010  2561
 1011  1070
 1012  3724
 1013  2242
 1014   759
 1015  3395
 1016  1918
 1017   431
 1018  3067
 1019  1598
 1020   138
 1021  2755
 1022  1300
 1023  3938
 1024  2453
 1025   969
 1026  3622
 1027  2159
 1028   651
 1029  3313
 1030  1841
 1031   329
 1032  2987
 1033  1500
 1034    14
 1035  2671
 1036  1211
 1037  3858
 1038  2372
 1039   893
 1040  3535
 1041  2024
 1042   588
 1043  3191
 1044  1738
 1045   263
 1046  2896
 1047  1435
 1048  4031
 1049  2568
 1050  1099
 1051  3754
 1052  2274
 1053   793
 1054  3438
 1055  1947
 1056   483
 1057  3090
 1058  1647
 1059   146
 1060  2785
 1061  1298
 1062  3961
 1063  2497
 1064  1018
 1065  3630
 1066  2149
 1067   688
 1068  3328
 1069  1849
 1070   372
 1071  3029
 1072  1535
 1073    79
 1074  2705
 1075  1208
 1076  3873
 1077  2381
 1078   913
 1079  3565
 1080  2068
 1081   602
 1082  3251
 1083  1745
 1084   302
 1085  2920
 1086  1432
 1087  4102
 1088  2617
 1089  1140
 1090  3789
 1091  2282
 1092   809
 1093  3453
 1094  1970
 1095   493
 1096  3149
 1097  1662
 1098   176
 1099  2820
 1100  1331
 1101  3975
 1102  2525
 1103  1038
 1104  3690
 1105  2188
 1106   707
 1107  3366
 1108  1880
 1109   410
 1110  3028
 1111  1569
 1112    75
 1113  2719
 1114  1266
 1115  3877
 1116  2426
 1117   922
 1118  3558
 1119  2084
 1120   627
 1121  3257
 1122  1789
 1123   316
 1124  2949
 1125  1476
 1126     4
 1127  2643
 1128  1164
 1129  3795
 1130  2322
 1131   827
 1132  3501
 1133  2008
 1134   526
 1135  3172
 1136  1707
 1137   232
 1138  2843
 1139  1363
 1140  4000
 1141  2557
 1142  1069
 1143  3699
 1144  2207
 1145   764
 1146  3371
 1147  1905
 1148   423
 1149  3084
 1150  1613
 1151   103
 1152  2770
 1153  1269
 1154  3932
 1155  2451
 1156   980
 1157  3623
 1158  2130
 1159   637
 1160  3306
 1161  1802
 1162   331
 1163  2994
 1164  1507
 1165     3
 1166  2667
 1167  1185
 1168  3836
 1169  2342
 1170   867
 1171  3516
 1172  2032
 1173   548
 1174  3184
 1175  1719
 1176   257
 1177  2868
 1178  1420
 1179  4052
 1180  2564
 1181  1101
 1182  3750
 1183  2264
 1184   801
 1185  3401
 1186  1939
 1187   465
 1188  3107
 1189  1605
 1190   134
 1191  2802
 1192  1325
 1193  3934
 1194  2463
 1195   979
 1196  3648
 1197  2148
 1198   680
 1199  3329
 1200  1832
 1201   368
 1202  2996
 1203  1540
 1204    41
 1205  2702
 1206  1230
 1207  3847
 1208  2389
 1209   896
 1210  3521
 1211  2066
 1212   589
 1213  3206
 1214  1754
 1215   280
 1216  2910
 1217  1434
 1218  4072
 1219  2571
 1220  1112
 1221  3741
 1222  2297
 1223   818
 1224  3430
 1225  1963
 1226   481
 1227  3142
 1228  1650
 1229   199
 1230  2818
 1231  1354
 1232  3976
 1233  2488
 1234  1024
 1235  3651
 1236  2187
 1237   709
 1238  3345
 1239  1869
 1240   390
 1241  3047
 1242  1547
 1243    87
 1244  2725
 1245  1224
 1246  3887
 1247  2393
 1248   936
 1249  3574
 1250  2080
 1251   612
 1252  3244
 1253  1790
 1254   305
 1255  2956
 1256  1461
 1257  4111
 1258  2638
 1259  1159
 1260  3777
 1261  2314
 1262   852
 1263  3464
 1264  2000
 1265   517
 1266  3164
 1267  1671
 1268   219
 1269  2848
 1270  1344
 1271  3999
 1272  2533
 1273  1042
 1274  3688
 1275  2227
 1276   727
 1277  3380
 1278  1887
 1279   429
 1280  3052
 1281  1583
 1282   120
 1283  2750
 1284  1274
 1285  3924
 1286  2429
 1287   963
 1288  3597
 1289  2127
 1290   642
 1291  3281
 1292  1799
 1293   351
 1294  2967
 1295  1486
 1296    28
 1297  2647
 1298  1170
 1299  3815
 1300  2341
 1301   875
 1302  3494
 1303  2017
 1304   561
 1305  3194
 1306  1697
 1307   220
 1308  2860
 1309  1398
 1310  4018
 1311  2574
 1312  1088
 1313  3703
 1314  2246
 1315   754
 1316  3403
 1317  1931
 1318   451
 1319  3098
 1320  1596
 1321   147
 1322  2760
 1323  1308
 1324  3942
 1325  2461
 1326   999
 1327  3628
 1328  2163
 1329   687
 1330  3325
 1331  1838
 1332   352
 1333  3007
 1334  1519
 1335    40
 1336  2669
 1337  1202
 1338  3859
 1339  2351
 1340   892
 1341  3532
 1342  2033
 1343   583
 1344  3213
 1345  1740
 1346   255
 1347  2907
 1348  1438
 1349  4043
 1350  2599
 1351  1105
 1352  3742
 1353  2261
 1354   810
 1355  3433
 1356  1949
 1357   475
 1358  3128
 1359  1641
 1360   158
 1361  2816
 1362  1306
 1363  3964
 1364  2505
 1365  1012
 1366  3664
 1367  2177
 1368   695
 1369  3319
 1370  1847
 1371   404
 1372  3023
 1373  1532
 1374    83
 1375  2710
 1376  1247
 1377  3861
 1378  2399
 1379   931
 1380  3555
 1381  2069
 1382   594
 1383  3230
 1384  1771
 1385   307
 1386  2941
 1387  1449
 1388  4110
 1389  2620
 1390  1156
 1391  3792
 1392  2284
 1393   828
 1394  3480
 1395  1992
 1396   519
 1397  3158
 1398  1683
 1399   211
 1400  2840
 1401  1368
 1402  3994
 1403  2504
 1404  1033
 1405  3694
 1406  2206
 1407   717
 1408  3360
 1409  1890
 1410   412
 1411  3056
 1412  1590
 1413    96
 1414  2747
 1415  1264
 1416  3886
 1417  2425
 1418   962
 1419  3577
 1420  2094
 1421   625
 1422  3269
 1423  1776
 1424   303
 1425  2966
 1426  1489
 1427     9
 1428  2646
 1429  1166
 1430  3812
 1431  2335
 1432   869
 1433  3488
 1434  2002
 1435   522
 1436  3162
 1437  1708
 1438   235
 1439  2858
 1440  1387
 1441  4013
 1442  2554
 1443  1056
 1444  3685
 1445  2219
 1446   765
 1447  3386
 1448  1921
 1449   427
 1450  3086
 1451  1587
 1452   126
 1453  2764
 1454  1278
 1455  3911
 1456  2447
 1457   971
 1458  3618
 1459  2129
 1460   643
 1461  3295
 1462  1815
 1463   350
 1464  2997
 1465  1492
 1466    17
 1467  2666
 1468  1192
 1469  3840
 1470  2355
 1471   901
 1472  3509
 1473  2037
 1474   577
 1475  3195
 1476  1734
 1477   245
 1478  2885
 1479  1421
 1480  4038
 1481  2581
 1482  1110
 1483  3748
 1484  2278
 1485   791
 1486  3415
 1487  1937
 1488   463
 1489  3099
 1490  1619
 1491   154
 1492  2780
 1493  1301
 1494  3960
 1495  2474
 1496  1009
 1497  3656
 1498  2161
 1499   706
 1500  3334
 1501  1843
 1502   375
 1503  3026
 1504  1557
 1505    71
 1506  2689
 1507  1220
 1508  3843
 1509  2391
 1510   907
 1511  3566
 1512  2067
 1513   584
 1514  3243
 1515  1770
 1516   260
 1517  2934
 1518  1440
 1519  4096
 1520  2622
 1521  1138
 1522  3768
 1523  2271
 1524   795
 1525  3459
 1526  1985
 1527   507
 1528  3145
 1529  1663
 1530   172
 1531  2801
 1532  1359
 1533  4001
 1534  2493
 1535  1053
 1536  3659
 1537  2182
 1538   708
 1539  3364
 1540  1903
 1541   396
 1542  3053
 1543  1575
 1544    95
 1545  2732
 1546  1263
 1547  3881
 1548  2423
 1549   942
 1550  3589
 1551  2108
 1552   635
 1553  3278
 1554  1807
 1555   309
 1556  2953
 1557  1474
 1558  4105
 1559  2634
 1560  1149
 1561  3800
 1562  2302
 1563   836
 1564  3492
 1565  2010
 1566   523
 1567  3155
 1568  1702
 1569   218
 1570  2852
 1571  1377
 1572  4010
 1573  2552
 1574  1072
 1575  3696
 1576  2226
 1577   751
 1578  3399
 1579  1910
 1580   444
 1581  3059
 1582  1604
 1583   105
 1584  2768
 1585  1287
 1586  3920
 1587  2437
 1588   946
 1589  3594
 1590  2145
 1591   669
 1592  3309
 1593  1798
 1594   358
 1595  2983
 1596  1488
 1597     8
 1598  2641
 1599  1197
 1600  3829
 1601  2346
 1602   863
 1603  3498
 1604  2022
 1605   576
 1606  3193
 1607  1695
 1608   233
 1609  2862
 1610  1422
 1611  4050
 1612  2547
 1613  1094
 1614  3732
 1615  2230
 1616   768
 1617  3411
 1618  1934
 1619   469
 1620  3106
 1621  1624
 1622   168
 1623  2784
 1624  1283
 1625  3948
 1626  2476
 1627   974
 1628  3650
 1629  2146
 1630   662
 1631  3318
 1632  1860
 1633   374
 1634  3004
 1635  1508
 1636    38
 1637  2706
 1638  1226
 1639  3872
 1640  2378
 1641   879
 1642  3529
 1643  2041
 1644   595
 1645  3240
 1646  1755
 1647   278
 1648  2891
 1649  1423
 1650  4054
 1651  2578
 1652  1129
 1653  3752
 1654  2287
 1655   821
 1656  3427
 1657  1946
 1658   468
 1659  3124
 1660  1655
 1661   175
 1662  2831
 1663  1350
 1664  3979
 1665  2486
 1666  1000
 1667  3679
 1668  2170
 1669   716
 1670  3363
 1671  1885
 1672   386
 1673  3054
 1674  1546
 1675    68
 1676  2717
 1677  1252
 1678  3895
 1679  2409
 1680   908
 1681  3569
 1682  2081
 1683   611
 1684  3264
 1685  1777
 1686   288
 1687  2919
 1688  1479
 1689  4079
 1690  2633
 1691  1162
 1692  3773
 1693  2295
 1694   839
 1695  3452
 1696  2006
 1697   538
 1698  3137
 1699  1665
 1700   221
 1701  2846
 1702  1365
 1703  3989
 1704  2513
 1705  1051
 1706  3709
 1707  2198
 1708   722
 1709  3383
 1710  1883
 1711   407
 1712  3039
 1713  1571
 1714   125
 1715  2727
 1716  1281
 1717  3919
 1718  2431
 1719   961
 1720  3582
 1721  2120
 1722   624
 1723  3286
 1724  1819
 1725   318
 1726  2963
 1727  1487
 1728    25
 1729  2628
 1730  1160
 1731  3801
 1732  2349
 1733   847
 1734  3506
 1735  2011
 1736   565
 1737  3192
 1738  1714
 1739   249
 1740  2884
 1741  1402
 1742  4029
 1743  2549
 1744  1081
 1745  3707
 1746  2244
 1747   772
 1748  3392
 1749  1913
 1750   457
 1751  3076
 1752  1610
 1753   142
 1754  2762
 1755  1305
 1756  3925
 1757  2450
 1758   984
 1759  3634
 1760  2133
 1761   657
 1762  3317
 1763  1839
 1764   349
 1765  2990
 1766  1506
 1767    19
 1768  2680
 1769  1183
 1770  3824
 1771  2345
 1772   895
 1773  3530
 1774  2054
 1775   570
 1776  3196
 1777  1746
 1778   270
 1779  2882
 1780  1433
 1781  4048
 1782  2598
 1783  1086
 1784  3731
 1785  2286
 1786   773
 1787  3450
 1788  1958
 1789   466
 1790  3132
 1791  1639
 1792   188
 1793  2807
 1794  1332
 1795  3970
 1796  2484
 1797  1032
 1798  3658
 1799  2179
 1800   692
 1801  3337
 1802  1877
 1803   389
 1804  3032
 1805  1552
 1806    54
 1807  2704
 1808  1250
 1809  3860
 1810  2384
 1811   919
 1812  3543
 1813  2078
 1814   615
 1815  3242
 1816  1766
 1817   261
 1818  2936
 1819  1428
 1820  4097
 1821  2603
 1822  1115
 1823  3762
 1824  2299
 1825   819
 1826  3444
 1827  1990
 1828   501
 1829  3146
 1830  1667
 1831   181
 1832  2817
 1833  1338
 1834  3988
 1835  2506
 1836  1030
 1837  3675
 1838  2193
 1839   742
 1840  3368
 1841  1904
 1842   425
 1843  3049
 1844  1553
 1845    92
 1846  2733
 1847  1254
 1848  3908
 1849  2434
 1850   938
 1851  3591
 1852  2089
 1853   628
 1854  3265
 1855  1803
 1856   333
 1857  2952
 1858  1499
 1859  4109
 1860  2621
 1861  1161
 1862  3817
 1863  2332
 1864   843
 1865  3475
 1866  2027
 1867   534
 1868  3173
 1869  1681
 1870   229
 1871  2861
 1872  1384
 1873  4033
 1874  2541
 1875  1080
 1876  3697
 1877  2233
 1878   739
 1879  3379
 1880  1923
 1881   426
 1882  3070
 1883  1616
 1884   111
 1885  2775
 1886  1291
 1887  3921
 1888  2441
 1889   973
 1890  3616
 1891  2160
 1892   672
 1893  3284
 1894  1820
 1895   365
 1896  2970
 1897  1527
 1898    20
 1899  2663
 1900  1172
 1901  3832
 1902  2336
 1903   871
 1904  3523
 1905  2046
 1906   571
 1907  3198
 1908  1732
 1909   264
 1910  2874
 1911  1403
 1912  4046
 1913  2560
 1914  1083
 1915  3740
 1916  2235
 1917   787
 1918  3439
 1919  1926
 1920   452
 1921  3108
 1922  1638
 1923   173
 1924  2771
 1925  1304
 1926  3957
 1927  2498
 1928   996
 1929  3639
 1930  2164
 1931   676
 1932  3310
 1933  1837
 1934   377
 1935  3022
 1936  1536
 1937    60
 1938  2716
 1939  1228
 1940  3866
 1941  2364
 1942   902
 1943  3525
 1944  2064
 1945   603
 1946  3233
 1947  1753
 1948   272
 1949  2908
 1950  1454
 1951  4091
 1952  2576
 1953  1136
 1954  3744
 1955  2301
 1956   816
 1957  3463
 1958  1960
 1959   477
 1960  3139
 1961  1666
 1962   171
 1963  2821
 1964  1351
 1965  3984
 1966  2499
 1967  1029
 1968  3669
 1969  2174
 1970   712
 1971  3362
 1972  1881
 1973   387
 1974  3035
 1975  1579
 1976   109
 1977  2741
 1978  1255
 1979  3884
 1980  2421
 1981   924
 1982  3576
 1983  2093
 1984   599
 1985  3250
 1986  1768
 1987   306
 1988  2954
 1989  1473
 1990     6
 1991  2623
 1992  1130
 1993  3806
 1994  2318
 1995   850
 1996  3489
 1997  2014
 1998   520
 1999  3175
 2000  1688
 2001   202
 2002  2857
 2003  1355
 2004  4023
 2005  2543
 2006  1075
 2007  3692
 2008  2208
 2009   740
 2010  3382
 2011  1916
 2012   413
 2013  3071
 2014  1597
 2015   108
 2016  2765
 2017  1270
 2018  3909
 2019  2413
 2020   949
 2021  3611
 2022  2114
 2023   661
 2024  3270
 2025  1794
 2026   332
 2027  2973
 2028  1518
 2029    16
 2030  2659
 2031  1169
 2032  3821
 2033  2347
 2034   860
 2035  3517
 2036  2012
 2037   559
 2038  3204
 2039  1710
 2040   242
 2041  2897
 2042  1383
 2043  4047
 2044  2566
 2045  1082
 2046  3722
 2047  2236
 2048   786
 2049  3428
 2050  1928
 2051   473
 2052  3103
 2053  1607
 2054   150
 2055  2767
 2056  1290
 2057  3922
 2058  2490
 2059  1010
 2060  3606
 2061  2144
 2062   681
 2063  3308
 2064  1840
 2065   380
 2066  2985
 2067  1520
 2068    26
 2069  2664
 2070  1225
 2071  3848
 2072  2368
 2073   905
 2074  3540
 2075  2059
 2076   569
 2077  3234
 2078  1760
 2079   275
 2080  2911
 2081  1410
 2082  4080
 2083  2587
 2084  1103
 2085  3765
 2086  2283
 2087   782
 2088  3425
 2089  1964
 2090   497
 2091  3111
 2092  1660
 2093   191
 2094  2806
 2095  1340
 2096  3981
 2097  2481
 2098  1025
 2099  3667
 2100  2196
 2101   725
 2102  3340
 2103  1850
 2104   379
 2105  3008
 2106  1543
 2107    89
 2108  2703
 2109  1233
 2110  3862
 2111  2390
 2112   918
 2113  3561
 2114  2083
 2115   609
 2116  3245
 2117  1765
 2118   314
 2119  2922
 2120  1453
 2121  4094
 2122  2624
 2123  1116
 2124  3772
 2125  2316
 2126   830
 2127  3474
 2128  1971
 2129   509
 2130  3147
 2131  1658
 2132   186
 2133  2844
 2134  1347
 2135  4021
 2136  2539
 2137  1055
 2138  3680
 2139  2212
 2140   713
 2141  3384
 2142  1879
 2143   430
 2144  3069
 2145  1594
 2146    94
 2147  2743
 2148  1256
 2149  3912
 2150  2435
 2151   957
 2152  3598
 2153  2105
 2154   647
 2155  3292
 2156  1788
 2157   328
 2158  2957
 2159  1491
 2160    22
 2161  2649
 2162  1186
 2163  3826
 2164  2312
 2165   864
 2166  3478
 2167  2003
 2168   527
 2169  3189
 2170  1699
 2171   236
 2172  2869
 2173  1407
 2174  4008
 2175  2559
 2176  1077
 2177  3708
 2178  2241
 2179   755
 2180  3378
 2181  1938
 2182   461
 2183  3087
 2184  1621
 2185   136
 2186  2766
 2187  1302
 2188  3943
 2189  2439
 2190   968
 2191  3595
 2192  2151
 2193   670
 2194  3312
 2195  1842
 2196   345
 2197  2972
 2198  1496
 2199    51
 2200  2686
 2201  1196
 2202  3835
 2203  2379
 2204   897
 2205  3528
 2206  2034
 2207   560
 2208  3223
 2209  1709
 2210   244
 2211  2894
 2212  1424
 2213  4051
 2214  2595
 2215  1106
 2216  3758
 2217  2270
 2218   780
 2219  3424
 2220  1969
 2221   460
 2222  3134
 2223  1635
 2224   161
 2225  2791
 2226  1322
 2227  3977
 2228  2500
 2229   997
 2230  3652
 2231  2184
 2232   691
 2233  3320
 2234  1868
 2235   376
 2236  3037
 2237  1523
 2238    65
 2239  2696
 2240  1205
 2241  3857
 2242  2400
 2243   910
 2244  3567
 2245  2082
 2246   590
 2247  3252
 2248  1759
 2249   267
 2250  2935
 2251  1450
 2252  4087
 2253  2584
 2254  1126
 2255  3782
 2256  2308
 2257   812
 2258  3445
 2259  1988
 2260   521
 2261  3136
 2262  1652
 2263   190
 2264  2830
 2265  1352
 2266  3980
 2267  2509
 2268  1027
 2269  3695
 2270  2185
 2271   726
 2272  3373
 2273  1874
 2274   394
 2275  3042
 2276  1558
 2277    88
 2278  2748
 2279  1243
 2280  3897
 2281  2396
 2282   952
 2283  3562
 2284  2123
 2285   631
 2286  3261
 2287  1778
 2288   321
 2289  2930
 2290  1460
 2291     1
 2292  2632
 2293  1152
 2294  3783
 2295  2329
 2296   872
 2297  3505
 2298  2015
 2299   539
 2300  3150
 2301  1692
 2302   222
 2303  2864
 2304  1382
 2305  4014
 2306  2531
 2307  1063
 2308  3706
 2309  2211
 2310   750
 2311  3372
 2312  1927
 2313   424
 2314  3088
 2315  1606
 2316   132
 2317  2742
 2318  1267
 2319  3935
 2320  2433
 2321   976
 2322  3613
 2323  2132
 2324   658
 2325  3307
 2326  1824
 2327   339
 2328  2984
 2329  1521
 2330    23
 2331  2662
 2332  1193
 2333  3818
 2334  2366
 2335   876
 2336  3502
 2337  2018
 2338   566
 2339  3201
 2340  1729
 2341   246
 2342  2900
 2343  1388
 2344  4057
 2345  2572
 2346  1095
 2347  3734
 2348  2238
 2349   783
 2350  3416
 2351  1956
 2352   476
 2353  3114
 2354  1612
 2355   139
 2356  2810
 2357  1309
 2358  3954
 2359  2475
 2360   985
 2361  3624
 2362  2168
 2363   697
 2364  3321
 2365  1829
 2366   378
 2367  3019
 2368  1515
 2369    48
 2370  2698
 2371  1235
 2372  3878
 2373  2377
 2374   894
 2375  3527
 2376  2062
 2377   585
 2378  3221
 2379  1742
 2380   282
 2381  2924
 2382  1425
 2383  4081
 2384  2580
 2385  1134
 2386  3769
 2387  2288
 2388   805
 2389  3436
 2390  1974
 2391   489
 2392  3130
 2393  1668
 2394   169
 2395  2804
 2396  1335
 2397  3969
 2398  2503
 2399  1045
 2400  3682
 2401  2167
 2402   715
 2403  3359
 2404  1858
 2405   415
 2406  3018
 2407  1549
 2408    81
 2409  2715
 2410  1248
 2411  3885
 2412  2419
 2413   943
 2414  3570
 2415  2079
 2416   610
 2417  3267
 2418  1783
 2419   296
 2420  2958
 2421  1469
 2422  4106
 2423  2611
 2424  1158
 2425  3779
 2426  2292
 2427   820
 2428  3482
 2429  2016
 2430   515
 2431  3157
 2432  1676
 2433   224
 2434  2866
 2435  1369
 2436  3992
 2437  2536
 2438  1041
 2439  3691
 2440  2228
 2441   729
 2442  3365
 2443  1889
 2444   433
 2445  3080
 2446  1592
 2447   110
 2448  2763
 2449  1288
 2450  3899
 2451  2445
 2452   956
 2453  3590
 2454  2125
 2455   654
 2456  3274
 2457  1792
 2458   312
 2459  2962
 2460  1501
 2461    27
 2462  2679
 2463  1181
 2464  3813
 2465  2350
 2466   859
 2467  3499
 2468  2043
 2469   544
 2470  3168
 2471  1728
 2472   216
 2473  2888
 2474  1385
 2475  4044
 2476  2548
 2477  1071
 2478  3705
 2479  2245
 2480   760
 2481  3394
 2482  1920
 2483   474
 2484  3101
 2485  1626
 2486   140
 2487  2794
 2488  1296
 2489  3936
 2490  2459
 2491  1002
 2492  3610
 2493  2141
 2494   664
 2495  3293
 2496  1826
 2497   346
 2498  2998
 2499  1529
 2500    64
 2501  2670
 2502  1223
 2503  3825
 2504  2354
 2505   891
 2506  3547
 2507  2074
 2508   580
 2509  3227
 2510  1720
 2511   273
 2512  2892
 2513  1439
 2514  4068
 2515  2594
 2516  1117
 2517  3735
 2518  2276
 2519   784
 2520  3423
 2521  1948
 2522   488
 2523  3135
 2524  1629
 2525   159
 2526  2815
 2527  1334
 2528  3983
 2529  2480
 2530  1001
 2531  3657
 2532  2181
 2533   690
 2534  3353
 2535  1863
 2536   373
 2537  3013
 2538  1541
 2539    69
 2540  2693
 2541  1217
 2542  3869
 2543  2403
 2544   932
 2545  3552
 2546  2085
 2547   606
 2548  3266
 2549  1752
 2550   297
 2551  2931
 2552  1471
 2553  4104
 2554  2618
 2555  1119
 2556  3767
 2557  2296
 2558   817
 2559  3460
 2560  1977
 2561   529
 2562  3160
 2563  1653
 2564   189
 2565  2841
 2566  1366
 2567  4006
 2568  2527
 2569  1059
 2570  3700
 2571  2220
 2572   748
 2573  3390
 2574  1876
 2575   408
 2576  3058
 2577  1578
 2578   100
 2579  2721
 2580  1265
 2581  3905
 2582  2438
 2583   955
 2584  3583
 2585  2097
 2586   633
 2587  3256
 2588  1811
 2589   300
 2590  2950
 2591  1493
 2592    18
 2593  2629
 2594  1177
 2595  3810
 2596  2319
 2597   834
 2598  3490
 2599  1996
 2600   531
 2601  3185
 2602  1715
 2603   225
 2604  2854
 2605  1373
 2606  4024
 2607  2532
 2608  1068
 2609  3712
 2610  2239
 2611   774
 2612  3409
 2613  1924
 2614   436
 2615  3064
 2616  1591
 2617   130
 2618  2769
 2619  1299
 2620  3926
 2621  2467
 2622   994
 2623  3602
 2624  2124
 2625   677
 2626  3305
 2627  1810
 2628   343
 2629  2991
 2630  1525
 2631    33
 2632  2690
 2633  1209
 2634  3849
 2635  2375
 2636   900
 2637  3526
 2638  2056
 2639   546
 2640  3207
 2641  1716
 2642   258
 2643  2903
 2644  1417
 2645  4055
 2646  2593
 2647  1089
 2648  3749
 2649  2257
 2650   792
 2651  3441
 2652  1941
 2653   455
 2654  3093
 2655  1633
 2656   141
 2657  2781
 2658  1297
 2659  3940
 2660  2471
 2661  1011
 2662  3645
 2663  2186
 2664   689
 2665  3339
 2666  1853
 2667   362
 2668  2999
 2669  1544
 2670    76
 2671  2691
 2672  1207
 2673  3854
 2674  2385
 2675   898
 2676  3550
 2677  2090
 2678   607
 2679  3226
 2680  1751
 2681   269
 2682  2933
 2683  1429
 2684  4076
 2685  2614
 2686  1137
 2687  3753
 2688  2280
 2689   807
 2690  3449
 2691  1986
 2692   502
 2693  3123
 2694  1677
 2695   196
 2696  2808
 2697  1362
 2698  3974
 2699  2511
 2700  1022
 2701  3676
 2702  2213
 2703   710
 2704  3342
 2705  1896
 2706   405
 2707  3038
 2708  1561
 2709    85
 2710  2734
 2711  1273
 2712  3882
 2713  2405
 2714   933
 2715  3573
 2716  2119
 2717   634
 2718  3260
 2719  1804
 2720   310
 2721  2961
 2722  1467
 2723  4100
 2724  2642
 2725  1148
 2726  3786
 2727  2327
 2728   846
 2729  3493
 2730  1997
 2731   543
 2732  3165
 2733  1704
 2734   214
 2735  2867
 2736  1378
 2737  3995
 2738  2520
 2739  1052
 2740  3713
 2741  2222
 2742   763
 2743  3367
 2744  1929
 2745   422
 2746  3072
 2747  1595
 2748   122
 2749  2745
 2750  1282
 2751  3906
 2752  2422
 2753   978
 2754  3609
 2755  2111
 2756   649
 2757  3290
 2758  1828
 2759   359
 2760  2995
 2761  1514
 2762    30
 2763  2660
 2764  1174
 2765  3807
 2766  2348
 2767   881
 2768  3512
 2769  2028
 2770   557
 2771  3205
 2772  1726
 2773   227
 2774  2890
 2775  1412
 2776  4067
 2777  2553
 2778  1102
 2779  3729
 2780  2240
 2781   781
 2782  3440
 2783  1942
 2784   458
 2785  3120
 2786  1627
 2787   149
 2788  2803
 2789  1312
 2790  3953
 2791  2456
 2792  1014
 2793  3649
 2794  2176
 2795   671
 2796  3331
 2797  1825
 2798   382
 2799  3016
 2800  1538
 2801    35
 2802  2685
 2803  1199
 2804  3855
 2805  2388
 2806   888
 2807  3531
 2808  2061
 2809   604
 2810  3210
 2811  1764
 2812   290
 2813  2901
 2814  1436
 2815  4075
 2816  2582
 2817  1131
 2818  3745
 2819  2279
 2820   785
 2821  3442
 2822  1955
 2823   499
 2824  3122
 2825  1670
 2826   164
 2827  2822
 2828  1328
 2829  3993
 2830  2510
 2831  1015
 2832  3655
 2833  2202
 2834   718
 2835  3357
 2836  1882
 2837   403
 2838  3044
 2839  1554
 2840   101
 2841  2724
 2842  1241
 2843  3888
 2844  2415
 2845   925
 2846  3554
 2847  2102
 2848   617
 2849  3239
 2850  1795
 2851   291
 2852  2960
 2853  1465
 2854  4085
 2855  2639
 2856  1142
 2857  3785
 2858  2309
 2859   831
 2860  3472
 2861  1973
 2862   514
 2863  3138
 2864  1664
 2865   210
 2866  2828
 2867  1346
 2868  4004
 2869  2530
 2870  1043
 2871  3687
 2872  2209
 2873   719
 2874  3393
 2875  1895
 2876   401
 2877  3055
 2878  1584
 2879   113
 2880  2761
 2881  1271
 2882  3928
 2883  2428
 2884   967
 2885  3600
 2886  2138
 2887   650
 2888  3277
 2889  1791
 2890   334
 2891  2951
 2892  1484
 2893  4112
 2894  2648
 2895  1190
 2896  3808
 2897  2352
 2898   857
 2899  3518
 2900  2029
 2901   530
 2902  3174
 2903  1705
 2904   226
 2905  2883
 2906  1391
 2907  4042
 2908  2567
 2909  1061
 2910  3728
 2911  2254
 2912   776
 2913  3407
 2914  1912
 2915   441
 2916  3097
 2917  1608
 2918   131
 2919  2779
 2920  1307
 2921  3955
 2922  2468
 2923   995
 2924  3614
 2925  2139
 2926   683
 2927  3327
 2928  1852
 2929   355
 2930  2980
 2931  1503
 2932    59
 2933  2676
 2934  1221
 2935  3850
 2936  2387
 2937   877
 2938  3510
 2939  2047
 2940   591
 2941  3222
 2942  1723
 2943   271
 2944  2912
 2945  1427
 2946  4045
 2947  2602
 2948  1097
 2949  3747
 2950  2269
 2951   790
 2952  3420
 2953  1965
 2954   480
 2955  3117
 2956  1637
 2957   182
 2958  2783
 2959  1330
 2960  3986
 2961  2479
 2962  1026
 2963  3647
 2964  2165
 2965   696
 2966  3332
 2967  1875
 2968   366
 2969  3017
 2970  1537
 2971    90
 2972  2722
 2973  1245
 2974  3876
 2975  2382
 2976   904
 2977  3549
 2978  2087
 2979   601
 2980  3246
 2981  1784
 2982   283
 2983  2939
 2984  1443
 2985  4074
 2986  2612
 2987  1122
 2988  3763
 2989  2317
 2990   808
 2991  3447
 2992  1987
 2993   505
 2994  3129
 2995  1689
 2996   192
 2997  2838
 2998  1348
 2999  3997
 3000  2507
 3001  1031
 3002  3670
 3003  2192
 3004   741
 3005  3347
 3006  1873
 3007   432
 3008  3046
 3009  1566
 3010   107
 3011  2738
 3012  1279
 3013  3901
 3014  2442
 3015   954
 3016  3599
 3017  2126
 3018   618
 3019  3263
 3020  1781
 3021   311
 3022  2940
 3023  1497
 3024    15
 3025  2651
 3026  1167
 3027  3796
 3028  2325
 3029   854
 3030  3503
 3031  2031
 3032   535
 3033  3183
 3034  1701
 3035   215
 3036  2879
 3037  1381
 3038  4035
 3039  2542
 3040  1062
 3041  3714
 3042  2237
 3043   756
 3044  3400
 3045  1909
 3046   443
 3047  3081
 3048  1602
 3049   124
 3050  2772
 3051  1295
 3052  3945
 3053  2458
 3054   977
 3055  3612
 3056  2140
 3057   652
 3058  3296
 3059  1814
 3060   342
 3061  2974
 3062  1513
 3063    12
 3064  2654
 3065  1187
 3066  3816
 3067  2369
 3068   862
 3069  3524
 3070  2035
 3071   578
 3072  3187
 3073  1725
 3074   238
 3075  2877
 3076  1411
 3077  4058
 3078  2590
 3079  1108
 3080  3737
 3081  2281
 3082   803
 3083  3410
 3084  1953
 3085   491
 3086  3096
 3087  1632
 3088   162
 3089  2813
 3090  1329
 3091  3951
 3092  2492
 3093  1020
 3094  3638
 3095  2147
 3096   685
 3097  3322
 3098  1844
 3099   385
 3100  3002
 3101  1559
 3102    47
 3103  2687
 3104  1213
 3105  3851
 3106  2401
 3107   930
 3108  3534
 3109  2055
 3110   579
 3111  3236
 3112  1747
 3113   274
 3114  2929
 3115  1451
 3116  4065
 3117  2596
 3118  1145
 3119  3774
 3120  2289
 3121   804
 3122  3451
 3123  1982
 3124   482
 3125  3153
 3126  1661
 3127   201
 3128  2823
 3129  1333
 3130  3968
 3131  2512
 3132  1019
 3133  3653
 3134  2201
 3135   736
 3136  3346
 3137  1867
 3138   417
 3139  3034
 3140  1563
 3141    84
 3142  2713
 3143  1261
 3144  3903
 3145  2410
 3146   947
 3147  3585
 3148  2109
 3149   638
 3150  3258
 3151  1779
 3152   299
 3153  2944
 3154  1477
 3155  4114
 3156  2615
 3157  1139
 3158  3787
 3159  2326
 3160   824
 3161  3484
 3162  1979
 3163   508
 3164  3179
 3165  1674
 3166   208
 3167  2870
 3168  1376
 3169  4015
 3170  2551
 3171  1074
 3172  3721
 3173  2200
 3174   733
 3175  3404
 3176  1894
 3177   418
 3178  3050
 3179  1582
 3180   104
 3181  2752
 3182  1259
 3183  3917
 3184  2462
 3185   982
 3186  3607
 3187  2134
 3188   641
 3189  3279
 3190  1797
 3191   326
 3192  2965
 3193  1509
 3194    32
 3195  2658
 3196  1194
 3197  3837
 3198  2328
 3199   889
 3200  3491
 3201  2042
 3202   550
 3203  3208
 3204  1724
 3205   248
 3206  2880
 3207  1400
 3208  4027
 3209  2565
 3210  1078
 3211  3723
 3212  2243
 3213   779
 3214  3417
 3215  1932
 3216   448
 3217  3083
 3218  1601
 3219   165
 3220  2793
 3221  1317
 3222  3952
 3223  2477
 3224  1006
 3225  3633
 3226  2143
 3227   686
 3228  3300
 3229  1859
 3230   384
 3231  3012
 3232  1516
 3233    66
 3234  2709
 3235  1204
 3236  3871
 3237  2357
 3238   882
 3239  3536
 3240  2060
 3241   586
 3242  3238
 3243  1748
 3244   253
 3245  2918
 3246  1445
 3247  4070
 3248  2585
 3249  1127
 3250  3770
 3251  2266
 3252   811
 3253  3448
 3254  1968
 3255   471
 3256  3116
 3257  1634
 3258   156
 3259  2805
 3260  1318
 3261  3978
 3262  2518
 3263  1036
 3264  3665
 3265  2195
 3266   720
 3267  3355
 3268  1862
 3269   393
 3270  3031
 3271  1564
 3272    74
 3273  2737
 3274  1234
 3275  3892
 3276  2412
 3277   944
 3278  3587
 3279  2086
 3280   621
 3281  3255
 3282  1763
 3283   285
 3284  2917
 3285  1463
 3286  4107
 3287  2630
 3288  1120
 3289  3793
 3290  2320
 3291   842
 3292  3466
 3293  1976
 3294   512
 3295  3159
 3296  1693
 3297   197
 3298  2836
 3299  1361
 3300  4019
 3301  2524
 3302  1046
 3303  3684
 3304  2229
 3305   749
 3306  3376
 3307  1901
 3308   421
 3309  3062
 3310  1577
 3311   117
 3312  2757
 3313  1253
 3314  3916
 3315  2408
 3316   935
 3317  3579
 3318  2107
 3319   646
 3320  3280
 3321  1787
 3322   313
 3323  2981
 3324  1464
 3325     0
 3326  2665
 3327  1165
 3328  3802
 3329  2356
 3330   855
 3331  3500
 3332  2019
 3333   551
 3334  3178
 3335  1717
 3336   237
 3337  2878
 3338  1395
 3339  4039
 3340  2550
 3341  1093
 3342  3715
 3343  2218
 3344   752
 3345  3421
 3346  1907
 3347   445
 3348  3094
 3349  1628
 3350   123
 3351  2759
 3352  1320
 3353  3931
 3354  2443
 3355   989
 3356  3617
 3357  2137
 3358   666
 3359  3316
 3360  1836
 3361   364
 3362  2993
 3363  1512
 3364    53
 3365  2678
 3366  1218
 3367  3827
 3368  2376
 3369   899
 3370  3514
 3371  2065
 3372   562
 3373  3214
 3374  1727
 3375   268
 3376  2893
 3377  1418
 3378  4077
 3379  2570
 3380  1111
 3381  3755
 3382  2262
 3383   794
 3384  3418
 3385  1950
 3386   464
 3387  3104
 3388  1644
 3389   151
 3390  2796
 3391  1324
 3392  3947
 3393  2473
 3394  1003
 3395  3635
 3396  2191
 3397   703
 3398  3344
 3399  1845
 3400   398
 3401  3021
 3402  1533
 3403    70
 3404  2711
 3405  1229
 3406  3883
 3407  2392
 3408   914
 3409  3544
 3410  2091
 3411   598
 3412  3224
 3413  1772
 3414   308
 3415  2905
 3416  1459
 3417  4088
 3418  2604
 3419  1128
 3420  3760
 3421  2298
 3422   835
 3423  3467
 3424  1993
 3425   516
 3426  3143
 3427  1682
 3428   193
 3429  2835
 3430  1367
 3431  3985
 3432  2535
 3433  1039
 3434  3686
 3435  2204
 3436   734
 3437  3348
 3438  1872
 3439   409
 3440  3036
 3441  1589
 3442   115
 3443  2749
 3444  1249
 3445  3896
 3446  2398
 3447   951
 3448  3584
 3449  2117
 3450   645
 3451  3275
 3452  1796
 3453   323
 3454  2932
 3455  1456
 3456    13
 3457  2631
 3458  1155
 3459  3820
 3460  2333
 3461   829
 3462  3470
 3463  2026
 3464   536
 3465  3182
 3466  1678
 3467   204
 3468  2863
 3469  1393
 3470  4016
 3471  2555
 3472  1057
 3473  3716
 3474  2234
 3475   735
 3476  3385
 3477  1933
 3478   449
 3479  3095
 3480  1614
 3481   121
 3482  2776
 3483  1294
 3484  3927
 3485  2446
 3486   958
 3487  3620
 3488  2118
 3489   665
 3490  3291
 3491  1816
 3492   340
 3493  2992
 3494  1504
 3495    44
 3496  2661
 3497  1201
 3498  3830
 3499  2360
 3500   865
 3501  3520
 3502  2058
 3503   568
 3504  3216
 3505  1735
 3506   254
 3507  2886
 3508  1404
 3509  4061
 3510  2588
 3511  1092
 3512  3727
 3513  2263
 3514   761
 3515  3432
 3516  1925
 3517   487
 3518  3100
 3519  1630
 3520   143
 3521  2799
 3522  1311
 3523  3959
 3524  2464
 3525   991
 3526  3632
 3527  2150
 3528   682
 3529  3341
 3530  1831
 3531   371
 3532  3014
 3533  1531
 3534    61
 3535  2684
 3536  1216
 3537  3845
 3538  2386
 3539   917
 3540  3559
 3541  2063
 3542   593
 3543  3248
 3544  1744
 3545   277
 3546  2927
 3547  1431
 3548  4095
 3549  2577
 3550  1107
 3551  3743
 3552  2304
 3553   798
 3554  3454
 3555  1981
 3556   503
 3557  3144
 3558  1649
 3559   170
 3560  2839
 3561  1343
 3562  4003
 3563  2517
 3564  1017
 3565  3677
 3566  2190
 3567   721
 3568  3352
 3569  1888
 3570   388
 3571  3025
 3572  1565
 3573    80
 3574  2735
 3575  1251
 3576  3891
 3577  2417
 3578   923
 3579  3553
 3580  2103
 3581   640
 3582  3254
 3583  1805
 3584   289
 3585  2923
 3586  1485
 3587  4093
 3588  2625
 3589  1132
 3590  3791
 3591  2324
 3592   848
 3593  3469
 3594  2005
 3595   513
 3596  3161
 3597  1686
 3598   203
 3599  2827
 3600  1374
 3601  3996
 3602  2537
 3603  1058
 3604  3681
 3605  2217
 3606   745
 3607  3398
 3608  1898
 3609   416
 3610  3073
 3611  1573
 3612   127
 3613  2758
 3614  1277
 3615  3929
 3616  2455
 3617   940
 3618  3605
 3619  2112
 3620   668
 3621  3298
 3622  1809
 3623   347
 3624  2978
 3625  1502
 3626    37
 3627  2657
 3628  1176
 3629  3828
 3630  2358
 3631   853
 3632  3507
 3633  2013
 3634   545
 3635  3211
 3636  1721
 3637   228
 3638  2872
 3639  1380
 3640  4034
 3641  2544
 3642  1087
 3643  3717
 3644  2247
 3645   777
 3646  3396
 3647  1922
 3648   467
 3649  3091
 3650  1618
 3651   133
 3652  2786
 3653  1321
 3654  3949
 3655  2457
 3656   992
 3657  3615
 3658  2153
 3659   659
 3660  3314
 3661  1851
 3662   344
 3663  3010
 3664  1539
 3665    55
 3666  2692
 3667  1214
 3668  3842
 3669  2370
 3670   916
 3671  3538
 3672  2053
 3673   564
 3674  3228
 3675  1736
 3676   256
 3677  2895
 3678  1419
 3679  4062
 3680  2589
 3681  1123
 3682  3746
 3683  2258
 3684   802
 3685  3455
 3686  1944
 3687   486
 3688  3113
 3689  1640
 3690   155
 3691  2824
 3692  1342
 3693  3962
 3694  2487
 3695  1008
 3696  3636
 3697  2189
 3698   723
 3699  3351
 3700  1884
 3701   383
 3702  3009
 3703  1570
 3704    93
 3705  2708
 3706  1227
 3707  3894
 3708  2411
 3709   926
 3710  3575
 3711  2073
 3712   630
 3713  3232
 3714  1773
 3715   276
 3716  2921
 3717  1462
 3718  4086
 3719  2619
 3720  1151
 3721  3797
 3722  2300
 3723   814
 3724  3462
 3725  1980
 3726   511
 3727  3140
 3728  1684
 3729   183
 3730  2845
 3731  1375
 3732  3987
 3733  2515
 3734  1050
 3735  3683
 3736  2210
 3737   737
 3738  3358
 3739  1906
 3740   442
 3741  3077
 3742  1572
 3743   119
 3744  2753
 3745  1272
 3746  3904
 3747  2440
 3748   939
 3749  3593
 3750  2121
 3751   639
 3752  3283
 3753  1785
 3754   335
 3755  2968
 3756  1495
 3757     7
 3758  2640
 3759  1173
 3760  3798
 3761  2315
 3762   851
 3763  3481
 3764  2007
 3765   540
 3766  3186
 3767  1694
 3768   209
 3769  2871
 3770  1397
 3771  4036
 3772  2569
 3773  1079
 3774  3698
 3775  2221
 3776   766
 3777  3387
 3778  1940
 3779   446
 3780  3092
 3781  1609
 3782   148
 3783  2789
 3784  1280
 3785  3946
 3786  2452
 3787   983
 3788  3621
 3789  2136
 3790   684
 3791  3303
 3792  1822
 3793   369
 3794  3003
 3795  1524
 3796    45
 3797  2683
 3798  1215
 3799  3852
 3800  2363
 3801   883
 3802  3522
 3803  2040
 3804   574
 3805  3209
 3806  1731
 3807   266
 3808  2913
 3809  1406
 3810  4060
 3811  2573
 3812  1091
 3813  3730
 3814  2259
 3815   797
 3816  3412
 3817  1966
 3818   496
 3819  3127
 3820  1651
 3821   174
 3822  2811
 3823  1316
 3824  3950
 3825  2470
 3826  1028
 3827  3663
 3828  2175
 3829   711
 3830  3324
 3831  1854
 3832   392
 3833  3024
 3834  1530
 3835    49
 3836  2700
 3837  1206
 3838  3889
 3839  2374
 3840   927
 3841  3533
 3842  2092
 3843   596
 3844  3247
 3845  1762
 3846   292
 3847  2914
 3848  1437
 3849  4098
 3850  2597
 3851  1133
 3852  3757
 3853  2275
 3854   826
 3855  3456
 3856  1959
 3857   494
 3858  3151
 3859  1673
 3860   195
 3861  2833
 3862  1349
 3863  3972
 3864  2519
 3865  1044
 3866  3662
 3867  2214
 3868   728
 3869  3350
 3870  1870
 3871   434
 3872  3065
 3873  1574
 3874    77
 3875  2726
 3876  1260
 3877  3890
 3878  2402
 3879   950
 3880  3564
 3881  2104
 3882   626
 3883  3282
 3884  1769
 3885   295
 3886  2969
 3887  1457
 3888    11
 3889  2652
 3890  1147
 3891  3803
 3892  2303
 3893   844
 3894  3486
 3895  2020
 3896   537
 3897  3180
 3898  1703
 3899   234
 3900  2847
 3901  1399
 3902  4028
 3903  2526
 3904  1054
 3905  3720
 3906  2232
 3907   757
 3908  3375
 3909  1917
 3910   453
 3911  3075
 3912  1585
 3913   114
 3914  2778
 3915  1293
 3916  3907
 3917  2436
 3918   987
 3919  3629
 3920  2131
 3921   636
 3922  3287
 3923  1818
 3924   337
 3925  2975
 3926  1490
 3927    24
 3928  2672
 3929  1182
 3930  3838
 3931  2353
 3932   870
 3933  3519
 3934  2038
 3935   554
 3936  3200
 3937  1743
 3938   231
 3939  2898
 3940  1401
 3941  4066
 3942  2586
 3943  1109
 3944  3719
 3945  2248
 3946   767
 3947  3405
 3948  1936
 3949   479
 3950  3105
 3951  1623
 3952   166
 3953  2787
 3954  1292
 3955  3966
 3956  2482
 3957  1004
 3958  3627
 3959  2157
 3960   678
 3961  3323
 3962  1864
 3963   354
 3964  3027
 3965  1551
 3966    72
 3967  2712
 3968  1219
 3969  3844
 3970  2362
 3971   906
 3972  3546
 3973  2071
 3974   572
 3975  3218
 3976  1737
 3977   279
 3978  2926
 3979  1452
 3980  4083
 3981  2607
 3982  1113
 3983  3761
 3984  2273
 3985   788
 3986  3457
 3987  1978
 3988   484
 3989  3133
 3990  1669
 3991   177
 3992  2814
 3993  1357
 3994  3998
 3995  2521
 3996  1013
 3997  3654
 3998  2180
 3999   705
 4000  3361
 4001  1855
 4002   399
 4003  3015
 4004  1567
 4005    78
 4006  2714
 4007  1236
 4008  3875
 4009  2427
 4010   937
 4011  3568
 4012  2096
 4013   597
 4014  3253
 4015  1780
 4016   317
 4017  2955
 4018  1448
 4019  4108
 4020  2636
 4021  1168
 4022  3794
 4023  2321
 4024   825
 4025  3461
 4026  1989
 4027   525
 4028  3170
 4029  1698
 4030   198
 4031  2829
 4032  1371
 4033  4017
 4034  2528
 4035  1048
 4036  3689
 4037  2231
 4038   758
 4039  3391
 4040  1899
 4041   414
 4042  3051
 4043  1600
 4044   116
 4045  2729
 4046  1289
 4047  3902
 4048  2449
 4049   945
 4050  3603
 4051  2135
 4052   655
 4053  3288
 4054  1817
 4055   320
 4056  2986
 4057  1494
 4058  4113
 4059  2653
 4060  1195
 4061  3814
 4062  2339
 4063   861
 4064  3485
 4065  2023
 4066   541
 4067  3169
 4068  1718
 4069   250
 4070  2859
 4071  1405
 4072  4040
 4073  2558
 4074  1098
 4075  3710
 4076  2251
 4077   775
 4078  3419
 4079  1951
 4080   454
 4081  3102
 4082  1636
 4083   145
 4084  2782
 4085  1323
 4086  3944
 4087  2478
 4088   981
 4089  3641
 4090  2162
 4091   675
 4092  3326
 4093  1846
 4094   348
 4095  3005
 4096  1517
 4097    43
 4098  2682
 4099  1222
 4100  3864
 4101  2380
 4102   909
 4103  3541
 4104  2049
 4105   587
 4106  3217
 4107  1758
 4108   265
 4109  2906
 4110  1430
 4111  4053
 4112  2592
 4113  1121
 4114  3771
 4115  2285
