R20T45XH5
Turbo Code Interleaving
User data with 4 flush bits N=4756
NOTE: Q-bit is the bit index after interleaving. Data-bit is the index of user data

Q-bit Data-bit
--------------
    0    46
    1  3088
    2  1344
    3  4418
    4  2734
    5  1001
    6  4051
    7  2358
    8   640
    9  3702
   10  1980
   11   291
   12  3311
   13  1635
   14  4680
   15  2978
   16  1235
   17  4313
   18  2610
   19   889
   20  3924
   21  2237
   22   543
   23  3569
   24  1854
   25   149
   26  3233
   27  1525
   28  4584
   29  2835
   30  1165
   31  4213
   32  2491
   33   804
   34  3818
   35  2116
   36   417
   37  3453
   38  1746
   39    55
   40  3106
   41  1385
   42  4468
   43  2742
   44  1022
   45  4092
   46  2371
   47   663
   48  3721
   49  2031
   50   286
   51  3367
   52  1637
   53  4718
   54  3013
   55  1300
   56  4368
   57  2619
   58   912
   59  3961
   60  2260
   61   573
   62  3606
   63  1904
   64   214
   65  3246
   66  1568
   67  4600
   68  2891
   69  1182
   70  4209
   71  2509
   72   812
   73  3854
   74  2182
   75   477
   76  3513
   77  1814
   78   106
   79  3152
   80  1432
   81  4471
   82  2794
   83  1066
   84  4116
   85  2414
   86   732
   87  3741
   88  2074
   89   343
   90  3407
   91  1700
   92  4739
   93  3035
   94  1311
   95  4373
   96  2647
   97   981
   98  4009
   99  2313
  100   576
  101  3639
  102  1956
  103   225
  104  3273
  105  1588
  106  4637
  107  2935
  108  1202
  109  4243
  110  2541
  111   838
  112  3906
  113  2214
  114   487
  115  3556
  116  1828
  117   116
  118  3154
  119  1455
  120  4499
  121  2829
  122  1104
  123  4145
  124  2447
  125   761
  126  3786
  127  2081
  128   392
  129  3434
  130  1698
  131     5
  132  3068
  133  1368
  134  4398
  135  2709
  136   971
  137  4020
  138  2323
  139   628
  140  3688
  141  1979
  142   247
  143  3294
  144  1614
  145  4657
  146  2942
  147  1227
  148  4289
  149  2608
  150   892
  151  3938
  152  2210
  153   509
  154  3543
  155  1874
  156   150
  157  3223
  158  1519
  159  4528
  160  2850
  161  1111
  162  4190
  163  2494
  164   779
  165  3819
  166  2112
  167   396
  168  3468
  169  1747
  170    68
  171  3092
  172  1398
  173  4432
  174  2730
  175  1016
  176  4096
  177  2363
  178   644
  179  3735
  180  2013
  181   304
  182  3368
  183  1647
  184  4696
  185  2974
  186  1287
  187  4306
  188  2622
  189   922
  190  3973
  191  2275
  192   546
  193  3604
  194  1912
  195   195
  196  3234
  197  1546
  198  4582
  199  2885
  200  1155
  201  4231
  202  2513
  203   810
  204  3863
  205  2155
  206   424
  207  3504
  208  1774
  209    73
  210  3114
  211  1435
  212  4483
  213  2766
  214  1075
  215  4108
  216  2395
  217   696
  218  3739
  219  2052
  220   332
  221  3382
  222  1671
  223  4708
  224  3022
  225  1325
  226  4377
  227  2666
  228   968
  229  4018
  230  2285
  231   592
  232  3657
  233  1915
  234   207
  235  3257
  236  1564
  237  4629
  238  2900
  239  1209
  240  4237
  241  2544
  242   861
  243  3895
  244  2173
  245   508
  246  3533
  247  1843
  248    96
  249  3164
  250  1433
  251  4519
  252  2811
  253  1110
  254  4139
  255  2448
  256   712
  257  3777
  258  2096
  259   378
  260  3400
  261  1714
  262     2
  263  3036
  264  1333
  265  4414
  266  2696
  267   976
  268  4012
  269  2315
  270   616
  271  3667
  272  1957
  273   258
  274  3320
  275  1585
  276  4646
  277  2924
  278  1231
  279  4280
  280  2601
  281   862
  282  3935
  283  2231
  284   504
  285  3540
  286  1829
  287   156
  288  3210
  289  1466
  290  4523
  291  2825
  292  1116
  293  4197
  294  2490
  295   752
  296  3813
  297  2089
  298   381
  299  3440
  300  1733
  301    43
  302  3096
  303  1387
  304  4453
  305  2699
  306  1012
  307  4062
  308  2379
  309   671
  310  3716
  311  2000
  312   277
  313  3330
  314  1634
  315  4691
  316  2961
  317  1256
  318  4319
  319  2605
  320   882
  321  3956
  322  2258
  323   531
  324  3597
  325  1906
  326   178
  327  3226
  328  1508
  329  4551
  330  2870
  331  1149
  332  4206
  333  2492
  334   789
  335  3828
  336  2156
  337   453
  338  3467
  339  1798
  340    66
  341  3117
  342  1426
  343  4445
  344  2740
  345  1023
  346  4102
  347  2398
  348   702
  349  3720
  350  2023
  351   331
  352  3361
  353  1681
  354  4695
  355  3007
  356  1293
  357  4342
  358  2621
  359   940
  360  3970
  361  2269
  362   583
  363  3619
  364  1939
  365   191
  366  3280
  367  1535
  368  4588
  369  2879
  370  1184
  371  4242
  372  2519
  373   805
  374  3876
  375  2189
  376   465
  377  3516
  378  1793
  379   101
  380  3128
  381  1454
  382  4477
  383  2777
  384  1059
  385  4147
  386  2445
  387   714
  388  3745
  389  2044
  390   338
  391  3395
  392  1704
  393  4727
  394  3019
  395  1332
  396  4369
  397  2673
  398   963
  399  4039
  400  2295
  401   615
  402  3672
  403  1950
  404   246
  405  3296
  406  1602
  407  4648
  408  2916
  409  1232
  410  4277
  411  2550
  412   856
  413  3899
  414  2188
  415   496
  416  3552
  417  1823
  418   123
  419  3187
  420  1488
  421  4507
  422  2799
  423  1122
  424  4157
  425  2441
  426   728
  427  3821
  428  2095
  429   375
  430  3445
  431  1713
  432    41
  433  3056
  434  1375
  435  4397
  436  2688
  437  1018
  438  4058
  439  2348
  440   645
  441  3698
  442  1962
  443   278
  444  3340
  445  1595
  446  4652
  447  2954
  448  1272
  449  4316
  450  2606
  451   872
  452  3965
  453  2218
  454   553
  455  3593
  456  1868
  457   188
  458  3236
  459  1520
  460  4556
  461  2873
  462  1146
  463  4170
  464  2505
  465   772
  466  3809
  467  2119
  468   413
  469  3474
  470  1784
  471    34
  472  3115
  473  1402
  474  4428
  475  2736
  476  1025
  477  4089
  478  2399
  479   652
  480  3703
  481  1991
  482   300
  483  3337
  484  1630
  485  4721
  486  3012
  487  1277
  488  4351
  489  2649
  490   923
  491  3980
  492  2268
  493   567
  494  3609
  495  1903
  496   185
  497  3231
  498  1547
  499  4610
  500  2908
  501  1199
  502  4203
  503  2511
  504   811
  505  3879
  506  2164
  507   457
  508  3522
  509  1788
  510    72
  511  3147
  512  1437
  513  4470
  514  2769
  515  1056
  516  4099
  517  2424
  518   705
  519  3756
  520  2065
  521   346
  522  3404
  523  1672
  524  4730
  525  3018
  526  1322
  527  4391
  528  2665
  529   969
  530  4014
  531  2312
  532   600
  533  3631
  534  1936
  535   233
  536  3292
  537  1555
  538  4632
  539  2937
  540  1197
  541  4268
  542  2571
  543   866
  544  3915
  545  2193
  546   506
  547  3545
  548  1834
  549   114
  550  3174
  551  1442
  552  4525
  553  2784
  554  1080
  555  4153
  556  2437
  557   717
  558  3783
  559  2106
  560   376
  561  3418
  562  1707
  563    26
  564  3083
  565  1362
  566  4402
  567  2706
  568  1003
  569  4055
  570  2355
  571   635
  572  3662
  573  1952
  574   241
  575  3299
  576  1610
  577  4638
  578  2930
  579  1255
  580  4296
  581  2570
  582   865
  583  3931
  584  2213
  585   507
  586  3564
  587  1863
  588   136
  589  3179
  590  1485
  591  4542
  592  2843
  593  1115
  594  4188
  595  2461
  596   768
  597  3803
  598  2121
  599   418
  600  3442
  601  1740
  602    14
  603  3090
  604  1377
  605  4417
  606  2710
  607  1024
  608  4060
  609  2370
  610   637
  611  3686
  612  2011
  613   282
  614  3356
  615  1629
  616  4705
  617  2996
  618  1261
  619  4345
  620  2626
  621   919
  622  3946
  623  2263
  624   528
  625  3614
  626  1887
  627   208
  628  3228
  629  1549
  630  4580
  631  2859
  632  1144
  633  4211
  634  2524
  635   825
  636  3832
  637  2145
  638   427
  639  3500
  640  1799
  641    62
  642  3143
  643  1390
  644  4456
  645  2782
  646  1065
  647  4112
  648  2393
  649   672
  650  3727
  651  2038
  652   339
  653  3354
  654  1686
  655  4701
  656  3025
  657  1323
  658  4353
  659  2651
  660   952
  661  3983
  662  2307
  663   607
  664  3648
  665  1918
  666   206
  667  3285
  668  1551
  669  4611
  670  2910
  671  1177
  672  4250
  673  2538
  674   815
  675  3893
  676  2199
  677   488
  678  3512
  679  1806
  680   119
  681  3172
  682  1475
  683  4524
  684  2809
  685  1087
  686  4127
  687  2428
  688   718
  689  3798
  690  2051
  691   373
  692  3403
  693  1711
  694  4741
  695  3069
  696  1363
  697  4379
  698  2670
  699   992
  700  4006
  701  2318
  702   611
  703  3646
  704  1945
  705   240
  706  3277
  707  1605
  708  4653
  709  2917
  710  1233
  711  4278
  712  2572
  713   849
  714  3916
  715  2196
  716   521
  717  3557
  718  1871
  719   158
  720  3206
  721  1487
  722  4553
  723  2851
  724  1126
  725  4163
  726  2454
  727   745
  728  3816
  729  2087
  730   414
  731  3427
  732  1759
  733    51
  734  3061
  735  1358
  736  4440
  737  2703
  738  1008
  739  4041
  740  2364
  741   657
  742  3673
  743  1972
  744   290
  745  3325
  746  1636
  747  4688
  748  2985
  749  1246
  750  4305
  751  2614
  752   900
  753  3971
  754  2249
  755   534
  756  3595
  757  1878
  758   168
  759  3207
  760  1521
  761  4575
  762  2884
  763  1142
  764  4210
  765  2488
  766   765
  767  3858
  768  2136
  769   420
  770  3488
  771  1764
  772    60
  773  3119
  774  1425
  775  4473
  776  2767
  777  1055
  778  4109
  779  2367
  780   665
  781  3713
  782  2025
  783   329
  784  3385
  785  1666
  786  4728
  787  3017
  788  1320
  789  4363
  790  2664
  791   943
  792  3967
  793  2296
  794   569
  795  3601
  796  1900
  797   212
  798  3249
  799  1572
  800  4591
  801  2877
  802  1211
  803  4232
  804  2548
  805   813
  806  3852
  807  2146
  808   459
  809  3519
  810  1791
  811    78
  812  3161
  813  1434
  814  4484
  815  2796
  816  1073
  817  4136
  818  2400
  819   711
  820  3771
  821  2034
  822   370
  823  3406
  824  1669
  825  4737
  826  3055
  827  1336
  828  4366
  829  2652
  830   951
  831  4025
  832  2304
  833   585
  834  3644
  835  1944
  836   251
  837  3293
  838  1577
  839  4634
  840  2943
  841  1243
  842  4245
  843  2563
  844   848
  845  3902
  846  2187
  847   469
  848  3537
  849  1850
  850   130
  851  3166
  852  1459
  853  4546
  854  2803
  855  1117
  856  4138
  857  2429
  858   757
  859  3782
  860  2108
  861   390
  862  3439
  863  1715
  864    38
  865  3089
  866  1364
  867  4430
  868  2695
  869   990
  870  4029
  871  2341
  872   647
  873  3696
  874  1981
  875   267
  876  3324
  877  1606
  878  4666
  879  2960
  880  1268
  881  4318
  882  2603
  883   890
  884  3947
  885  2247
  886   517
  887  3560
  888  1881
  889   177
  890  3185
  891  1516
  892  4534
  893  2856
  894  1129
  895  4182
  896  2476
  897   781
  898  3849
  899  2120
  900   410
  901  3454
  902  1767
  903    67
  904  3121
  905  1374
  906  4437
  907  2728
  908  1028
  909  4087
  910  2373
  911   684
  912  3732
  913  2003
  914   325
  915  3351
  916  1667
  917  4671
  918  3008
  919  1301
  920  4335
  921  2633
  922   931
  923  3997
  924  2282
  925   560
  926  3613
  927  1899
  928   216
  929  3265
  930  1534
  931  4573
  932  2882
  933  1163
  934  4239
  935  2512
  936   809
  937  3855
  938  2150
  939   441
  940  3479
  941  1803
  942    85
  943  3139
  944  1440
  945  4465
  946  2752
  947  1044
  948  4128
  949  2431
  950   720
  951  3768
  952  2059
  953   349
  954  3401
  955  1702
  956  4713
  957  3046
  958  1329
  959  4364
  960  2671
  961   962
  962  4017
  963  2308
  964   578
  965  3661
  966  1916
  967   239
  968  3264
  969  1570
  970  4625
  971  2892
  972  1196
  973  4244
  974  2562
  975   847
  976  3871
  977  2206
  978   462
  979  3538
  980  1837
  981   113
  982  3155
  983  1476
  984  4509
  985  2792
  986  1096
  987  4166
  988  2430
  989   721
  990  3781
  991  2082
  992   365
  993  3396
  994  1716
  995  4755
  996  3048
  997  1353
  998  4405
  999  2704
 1000   972
 1001  4040
 1002  2337
 1003   641
 1004  3679
 1005  1966
 1006   279
 1007  3300
 1008  1608
 1009  4659
 1010  2959
 1011  1239
 1012  4304
 1013  2594
 1014   878
 1015  3922
 1016  2217
 1017   500
 1018  3544
 1019  1849
 1020   160
 1021  3186
 1022  1505
 1023  4552
 1024  2834
 1025  1120
 1026  4185
 1027  2495
 1028   755
 1029  3830
 1030  2129
 1031   380
 1032  3451
 1033  1735
 1034    18
 1035  3086
 1036  1400
 1037  4459
 1038  2741
 1039  1032
 1040  4085
 1041  2340
 1042   678
 1043  3690
 1044  2010
 1045   305
 1046  3348
 1047  1659
 1048  4658
 1049  2966
 1050  1271
 1051  4338
 1052  2628
 1053   916
 1054  3974
 1055  2251
 1056   558
 1057  3571
 1058  1905
 1059   170
 1060  3220
 1061  1503
 1062  4578
 1063  2886
 1064  1179
 1065  4196
 1066  2484
 1067   799
 1068  3846
 1069  2137
 1070   429
 1071  3498
 1072  1776
 1073    93
 1074  3125
 1075  1396
 1076  4476
 1077  2750
 1078  1057
 1079  4118
 1080  2391
 1081   699
 1082  3760
 1083  2019
 1084   347
 1085  3372
 1086  1655
 1087  4740
 1088  3026
 1089  1319
 1090  4378
 1091  2638
 1092   936
 1093  3991
 1094  2278
 1095   571
 1096  3640
 1097  1923
 1098   204
 1099  3258
 1100  1540
 1101  4593
 1102  2919
 1103  1200
 1104  4265
 1105  2531
 1106   818
 1107  3890
 1108  2175
 1109   473
 1110  3497
 1111  1815
 1112    87
 1113  3142
 1114  1463
 1115  4481
 1116  2805
 1117  1067
 1118  4110
 1119  2410
 1120   726
 1121  3766
 1122  2070
 1123   366
 1124  3408
 1125  1708
 1126     4
 1127  3054
 1128  1346
 1129  4387
 1130  2687
 1131   957
 1132  4047
 1133  2322
 1134   609
 1135  3668
 1136  1974
 1137   269
 1138  3286
 1139  1576
 1140  4623
 1141  2955
 1142  1238
 1143  4274
 1144  2552
 1145   884
 1146  3896
 1147  2203
 1148   491
 1149  3562
 1150  1866
 1151   120
 1152  3201
 1153  1467
 1154  4545
 1155  2832
 1156  1135
 1157  4186
 1158  2463
 1159   737
 1160  3823
 1161  2083
 1162   382
 1163  3460
 1164  1742
 1165     3
 1166  3082
 1167  1370
 1168  4434
 1169  2708
 1170  1002
 1171  4063
 1172  2350
 1173   636
 1174  3682
 1175  1988
 1176   297
 1177  3314
 1178  1641
 1179  4684
 1180  2962
 1181  1273
 1182  4333
 1183  2618
 1184   924
 1185  3930
 1186  2242
 1187   538
 1188  3591
 1189  1856
 1190   155
 1191  3238
 1192  1532
 1193  4547
 1194  2847
 1195  1134
 1196  4215
 1197  2483
 1198   790
 1199  3847
 1200  2118
 1201   425
 1202  3462
 1203  1781
 1204    50
 1205  3122
 1206  1424
 1207  4446
 1208  2760
 1209  1036
 1210  4069
 1211  2389
 1212   680
 1213  3707
 1214  2029
 1215   324
 1216  3362
 1217  1658
 1218  4707
 1219  2970
 1220  1285
 1221  4322
 1222  2655
 1223   946
 1224  3966
 1225  2270
 1226   556
 1227  3633
 1228  1908
 1229   231
 1230  3256
 1231  1566
 1232  4594
 1233  2876
 1234  1185
 1235  4219
 1236  2530
 1237   820
 1238  3865
 1239  2162
 1240   452
 1241  3521
 1242  1790
 1243   102
 1244  3149
 1245  1417
 1246  4493
 1247  2765
 1248  1082
 1249  4131
 1250  2404
 1251   709
 1252  3748
 1253  2071
 1254   350
 1255  3415
 1256  1692
 1257  4750
 1258  3049
 1259  1339
 1260  4365
 1261  2674
 1262   986
 1263  4005
 1264  2314
 1265   599
 1266  3659
 1267  1934
 1268   253
 1269  3291
 1270  1554
 1271  4621
 1272  2929
 1273  1204
 1274  4263
 1275  2574
 1276   842
 1277  3905
 1278  2183
 1279   497
 1280  3526
 1281  1831
 1282   138
 1283  3178
 1284  1474
 1285  4535
 1286  2808
 1287  1114
 1288  4158
 1289  2459
 1290   743
 1291  3791
 1292  2080
 1293   407
 1294  3430
 1295  1719
 1296    33
 1297  3058
 1298  1352
 1299  4410
 1300  2707
 1301  1013
 1302  4038
 1303  2333
 1304   650
 1305  3693
 1306  1963
 1307   254
 1308  3305
 1309  1616
 1310  4644
 1311  2973
 1312  1259
 1313  4279
 1314  2598
 1315   873
 1316  3932
 1317  2232
 1318   523
 1319  3580
 1320  1847
 1321   171
 1322  3191
 1323  1514
 1324  4557
 1325  2844
 1326  1156
 1327  4193
 1328  2500
 1329   798
 1330  3843
 1331  2124
 1332   408
 1333  3475
 1334  1755
 1335    48
 1336  3084
 1337  1389
 1338  4460
 1339  2720
 1340  1030
 1341  4082
 1342  2351
 1343   673
 1344  3714
 1345  2012
 1346   294
 1347  3359
 1348  1662
 1349  4674
 1350  3006
 1351  1278
 1352  4323
 1353  2615
 1354   937
 1355  3969
 1356  2254
 1357   550
 1358  3616
 1359  1897
 1360   186
 1361  3253
 1362  1511
 1363  4581
 1364  2897
 1365  1173
 1366  4235
 1367  2518
 1368   806
 1369  3837
 1370  2135
 1371   467
 1372  3491
 1373  1772
 1374    97
 1375  3131
 1376  1443
 1377  4463
 1378  2771
 1379  1077
 1380  4107
 1381  2392
 1382   689
 1383  3734
 1384  2048
 1385   353
 1386  3399
 1387  1674
 1388  4749
 1389  3029
 1390  1335
 1391  4381
 1392  2641
 1393   958
 1394  4021
 1395  2305
 1396   601
 1397  3650
 1398  1948
 1399   245
 1400  3283
 1401  1582
 1402  4615
 1403  2896
 1404  1195
 1405  4269
 1406  2551
 1407   830
 1408  3884
 1409  2186
 1410   479
 1411  3532
 1412  1839
 1413   111
 1414  3175
 1415  1461
 1416  4491
 1417  2804
 1418  1113
 1419  4135
 1420  2423
 1421   724
 1422  3778
 1423  2053
 1424   348
 1425  3429
 1426  1723
 1427    12
 1428  3057
 1429  1348
 1430  4407
 1431  2700
 1432  1004
 1433  4030
 1434  2316
 1435   604
 1436  3656
 1437  1975
 1438   273
 1439  3303
 1440  1603
 1441  4639
 1442  2952
 1443  1222
 1444  4260
 1445  2566
 1446   885
 1447  3913
 1448  2220
 1449   495
 1450  3565
 1451  1836
 1452   146
 1453  3195
 1454  1478
 1455  4521
 1456  2828
 1457  1124
 1458  4181
 1459  2462
 1460   744
 1461  3811
 1462  2098
 1463   406
 1464  3463
 1465  1726
 1466    21
 1467  3081
 1468  1378
 1469  4439
 1470  2724
 1471  1042
 1472  4056
 1473  2356
 1474   667
 1475  3694
 1476  2005
 1477   284
 1478  3334
 1479  1642
 1480  4667
 1481  2981
 1482  1283
 1483  4331
 1484  2634
 1485   914
 1486  3948
 1487  2239
 1488   536
 1489  3581
 1490  1873
 1491   181
 1492  3215
 1493  1506
 1494  4577
 1495  2861
 1496  1167
 1497  4225
 1498  2498
 1499   817
 1500  3853
 1501  2131
 1502   433
 1503  3495
 1504  1800
 1505    83
 1506  3107
 1507  1410
 1508  4442
 1509  2762
 1510  1050
 1511  4121
 1512  2390
 1513   674
 1514  3747
 1515  2047
 1516   302
 1517  3391
 1518  1665
 1519  4734
 1520  3031
 1521  1317
 1522  4355
 1523  2625
 1524   918
 1525  3999
 1526  2297
 1527   586
 1528  3636
 1529  1924
 1530   200
 1531  3237
 1532  1571
 1533  4624
 1534  2881
 1535  1219
 1536  4230
 1537  2523
 1538   819
 1539  3888
 1540  2200
 1541   458
 1542  3527
 1543  1822
 1544   110
 1545  3156
 1546  1460
 1547  4485
 1548  2802
 1549  1088
 1550  4149
 1551  2439
 1552   735
 1553  3788
 1554  2088
 1555   357
 1556  3412
 1557  1706
 1558  4743
 1559  3045
 1560  1328
 1561  4392
 1562  2661
 1563   967
 1564  4035
 1565  2324
 1566   606
 1567  3647
 1568  1968
 1569   252
 1570  3295
 1571  1593
 1572  4636
 1573  2950
 1574  1242
 1575  4271
 1576  2573
 1577   870
 1578  3927
 1579  2208
 1580   513
 1581  3536
 1582  1855
 1583   122
 1584  3199
 1585  1489
 1586  4530
 1587  2817
 1588  1092
 1589  4155
 1590  2479
 1591   775
 1592  3826
 1593  2079
 1594   415
 1595  3446
 1596  1722
 1597    10
 1598  3052
 1599  1384
 1600  4426
 1601  2712
 1602   998
 1603  4043
 1604  2338
 1605   666
 1606  3692
 1607  1961
 1608   271
 1609  3307
 1610  1643
 1611  4682
 1612  2944
 1613  1266
 1614  4312
 1615  2577
 1616   888
 1617  3944
 1618  2235
 1619   542
 1620  3589
 1621  1880
 1622   196
 1623  3219
 1624  1484
 1625  4563
 1626  2863
 1627  1128
 1628  4218
 1629  2481
 1630   767
 1631  3836
 1632  2149
 1633   432
 1634  3472
 1635  1744
 1636    45
 1637  3126
 1638  1419
 1639  4475
 1640  2747
 1641  1017
 1642  4078
 1643  2360
 1644   690
 1645  3744
 1646  2030
 1647   322
 1648  3342
 1649  1644
 1650  4686
 1651  2977
 1652  1305
 1653  4336
 1654  2644
 1655   949
 1656  3962
 1657  2250
 1658   541
 1659  3612
 1660  1913
 1661   203
 1662  3272
 1663  1560
 1664  4597
 1665  2874
 1666  1157
 1667  4252
 1668  2510
 1669   829
 1670  3887
 1671  2181
 1672   446
 1673  3529
 1674  1789
 1675    79
 1676  3138
 1677  1448
 1678  4501
 1679  2786
 1680  1052
 1681  4124
 1682  2405
 1683   708
 1684  3773
 1685  2054
 1686   333
 1687  3371
 1688  1712
 1689  4715
 1690  3043
 1691  1343
 1692  4361
 1693  2653
 1694   970
 1695  3990
 1696  2320
 1697   623
 1698  3626
 1699  1926
 1700   255
 1701  3289
 1702  1578
 1703  4607
 1704  2906
 1705  1214
 1706  4287
 1707  2543
 1708   835
 1709  3909
 1710  2178
 1711   470
 1712  3511
 1713  1818
 1714   145
 1715  3151
 1716  1482
 1717  4529
 1718  2810
 1719  1112
 1720  4140
 1721  2452
 1722   722
 1723  3800
 1724  2102
 1725   369
 1726  3425
 1727  1721
 1728    30
 1729  3037
 1730  1340
 1731  4393
 1732  2716
 1733   978
 1734  4053
 1735  2325
 1736   655
 1737  3691
 1738  1982
 1739   288
 1740  3333
 1741  1623
 1742  4656
 1743  2946
 1744  1252
 1745  4284
 1746  2596
 1747   893
 1748  3919
 1749  2212
 1750   529
 1751  3554
 1752  1862
 1753   164
 1754  3193
 1755  1510
 1756  4536
 1757  2831
 1758  1140
 1759  4200
 1760  2466
 1761   762
 1762  3835
 1763  2127
 1764   405
 1765  3455
 1766  1741
 1767    24
 1768  3095
 1769  1367
 1770  4419
 1771  2711
 1772  1034
 1773  4079
 1774  2375
 1775   660
 1776  3695
 1777  2020
 1778   312
 1779  3331
 1780  1657
 1781  4679
 1782  3005
 1783  1257
 1784  4311
 1785  2643
 1786   894
 1787  3987
 1788  2264
 1789   539
 1790  3620
 1791  1895
 1792   217
 1793  3244
 1794  1541
 1795  4587
 1796  2872
 1797  1194
 1798  4228
 1799  2520
 1800   803
 1801  3857
 1802  2172
 1803   451
 1804  3503
 1805  1795
 1806    64
 1807  3124
 1808  1446
 1809  4461
 1810  2753
 1811  1064
 1812  4093
 1813  2401
 1814   713
 1815  3746
 1816  2043
 1817   303
 1818  3394
 1819  1651
 1820  4735
 1821  3010
 1822  1289
 1823  4349
 1824  2658
 1825   947
 1826  3981
 1827  2303
 1828   579
 1829  3637
 1830  1929
 1831   209
 1832  3254
 1833  1548
 1834  4606
 1835  2898
 1836  1192
 1837  4246
 1838  2537
 1839   860
 1840  3892
 1841  2201
 1842   493
 1843  3523
 1844  1796
 1845   107
 1846  3157
 1847  1451
 1848  4517
 1849  2814
 1850  1084
 1851  4151
 1852  2415
 1853   727
 1854  3774
 1855  2084
 1856   385
 1857  3411
 1858  1734
 1859  4748
 1860  3030
 1861  1341
 1862  4412
 1863  2697
 1864   974
 1865  4016
 1866  2344
 1867   617
 1868  3669
 1869  1946
 1870   265
 1871  3306
 1872  1600
 1873  4660
 1874  2938
 1875  1250
 1876  4272
 1877  2583
 1878   857
 1879  3904
 1880  2222
 1881   494
 1882  3547
 1883  1870
 1884   129
 1885  3208
 1886  1494
 1887  4532
 1888  2821
 1889  1127
 1890  4178
 1891  2496
 1892   778
 1893  3795
 1894  2104
 1895   422
 1896  3433
 1897  1765
 1898    25
 1899  3078
 1900  1355
 1901  4429
 1902  2701
 1903  1006
 1904  4071
 1905  2365
 1906   661
 1907  3697
 1908  2002
 1909   306
 1910  3322
 1911  1624
 1912  4677
 1913  2958
 1914  1254
 1915  4321
 1916  2585
 1917   910
 1918  3975
 1919  2225
 1920   524
 1921  3592
 1922  1894
 1923   201
 1924  3202
 1925  1509
 1926  4574
 1927  2887
 1928  1152
 1929  4205
 1930  2502
 1931   783
 1932  3827
 1933  2123
 1934   435
 1935  3490
 1936  1777
 1937    70
 1938  3137
 1939  1422
 1940  4469
 1941  2733
 1942  1043
 1943  4073
 1944  2387
 1945   700
 1946  3737
 1947  2028
 1948   314
 1949  3360
 1950  1680
 1951  4729
 1952  2975
 1953  1314
 1954  4325
 1955  2660
 1956   944
 1957  4004
 1958  2267
 1959   552
 1960  3628
 1961  1927
 1962   199
 1963  3259
 1964  1562
 1965  4602
 1966  2888
 1967  1191
 1968  4240
 1969  2514
 1970   823
 1971  3886
 1972  2176
 1973   447
 1974  3506
 1975  1826
 1976   127
 1977  3168
 1978  1452
 1979  4489
 1980  2800
 1981  1069
 1982  4133
 1983  2421
 1984   694
 1985  3757
 1986  2045
 1987   351
 1988  3413
 1989  1705
 1990     6
 1991  3032
 1992  1306
 1993  4399
 1994  2679
 1995   984
 1996  4031
 1997  2329
 1998   602
 1999  3671
 2000  1954
 2001   235
 2002  3302
 2003  1567
 2004  4649
 2005  2940
 2006  1245
 2007  4267
 2008  2553
 2009   858
 2010  3908
 2011  2215
 2012   480
 2013  3548
 2014  1848
 2015   126
 2016  3196
 2017  1468
 2018  4518
 2019  2791
 2020  1099
 2021  4173
 2022  2446
 2023   766
 2024  3779
 2025  2075
 2026   384
 2027  3436
 2028  1754
 2029    20
 2030  3073
 2031  1351
 2032  4416
 2033  2714
 2034   994
 2035  4064
 2036  2326
 2037   648
 2038  3704
 2039  1978
 2040   280
 2041  3349
 2042  1599
 2043  4678
 2044  2964
 2045  1253
 2046  4300
 2047  2586
 2048   909
 2049  3963
 2050  2227
 2051   547
 2052  3585
 2053  1858
 2054   174
 2055  3198
 2056  1492
 2057  4533
 2058  2878
 2059  1168
 2060  4168
 2061  2478
 2062   791
 2063  3825
 2064  2128
 2065   440
 2066  3449
 2067  1756
 2068    31
 2069  3079
 2070  1418
 2071  4447
 2072  2737
 2073  1047
 2074  4090
 2075  2381
 2076   659
 2077  3738
 2078  2037
 2079   319
 2080  3363
 2081  1631
 2082  4716
 2083  2989
 2084  1276
 2085  4352
 2086  2639
 2087   905
 2088  3960
 2089  2271
 2090   575
 2091  3596
 2092  1921
 2093   220
 2094  3242
 2095  1550
 2096  4599
 2097  2868
 2098  1186
 2099  4238
 2100  2540
 2101   839
 2102  3860
 2103  2138
 2104   438
 2105  3476
 2106  1785
 2107   104
 2108  3123
 2109  1427
 2110  4464
 2111  2761
 2112  1063
 2113  4113
 2114  2409
 2115   706
 2116  3749
 2117  2042
 2118   363
 2119  3377
 2120  1679
 2121  4732
 2122  3033
 2123  1290
 2124  4359
 2125  2676
 2126   960
 2127  4015
 2128  2279
 2129   591
 2130  3638
 2131  1917
 2132   215
 2133  3287
 2134  1557
 2135  4647
 2136  2936
 2137  1221
 2138  4254
 2139  2559
 2140   824
 2141  3910
 2142  2174
 2143   499
 2144  3546
 2145  1844
 2146   109
 2147  3171
 2148  1453
 2149  4522
 2150  2815
 2151  1108
 2152  4159
 2153  2436
 2154   751
 2155  3806
 2156  2069
 2157   379
 2158  3416
 2159  1725
 2160    27
 2161  3060
 2162  1371
 2163  4422
 2164  2672
 2165   999
 2166  4019
 2167  2317
 2168   610
 2169  3687
 2170  1965
 2171   274
 2172  3315
 2173  1628
 2174  4633
 2175  2957
 2176  1247
 2177  4286
 2178  2593
 2179   874
 2180  3903
 2181  2241
 2182   533
 2183  3566
 2184  1875
 2185   157
 2186  3197
 2187  1507
 2188  4558
 2189  2819
 2190  1119
 2191  4156
 2192  2487
 2193   776
 2194  3829
 2195  2130
 2196   401
 2197  3435
 2198  1730
 2199    61
 2200  3104
 2201  1383
 2202  4433
 2203  2748
 2204  1038
 2205  4077
 2206  2352
 2207   649
 2208  3725
 2209  1977
 2210   283
 2211  3345
 2212  1645
 2213  4683
 2214  3002
 2215  1279
 2216  4344
 2217  2624
 2218   903
 2219  3959
 2220  2277
 2221   532
 2222  3622
 2223  1891
 2224   189
 2225  3227
 2226  1528
 2227  4595
 2228  2889
 2229  1153
 2230  4220
 2231  2525
 2232   802
 2233  3838
 2234  2159
 2235   434
 2236  3508
 2237  1761
 2238    76
 2239  3116
 2240  1392
 2241  4457
 2242  2772
 2243  1054
 2244  4122
 2245  2408
 2246   682
 2247  3761
 2248  2036
 2249   309
 2250  3392
 2251  1675
 2252  4725
 2253  2986
 2254  1302
 2255  4371
 2256  2667
 2257   939
 2258  3982
 2259  2301
 2260   603
 2261  3625
 2262  1910
 2263   219
 2264  3271
 2265  1563
 2266  4598
 2267  2901
 2268  1188
 2269  4270
 2270  2526
 2271   840
 2272  3898
 2273  2168
 2274   456
 2275  3514
 2276  1801
 2277   103
 2278  3176
 2279  1438
 2280  4504
 2281  2768
 2282  1103
 2283  4114
 2284  2455
 2285   731
 2286  3770
 2287  2055
 2288   372
 2289  3387
 2290  1691
 2291     1
 2292  3042
 2293  1331
 2294  4372
 2295  2694
 2296  1007
 2297  4052
 2298  2330
 2299   624
 2300  3642
 2301  1958
 2302   257
 2303  3310
 2304  1598
 2305  4640
 2306  2927
 2307  1230
 2308  4283
 2309  2558
 2310   869
 2311  3897
 2312  2226
 2313   492
 2314  3568
 2315  1857
 2316   153
 2317  3169
 2318  1465
 2319  4548
 2320  2812
 2321  1131
 2322  4175
 2323  2465
 2324   763
 2325  3824
 2326  2109
 2327   394
 2328  3447
 2329  1757
 2330    28
 2331  3077
 2332  1379
 2333  4413
 2334  2735
 2335  1014
 2336  4049
 2337  2334
 2338   656
 2339  3701
 2340  1999
 2341   285
 2342  3352
 2343  1604
 2344  4689
 2345  2971
 2346  1267
 2347  4314
 2348  2589
 2349   906
 2350  3949
 2351  2262
 2352   551
 2353  3600
 2354  1865
 2355   161
 2356  3247
 2357  1515
 2358  4570
 2359  2862
 2360  1141
 2361  4187
 2362  2508
 2363   808
 2364  3839
 2365  2114
 2366   437
 2367  3487
 2368  1751
 2369    57
 2370  3118
 2371  1429
 2372  4482
 2373  2746
 2374  1033
 2375  4076
 2376  2385
 2377   675
 2378  3722
 2379  2014
 2380   326
 2381  3380
 2382  1646
 2383  4717
 2384  2979
 2385  1310
 2386  4356
 2387  2645
 2388   930
 2389  3972
 2390  2284
 2391   566
 2392  3618
 2393  1931
 2394   197
 2395  3240
 2396  1545
 2397  4586
 2398  2895
 2399  1207
 2400  4257
 2401  2506
 2402   826
 2403  3883
 2404  2147
 2405   482
 2406  3486
 2407  1792
 2408    95
 2409  3136
 2410  1444
 2411  4490
 2412  2797
 2413  1089
 2414  4125
 2415  2403
 2416   707
 2417  3776
 2418  2061
 2419   341
 2420  3417
 2421  1701
 2422  4744
 2423  3020
 2424  1337
 2425  4367
 2426  2650
 2427   948
 2428  4024
 2429  2332
 2430   597
 2431  3649
 2432  1940
 2433   260
 2434  3312
 2435  1584
 2436  4613
 2437  2933
 2438  1203
 2439  4266
 2440  2575
 2441   846
 2442  3889
 2443  2185
 2444   502
 2445  3558
 2446  1842
 2447   128
 2448  3194
 2449  1490
 2450  4508
 2451  2826
 2452  1107
 2453  4150
 2454  2457
 2455   759
 2456  3784
 2457  2073
 2458   361
 2459  3424
 2460  1736
 2461    32
 2462  3094
 2463  1365
 2464  4408
 2465  2718
 2466   993
 2467  4044
 2468  2362
 2469   630
 2470  3663
 2471  1998
 2472   250
 2473  3339
 2474  1601
 2475  4675
 2476  2945
 2477  1241
 2478  4282
 2479  2597
 2480   880
 2481  3921
 2482  2219
 2483   549
 2484  3583
 2485  1882
 2486   162
 2487  3230
 2488  1501
 2489  4550
 2490  2842
 2491  1159
 2492  4172
 2493  2475
 2494   769
 2495  3808
 2496  2111
 2497   402
 2498  3465
 2499  1769
 2500    74
 2501  3085
 2502  1415
 2503  4421
 2504  2723
 2505  1029
 2506  4098
 2507  2397
 2508   670
 2509  3730
 2510  1989
 2511   315
 2512  3343
 2513  1663
 2514  4700
 2515  3000
 2516  1291
 2517  4315
 2518  2631
 2519   907
 2520  3957
 2521  2253
 2522   565
 2523  3623
 2524  1885
 2525   187
 2526  3252
 2527  1544
 2528  4601
 2529  2867
 2530  1158
 2531  4227
 2532  2522
 2533   801
 2534  3875
 2535  2153
 2536   431
 2537  3481
 2538  1783
 2539    80
 2540  3113
 2541  1407
 2542  4472
 2543  2776
 2544  1078
 2545  4104
 2546  2411
 2547   703
 2548  3775
 2549  2027
 2550   342
 2551  3388
 2552  1703
 2553  4742
 2554  3027
 2555  1295
 2556  4354
 2557  2654
 2558   945
 2559  4000
 2560  2288
 2561   612
 2562  3654
 2563  1911
 2564   218
 2565  3284
 2566  1579
 2567  4630
 2568  2921
 2569  1226
 2570  4276
 2571  2567
 2572   867
 2573  3917
 2574  2170
 2575   471
 2576  3535
 2577  1825
 2578   117
 2579  3145
 2580  1462
 2581  4514
 2582  2818
 2583  1106
 2584  4141
 2585  2427
 2586   733
 2587  3765
 2588  2093
 2589   345
 2590  3409
 2591  1727
 2592    23
 2593  3038
 2594  1361
 2595  4403
 2596  2682
 2597   964
 2598  4032
 2599  2310
 2600   614
 2601  3683
 2602  1983
 2603   261
 2604  3298
 2605  1589
 2606  4651
 2607  2928
 2608  1237
 2609  4290
 2610  2590
 2611   895
 2612  3940
 2613  2223
 2614   505
 2615  3541
 2616  1841
 2617   151
 2618  3200
 2619  1504
 2620  4537
 2621  2852
 2622  1150
 2623  4164
 2624  2456
 2625   785
 2626  3822
 2627  2092
 2628   399
 2629  3456
 2630  1763
 2631    40
 2632  3109
 2633  1397
 2634  4448
 2635  2744
 2636  1041
 2637  4074
 2638  2378
 2639   634
 2640  3708
 2641  1985
 2642   298
 2643  3355
 2644  1638
 2645  4687
 2646  2998
 2647  1260
 2648  4332
 2649  2611
 2650   915
 2651  3978
 2652  2245
 2653   527
 2654  3574
 2655  1889
 2656   163
 2657  3216
 2658  1502
 2659  4554
 2660  2858
 2661  1169
 2662  4212
 2663  2528
 2664   800
 2665  3859
 2666  2142
 2667   419
 2668  3466
 2669  1786
 2670    88
 2671  3111
 2672  1394
 2673  4454
 2674  2754
 2675  1039
 2676  4101
 2677  2416
 2678   704
 2679  3729
 2680  2026
 2681   311
 2682  3390
 2683  1652
 2684  4711
 2685  3023
 2686  1315
 2687  4337
 2688  2636
 2689   934
 2690  3986
 2691  2299
 2692   580
 2693  3611
 2694  1941
 2695   227
 2696  3245
 2697  1574
 2698  4592
 2699  2904
 2700  1183
 2701  4247
 2702  2560
 2703   821
 2704  3862
 2705  2192
 2706   468
 2707  3509
 2708  1805
 2709   100
 2710  3158
 2711  1471
 2712  4486
 2713  2780
 2714  1079
 2715  4130
 2716  2451
 2717   734
 2718  3769
 2719  2085
 2720   358
 2721  3423
 2722  1699
 2723  4738
 2724  3053
 2725  1327
 2726  4375
 2727  2692
 2728   977
 2729  4036
 2730  2311
 2731   629
 2732  3660
 2733  1970
 2734   248
 2735  3313
 2736  1594
 2737  4616
 2738  2914
 2739  1217
 2740  4291
 2741  2569
 2742   883
 2743  3891
 2744  2228
 2745   490
 2746  3549
 2747  1845
 2748   141
 2749  3173
 2750  1483
 2751  4515
 2752  2801
 2753  1133
 2754  4171
 2755  2442
 2756   753
 2757  3804
 2758  2113
 2759   416
 2760  3461
 2761  1750
 2762    35
 2763  3075
 2764  1357
 2765  4400
 2766  2715
 2767  1019
 2768  4059
 2769  2345
 2770   646
 2771  3705
 2772  1995
 2773   263
 2774  3341
 2775  1633
 2776  4699
 2777  2951
 2778  1275
 2779  4309
 2780  2592
 2781   904
 2782  3976
 2783  2246
 2784   530
 2785  3607
 2786  1883
 2787   173
 2788  3239
 2789  1518
 2790  4568
 2791  2837
 2792  1175
 2793  4217
 2794  2516
 2795   777
 2796  3850
 2797  2110
 2798   442
 2799  3484
 2800  1779
 2801    42
 2802  3103
 2803  1386
 2804  4455
 2805  2758
 2806  1026
 2807  4080
 2808  2384
 2809   701
 2810  3711
 2811  2041
 2812   335
 2813  3353
 2814  1660
 2815  4710
 2816  2983
 2817  1307
 2818  4327
 2819  2635
 2820   908
 2821  3979
 2822  2261
 2823   577
 2824  3610
 2825  1933
 2826   192
 2827  3260
 2828  1536
 2829  4614
 2830  2903
 2831  1176
 2832  4224
 2833  2547
 2834   831
 2835  3880
 2836  2177
 2837   466
 2838  3517
 2839  1797
 2840   118
 2841  3148
 2842  1436
 2843  4494
 2844  2793
 2845  1070
 2846  4106
 2847  2433
 2848   715
 2849  3743
 2850  2076
 2851   336
 2852  3421
 2853  1697
 2854  4722
 2855  3050
 2856  1321
 2857  4374
 2858  2668
 2859   961
 2860  4013
 2861  2283
 2862   596
 2863  3627
 2864  1925
 2865   244
 2866  3267
 2867  1556
 2868  4628
 2869  2926
 2870  1205
 2871  4262
 2872  2554
 2873   832
 2874  3920
 2875  2191
 2876   464
 2877  3530
 2878  1832
 2879   131
 2880  3192
 2881  1469
 2882  4540
 2883  2807
 2884  1118
 2885  4161
 2886  2472
 2887   754
 2888  3787
 2889  2072
 2890   386
 2891  3410
 2892  1717
 2893  4751
 2894  3059
 2895  1376
 2896  4401
 2897  2721
 2898   991
 2899  4066
 2900  2346
 2901   613
 2902  3670
 2903  1971
 2904   262
 2905  3332
 2906  1607
 2907  4672
 2908  2965
 2909  1228
 2910  4308
 2911  2607
 2912   898
 2913  3936
 2914  2211
 2915   510
 2916  3579
 2917  1859
 2918   152
 2919  3214
 2920  1513
 2921  4572
 2922  2854
 2923  1151
 2924  4176
 2925  2473
 2926   793
 2927  3845
 2928  2141
 2929   412
 2930  3443
 2931  1738
 2932    69
 2933  3091
 2934  1411
 2935  4449
 2936  2757
 2937  1015
 2938  4057
 2939  2366
 2940   683
 2941  3723
 2942  1992
 2943   313
 2944  3364
 2945  1650
 2946  4676
 2947  3009
 2948  1269
 2949  4329
 2950  2623
 2951   913
 2952  3953
 2953  2272
 2954   555
 2955  3603
 2956  1893
 2957   210
 2958  3218
 2959  1539
 2960  4604
 2961  2866
 2962  1187
 2963  4214
 2964  2504
 2965   807
 2966  3851
 2967  2169
 2968   423
 2969  3485
 2970  1778
 2971   105
 2972  3146
 2973  1441
 2974  4479
 2975  2751
 2976  1046
 2977  4100
 2978  2413
 2979   697
 2980  3751
 2981  2063
 2982   327
 2983  3397
 2984  1668
 2985  4709
 2986  3021
 2987  1298
 2988  4350
 2989  2677
 2990   935
 2991  3984
 2992  2300
 2993   584
 2994  3617
 2995  1955
 2996   221
 2997  3281
 2998  1558
 2999  4618
 3000  2899
 3001  1193
 3002  4241
 3003  2536
 3004   859
 3005  3867
 3006  2167
 3007   501
 3008  3520
 3009  1811
 3010   125
 3011  3163
 3012  1479
 3013  4510
 3014  2822
 3015  1105
 3016  4160
 3017  2458
 3018   716
 3019  3772
 3020  2058
 3021   360
 3022  3398
 3023  1732
 3024    19
 3025  3062
 3026  1349
 3027  4388
 3028  2690
 3029   988
 3030  4050
 3031  2349
 3032   619
 3033  3681
 3034  1967
 3035   249
 3036  3328
 3037  1597
 3038  4664
 3039  2939
 3040  1229
 3041  4292
 3042  2587
 3043   875
 3044  3928
 3045  2207
 3046   512
 3047  3559
 3048  1853
 3049   144
 3050  3204
 3051  1499
 3052  4560
 3053  2841
 3054  1132
 3055  4174
 3056  2474
 3057   756
 3058  3812
 3059  2097
 3060   398
 3061  3437
 3062  1749
 3063    16
 3064  3067
 3065  1373
 3066  4411
 3067  2738
 3068   996
 3069  4072
 3070  2354
 3071   668
 3072  3685
 3073  1994
 3074   276
 3075  3326
 3076  1632
 3077  4690
 3078  2995
 3079  1281
 3080  4317
 3081  2637
 3082   927
 3083  3943
 3084  2259
 3085   568
 3086  3578
 3087  1888
 3088   190
 3089  3250
 3090  1537
 3091  4566
 3092  2880
 3093  1181
 3094  4204
 3095  2482
 3096   796
 3097  3840
 3098  2132
 3099   445
 3100  3470
 3101  1802
 3102    56
 3103  3105
 3104  1403
 3105  4450
 3106  2773
 3107  1076
 3108  4084
 3109  2377
 3110   669
 3111  3740
 3112  2021
 3113   316
 3114  3386
 3115  1676
 3116  4697
 3117  3003
 3118  1324
 3119  4362
 3120  2646
 3121   929
 3122  3989
 3123  2294
 3124   557
 3125  3645
 3126  1922
 3127   234
 3128  3261
 3129  1542
 3130  4585
 3131  2905
 3132  1180
 3133  4221
 3134  2546
 3135   853
 3136  3866
 3137  2158
 3138   485
 3139  3505
 3140  1808
 3141    98
 3142  3134
 3143  1458
 3144  4512
 3145  2788
 3146  1093
 3147  4144
 3148  2440
 3149   738
 3150  3767
 3151  2056
 3152   344
 3153  3402
 3154  1709
 3155  4754
 3156  3024
 3157  1318
 3158  4376
 3159  2691
 3160   953
 3161  4026
 3162  2290
 3163   588
 3164  3676
 3165  1938
 3166   242
 3167  3316
 3168  1592
 3169  4641
 3170  2948
 3171  1244
 3172  4299
 3173  2545
 3174   850
 3175  3933
 3176  2190
 3177   486
 3178  3524
 3179  1830
 3180   121
 3181  3180
 3182  1456
 3183  4527
 3184  2845
 3185  1137
 3186  4169
 3187  2467
 3188   742
 3189  3789
 3190  2078
 3191   377
 3192  3428
 3193  1745
 3194    39
 3195  3072
 3196  1380
 3197  4435
 3198  2693
 3199  1027
 3200  4034
 3201  2361
 3202   638
 3203  3709
 3204  1993
 3205   287
 3206  3329
 3207  1620
 3208  4654
 3209  2963
 3210  1248
 3211  4302
 3212  2595
 3213   902
 3214  3950
 3215  2233
 3216   519
 3217  3561
 3218  1852
 3219   193
 3220  3229
 3221  1523
 3222  4567
 3223  2864
 3224  1164
 3225  4199
 3226  2477
 3227   797
 3228  3817
 3229  2148
 3230   444
 3231  3480
 3232  1752
 3233    77
 3234  3130
 3235  1391
 3236  4474
 3237  2726
 3238  1020
 3239  4086
 3240  2382
 3241   676
 3242  3742
 3243  2022
 3244   292
 3245  3370
 3246  1670
 3247  4702
 3248  2987
 3249  1303
 3250  4357
 3251  2620
 3252   938
 3253  3985
 3254  2276
 3255   545
 3256  3602
 3257  1890
 3258   183
 3259  3241
 3260  1524
 3261  4596
 3262  2912
 3263  1198
 3264  4236
 3265  2539
 3266   833
 3267  3877
 3268  2151
 3269   455
 3270  3502
 3271  1809
 3272    86
 3273  3162
 3274  1428
 3275  4498
 3276  2790
 3277  1090
 3278  4146
 3279  2412
 3280   719
 3281  3764
 3282  2040
 3283   330
 3284  3369
 3285  1695
 3286  4745
 3287  3039
 3288  1296
 3289  4382
 3290  2684
 3291   973
 3292  4007
 3293  2286
 3294   594
 3295  3652
 3296  1959
 3297   228
 3298  3279
 3299  1573
 3300  4645
 3301  2918
 3302  1208
 3303  4259
 3304  2576
 3305   868
 3306  3901
 3307  2197
 3308   489
 3309  3539
 3310  1824
 3311   135
 3312  3188
 3313  1449
 3314  4526
 3315  2785
 3316  1081
 3317  4137
 3318  2438
 3319   747
 3320  3790
 3321  2067
 3322   362
 3323  3444
 3324  1696
 3325     0
 3326  3080
 3327  1347
 3328  4394
 3329  2725
 3330   989
 3331  4045
 3332  2335
 3333   639
 3334  3675
 3335  1986
 3336   275
 3337  3327
 3338  1611
 3339  4669
 3340  2947
 3341  1265
 3342  4293
 3343  2565
 3344   871
 3345  3955
 3346  2205
 3347   515
 3348  3575
 3349  1884
 3350   143
 3351  3190
 3352  1526
 3353  4544
 3354  2823
 3355  1145
 3356  4179
 3357  2471
 3358   771
 3359  3833
 3360  2122
 3361   421
 3362  3459
 3363  1748
 3364    63
 3365  3093
 3366  1408
 3367  4423
 3368  2745
 3369  1040
 3370  4061
 3371  2388
 3372   651
 3373  3715
 3374  1996
 3375   310
 3376  3344
 3377  1639
 3378  4712
 3379  2968
 3380  1284
 3381  4341
 3382  2616
 3383   917
 3384  3951
 3385  2255
 3386   537
 3387  3586
 3388  1902
 3389   175
 3390  3232
 3391  1531
 3392  4562
 3393  2860
 3394  1160
 3395  4201
 3396  2535
 3397   814
 3398  3864
 3399  2133
 3400   460
 3401  3489
 3402  1773
 3403    81
 3404  3132
 3405  1423
 3406  4487
 3407  2764
 3408  1058
 3409  4094
 3410  2418
 3411   693
 3412  3726
 3413  2049
 3414   356
 3415  3357
 3416  1690
 3417  4726
 3418  3011
 3419  1304
 3420  4347
 3421  2656
 3422   965
 3423  4008
 3424  2306
 3425   598
 3426  3634
 3427  1947
 3428   224
 3429  3278
 3430  1580
 3431  4603
 3432  2931
 3433  1201
 3434  4261
 3435  2549
 3436   851
 3437  3869
 3438  2165
 3439   472
 3440  3507
 3441  1838
 3442   133
 3443  3177
 3444  1445
 3445  4503
 3446  2770
 3447  1102
 3448  4142
 3449  2449
 3450   746
 3451  3785
 3452  2077
 3453   374
 3454  3389
 3455  1682
 3456    17
 3457  3040
 3458  1334
 3459  4415
 3460  2698
 3461   959
 3462  4011
 3463  2342
 3464   621
 3465  3680
 3466  1942
 3467   238
 3468  3308
 3469  1609
 3470  4642
 3471  2953
 3472  1223
 3473  4294
 3474  2584
 3475   852
 3476  3912
 3477  2234
 3478   520
 3479  3577
 3480  1867
 3481   139
 3482  3209
 3483  1498
 3484  4538
 3485  2827
 3486  1109
 3487  4183
 3488  2450
 3489   770
 3490  3805
 3491  2099
 3492   395
 3493  3457
 3494  1739
 3495    53
 3496  3076
 3497  1388
 3498  4427
 3499  2729
 3500  1000
 3501  4068
 3502  2380
 3503   658
 3504  3717
 3505  2006
 3506   293
 3507  3336
 3508  1625
 3509  4693
 3510  2990
 3511  1263
 3512  4307
 3513  2617
 3514   881
 3515  3968
 3516  2224
 3517   562
 3518  3582
 3519  1886
 3520   165
 3521  3235
 3522  1517
 3523  4576
 3524  2849
 3525  1147
 3526  4198
 3527  2486
 3528   792
 3529  3861
 3530  2117
 3531   428
 3532  3482
 3533  1771
 3534    71
 3535  3100
 3536  1406
 3537  4444
 3538  2755
 3539  1062
 3540  4111
 3541  2386
 3542   688
 3543  3755
 3544  2016
 3545   321
 3546  3384
 3547  1654
 3548  4733
 3549  2976
 3550  1280
 3551  4324
 3552  2663
 3553   921
 3554  3992
 3555  2292
 3556   581
 3557  3635
 3558  1907
 3559   198
 3560  3282
 3561  1553
 3562  4626
 3563  2911
 3564  1178
 3565  4248
 3566  2534
 3567   834
 3568  3874
 3569  2184
 3570   449
 3571  3494
 3572  1810
 3573    94
 3574  3159
 3575  1447
 3576  4497
 3577  2795
 3578  1068
 3579  4105
 3580  2434
 3581   741
 3582  3763
 3583  2086
 3584   334
 3585  3379
 3586  1718
 3587  4731
 3588  3034
 3589  1308
 3590  4380
 3591  2689
 3592   979
 3593  4010
 3594  2319
 3595   595
 3596  3655
 3597  1951
 3598   236
 3599  3266
 3600  1590
 3601  4617
 3602  2934
 3603  1225
 3604  4256
 3605  2564
 3606   864
 3607  3926
 3608  2194
 3609   483
 3610  3550
 3611  1820
 3612   147
 3613  3189
 3614  1477
 3615  4541
 3616  2836
 3617  1086
 3618  4167
 3619  2443
 3620   774
 3621  3814
 3622  2090
 3623   403
 3624  3441
 3625  1737
 3626    44
 3627  3070
 3628  1359
 3629  4424
 3630  2727
 3631   987
 3632  4054
 3633  2327
 3634   632
 3635  3712
 3636  1990
 3637   264
 3638  3318
 3639  1596
 3640  4661
 3641  2941
 3642  1258
 3643  4295
 3644  2599
 3645   899
 3646  3923
 3647  2221
 3648   540
 3649  3572
 3650  1872
 3651   154
 3652  3221
 3653  1527
 3654  4564
 3655  2838
 3656  1148
 3657  4177
 3658  2489
 3659   764
 3660  3831
 3661  2140
 3662   400
 3663  3478
 3664  1780
 3665    65
 3666  3112
 3667  1404
 3668  4441
 3669  2739
 3670  1060
 3671  4088
 3672  2374
 3673   653
 3674  3731
 3675  2007
 3676   296
 3677  3347
 3678  1640
 3679  4694
 3680  2992
 3681  1299
 3682  4328
 3683  2612
 3684   926
 3685  3993
 3686  2248
 3687   561
 3688  3598
 3689  1896
 3690   182
 3691  3262
 3692  1552
 3693  4579
 3694  2875
 3695  1166
 3696  4202
 3697  2533
 3698   836
 3699  3873
 3700  2179
 3701   443
 3702  3477
 3703  1816
 3704   108
 3705  3129
 3706  1421
 3707  4500
 3708  2789
 3709  1071
 3710  4132
 3711  2396
 3712   729
 3713  3736
 3714  2050
 3715   320
 3716  3374
 3717  1693
 3718  4723
 3719  3028
 3720  1330
 3721  4389
 3722  2659
 3723   941
 3724  4002
 3725  2291
 3726   593
 3727  3629
 3728  1949
 3729   211
 3730  3288
 3731  1591
 3732  4605
 3733  2909
 3734  1213
 3735  4258
 3736  2555
 3737   855
 3738  3882
 3739  2204
 3740   511
 3741  3555
 3742  1819
 3743   137
 3744  3184
 3745  1470
 3746  4513
 3747  2820
 3748  1085
 3749  4154
 3750  2453
 3751   740
 3752  3794
 3753  2064
 3754   387
 3755  3431
 3756  1729
 3757     7
 3758  3051
 3759  1356
 3760  4390
 3761  2675
 3762   985
 3763  4022
 3764  2321
 3765   625
 3766  3684
 3767  1960
 3768   243
 3769  3317
 3770  1615
 3771  4665
 3772  2967
 3773  1249
 3774  4273
 3775  2568
 3776   886
 3777  3914
 3778  2244
 3779   516
 3780  3573
 3781  1860
 3782   172
 3783  3224
 3784  1481
 3785  4561
 3786  2833
 3787  1138
 3788  4184
 3789  2470
 3790   795
 3791  3820
 3792  2107
 3793   426
 3794  3471
 3795  1762
 3796    54
 3797  3098
 3798  1405
 3799  4451
 3800  2732
 3801  1021
 3802  4070
 3803  2359
 3804   664
 3805  3710
 3806  2001
 3807   308
 3808  3365
 3809  1627
 3810  4692
 3811  2972
 3812  1262
 3813  4310
 3814  2613
 3815   920
 3816  3945
 3817  2273
 3818   574
 3819  3615
 3820  1909
 3821   202
 3822  3248
 3823  1522
 3824  4565
 3825  2857
 3826  1190
 3827  4234
 3828  2515
 3829   822
 3830  3842
 3831  2143
 3832   454
 3833  3493
 3834  1770
 3835    58
 3836  3120
 3837  1393
 3838  4495
 3839  2743
 3840  1072
 3841  4083
 3842  2420
 3843   691
 3844  3752
 3845  2039
 3846   337
 3847  3366
 3848  1661
 3849  4736
 3850  3004
 3851  1309
 3852  4343
 3853  2630
 3854   956
 3855  3994
 3856  2265
 3857   572
 3858  3643
 3859  1937
 3860   226
 3861  3276
 3862  1559
 3863  4590
 3864  2913
 3865  1206
 3866  4233
 3867  2561
 3868   844
 3869  3872
 3870  2163
 3871   503
 3872  3542
 3873  1821
 3874    90
 3875  3150
 3876  1457
 3877  4496
 3878  2774
 3879  1100
 3880  4117
 3881  2435
 3882   725
 3883  3793
 3884  2046
 3885   340
 3886  3432
 3887  1684
 3888    15
 3889  3063
 3890  1326
 3891  4396
 3892  2662
 3893   975
 3894  4028
 3895  2336
 3896   622
 3897  3677
 3898  1969
 3899   272
 3900  3290
 3901  1619
 3902  4655
 3903  2920
 3904  1220
 3905  4298
 3906  2582
 3907   876
 3908  3900
 3909  2216
 3910   525
 3911  3553
 3912  1833
 3913   132
 3914  3213
 3915  1497
 3916  4516
 3917  2816
 3918  1143
 3919  4195
 3920  2464
 3921   736
 3922  3801
 3923  2101
 3924   391
 3925  3438
 3926  1724
 3927    29
 3928  3087
 3929  1366
 3930  4436
 3931  2722
 3932  1005
 3933  4067
 3934  2357
 3935   642
 3936  3700
 3937  2015
 3938   268
 3939  3350
 3940  1622
 3941  4698
 3942  2988
 3943  1282
 3944  4297
 3945  2600
 3946   887
 3947  3934
 3948  2238
 3949   554
 3950  3587
 3951  1879
 3952   194
 3953  3222
 3954  1495
 3955  4583
 3956  2869
 3957  1161
 3958  4191
 3959  2493
 3960   786
 3961  3841
 3962  2154
 3963   411
 3964  3496
 3965  1794
 3966    84
 3967  3133
 3968  1409
 3969  4443
 3970  2731
 3971  1049
 3972  4097
 3973  2394
 3974   662
 3975  3719
 3976  2008
 3977   323
 3978  3383
 3979  1677
 3980  4720
 3981  3014
 3982  1286
 3983  4348
 3984  2627
 3985   911
 3986  3995
 3987  2289
 3988   559
 3989  3621
 3990  1932
 3991   205
 3992  3251
 3993  1569
 3994  4619
 3995  2915
 3996  1174
 3997  4223
 3998  2521
 3999   816
 4000  3885
 4001  2144
 4002   461
 4003  3483
 4004  1812
 4005    91
 4006  3135
 4007  1431
 4008  4478
 4009  2806
 4010  1083
 4011  4123
 4012  2425
 4013   692
 4014  3762
 4015  2057
 4016   368
 4017  3414
 4018  1673
 4019  4747
 4020  3047
 4021  1350
 4022  4385
 4023  2685
 4024   954
 4025  4001
 4026  2302
 4027   608
 4028  3666
 4029  1964
 4030   230
 4031  3270
 4032  1587
 4033  4643
 4034  2922
 4035  1210
 4036  4264
 4037  2581
 4038   877
 4039  3918
 4040  2195
 4041   481
 4042  3525
 4043  1851
 4044   134
 4045  3153
 4046  1491
 4047  4511
 4048  2830
 4049  1091
 4050  4165
 4051  2469
 4052   760
 4053  3802
 4054  2100
 4055   371
 4056  3450
 4057  1728
 4058  4752
 4059  3066
 4060  1381
 4061  4409
 4062  2705
 4063   995
 4064  4027
 4065  2339
 4066   626
 4067  3664
 4068  1987
 4069   289
 4070  3304
 4071  1626
 4072  4670
 4073  2956
 4074  1270
 4075  4288
 4076  2604
 4077   896
 4078  3952
 4079  2257
 4080   526
 4081  3584
 4082  1892
 4083   169
 4084  3217
 4085  1529
 4086  4559
 4087  2865
 4088  1136
 4089  4207
 4090  2499
 4091   782
 4092  3844
 4093  2134
 4094   404
 4095  3473
 4096  1753
 4097    52
 4098  3097
 4099  1414
 4100  4466
 4101  2749
 4102  1053
 4103  4091
 4104  2369
 4105   677
 4106  3718
 4107  2035
 4108   307
 4109  3358
 4110  1653
 4111  4685
 4112  2997
 4113  1297
 4114  4358
 4115  2642
 4116   901
 4117  3954
 4118  2266
 4119   570
 4120  3588
 4121  1898
 4122   179
 4123  3243
 4124  1543
 4125  4608
 4126  2883
 4127  1189
 4128  4216
 4129  2527
 4130   787
 4131  3870
 4132  2152
 4133   430
 4134  3510
 4135  1775
 4136    75
 4137  3141
 4138  1412
 4139  4502
 4140  2787
 4141  1048
 4142  4120
 4143  2426
 4144   686
 4145  3754
 4146  2068
 4147   359
 4148  3375
 4149  1689
 4150  4746
 4151  3015
 4152  1313
 4153  4346
 4154  2678
 4155   955
 4156  3996
 4157  2293
 4158   590
 4159  3653
 4160  1935
 4161   237
 4162  3297
 4163  1565
 4164  4622
 4165  2902
 4166  1215
 4167  4255
 4168  2532
 4169   841
 4170  3911
 4171  2209
 4172   475
 4173  3518
 4174  1813
 4175   140
 4176  3183
 4177  1450
 4178  4505
 4179  2798
 4180  1095
 4181  4129
 4182  2419
 4183   730
 4184  3797
 4185  2062
 4186   364
 4187  3420
 4188  1710
 4189    13
 4190  3071
 4191  1369
 4192  4384
 4193  2680
 4194   983
 4195  4048
 4196  2309
 4197   605
 4198  3651
 4199  1976
 4200   256
 4201  3309
 4202  1617
 4203  4663
 4204  2949
 4205  1236
 4206  4303
 4207  2579
 4208   863
 4209  3929
 4210  2236
 4211   518
 4212  3570
 4213  1835
 4214   159
 4215  3203
 4216  1486
 4217  4531
 4218  2846
 4219  1130
 4220  4189
 4221  2468
 4222   773
 4223  3807
 4224  2094
 4225   383
 4226  3448
 4227  1731
 4228    47
 4229  3101
 4230  1401
 4231  4425
 4232  2719
 4233  1009
 4234  4081
 4235  2376
 4236   679
 4237  3699
 4238  2004
 4239   301
 4240  3346
 4241  1618
 4242  4668
 4243  2980
 4244  1274
 4245  4320
 4246  2602
 4247   925
 4248  3941
 4249  2256
 4250   563
 4251  3599
 4252  1869
 4253   167
 4254  3212
 4255  1512
 4256  4569
 4257  2855
 4258  1162
 4259  4222
 4260  2501
 4261   780
 4262  3856
 4263  2161
 4264   448
 4265  3499
 4266  1768
 4267    82
 4268  3108
 4269  1430
 4270  4458
 4271  2759
 4272  1037
 4273  4126
 4274  2372
 4275   687
 4276  3728
 4277  2024
 4278   317
 4279  3373
 4280  1678
 4281  4703
 4282  2994
 4283  1312
 4284  4340
 4285  2657
 4286   942
 4287  3977
 4288  2274
 4289   589
 4290  3608
 4291  1928
 4292   229
 4293  3274
 4294  1581
 4295  4627
 4296  2893
 4297  1216
 4298  4251
 4299  2529
 4300   837
 4301  3878
 4302  2160
 4303   474
 4304  3531
 4305  1804
 4306    99
 4307  3170
 4308  1473
 4309  4488
 4310  2778
 4311  1098
 4312  4143
 4313  2422
 4314   710
 4315  3750
 4316  2066
 4317   354
 4318  3426
 4319  1688
 4320    11
 4321  3041
 4322  1354
 4323  4383
 4324  2669
 4325   997
 4326  4037
 4327  2328
 4328   627
 4329  3674
 4330  1943
 4331   259
 4332  3321
 4333  1575
 4334  4631
 4335  2932
 4336  1212
 4337  4301
 4338  2580
 4339   854
 4340  3937
 4341  2202
 4342   484
 4343  3563
 4344  1846
 4345   124
 4346  3167
 4347  1493
 4348  4539
 4349  2848
 4350  1125
 4351  4152
 4352  2485
 4353   750
 4354  3792
 4355  2103
 4356   388
 4357  3458
 4358  1758
 4359     8
 4360  3099
 4361  1382
 4362  4404
 4363  2713
 4364  1011
 4365  4065
 4366  2331
 4367   631
 4368  3678
 4369  1973
 4370   281
 4371  3319
 4372  1613
 4373  4650
 4374  2984
 4375  1264
 4376  4326
 4377  2578
 4378   897
 4379  3958
 4380  2252
 4381   544
 4382  3590
 4383  1877
 4384   166
 4385  3211
 4386  1530
 4387  4543
 4388  2840
 4389  1172
 4390  4180
 4391  2497
 4392   784
 4393  3815
 4394  2139
 4395   436
 4396  3452
 4397  1760
 4398    49
 4399  3127
 4400  1416
 4401  4438
 4402  2756
 4403  1035
 4404  4075
 4405  2402
 4406   681
 4407  3733
 4408  1997
 4409   328
 4410  3378
 4411  1656
 4412  4706
 4413  2993
 4414  1292
 4415  4370
 4416  2640
 4417   950
 4418  3998
 4419  2287
 4420   582
 4421  3605
 4422  1914
 4423   213
 4424  3268
 4425  1538
 4426  4609
 4427  2871
 4428  1170
 4429  4249
 4430  2507
 4431   845
 4432  3848
 4433  2166
 4434   476
 4435  3528
 4436  1817
 4437    89
 4438  3160
 4439  1420
 4440  4506
 4441  2763
 4442  1061
 4443  4134
 4444  2417
 4445   695
 4446  3759
 4447  2033
 4448   355
 4449  3393
 4450  1683
 4451  4719
 4452  3016
 4453  1342
 4454  4386
 4455  2683
 4456   980
 4457  4033
 4458  2281
 4459   618
 4460  3641
 4461  1930
 4462   223
 4463  3275
 4464  1586
 4465  4620
 4466  2907
 4467  1234
 4468  4275
 4469  2556
 4470   843
 4471  3907
 4472  2198
 4473   478
 4474  3551
 4475  1840
 4476   115
 4477  3165
 4478  1464
 4479  4520
 4480  2824
 4481  1094
 4482  4162
 4483  2444
 4484   749
 4485  3780
 4486  2105
 4487   393
 4488  3422
 4489  1720
 4490  4753
 4491  3065
 4492  1360
 4493  4395
 4494  2686
 4495  1010
 4496  4046
 4497  2353
 4498   620
 4499  3665
 4500  1984
 4501   266
 4502  3338
 4503  1612
 4504  4681
 4505  2969
 4506  1240
 4507  4281
 4508  2609
 4509   891
 4510  3925
 4511  2243
 4512   514
 4513  3594
 4514  1864
 4515   180
 4516  3205
 4517  1480
 4518  4555
 4519  2839
 4520  1123
 4521  4194
 4522  2503
 4523   758
 4524  3810
 4525  2125
 4526   409
 4527  3469
 4528  1782
 4529    37
 4530  3074
 4531  1372
 4532  4431
 4533  2717
 4534  1045
 4535  4095
 4536  2368
 4537   654
 4538  3706
 4539  2018
 4540   318
 4541  3335
 4542  1664
 4543  4673
 4544  3001
 4545  1294
 4546  4330
 4547  2629
 4548   933
 4549  3964
 4550  2240
 4551   535
 4552  3632
 4553  1901
 4554   176
 4555  3263
 4556  1533
 4557  4589
 4558  2890
 4559  1154
 4560  4229
 4561  2517
 4562   794
 4563  3868
 4564  2180
 4565   463
 4566  3492
 4567  1787
 4568    92
 4569  3110
 4570  1399
 4571  4462
 4572  2783
 4573  1074
 4574  4103
 4575  2406
 4576   698
 4577  3724
 4578  2032
 4579   352
 4580  3376
 4581  1685
 4582  4724
 4583  2999
 4584  1288
 4585  4360
 4586  2648
 4587   966
 4588  3988
 4589  2298
 4590   587
 4591  3630
 4592  1920
 4593   222
 4594  3255
 4595  1583
 4596  4635
 4597  2894
 4598  1218
 4599  4253
 4600  2557
 4601   828
 4602  3894
 4603  2171
 4604   498
 4605  3534
 4606  1807
 4607   142
 4608  3181
 4609  1472
 4610  4492
 4611  2779
 4612  1101
 4613  4148
 4614  2432
 4615   723
 4616  3799
 4617  2060
 4618   389
 4619  3405
 4620  1687
 4621    22
 4622  3044
 4623  1338
 4624  4420
 4625  2681
 4626   982
 4627  4023
 4628  2343
 4629   633
 4630  3658
 4631  1953
 4632   270
 4633  3301
 4634  1621
 4635  4662
 4636  2925
 4637  1224
 4638  4285
 4639  2588
 4640   879
 4641  3942
 4642  2230
 4643   522
 4644  3567
 4645  1861
 4646   148
 4647  3182
 4648  1496
 4649  4549
 4650  2813
 4651  1121
 4652  4192
 4653  2460
 4654   748
 4655  3796
 4656  2115
 4657   397
 4658  3464
 4659  1743
 4660    36
 4661  3102
 4662  1395
 4663  4452
 4664  2702
 4665  1031
 4666  4042
 4667  2347
 4668   643
 4669  3689
 4670  2009
 4671   299
 4672  3323
 4673  1648
 4674  4704
 4675  2991
 4676  1251
 4677  4334
 4678  2591
 4679   928
 4680  3939
 4681  2229
 4682   548
 4683  3576
 4684  1876
 4685   184
 4686  3225
 4687  1500
 4688  4571
 4689  2853
 4690  1139
 4691  4208
 4692  2480
 4693   788
 4694  3834
 4695  2126
 4696   439
 4697  3501
 4698  1766
 4699    59
 4700  3140
 4701  1413
 4702  4467
 4703  2775
 4704  1051
 4705  4115
 4706  2383
 4707   685
 4708  3753
 4709  2017
 4710   295
 4711  3381
 4712  1649
 4713  4714
 4714  2982
 4715  1316
 4716  4339
 4717  2632
 4718   932
 4719  4003
 4720  2280
 4721   564
 4722  3624
 4723  1919
 4724   232
 4725  3269
 4726  1561
 4727  4612
 4728  2923
 4729  1171
 4730  4226
 4731  2542
 4732   827
 4733  3881
 4734  2157
 4735   450
 4736  3515
 4737  1827
 4738   112
 4739  3144
 4740  1439
 4741  4480
 4742  2781
 4743  1097
 4744  4119
 4745  2407
 4746   739
 4747  3758
 4748  2091
 4749   367
 4750  3419
 4751  1694
 4752     9
 4753  3064
 4754  1345
 4755  4406
