R20T45QL8
Turbo Code Interleaving
User data with 4 flush bits N=1956
NOTE: Q-bit is the bit index after interleaving. Data-bit is the index of user data

Q-bit Data-bit
--------------
    0    19
    1  1269
    2   552
    3  1815
    4  1125
    5   408
    6  1664
    7   968
    8   259
    9  1524
   10   814
   11   119
   12  1364
   13   669
   14  1925
   15  1226
   16   505
   17  1771
   18  1070
   19   365
   20  1613
   21   919
   22   225
   23  1469
   24   760
   25    60
   26  1329
   27   627
   28  1885
   29  1166
   30   479
   31  1731
   32  1021
   33   328
   34  1567
   35   867
   36   170
   37  1419
   38   719
   39    23
   40  1275
   41   570
   42  1836
   43  1129
   44   419
   45  1681
   46   975
   47   270
   48  1531
   49   834
   50   116
   51  1385
   52   671
   53  1939
   54  1236
   55   531
   56  1795
   57  1074
   58   372
   59  1625
   60   928
   61   235
   62  1481
   63   781
   64    88
   65  1335
   66   643
   67  1892
   68  1189
   69   484
   70  1728
   71  1030
   72   334
   73  1585
   74   893
   75   195
   76  1442
   77   744
   78    43
   79  1296
   80   585
   81  1839
   82  1146
   83   439
   84  1691
   85   993
   86   303
   87  1538
   88   849
   89   139
   90  1401
   91   695
   92  1948
   93  1246
   94   534
   95  1797
   96  1086
   97   403
   98  1646
   99   947
  100   236
  101  1494
  102   803
  103    91
  104  1345
  105   652
  106  1906
  107  1204
  108   494
  109  1744
  110  1044
  111   345
  112  1606
  113   910
  114   197
  115  1463
  116   749
  117    49
  118  1297
  119   597
  120  1850
  121  1162
  122   451
  123  1703
  124  1005
  125   312
  126  1556
  127   852
  128   160
  129  1412
  130   694
  131     3
  132  1261
  133   563
  134  1807
  135  1115
  136   398
  137  1652
  138   954
  139   255
  140  1514
  141   813
  142    99
  143  1355
  144   662
  145  1915
  146  1207
  147   501
  148  1764
  149  1069
  150   367
  151  1619
  152   907
  153   210
  154  1457
  155   770
  156    61
  157  1325
  158   624
  159  1860
  160  1170
  161   453
  162  1720
  163  1023
  164   320
  165  1568
  166   866
  167   161
  168  1426
  169   720
  170    29
  171  1272
  172   575
  173  1821
  174  1123
  175   416
  176  1683
  177   970
  178   261
  179  1535
  180   826
  181   125
  182  1386
  183   676
  184  1932
  185  1223
  186   528
  187  1768
  188  1076
  189   377
  190  1633
  191   934
  192   226
  193  1480
  194   785
  195    77
  196  1330
  197   633
  198  1884
  199  1186
  200   475
  201  1738
  202  1034
  203   332
  204  1589
  205   884
  206   174
  207  1439
  208   727
  209    32
  210  1277
  211   588
  212  1845
  213  1137
  214   442
  215  1687
  216   985
  217   283
  218  1537
  219   842
  220   135
  221  1389
  222   687
  223  1936
  224  1240
  225   541
  226  1798
  227  1097
  228   395
  229  1651
  230   937
  231   242
  232  1502
  233   787
  234    84
  235  1340
  236   641
  237  1902
  238  1194
  239   496
  240  1741
  241  1046
  242   353
  243  1600
  244   889
  245   209
  246  1452
  247   756
  248    39
  249  1302
  250   586
  251  1855
  252  1156
  253   452
  254  1701
  255  1006
  256   291
  257  1551
  258   860
  259   154
  260  1396
  261   704
  262     0
  263  1247
  264   545
  265  1813
  266  1105
  267   401
  268  1647
  269   949
  270   252
  271  1506
  272   804
  273   105
  274  1366
  275   651
  276  1910
  277  1201
  278   502
  279  1761
  280  1065
  281   354
  282  1618
  283   916
  284   206
  285  1456
  286   750
  287    63
  288  1321
  289   602
  290  1857
  291  1160
  292   458
  293  1723
  294  1020
  295   309
  296  1565
  297   858
  298   156
  299  1414
  300   712
  301    17
  302  1274
  303   571
  304  1829
  305  1107
  306   414
  307  1670
  308   978
  309   274
  310  1529
  311   819
  312   111
  313  1370
  314   668
  315  1930
  316  1218
  317   515
  318  1774
  319  1067
  320   361
  321  1624
  322   927
  323   218
  324  1478
  325   783
  326    71
  327  1326
  328   618
  329  1871
  330  1176
  331   473
  332  1727
  333  1022
  334   323
  335  1573
  336   885
  337   185
  338  1425
  339   739
  340    27
  341  1279
  342   584
  343  1827
  344  1127
  345   420
  346  1685
  347   986
  348   286
  349  1530
  350   829
  351   134
  352  1383
  353   691
  354  1931
  355  1232
  356   530
  357  1784
  358  1075
  359   383
  360  1631
  361   932
  362   239
  363  1487
  364   796
  365    76
  366  1347
  367   630
  368  1887
  369  1182
  370   485
  371  1743
  372  1036
  373   329
  374  1592
  375   898
  376   190
  377  1443
  378   736
  379    41
  380  1286
  381   596
  382  1843
  383  1141
  384   436
  385  1704
  386  1004
  387   293
  388  1540
  389   838
  390   137
  391  1393
  392   697
  393  1941
  394  1239
  395   544
  396  1796
  397  1100
  398   393
  399  1659
  400   938
  401   251
  402  1509
  403   801
  404    98
  405  1357
  406   656
  407  1911
  408  1198
  409   503
  410  1758
  411  1048
  412   350
  413  1602
  414   897
  415   203
  416  1461
  417   748
  418    53
  419  1311
  420   612
  421  1852
  422  1148
  423   461
  424  1709
  425  1003
  426   302
  427  1569
  428   859
  429   152
  430  1416
  431   703
  432    16
  433  1257
  434   566
  435  1806
  436  1103
  437   418
  438  1668
  439   963
  440   262
  441  1523
  442   806
  443   112
  444  1375
  445   654
  446  1912
  447  1213
  448   522
  449  1772
  450  1068
  451   358
  452  1627
  453   912
  454   228
  455  1476
  456   766
  457    75
  458  1331
  459   625
  460  1874
  461  1178
  462   472
  463  1713
  464  1029
  465   317
  466  1563
  467   869
  468   167
  469  1428
  470   731
  471    14
  472  1278
  473   577
  474  1818
  475  1126
  476   422
  477  1680
  478   987
  479   265
  480  1525
  481   818
  482   122
  483  1374
  484   667
  485  1940
  486  1235
  487   524
  488  1787
  489  1087
  490   378
  491  1636
  492   931
  493   232
  494  1482
  495   780
  496    73
  497  1328
  498   634
  499  1895
  500  1196
  501   492
  502  1725
  503  1032
  504   333
  505  1593
  506   887
  507   186
  508  1446
  509   732
  510    31
  511  1293
  512   589
  513  1838
  514  1139
  515   434
  516  1684
  517   996
  518   287
  519  1544
  520   846
  521   140
  522  1399
  523   688
  524  1944
  525  1238
  526   539
  527  1803
  528  1096
  529   396
  530  1648
  531   946
  532   244
  533  1490
  534   795
  535    93
  536  1353
  537   639
  538  1903
  539  1205
  540   491
  541  1753
  542  1055
  543   356
  544  1609
  545   899
  546   207
  547  1459
  548   752
  549    48
  550  1305
  551   591
  552  1859
  553  1143
  554   444
  555  1707
  556  1001
  557   294
  558  1555
  559   864
  560   153
  561  1406
  562   699
  563    11
  564  1266
  565   559
  566  1808
  567  1112
  568   410
  569  1666
  570   966
  571   256
  572  1505
  573   802
  574    96
  575  1358
  576   661
  577  1907
  578  1203
  579   514
  580  1765
  581  1054
  582   355
  583  1616
  584   909
  585   208
  586  1467
  587   764
  588    56
  589  1308
  590   610
  591  1867
  592  1167
  593   457
  594  1719
  595  1010
  596   316
  597  1562
  598   871
  599   171
  600  1415
  601   715
  602     6
  603  1271
  604   567
  605  1814
  606  1116
  607   421
  608  1669
  609   974
  610   258
  611  1513
  612   824
  613   114
  614  1380
  615   666
  616  1934
  617  1229
  618   518
  619  1785
  620  1078
  621   376
  622  1621
  623   929
  624   216
  625  1485
  626   774
  627    85
  628  1327
  629   636
  630  1882
  631  1173
  632   471
  633  1730
  634  1039
  635   341
  636  1575
  637   880
  638   176
  639  1437
  640   740
  641    25
  642  1292
  643   573
  644  1830
  645  1142
  646   438
  647  1690
  648   984
  649   275
  650  1532
  651   836
  652   138
  653  1379
  654   692
  655  1933
  656  1241
  657   540
  658  1788
  659  1088
  660   389
  661  1638
  662   944
  663   248
  664  1499
  665   789
  666    83
  667  1349
  668   637
  669  1896
  670  1197
  671   482
  672  1748
  673  1043
  674   336
  675  1599
  676   901
  677   198
  678  1441
  679   743
  680    50
  681  1304
  682   605
  683  1858
  684  1154
  685   447
  686  1695
  687   997
  688   295
  689  1560
  690   841
  691   151
  692  1398
  693   701
  694  1950
  695  1262
  696   560
  697  1800
  698  1098
  699   406
  700  1645
  701   951
  702   250
  703  1497
  704   798
  705    95
  706  1346
  707   658
  708  1913
  709  1199
  710   504
  711  1759
  712  1056
  713   349
  714  1610
  715   900
  716   213
  717  1464
  718   768
  719    64
  720  1318
  721   611
  722  1873
  723  1171
  724   463
  725  1711
  726  1008
  727   308
  728  1566
  729   856
  730   168
  731  1408
  732   722
  733    22
  734  1260
  735   558
  736  1825
  737  1110
  738   413
  739  1661
  740   971
  741   267
  742  1510
  743   810
  744   118
  745  1369
  746   670
  747  1929
  748  1228
  749   510
  750  1767
  751  1071
  752   370
  753  1632
  754   923
  755   219
  756  1477
  757   771
  758    67
  759  1319
  760   626
  761  1879
  762  1185
  763   470
  764  1729
  765  1019
  766   314
  767  1588
  768   878
  769   172
  770  1431
  771   723
  772    24
  773  1280
  774   583
  775  1840
  776  1138
  777   433
  778  1688
  779   973
  780   271
  781  1527
  782   830
  783   133
  784  1390
  785   684
  786  1942
  787  1237
  788   538
  789  1791
  790  1095
  791   384
  792  1629
  793   939
  794   233
  795  1479
  796   779
  797    87
  798  1336
  799   646
  800  1888
  801  1181
  802   497
  803  1739
  804  1047
  805   335
  806  1583
  807   881
  808   188
  809  1444
  810   735
  811    33
  812  1301
  813   587
  814  1846
  815  1147
  816   441
  817  1699
  818   988
  819   290
  820  1548
  821   835
  822   150
  823  1400
  824   686
  825  1947
  826  1256
  827   547
  828  1794
  829  1089
  830   388
  831  1654
  832   942
  833   240
  834  1496
  835   797
  836   100
  837  1354
  838   648
  839  1904
  840  1208
  841   509
  842  1746
  843  1052
  844   348
  845  1603
  846   896
  847   192
  848  1454
  849   759
  850    55
  851  1303
  852   598
  853  1869
  854  1150
  855   459
  856  1700
  857   998
  858   311
  859  1554
  860   865
  861   159
  862  1413
  863   705
  864    15
  865  1270
  866   561
  867  1820
  868  1104
  869   405
  870  1655
  871   961
  872   263
  873  1521
  874   815
  875   107
  876  1368
  877   659
  878  1919
  879  1217
  880   520
  881  1773
  882  1066
  883   366
  884  1622
  885   922
  886   212
  887  1465
  888   773
  889    70
  890  1309
  891   623
  892  1864
  893  1172
  894   466
  895  1716
  896  1014
  897   321
  898  1582
  899   870
  900   166
  901  1420
  902   725
  903    28
  904  1281
  905   565
  906  1823
  907  1122
  908   423
  909  1679
  910   976
  911   280
  912  1533
  913   821
  914   132
  915  1378
  916   685
  917  1921
  918  1233
  919   532
  920  1781
  921  1080
  922   380
  923  1642
  924   936
  925   231
  926  1484
  927   778
  928    89
  929  1343
  930   629
  931  1877
  932  1184
  933   478
  934  1742
  935  1033
  936   331
  937  1586
  938   883
  939   181
  940  1430
  941   742
  942    36
  943  1290
  944   590
  945  1835
  946  1132
  947   430
  948  1696
  949  1000
  950   296
  951  1547
  952   845
  953   143
  954  1397
  955   696
  956  1937
  957  1251
  958   543
  959  1792
  960  1099
  961   392
  962  1650
  963   945
  964   237
  965  1504
  966   788
  967    94
  968  1342
  969   644
  970  1901
  971  1190
  972   490
  973  1745
  974  1051
  975   347
  976  1591
  977   905
  978   189
  979  1455
  980   754
  981    47
  982  1298
  983   606
  984  1853
  985  1145
  986   450
  987  1712
  988   999
  989   297
  990  1553
  991   853
  992   147
  993  1394
  994   706
  995  1955
  996  1252
  997   556
  998  1809
  999  1111
 1000   399
 1001  1660
 1002   958
 1003   260
 1004  1511
 1005   808
 1006   113
 1007  1359
 1008   660
 1009  1917
 1010  1216
 1011   507
 1012  1766
 1013  1062
 1014   360
 1015  1612
 1016   911
 1017   205
 1018  1458
 1019   758
 1020    65
 1021  1310
 1022   616
 1023  1872
 1024  1165
 1025   460
 1026  1717
 1027  1024
 1028   310
 1029  1574
 1030   875
 1031   155
 1032  1418
 1033   714
 1034     7
 1035  1268
 1036   576
 1037  1831
 1038  1128
 1039   425
 1040  1678
 1041   960
 1042   278
 1043  1515
 1044   823
 1045   126
 1046  1377
 1047   681
 1048  1916
 1049  1220
 1050   521
 1051  1783
 1052  1079
 1053   374
 1054  1634
 1055   925
 1056   230
 1057  1470
 1058   782
 1059    68
 1060  1324
 1061   615
 1062  1881
 1063  1187
 1064   483
 1065  1722
 1066  1018
 1067   326
 1068  1580
 1069   879
 1070   177
 1071  1436
 1072   728
 1073    38
 1074  1284
 1075   574
 1076  1842
 1077  1131
 1078   435
 1079  1692
 1080   982
 1081   284
 1082  1545
 1083   827
 1084   141
 1085  1388
 1086   678
 1087  1949
 1088  1242
 1089   537
 1090  1799
 1091  1082
 1092   381
 1093  1641
 1094   935
 1095   234
 1096  1495
 1097   790
 1098    82
 1099  1341
 1100   631
 1101  1889
 1102  1200
 1103   493
 1104  1752
 1105  1041
 1106   338
 1107  1597
 1108   890
 1109   194
 1110  1435
 1111   745
 1112    37
 1113  1291
 1114   601
 1115  1844
 1116  1152
 1117   440
 1118  1689
 1119   992
 1120   300
 1121  1546
 1122   847
 1123   148
 1124  1402
 1125   700
 1126     2
 1127  1255
 1128   553
 1129  1802
 1130  1102
 1131   390
 1132  1663
 1133   953
 1134   249
 1135  1507
 1136   811
 1137   108
 1138  1350
 1139   647
 1140  1899
 1141  1214
 1142   506
 1143  1757
 1144  1050
 1145   362
 1146  1601
 1147   904
 1148   199
 1149  1466
 1150   765
 1151    51
 1152  1316
 1153   603
 1154  1868
 1155  1164
 1156   468
 1157  1718
 1158  1012
 1159   305
 1160  1570
 1161   854
 1162   157
 1163  1422
 1164   717
 1165     1
 1166  1265
 1167   564
 1168  1822
 1169  1114
 1170   409
 1171  1671
 1172   964
 1173   257
 1174  1512
 1175   817
 1176   121
 1177  1365
 1178   672
 1179  1927
 1180  1219
 1181   523
 1182  1780
 1183  1073
 1184   379
 1185  1615
 1186   921
 1187   221
 1188  1474
 1189   762
 1190    62
 1191  1333
 1192   628
 1193  1870
 1194  1169
 1195   467
 1196  1732
 1197  1017
 1198   324
 1199  1581
 1200   868
 1201   175
 1202  1423
 1203   730
 1204    21
 1205  1282
 1206   582
 1207  1828
 1208  1134
 1209   427
 1210  1672
 1211   980
 1212   279
 1213  1526
 1214   832
 1215   131
 1216  1384
 1217   680
 1218  1935
 1219  1221
 1220   527
 1221  1776
 1222  1091
 1223   385
 1224  1628
 1225   933
 1226   229
 1227  1491
 1228   784
 1229    92
 1230  1339
 1231   642
 1232  1890
 1233  1180
 1234   486
 1235  1734
 1236  1040
 1237   340
 1238  1590
 1239   886
 1240   184
 1241  1445
 1242   734
 1243    42
 1244  1294
 1245   579
 1246  1849
 1247  1136
 1248   445
 1249  1697
 1250   990
 1251   289
 1252  1543
 1253   848
 1254   144
 1255  1405
 1256   693
 1257  1954
 1258  1253
 1259   548
 1260  1793
 1261  1101
 1262   404
 1263  1644
 1264   948
 1265   243
 1266  1503
 1267   794
 1268   102
 1269  1352
 1270   638
 1271  1898
 1272  1202
 1273   495
 1274  1751
 1275  1058
 1276   346
 1277  1605
 1278   894
 1279   204
 1280  1448
 1281   751
 1282    57
 1283  1307
 1284   604
 1285  1865
 1286  1153
 1287   456
 1288  1710
 1289  1009
 1290   306
 1291  1558
 1292   851
 1293   164
 1294  1410
 1295   707
 1296    13
 1297  1259
 1298   555
 1299  1811
 1300  1113
 1301   415
 1302  1658
 1303   957
 1304   264
 1305  1518
 1306   807
 1307   103
 1308  1361
 1309   663
 1310  1909
 1311  1222
 1312   517
 1313  1760
 1314  1064
 1315   359
 1316  1617
 1317   917
 1318   214
 1319  1471
 1320   757
 1321    69
 1322  1312
 1323   622
 1324  1875
 1325  1168
 1326   476
 1327  1721
 1328  1027
 1329   325
 1330  1579
 1331   873
 1332   165
 1333  1429
 1334   721
 1335    20
 1336  1267
 1337   572
 1338  1832
 1339  1120
 1340   424
 1341  1677
 1342   965
 1343   276
 1344  1528
 1345   825
 1346   120
 1347  1381
 1348   682
 1349  1922
 1350  1231
 1351   525
 1352  1777
 1353  1072
 1354   382
 1355  1630
 1356   926
 1357   227
 1358  1486
 1359   777
 1360    74
 1361  1337
 1362   621
 1363  1883
 1364  1192
 1365   481
 1366  1740
 1367  1035
 1368   330
 1369  1578
 1370   877
 1371   191
 1372  1433
 1373   726
 1374    40
 1375  1287
 1376   592
 1377  1834
 1378  1140
 1379   443
 1380  1686
 1381   983
 1382   281
 1383  1534
 1384   840
 1385   145
 1386  1395
 1387   689
 1388  1953
 1389  1243
 1390   546
 1391  1801
 1392  1083
 1393   391
 1394  1653
 1395   943
 1396   245
 1397  1500
 1398   800
 1399    97
 1400  1348
 1401   650
 1402  1897
 1403  1191
 1404   489
 1405  1754
 1406  1049
 1407   343
 1408  1594
 1409   895
 1410   196
 1411  1451
 1412   755
 1413    46
 1414  1306
 1415   600
 1416  1848
 1417  1151
 1418   455
 1419  1698
 1420   995
 1421   299
 1422  1552
 1423   843
 1424   142
 1425  1409
 1426   710
 1427     5
 1428  1258
 1429   554
 1430  1810
 1431  1108
 1432   411
 1433  1656
 1434   950
 1435   246
 1436  1501
 1437   812
 1438   110
 1439  1360
 1440   657
 1441  1908
 1442  1212
 1443   500
 1444  1750
 1445  1053
 1446   363
 1447  1608
 1448   913
 1449   202
 1450  1468
 1451   753
 1452    59
 1453  1314
 1454   607
 1455  1856
 1456  1161
 1457   462
 1458  1715
 1459  1011
 1460   307
 1461  1564
 1462   861
 1463   163
 1464  1424
 1465   711
 1466     8
 1467  1264
 1468   568
 1469  1824
 1470  1121
 1471   428
 1472  1667
 1473   967
 1474   273
 1475  1519
 1476   822
 1477   115
 1478  1373
 1479   673
 1480  1920
 1481  1227
 1482   526
 1483  1779
 1484  1081
 1485   373
 1486  1623
 1487   920
 1488   220
 1489  1472
 1490   769
 1491    72
 1492  1322
 1493   617
 1494  1880
 1495  1174
 1496   480
 1497  1735
 1498  1026
 1499   337
 1500  1584
 1501   876
 1502   179
 1503  1434
 1504   741
 1505    35
 1506  1276
 1507   578
 1508  1826
 1509  1135
 1510   431
 1511  1693
 1512   981
 1513   277
 1514  1542
 1515   839
 1516   123
 1517  1391
 1518   683
 1519  1945
 1520  1245
 1521   536
 1522  1789
 1523  1077
 1524   375
 1525  1643
 1526   940
 1527   241
 1528  1492
 1529   791
 1530    79
 1531  1332
 1532   645
 1533  1900
 1534  1183
 1535   499
 1536  1737
 1537  1038
 1538   339
 1539  1596
 1540   902
 1541   187
 1542  1449
 1543   747
 1544    45
 1545  1299
 1546   599
 1547  1847
 1548  1149
 1549   448
 1550  1705
 1551  1002
 1552   304
 1553  1557
 1554   857
 1555   146
 1556  1404
 1557   698
 1558  1951
 1559  1250
 1560   542
 1561  1804
 1562  1094
 1563   394
 1564  1657
 1565   955
 1566   247
 1567  1498
 1568   809
 1569   101
 1570  1356
 1571   653
 1572  1905
 1573  1211
 1574   508
 1575  1755
 1576  1057
 1577   357
 1578  1614
 1579   906
 1580   211
 1581  1453
 1582   761
 1583    52
 1584  1315
 1585   613
 1586  1862
 1587  1158
 1588   449
 1589  1708
 1590  1015
 1591   318
 1592  1571
 1593   850
 1594   169
 1595  1417
 1596   709
 1597     4
 1598  1254
 1599   569
 1600  1817
 1601  1118
 1602   407
 1603  1662
 1604   959
 1605   272
 1606  1517
 1607   805
 1608   109
 1609  1363
 1610   674
 1611  1926
 1612  1209
 1613   519
 1614  1770
 1615  1059
 1616   364
 1617  1620
 1618   918
 1619   224
 1620  1473
 1621   772
 1622    78
 1623  1323
 1624   609
 1625  1876
 1626  1175
 1627   465
 1628  1733
 1629  1016
 1630   315
 1631  1577
 1632   882
 1633   178
 1634  1427
 1635   718
 1636    18
 1637  1285
 1638   580
 1639  1841
 1640  1130
 1641   417
 1642  1675
 1643   969
 1644   282
 1645  1539
 1646   833
 1647   130
 1648  1376
 1649   675
 1650  1928
 1651  1225
 1652   533
 1653  1782
 1654  1085
 1655   387
 1656  1626
 1657   924
 1658   223
 1659  1483
 1660   786
 1661    81
 1662  1344
 1663   640
 1664  1891
 1665  1179
 1666   477
 1667  1749
 1668  1031
 1669   342
 1670  1595
 1671   892
 1672   182
 1673  1450
 1674   733
 1675    34
 1676  1289
 1677   594
 1678  1851
 1679  1144
 1680   432
 1681  1694
 1682   991
 1683   288
 1684  1549
 1685   844
 1686   136
 1687  1387
 1688   702
 1689  1938
 1690  1249
 1691   551
 1692  1790
 1693  1090
 1694   397
 1695  1640
 1696   952
 1697   254
 1698  1489
 1699   792
 1700   104
 1701  1351
 1702   649
 1703  1894
 1704  1195
 1705   498
 1706  1763
 1707  1045
 1708   344
 1709  1607
 1710   891
 1711   193
 1712  1440
 1713   746
 1714    58
 1715  1295
 1716   608
 1717  1861
 1718  1155
 1719   454
 1720  1702
 1721  1007
 1722   298
 1723  1561
 1724   862
 1725   149
 1726  1407
 1727   708
 1728    12
 1729  1248
 1730   549
 1731  1805
 1732  1119
 1733   402
 1734  1665
 1735   956
 1736   266
 1737  1516
 1738   816
 1739   117
 1740  1372
 1741   664
 1742  1914
 1743  1210
 1744   512
 1745  1762
 1746  1063
 1747   368
 1748  1611
 1749   908
 1750   217
 1751  1462
 1752   763
 1753    66
 1754  1313
 1755   620
 1756  1866
 1757  1163
 1758   469
 1759  1724
 1760  1013
 1761   313
 1762  1576
 1763   874
 1764   162
 1765  1421
 1766   716
 1767     9
 1768  1273
 1769   562
 1770  1816
 1771  1117
 1772   426
 1773  1676
 1774   977
 1775   268
 1776  1520
 1777   828
 1778   128
 1779  1371
 1780   679
 1781  1924
 1782  1230
 1783   516
 1784  1769
 1785  1084
 1786   369
 1787  1639
 1788   930
 1789   222
 1790  1488
 1791   776
 1792    90
 1793  1334
 1794   632
 1795  1886
 1796  1177
 1797   488
 1798  1736
 1799  1037
 1800   327
 1801  1587
 1802   888
 1803   183
 1804  1438
 1805   737
 1806    26
 1807  1283
 1808   593
 1809  1833
 1810  1133
 1811   437
 1812  1682
 1813   989
 1814   292
 1815  1541
 1816   837
 1817   124
 1818  1392
 1819   677
 1820  1946
 1821  1234
 1822   529
 1823  1786
 1824  1092
 1825   386
 1826  1637
 1827   941
 1828   238
 1829  1493
 1830   793
 1831    86
 1832  1338
 1833   635
 1834  1893
 1835  1193
 1836   487
 1837  1747
 1838  1042
 1839   352
 1840  1598
 1841   903
 1842   200
 1843  1447
 1844   738
 1845    44
 1846  1300
 1847   595
 1848  1854
 1849  1157
 1850   446
 1851  1706
 1852   994
 1853   301
 1854  1550
 1855   855
 1856   158
 1857  1403
 1858   713
 1859  1952
 1860  1244
 1861   550
 1862  1812
 1863  1106
 1864   400
 1865  1649
 1866   962
 1867   253
 1868  1508
 1869   799
 1870   106
 1871  1362
 1872   655
 1873  1918
 1874  1206
 1875   511
 1876  1756
 1877  1060
 1878   351
 1879  1604
 1880   914
 1881   201
 1882  1460
 1883   767
 1884    54
 1885  1320
 1886   614
 1887  1863
 1888  1159
 1889   464
 1890  1714
 1891  1025
 1892   319
 1893  1559
 1894   863
 1895   173
 1896  1411
 1897   724
 1898    10
 1899  1263
 1900   557
 1901  1819
 1902  1109
 1903   412
 1904  1673
 1905   972
 1906   269
 1907  1522
 1908   820
 1909   127
 1910  1367
 1911   665
 1912  1923
 1913  1215
 1914   513
 1915  1775
 1916  1061
 1917   371
 1918  1635
 1919   915
 1920   215
 1921  1475
 1922   775
 1923    80
 1924  1317
 1925   619
 1926  1878
 1927  1188
 1928   474
 1929  1726
 1930  1028
 1931   322
 1932  1572
 1933   872
 1934   180
 1935  1432
 1936   729
 1937    30
 1938  1288
 1939   581
 1940  1837
 1941  1124
 1942   429
 1943  1674
 1944   979
 1945   285
 1946  1536
 1947   831
 1948   129
 1949  1382
 1950   690
 1951  1943
 1952  1224
 1953   535
 1954  1778
 1955  1093
