R20T45QRE
Turbo Code Interleaving
User data with 4 flush bits N=5092
NOTE: Q-bit is the bit index after interleaving. Data-bit is the index of user data

Q-bit Data-bit
--------------
    0    48
    1  3306
    2  1439
    3  4730
    4  2929
    5  1071
    6  4337
    7  2525
    8   685
    9  3964
   10  2121
   11   312
   12  3545
   13  1752
   14  5012
   15  3189
   16  1321
   17  4619
   18  2793
   19   952
   20  4202
   21  2396
   22   581
   23  3822
   24  1984
   25   159
   26  3461
   27  1633
   28  4908
   29  3035
   30  1247
   31  4512
   32  2667
   33   861
   34  4087
   35  2265
   36   446
   37  3697
   38  1867
   39    58
   40  3325
   41  1483
   42  4784
   43  2937
   44  1095
   45  4380
   46  2540
   47   709
   48  3984
   49  2173
   50   306
   51  3604
   52  1754
   53  5051
   54  3226
   55  1391
   56  4676
   57  2805
   58   976
   59  4241
   60  2420
   61   613
   62  3861
   63  2039
   64   228
   65  3476
   66  1678
   67  4926
   68  3096
   69  1266
   70  4508
   71  2686
   72   869
   73  4127
   74  2334
   75   511
   76  3760
   77  1940
   78   113
   79  3375
   80  1532
   81  4787
   82  2991
   83  1141
   84  4408
   85  2585
   86   783
   87  4004
   88  2221
   89   366
   90  3648
   91  1819
   92  5073
   93  3249
   94  1403
   95  4682
   96  2833
   97  1051
   98  4293
   99  2475
  100   617
  101  3895
  102  2093
  103   241
  104  3504
  105  1700
  106  4963
  107  3141
  108  1286
  109  4543
  110  2720
  111   896
  112  4182
  113  2369
  114   521
  115  3808
  116  1956
  117   123
  118  3377
  119  1556
  120  4816
  121  3029
  122  1182
  123  4438
  124  2619
  125   814
  126  4053
  127  2228
  128   419
  129  3676
  130  1817
  131     6
  132  3286
  133  1465
  134  4709
  135  2901
  136  1040
  137  4304
  138  2488
  139   673
  140  3949
  141  2119
  142   265
  143  3527
  144  1728
  145  4987
  146  3148
  147  1313
  148  4593
  149  2791
  150   955
  151  4217
  152  2365
  153   544
  154  3793
  155  2005
  156   161
  157  3451
  158  1627
  159  4848
  160  3051
  161  1191
  162  4487
  163  2670
  164   834
  165  4088
  166  2261
  167   423
  168  3713
  169  1869
  170    73
  171  3310
  172  1497
  173  4745
  174  2923
  175  1088
  176  4385
  177  2530
  178   689
  179  3998
  180  2155
  181   325
  182  3605
  183  1764
  184  5029
  185  3185
  186  1377
  187  4610
  188  2808
  189   987
  190  4254
  191  2435
  192   584
  193  3859
  194  2048
  195   207
  196  3462
  197  1654
  198  4906
  199  3089
  200  1236
  201  4531
  202  2691
  203   867
  204  4136
  205  2307
  206   454
  207  3751
  208  1898
  209    78
  210  3333
  211  1535
  212  4799
  213  2961
  214  1150
  215  4400
  216  2565
  217   744
  218  4002
  219  2196
  220   354
  221  3621
  222  1788
  223  5041
  224  3235
  225  1417
  226  4686
  227  2853
  228  1037
  229  4302
  230  2446
  231   634
  232  3914
  233  2051
  234   221
  235  3487
  236  1674
  237  4955
  238  3106
  239  1293
  240  4537
  241  2724
  242   921
  243  4170
  244  2325
  245   543
  246  3782
  247  1972
  248   103
  249  3387
  250  1533
  251  4837
  252  3008
  253  1190
  254  4432
  255  2620
  256   762
  257  4043
  258  2243
  259   404
  260  3641
  261  1834
  262     3
  263  3250
  264  1426
  265  4726
  266  2887
  267  1045
  268  4296
  269  2478
  270   659
  271  3926
  272  2094
  273   277
  274  3554
  275  1697
  276  4974
  277  3130
  278  1317
  279  4583
  280  2784
  281   922
  282  4214
  283  2390
  284   539
  285  3789
  286  1957
  287   167
  288  3437
  289  1568
  290  4841
  291  3024
  292  1196
  293  4496
  294  2666
  295   804
  296  4082
  297  2236
  298   407
  299  3683
  300  1854
  301    45
  302  3314
  303  1485
  304  4767
  305  2890
  306  1082
  307  4350
  308  2548
  309   718
  310  3979
  311  2142
  312   296
  313  3565
  314  1751
  315  5023
  316  3171
  317  1345
  318  4626
  319  2788
  320   944
  321  4236
  322  2417
  323   567
  324  3852
  325  2041
  326   190
  327  3454
  328  1615
  329  4873
  330  3073
  331  1230
  332  4505
  333  2668
  334   845
  335  4098
  336  2308
  337   485
  338  3712
  339  1924
  340    71
  341  3336
  342  1526
  343  4759
  344  2935
  345  1096
  346  4393
  347  2568
  348   750
  349  3983
  350  2165
  351   352
  352  3598
  353  1798
  354  5028
  355  3220
  356  1384
  357  4650
  358  2807
  359  1006
  360  4250
  361  2429
  362   624
  363  3874
  364  2075
  365   203
  366  3512
  367  1643
  368  4912
  369  3083
  370  1268
  371  4542
  372  2697
  373   862
  374  4151
  375  2342
  376   498
  377  3763
  378  1918
  379   108
  380  3349
  381  1555
  382  4793
  383  2973
  384  1134
  385  4440
  386  2616
  387   764
  388  4010
  389  2187
  390   360
  391  3636
  392  1823
  393  5060
  394  3232
  395  1425
  396  4678
  397  2861
  398  1031
  399  4324
  400  2456
  401   658
  402  3933
  403  2087
  404   264
  405  3529
  406  1716
  407  4976
  408  3122
  409  1318
  410  4580
  411  2730
  412   916
  413  4175
  414  2341
  415   531
  416  3803
  417  1950
  418   131
  419  3412
  420  1592
  421  4824
  422  2996
  423  1202
  424  4450
  425  2612
  426   779
  427  4090
  428  2242
  429   401
  430  3689
  431  1833
  432    43
  433  3273
  434  1472
  435  4708
  436  2879
  437  1090
  438  4344
  439  2514
  440   690
  441  3960
  442  2099
  443   297
  444  3576
  445  1708
  446  4981
  447  3164
  448  1362
  449  4623
  450  2789
  451   933
  452  4245
  453  2374
  454   592
  455  3846
  456  1999
  457   200
  458  3464
  459  1628
  460  4879
  461  3076
  462  1227
  463  4466
  464  2682
  465   825
  466  4078
  467  2269
  468   442
  469  3721
  470  1908
  471    36
  472  3334
  473  1501
  474  4741
  475  2931
  476  1098
  477  4377
  478  2569
  479   698
  480  3965
  481  2132
  482   321
  483  3573
  484  1745
  485  5054
  486  3225
  487  1367
  488  4659
  489  2835
  490   988
  491  4261
  492  2428
  493   607
  494  3864
  495  2037
  496   197
  497  3459
  498  1655
  499  4936
  500  3114
  501  1283
  502  4502
  503  2689
  504   868
  505  4154
  506  2316
  507   489
  508  3770
  509  1913
  510    77
  511  3370
  512  1537
  513  4786
  514  2964
  515  1131
  516  4389
  517  2595
  518   754
  519  4021
  520  2212
  521   370
  522  3645
  523  1789
  524  5063
  525  3231
  526  1414
  527  4702
  528  2852
  529  1038
  530  4298
  531  2474
  532   642
  533  3887
  534  2072
  535   249
  536  3525
  537  1665
  538  4958
  539  3143
  540  1281
  541  4571
  542  2752
  543   927
  544  4192
  545  2347
  546   541
  547  3795
  548  1962
  549   121
  550  3399
  551  1542
  552  4845
  553  2981
  554  1156
  555  4446
  556  2608
  557   768
  558  4050
  559  2255
  560   402
  561  3659
  562  1826
  563    28
  564  3301
  565  1459
  566  4713
  567  2898
  568  1073
  569  4341
  570  2521
  571   680
  572  3920
  573  2089
  574   258
  575  3532
  576  1724
  577  4964
  578  3136
  579  1344
  580  4600
  581  2751
  582   926
  583  4210
  584  2368
  585   542
  586  3817
  587  1994
  588   144
  589  3404
  590  1589
  591  4863
  592  3044
  593  1195
  594  4485
  595  2636
  596   821
  597  4071
  598  2271
  599   447
  600  3686
  601  1861
  602    15
  603  3308
  604  1474
  605  4729
  606  2902
  607  1097
  608  4348
  609  2539
  610   682
  611  3947
  612  2153
  613   302
  614  3593
  615  1744
  616  5038
  617  3208
  618  1351
  619  4653
  620  2812
  621   984
  622  4225
  623  2423
  624   564
  625  3869
  626  2020
  627   222
  628  3456
  629  1658
  630  4904
  631  3061
  632  1225
  633  4510
  634  2702
  635   882
  636  4103
  637  2296
  638   457
  639  3747
  640  1925
  641    65
  642  3366
  643  1488
  644  4771
  645  2978
  646  1140
  647  4404
  648  2563
  649   719
  650  3990
  651  2180
  652   361
  653  3591
  654  1804
  655  5034
  656  3238
  657  1415
  658  4661
  659  2837
  660  1019
  661  4265
  662  2469
  663   649
  664  3904
  665  2054
  666   220
  667  3517
  668  1660
  669  4937
  670  3116
  671  1261
  672  4550
  673  2717
  674   872
  675  4168
  676  2353
  677   522
  678  3759
  679  1932
  680   127
  681  3397
  682  1577
  683  4842
  684  3006
  685  1163
  686  4420
  687  2599
  688   769
  689  4065
  690  2195
  691   399
  692  3644
  693  1830
  694  5075
  695  3287
  696  1460
  697  4688
  698  2858
  699  1062
  700  4289
  701  2481
  702   654
  703  3902
  704  2081
  705   257
  706  3508
  707  1719
  708  4983
  709  3123
  710  1319
  711  4581
  712  2753
  713   907
  714  4193
  715  2350
  716   556
  717  3809
  718  2002
  719   169
  720  3433
  721  1591
  722  4875
  723  3052
  724  1206
  725  4458
  726  2626
  727   797
  728  4085
  729  2234
  730   443
  731  3668
  732  1883
  733    54
  734  3279
  735  1455
  736  4754
  737  2895
  738  1078
  739  4326
  740  2532
  741   703
  742  3934
  743  2111
  744   311
  745  3559
  746  1753
  747  5020
  748  3197
  749  1333
  750  4609
  751  2799
  752   963
  753  4251
  754  2408
  755   572
  756  3849
  757  2010
  758   179
  759  3434
  760  1629
  761  4899
  762  3088
  763  1223
  764  4509
  765  2664
  766   818
  767  4131
  768  2287
  769   449
  770  3735
  771  1888
  772    63
  773  3339
  774  1525
  775  4789
  776  2962
  777  1130
  778  4401
  779  2535
  780   711
  781  3976
  782  2167
  783   350
  784  3625
  785  1783
  786  5061
  787  3230
  788  1412
  789  4671
  790  2851
  791  1010
  792  4247
  793  2457
  794   609
  795  3856
  796  2034
  797   226
  798  3479
  799  1682
  800  4915
  801  3081
  802  1295
  803  4532
  804  2728
  805   870
  806  4124
  807  2297
  808   491
  809  3767
  810  1916
  811    83
  812  3384
  813  1534
  814  4800
  815  2993
  816  1148
  817  4429
  818  2570
  819   761
  820  4037
  821  2176
  822   396
  823  3647
  824  1786
  825  5071
  826  3271
  827  1430
  828  4674
  829  2838
  830  1018
  831  4310
  832  2466
  833   626
  834  3900
  835  2080
  836   269
  837  3526
  838  1687
  839  4960
  840  3150
  841  1330
  842  4545
  843  2743
  844   906
  845  4178
  846  2339
  847   502
  848  3786
  849  1980
  850   138
  851  3389
  852  1561
  853  4867
  854  3000
  855  1197
  856  4431
  857  2600
  858   809
  859  4048
  860  2257
  861   417
  862  3682
  863  1835
  864    40
  865  3307
  866  1461
  867  4743
  868  2886
  869  1060
  870  4314
  871  2507
  872   692
  873  3958
  874  2122
  875   286
  876  3558
  877  1720
  878  4998
  879  3170
  880  1358
  881  4625
  882  2786
  883   953
  884  4226
  885  2406
  886   552
  887  3812
  888  2014
  889   189
  890  3410
  891  1623
  892  4855
  893  3057
  894  1209
  895  4479
  896  2652
  897   836
  898  4121
  899  2270
  900   438
  901  3698
  902  1891
  903    72
  904  3342
  905  1471
  906  4751
  907  2921
  908  1101
  909  4375
  910  2542
  911   732
  912  3995
  913  2145
  914   346
  915  3587
  916  1784
  917  5003
  918  3221
  919  1392
  920  4642
  921  2819
  922   996
  923  4279
  924  2442
  925   599
  926  3868
  927  2033
  928   230
  929  3496
  930  1642
  931  4896
  932  3086
  933  1245
  934  4539
  935  2690
  936   866
  937  4128
  938  2301
  939   471
  940  3726
  941  1929
  942    90
  943  3362
  944  1540
  945  4781
  946  2947
  947  1118
  948  4421
  949  2602
  950   771
  951  4034
  952  2205
  953   373
  954  3642
  955  1821
  956  5046
  957  3261
  958  1422
  959  4672
  960  2859
  961  1030
  962  4301
  963  2470
  964   619
  965  3919
  966  2052
  967   256
  968  3494
  969  1680
  970  4951
  971  3097
  972  1280
  973  4544
  974  2742
  975   905
  976  4145
  977  2361
  978   494
  979  3787
  980  1966
  981   120
  982  3378
  983  1578
  984  4826
  985  2989
  986  1172
  987  4461
  988  2601
  989   772
  990  4047
  991  2229
  992   390
  993  3637
  994  1836
  995  5091
  996  3263
  997  1449
  998  4716
  999  2896
 1000  1041
 1001  4325
 1002  2503
 1003   686
 1004  3940
 1005  2103
 1006   299
 1007  3533
 1008  1722
 1009  4989
 1010  3169
 1011  1325
 1012  4608
 1013  2776
 1014   940
 1015  4199
 1016  2372
 1017   535
 1018  3794
 1019  1979
 1020   171
 1021  3411
 1022  1611
 1023  4874
 1024  3034
 1025  1200
 1026  4482
 1027  2671
 1028   807
 1029  4101
 1030  2280
 1031   406
 1032  3695
 1033  1856
 1034    19
 1035  3304
 1036  1499
 1037  4774
 1038  2936
 1039  1105
 1040  4373
 1041  2506
 1042   725
 1043  3952
 1044  2152
 1045   326
 1046  3584
 1047  1776
 1048  4988
 1049  3176
 1050  1361
 1051  4646
 1052  2814
 1053   981
 1054  4255
 1055  2410
 1056   597
 1057  3824
 1058  2040
 1059   181
 1060  3448
 1061  1608
 1062  4902
 1063  3090
 1064  1263
 1065  4494
 1066  2660
 1067   856
 1068  4118
 1069  2288
 1070   459
 1071  3745
 1072  1900
 1073    99
 1074  3346
 1075  1495
 1076  4792
 1077  2945
 1078  1132
 1079  4410
 1080  2561
 1081   747
 1082  4026
 1083  2161
 1084   371
 1085  3609
 1086  1772
 1087  5074
 1088  3239
 1089  1411
 1090  4687
 1091  2824
 1092  1001
 1093  4273
 1094  2438
 1095   611
 1096  3896
 1097  2059
 1098   217
 1099  3488
 1100  1648
 1101  4917
 1102  3125
 1103  1284
 1104  4568
 1105  2709
 1106   875
 1107  4165
 1108  2327
 1109   506
 1110  3744
 1111  1941
 1112    92
 1113  3365
 1114  1565
 1115  4797
 1116  3002
 1117  1142
 1118  4402
 1119  2581
 1120   777
 1121  4032
 1122  2217
 1123   392
 1124  3649
 1125  1827
 1126     5
 1127  3270
 1128  1441
 1129  4697
 1130  2878
 1131  1025
 1132  4332
 1133  2487
 1134   651
 1135  3928
 1136  2113
 1137   288
 1138  3518
 1139  1686
 1140  4949
 1141  3165
 1142  1324
 1143  4577
 1144  2732
 1145   946
 1146  4171
 1147  2358
 1148   525
 1149  3814
 1150  1997
 1151   128
 1152  3428
 1153  1569
 1154  4866
 1155  3032
 1156  1215
 1157  4483
 1158  2638
 1159   789
 1160  4092
 1161  2230
 1162   409
 1163  3704
 1164  1863
 1165     4
 1166  3300
 1167  1467
 1168  4747
 1169  2900
 1170  1072
 1171  4351
 1172  2516
 1173   681
 1174  3943
 1175  2129
 1176   318
 1177  3548
 1178  1758
 1179  5016
 1180  3172
 1181  1363
 1182  4640
 1183  2804
 1184   989
 1185  4209
 1186  2401
 1187   576
 1188  3844
 1189  1986
 1190   166
 1191  3466
 1192  1640
 1193  4868
 1194  3048
 1195  1214
 1196  4514
 1197  2659
 1198   846
 1199  4119
 1200  2268
 1201   455
 1202  3706
 1203  1905
 1204    53
 1205  3343
 1206  1524
 1207  4760
 1208  2955
 1209  1109
 1210  4357
 1211  2558
 1212   728
 1213  3969
 1214  2171
 1215   345
 1216  3599
 1217  1775
 1218  5040
 1219  3180
 1220  1375
 1221  4629
 1222  2841
 1223  1013
 1224  4246
 1225  2430
 1226   595
 1227  3889
 1228  2043
 1229   247
 1230  3486
 1231  1676
 1232  4918
 1233  3080
 1234  1269
 1235  4518
 1236  2708
 1237   877
 1238  4138
 1239  2314
 1240   484
 1241  3769
 1242  1915
 1243   109
 1244  3372
 1245  1516
 1246  4810
 1247  2960
 1248  1158
 1249  4424
 1250  2574
 1251   759
 1252  4013
 1253  2218
 1254   374
 1255  3656
 1256  1810
 1257  5086
 1258  3264
 1259  1434
 1260  4673
 1261  2862
 1262  1056
 1263  4288
 1264  2476
 1265   641
 1266  3916
 1267  2070
 1268   271
 1269  3523
 1270  1664
 1271  4947
 1272  3135
 1273  1288
 1274  4565
 1275  2755
 1276   900
 1277  4181
 1278  2335
 1279   532
 1280  3774
 1281  1959
 1282   146
 1283  3403
 1284  1576
 1285  4856
 1286  3005
 1287  1194
 1288  4452
 1289  2634
 1290   795
 1291  4058
 1292  2227
 1293   435
 1294  3671
 1295  1839
 1296    35
 1297  3275
 1298  1448
 1299  4721
 1300  2899
 1301  1084
 1302  4323
 1303  2499
 1304   695
 1305  3955
 1306  2100
 1307   272
 1308  3539
 1309  1730
 1310  4971
 1311  3184
 1312  1349
 1313  4582
 1314  2781
 1315   934
 1316  4211
 1317  2391
 1318   559
 1319  3833
 1320  1977
 1321   182
 1322  3416
 1323  1621
 1324  4880
 1325  3045
 1326  1237
 1327  4490
 1328  2677
 1329   855
 1330  4115
 1331  2274
 1332   436
 1333  3722
 1334  1878
 1335    51
 1336  3302
 1337  1487
 1338  4775
 1339  2912
 1340  1103
 1341  4370
 1342  2517
 1343   720
 1344  3977
 1345  2154
 1346   315
 1347  3596
 1348  1779
 1349  5006
 1350  3219
 1351  1368
 1352  4630
 1353  2800
 1354  1003
 1355  4249
 1356  2413
 1357   588
 1358  3871
 1359  2030
 1360   198
 1361  3483
 1362  1618
 1363  4905
 1364  3103
 1365  1257
 1366  4535
 1367  2696
 1368   863
 1369  4108
 1370  2286
 1371   500
 1372  3738
 1373  1896
 1374   104
 1375  3352
 1376  1543
 1377  4778
 1378  2966
 1379  1152
 1380  4399
 1381  2562
 1382   737
 1383  3997
 1384  2192
 1385   377
 1386  3640
 1387  1791
 1388  5085
 1389  3243
 1390  1429
 1391  4690
 1392  2827
 1393  1026
 1394  4305
 1395  2467
 1396   643
 1397  3906
 1398  2085
 1399   263
 1400  3515
 1401  1692
 1402  4941
 1403  3101
 1404  1279
 1405  4572
 1406  2731
 1407   888
 1408  4159
 1409  2338
 1410   513
 1411  3781
 1412  1968
 1413   118
 1414  3400
 1415  1563
 1416  4808
 1417  3001
 1418  1193
 1419  4428
 1420  2594
 1421   775
 1422  4044
 1423  2197
 1424   372
 1425  3670
 1426  1844
 1427    13
 1428  3274
 1429  1443
 1430  4718
 1431  2891
 1432  1074
 1433  4315
 1434  2479
 1435   646
 1436  3913
 1437  2114
 1438   292
 1439  3537
 1440  1717
 1441  4965
 1442  3162
 1443  1308
 1444  4562
 1445  2746
 1446   947
 1447  4190
 1448  2376
 1449   530
 1450  3818
 1451  1964
 1452   156
 1453  3422
 1454  1580
 1455  4839
 1456  3028
 1457  1204
 1458  4478
 1459  2637
 1460   796
 1461  4080
 1462  2245
 1463   433
 1464  3708
 1465  1847
 1466    23
 1467  3299
 1468  1475
 1469  4753
 1470  2917
 1471  1116
 1472  4342
 1473  2522
 1474   714
 1475  3956
 1476  2147
 1477   304
 1478  3570
 1479  1759
 1480  4999
 1481  3192
 1482  1373
 1483  4638
 1484  2820
 1485   978
 1486  4227
 1487  2398
 1488   574
 1489  3834
 1490  2004
 1491   193
 1492  3442
 1493  1612
 1494  4901
 1495  3063
 1496  1249
 1497  4524
 1498  2674
 1499   874
 1500  4126
 1501  2282
 1502   463
 1503  3742
 1504  1926
 1505    88
 1506  3326
 1507  1509
 1508  4756
 1509  2957
 1510  1125
 1511  4414
 1512  2559
 1513   721
 1514  4012
 1515  2191
 1516   323
 1517  3632
 1518  1782
 1519  5067
 1520  3245
 1521  1409
 1522  4663
 1523  2811
 1524   983
 1525  4281
 1526  2458
 1527   627
 1528  3892
 1529  2060
 1530   213
 1531  3465
 1532  1681
 1533  4950
 1534  3085
 1535  1303
 1536  4530
 1537  2701
 1538   876
 1539  4163
 1540  2354
 1541   490
 1542  3775
 1543  1949
 1544   117
 1545  3379
 1546  1562
 1547  4801
 1548  2999
 1549  1164
 1550  4442
 1551  2610
 1552   786
 1553  4055
 1554  2235
 1555   381
 1556  3653
 1557  1825
 1558  5077
 1559  3260
 1560  1421
 1561  4703
 1562  2848
 1563  1036
 1564  4320
 1565  2489
 1566   648
 1567  3903
 1568  2105
 1569   270
 1570  3528
 1571  1706
 1572  4962
 1573  3158
 1574  1329
 1575  4574
 1576  2754
 1577   931
 1578  4206
 1579  2363
 1580   548
 1581  3785
 1582  1985
 1583   130
 1584  3426
 1585  1593
 1586  4850
 1587  3016
 1588  1168
 1589  4448
 1590  2655
 1591   829
 1592  4095
 1593  2226
 1594   444
 1595  3690
 1596  1843
 1597    11
 1598  3267
 1599  1482
 1600  4739
 1601  2904
 1602  1068
 1603  4328
 1604  2504
 1605   713
 1606  3954
 1607  2098
 1608   290
 1609  3541
 1610  1760
 1611  5014
 1612  3151
 1613  1356
 1614  4617
 1615  2759
 1616   950
 1617  4223
 1618  2394
 1619   580
 1620  3842
 1621  2013
 1622   209
 1623  3447
 1624  1588
 1625  4886
 1626  3065
 1627  1208
 1628  4517
 1629  2657
 1630   820
 1631  4107
 1632  2300
 1633   462
 1634  3719
 1635  1865
 1636    47
 1637  3347
 1638  1519
 1639  4791
 1640  2942
 1641  1089
 1642  4366
 1643  2527
 1644   738
 1645  4008
 1646  2172
 1647   343
 1648  3578
 1649  1761
 1650  5018
 1651  3188
 1652  1397
 1653  4643
 1654  2830
 1655  1016
 1656  4242
 1657  2409
 1658   579
 1659  3867
 1660  2049
 1661   216
 1662  3503
 1663  1670
 1664  4921
 1665  3077
 1666  1239
 1667  4554
 1668  2688
 1669   887
 1670  4162
 1671  2333
 1672   477
 1673  3778
 1674  1914
 1675    84
 1676  3360
 1677  1548
 1678  4818
 1679  2983
 1680  1127
 1681  4417
 1682  2575
 1683   757
 1684  4039
 1685  2198
 1686   355
 1687  3608
 1688  1832
 1689  5048
 1690  3258
 1691  1438
 1692  4669
 1693  2839
 1694  1039
 1695  4272
 1696  2485
 1697   667
 1698  3882
 1699  2062
 1700   273
 1701  3521
 1702  1688
 1703  4933
 1704  3112
 1705  1298
 1706  4591
 1707  2723
 1708   893
 1709  4186
 1710  2330
 1711   503
 1712  3758
 1713  1944
 1714   155
 1715  3374
 1716  1586
 1717  4849
 1718  3007
 1719  1192
 1720  4433
 1721  2624
 1722   773
 1723  4067
 1724  2249
 1725   395
 1726  3666
 1727  1842
 1728    32
 1729  3252
 1730  1435
 1731  4704
 1732  2908
 1733  1048
 1734  4339
 1735  2490
 1736   701
 1737  3953
 1738  2123
 1739   308
 1740  3569
 1741  1738
 1742  4986
 1743  3154
 1744  1340
 1745  4587
 1746  2778
 1747   956
 1748  4196
 1749  2367
 1750   565
 1751  3805
 1752  1993
 1753   175
 1754  3419
 1755  1617
 1756  4857
 1757  3031
 1758  1220
 1759  4499
 1760  2641
 1761   815
 1762  4106
 1763  2278
 1764   432
 1765  3699
 1766  1862
 1767    26
 1768  3313
 1769  1464
 1770  4732
 1771  2903
 1772  1107
 1773  4367
 1774  2544
 1775   706
 1776  3957
 1777  2162
 1778   333
 1779  3567
 1780  1774
 1781  5011
 1782  3217
 1783  1347
 1784  4616
 1785  2829
 1786   957
 1787  4269
 1788  2424
 1789   577
 1790  3875
 1791  2028
 1792   232
 1793  3473
 1794  1649
 1795  4911
 1796  3075
 1797  1278
 1798  4528
 1799  2698
 1800   860
 1801  4130
 1802  2324
 1803   483
 1804  3750
 1805  1921
 1806    68
 1807  3345
 1808  1546
 1809  4776
 1810  2948
 1811  1139
 1812  4381
 1813  2571
 1814   763
 1815  4011
 1816  2186
 1817   324
 1818  3635
 1819  1768
 1820  5068
 1821  3223
 1822  1380
 1823  4657
 1824  2845
 1825  1014
 1826  4262
 1827  2465
 1828   620
 1829  3893
 1830  2065
 1831   223
 1832  3484
 1833  1657
 1834  4932
 1835  3104
 1836  1276
 1837  4546
 1838  2716
 1839   920
 1840  4167
 1841  2355
 1842   527
 1843  3771
 1844  1922
 1845   114
 1846  3380
 1847  1552
 1848  4835
 1849  3012
 1850  1160
 1851  4444
 1852  2586
 1853   778
 1854  4040
 1855  2231
 1856   412
 1857  3652
 1858  1855
 1859  5084
 1860  3244
 1861  1436
 1862  4724
 1863  2888
 1864  1043
 1865  4300
 1866  2510
 1867   660
 1868  3929
 1869  2083
 1870   284
 1871  3540
 1872  1713
 1873  4991
 1874  3144
 1875  1338
 1876  4575
 1877  2765
 1878   917
 1879  4180
 1880  2379
 1881   528
 1882  3798
 1883  2001
 1884   137
 1885  3435
 1886  1599
 1887  4853
 1888  3020
 1889  1207
 1890  4475
 1891  2672
 1892   833
 1893  4062
 1894  2252
 1895   452
 1896  3675
 1897  1889
 1898    27
 1899  3296
 1900  1452
 1901  4742
 1902  2892
 1903  1076
 1904  4359
 1905  2533
 1906   707
 1907  3959
 1908  2144
 1909   327
 1910  3556
 1911  1739
 1912  5009
 1913  3168
 1914  1343
 1915  4628
 1916  2767
 1917   974
 1918  4256
 1919  2382
 1920   560
 1921  3845
 1922  2027
 1923   214
 1924  3429
 1925  1616
 1926  4898
 1927  3091
 1928  1233
 1929  4504
 1930  2679
 1931   839
 1932  4097
 1933  2273
 1934   465
 1935  3737
 1936  1901
 1937    75
 1938  3359
 1939  1522
 1940  4785
 1941  2927
 1942  1117
 1943  4361
 1944  2556
 1945   748
 1946  4000
 1947  2170
 1948   335
 1949  3597
 1950  1797
 1951  5062
 1952  3186
 1953  1406
 1954  4632
 1955  2847
 1956  1011
 1957  4287
 1958  2427
 1959   591
 1960  3884
 1961  2063
 1962   212
 1963  3489
 1964  1672
 1965  4928
 1966  3093
 1967  1275
 1968  4540
 1969  2692
 1970   880
 1971  4161
 1972  2328
 1973   478
 1974  3753
 1975  1953
 1976   135
 1977  3391
 1978  1553
 1979  4805
 1980  2997
 1981  1144
 1982  4426
 1983  2592
 1984   742
 1985  4022
 1986  2189
 1987   375
 1988  3654
 1989  1824
 1990     7
 1991  3246
 1992  1398
 1993  4710
 1994  2868
 1995  1054
 1996  4316
 1997  2494
 1998   644
 1999  3931
 2000  2091
 2001   251
 2002  3536
 2003  1677
 2004  4977
 2005  3146
 2006  1332
 2007  4570
 2008  2733
 2009   918
 2010  4185
 2011  2370
 2012   514
 2013  3799
 2014  1978
 2015   134
 2016  3423
 2017  1570
 2018  4836
 2019  2988
 2020  1176
 2021  4470
 2022  2618
 2023   819
 2024  4045
 2025  2222
 2026   411
 2027  3678
 2028  1876
 2029    22
 2030  3291
 2031  1447
 2032  4728
 2033  2906
 2034  1064
 2035  4352
 2036  2491
 2037   693
 2038  3966
 2039  2117
 2040   300
 2041  3585
 2042  1712
 2043  5010
 2044  3174
 2045  1341
 2046  4604
 2047  2768
 2048   973
 2049  4243
 2050  2384
 2051   585
 2052  3838
 2053  1988
 2054   185
 2055  3425
 2056  1597
 2057  4854
 2058  3082
 2059  1250
 2060  4463
 2061  2654
 2062   847
 2063  4094
 2064  2279
 2065   470
 2066  3693
 2067  1880
 2068    33
 2069  3297
 2070  1517
 2071  4761
 2072  2932
 2073  1121
 2074  4378
 2075  2550
 2076   705
 2077  4001
 2078  2179
 2079   340
 2080  3600
 2081  1746
 2082  5049
 2083  3201
 2084  1366
 2085  4660
 2086  2825
 2087   968
 2088  4240
 2089  2431
 2090   616
 2091  3850
 2092  2057
 2093   236
 2094  3470
 2095  1659
 2096  4924
 2097  3071
 2098  1270
 2099  4538
 2100  2719
 2101   897
 2102  4133
 2103  2289
 2104   468
 2105  3723
 2106  1909
 2107   111
 2108  3344
 2109  1527
 2110  4780
 2111  2956
 2112  1138
 2113  4405
 2114  2579
 2115   755
 2116  4014
 2117  2185
 2118   388
 2119  3616
 2120  1796
 2121  5065
 2122  3247
 2123  1381
 2124  4667
 2125  2864
 2126  1028
 2127  4299
 2128  2439
 2129   633
 2130  3894
 2131  2053
 2132   229
 2133  3519
 2134  1667
 2135  4975
 2136  3142
 2137  1307
 2138  4556
 2139  2739
 2140   881
 2141  4187
 2142  2326
 2143   534
 2144  3796
 2145  1974
 2146   116
 2147  3396
 2148  1554
 2149  4840
 2150  3014
 2151  1186
 2152  4453
 2153  2607
 2154   803
 2155  4074
 2156  2216
 2157   405
 2158  3657
 2159  1846
 2160    29
 2161  3277
 2162  1468
 2163  4735
 2164  2860
 2165  1069
 2166  4303
 2167  2480
 2168   653
 2169  3948
 2170  2102
 2171   293
 2172  3549
 2173  1743
 2174  4959
 2175  3167
 2176  1334
 2177  4590
 2178  2775
 2179   935
 2180  4179
 2181  2400
 2182   571
 2183  3819
 2184  2006
 2185   168
 2186  3424
 2187  1613
 2188  4881
 2189  3018
 2190  1199
 2191  4449
 2192  2663
 2193   831
 2194  4099
 2195  2281
 2196   428
 2197  3677
 2198  1851
 2199    64
 2200  3322
 2201  1481
 2202  4746
 2203  2943
 2204  1112
 2205  4365
 2206  2518
 2207   694
 2208  3988
 2209  2116
 2210   303
 2211  3581
 2212  1762
 2213  5015
 2214  3214
 2215  1369
 2216  4652
 2217  2810
 2218   966
 2219  4239
 2220  2437
 2221   568
 2222  3878
 2223  2024
 2224   201
 2225  3455
 2226  1636
 2227  4919
 2228  3094
 2229  1234
 2230  4519
 2231  2703
 2232   859
 2233  4109
 2234  2311
 2235   464
 2236  3755
 2237  1885
 2238    81
 2239  3335
 2240  1491
 2241  4772
 2242  2968
 2243  1129
 2244  4415
 2245  2578
 2246   730
 2247  4027
 2248  2178
 2249   330
 2250  3633
 2251  1792
 2252  5058
 2253  3198
 2254  1393
 2255  4680
 2256  2855
 2257  1005
 2258  4264
 2259  2463
 2260   645
 2261  3881
 2262  2046
 2263   234
 2264  3502
 2265  1673
 2266  4922
 2267  3107
 2268  1272
 2269  4573
 2270  2704
 2271   898
 2272  4173
 2273  2320
 2274   488
 2275  3761
 2276  1927
 2277   110
 2278  3401
 2279  1538
 2280  4821
 2281  2963
 2282  1180
 2283  4406
 2284  2627
 2285   782
 2286  4036
 2287  2199
 2288   398
 2289  3627
 2290  1809
 2291     2
 2292  3257
 2293  1424
 2294  4681
 2295  2885
 2296  1077
 2297  4338
 2298  2495
 2299   668
 2300  3898
 2301  2095
 2302   276
 2303  3544
 2304  1711
 2305  4966
 2306  3133
 2307  1316
 2308  4586
 2309  2738
 2310   930
 2311  4172
 2312  2383
 2313   526
 2314  3821
 2315  1987
 2316   164
 2317  3392
 2318  1567
 2319  4869
 2320  3010
 2321  1211
 2322  4472
 2323  2640
 2324   816
 2325  4093
 2326  2258
 2327   421
 2328  3691
 2329  1881
 2330    30
 2331  3295
 2332  1476
 2333  4725
 2334  2930
 2335  1085
 2336  4334
 2337  2500
 2338   702
 2339  3963
 2340  2141
 2341   305
 2342  3589
 2343  1718
 2344  5021
 2345  3182
 2346  1357
 2347  4620
 2348  2771
 2349   970
 2350  4228
 2351  2422
 2352   589
 2353  3855
 2354  1996
 2355   172
 2356  3477
 2357  1622
 2358  4893
 2359  3064
 2360  1222
 2361  4484
 2362  2685
 2363   865
 2364  4110
 2365  2263
 2366   467
 2367  3734
 2368  1873
 2369    60
 2370  3337
 2371  1529
 2372  4798
 2373  2941
 2374  1106
 2375  4364
 2376  2554
 2377   722
 2378  3985
 2379  2156
 2380   347
 2381  3619
 2382  1763
 2383  5050
 2384  3190
 2385  1402
 2386  4664
 2387  2831
 2388   995
 2389  4252
 2390  2445
 2391   606
 2392  3873
 2393  2067
 2394   210
 2395  3468
 2396  1653
 2397  4910
 2398  3100
 2399  1291
 2400  4559
 2401  2683
 2402   884
 2403  4158
 2404  2298
 2405   516
 2406  3733
 2407  1917
 2408   101
 2409  3358
 2410  1544
 2411  4807
 2412  2994
 2413  1165
 2414  4418
 2415  2573
 2416   756
 2417  4042
 2418  2207
 2419   364
 2420  3658
 2421  1820
 2422  5078
 2423  3233
 2424  1432
 2425  4675
 2426  2836
 2427  1015
 2428  4309
 2429  2498
 2430   639
 2431  3905
 2432  2076
 2433   279
 2434  3546
 2435  1696
 2436  4939
 2437  3139
 2438  1287
 2439  4569
 2440  2756
 2441   904
 2442  4164
 2443  2337
 2444   537
 2445  3810
 2446  1971
 2447   136
 2448  3420
 2449  1594
 2450  4825
 2451  3025
 2452  1185
 2453  4443
 2454  2630
 2455   811
 2456  4051
 2457  2220
 2458   386
 2459  3665
 2460  1857
 2461    34
 2462  3312
 2463  1462
 2464  4719
 2465  2910
 2466  1063
 2467  4329
 2468  2529
 2469   675
 2470  3921
 2471  2140
 2472   268
 2473  3575
 2474  1715
 2475  5007
 2476  3153
 2477  1328
 2478  4585
 2479  2779
 2480   942
 2481  4198
 2482  2375
 2483   587
 2484  3836
 2485  2015
 2486   173
 2487  3458
 2488  1606
 2489  4872
 2490  3043
 2491  1241
 2492  4469
 2493  2651
 2494   822
 2495  4077
 2496  2260
 2497   429
 2498  3710
 2499  1893
 2500    79
 2501  3303
 2502  1514
 2503  4734
 2504  2916
 2505  1102
 2506  4388
 2507  2567
 2508   717
 2509  3993
 2510  2130
 2511   336
 2512  3579
 2513  1780
 2514  5033
 2515  3212
 2516  1382
 2517  4621
 2518  2817
 2519   971
 2520  4237
 2521  2412
 2522   605
 2523  3879
 2524  2018
 2525   199
 2526  3482
 2527  1652
 2528  4927
 2529  3070
 2530  1240
 2531  4527
 2532  2700
 2533   858
 2534  4150
 2535  2305
 2536   461
 2537  3728
 2538  1907
 2539    85
 2540  3332
 2541  1506
 2542  4788
 2543  2972
 2544  1153
 2545  4396
 2546  2582
 2547   751
 2548  4041
 2549  2169
 2550   365
 2551  3628
 2552  1822
 2553  5076
 2554  3240
 2555  1386
 2556  4662
 2557  2840
 2558  1012
 2559  4283
 2560  2449
 2561   655
 2562  3910
 2563  2047
 2564   233
 2565  3516
 2566  1689
 2567  4956
 2568  3127
 2569  1312
 2570  4579
 2571  2747
 2572   928
 2573  4194
 2574  2322
 2575   504
 2576  3784
 2577  1952
 2578   124
 2579  3368
 2580  1564
 2581  4831
 2582  3017
 2583  1184
 2584  4434
 2585  2598
 2586   784
 2587  4031
 2588  2240
 2589   369
 2590  3650
 2591  1848
 2592    25
 2593  3253
 2594  1458
 2595  4714
 2596  2872
 2597  1033
 2598  4317
 2599  2472
 2600   657
 2601  3944
 2602  2124
 2603   280
 2604  3531
 2605  1701
 2606  4980
 2607  3134
 2608  1323
 2609  4594
 2610  2772
 2611   958
 2612  4219
 2613  2380
 2614   540
 2615  3791
 2616  1970
 2617   162
 2618  3427
 2619  1610
 2620  4858
 2621  3053
 2622  1231
 2623  4459
 2624  2629
 2625   841
 2626  4091
 2627  2239
 2628   426
 2629  3700
 2630  1887
 2631    42
 2632  3328
 2633  1496
 2634  4762
 2635  2939
 2636  1115
 2637  4362
 2638  2547
 2639   679
 2640  3970
 2641  2126
 2642   319
 2643  3592
 2644  1755
 2645  5019
 2646  3210
 2647  1350
 2648  4639
 2649  2794
 2650   979
 2651  4259
 2652  2404
 2653   563
 2654  3827
 2655  2022
 2656   174
 2657  3443
 2658  1607
 2659  4877
 2660  3060
 2661  1251
 2662  4511
 2663  2706
 2664   857
 2665  4132
 2666  2293
 2667   448
 2668  3711
 2669  1911
 2670    94
 2671  3330
 2672  1493
 2673  4768
 2674  2949
 2675  1113
 2676  4392
 2677  2587
 2678   753
 2679  3992
 2680  2168
 2681   332
 2682  3631
 2683  1769
 2684  5044
 2685  3236
 2686  1407
 2687  4645
 2688  2822
 2689   999
 2690  4268
 2691  2460
 2692   621
 2693  3866
 2694  2077
 2695   243
 2696  3475
 2697  1684
 2698  4916
 2699  3110
 2700  1267
 2701  4547
 2702  2740
 2703   878
 2704  4135
 2705  2346
 2706   501
 2707  3756
 2708  1931
 2709   107
 2710  3381
 2711  1573
 2712  4802
 2713  2976
 2714  1155
 2715  4423
 2716  2623
 2717   785
 2718  4035
 2719  2232
 2720   382
 2721  3664
 2722  1818
 2723  5072
 2724  3269
 2725  1420
 2726  4684
 2727  2883
 2728  1046
 2729  4321
 2730  2473
 2731   674
 2732  3918
 2733  2109
 2734   266
 2735  3547
 2736  1707
 2737  4942
 2738  3120
 2739  1301
 2740  4595
 2741  2750
 2742   945
 2743  4166
 2744  2386
 2745   524
 2746  3800
 2747  1975
 2748   150
 2749  3398
 2750  1587
 2751  4832
 2752  2998
 2753  1213
 2754  4468
 2755  2613
 2756   805
 2757  4072
 2758  2262
 2759   445
 2760  3705
 2761  1872
 2762    37
 2763  3293
 2764  1454
 2765  4711
 2766  2907
 2767  1091
 2768  4346
 2769  2511
 2770   691
 2771  3967
 2772  2136
 2773   282
 2774  3577
 2775  1750
 2776  5032
 2777  3161
 2778  1365
 2779  4614
 2780  2774
 2781   967
 2782  4257
 2783  2405
 2784   566
 2785  3862
 2786  2016
 2787   184
 2788  3467
 2789  1626
 2790  4891
 2791  3038
 2792  1259
 2793  4516
 2794  2694
 2795   832
 2796  4122
 2797  2259
 2798   472
 2799  3731
 2800  1903
 2801    44
 2802  3321
 2803  1484
 2804  4770
 2805  2953
 2806  1099
 2807  4368
 2808  2553
 2809   749
 2810  3973
 2811  2184
 2812   357
 2813  3590
 2814  1777
 2815  5043
 2816  3195
 2817  1399
 2818  4634
 2819  2821
 2820   972
 2821  4260
 2822  2421
 2823   618
 2824  3865
 2825  2069
 2826   204
 2827  3490
 2828  1644
 2829  4940
 2830  3109
 2831  1260
 2832  4523
 2833  2727
 2834   889
 2835  4155
 2836  2329
 2837   499
 2838  3764
 2839  1923
 2840   126
 2841  3371
 2842  1536
 2843  4811
 2844  2990
 2845  1145
 2846  4398
 2847  2604
 2848   765
 2849  4007
 2850  2223
 2851   358
 2852  3662
 2853  1816
 2854  5055
 2855  3265
 2856  1413
 2857  4683
 2858  2856
 2859  1029
 2860  4297
 2861  2443
 2862   638
 2863  3883
 2864  2061
 2865   261
 2866  3498
 2867  1666
 2868  4954
 2869  3132
 2870  1289
 2871  4564
 2872  2734
 2873   890
 2874  4197
 2875  2345
 2876   497
 2877  3779
 2878  1960
 2879   139
 2880  3417
 2881  1571
 2882  4861
 2883  3004
 2884  1198
 2885  4456
 2886  2648
 2887   806
 2888  4054
 2889  2219
 2890   413
 2891  3651
 2892  1837
 2893  5087
 2894  3276
 2895  1473
 2896  4712
 2897  2914
 2898  1061
 2899  4354
 2900  2512
 2901   656
 2902  3930
 2903  2110
 2904   281
 2905  3568
 2906  1721
 2907  5004
 2908  3175
 2909  1314
 2910  4613
 2911  2790
 2912   961
 2913  4215
 2914  2366
 2915   545
 2916  3832
 2917  1989
 2918   163
 2919  3441
 2920  1620
 2921  4895
 2922  3055
 2923  1232
 2924  4473
 2925  2649
 2926   849
 2927  4117
 2928  2292
 2929   441
 2930  3687
 2931  1859
 2932    74
 2933  3309
 2934  1510
 2935  4763
 2936  2952
 2937  1086
 2938  4343
 2939  2534
 2940   731
 2941  3986
 2942  2133
 2943   334
 2944  3601
 2945  1767
 2946  5008
 2947  3222
 2948  1359
 2949  4636
 2950  2809
 2951   977
 2952  4233
 2953  2432
 2954   594
 2955  3858
 2956  2026
 2957   224
 2958  3446
 2959  1647
 2960  4930
 2961  3068
 2962  1271
 2963  4513
 2964  2681
 2965   864
 2966  4123
 2967  2321
 2968   453
 2969  3732
 2970  1902
 2971   112
 2972  3369
 2973  1541
 2974  4795
 2975  2946
 2976  1120
 2977  4390
 2978  2584
 2979   745
 2980  4016
 2981  2210
 2982   348
 2983  3638
 2984  1785
 2985  5042
 2986  3234
 2987  1389
 2988  4658
 2989  2866
 2990  1000
 2991  4266
 2992  2461
 2993   625
 2994  3872
 2995  2092
 2996   237
 2997  3513
 2998  1668
 2999  4944
 3000  3105
 3001  1277
 3002  4541
 3003  2715
 3004   919
 3005  4141
 3006  2319
 3007   536
 3008  3768
 3009  1937
 3010   133
 3011  3386
 3012  1581
 3013  4827
 3014  3021
 3015  1183
 3016  4454
 3017  2631
 3018   766
 3019  4038
 3020  2203
 3021   384
 3022  3639
 3023  1853
 3024    21
 3025  3280
 3026  1444
 3027  4699
 3028  2881
 3029  1058
 3030  4336
 3031  2515
 3032   662
 3033  3942
 3034  2104
 3035   267
 3036  3563
 3037  1710
 3038  4996
 3039  3145
 3040  1315
 3041  4596
 3042  2769
 3043   936
 3044  4207
 3045  2362
 3046   547
 3047  3811
 3048  1983
 3049   154
 3050  3431
 3051  1604
 3052  4883
 3053  3042
 3054  1212
 3055  4471
 3056  2650
 3057   808
 3058  4081
 3059  2244
 3060   425
 3061  3679
 3062  1871
 3063    17
 3064  3285
 3065  1470
 3066  4723
 3067  2933
 3068  1066
 3069  4360
 3070  2520
 3071   715
 3072  3946
 3073  2135
 3074   295
 3075  3560
 3076  1748
 3077  5022
 3078  3207
 3079  1371
 3080  4624
 3081  2823
 3082   992
 3083  4222
 3084  2419
 3085   608
 3086  3831
 3087  2021
 3088   202
 3089  3480
 3090  1645
 3091  4889
 3092  3084
 3093  1265
 3094  4503
 3095  2658
 3096   852
 3097  4111
 3098  2283
 3099   476
 3100  3717
 3101  1928
 3102    59
 3103  3323
 3104  1502
 3105  4764
 3106  2969
 3107  1151
 3108  4372
 3109  2546
 3110   716
 3111  4003
 3112  2163
 3113   337
 3114  3626
 3115  1793
 3116  5030
 3117  3215
 3118  1416
 3119  4670
 3120  2832
 3121   994
 3122  4271
 3123  2455
 3124   596
 3125  3901
 3126  2058
 3127   250
 3128  3491
 3129  1650
 3130  4909
 3131  3111
 3132  1264
 3133  4520
 3134  2726
 3135   911
 3136  4139
 3137  2310
 3138   519
 3139  3752
 3140  1934
 3141   105
 3142  3355
 3143  1560
 3144  4829
 3145  2985
 3146  1169
 3147  4437
 3148  2611
 3149   790
 3150  4033
 3151  2200
 3152   368
 3153  3643
 3154  1828
 3155  5090
 3156  3237
 3157  1410
 3158  4685
 3159  2882
 3160  1020
 3161  4311
 3162  2451
 3163   630
 3164  3937
 3165  2074
 3166   259
 3167  3550
 3168  1705
 3169  4967
 3170  3156
 3171  1331
 3172  4603
 3173  2725
 3174   908
 3175  4212
 3176  2343
 3177   520
 3178  3772
 3179  1958
 3180   129
 3181  3405
 3182  1558
 3183  4847
 3184  3046
 3185  1217
 3186  4465
 3187  2642
 3188   794
 3189  4056
 3190  2225
 3191   403
 3192  3669
 3193  1866
 3194    41
 3195  3290
 3196  1477
 3197  4748
 3198  2884
 3199  1100
 3200  4319
 3201  2528
 3202   683
 3203  3971
 3204  2134
 3205   307
 3206  3564
 3207  1734
 3208  4984
 3209  3173
 3210  1335
 3211  4606
 3212  2777
 3213   965
 3214  4229
 3215  2392
 3216   554
 3217  3813
 3218  1982
 3219   205
 3220  3457
 3221  1631
 3222  4890
 3223  3066
 3224  1246
 3225  4498
 3226  2653
 3227   853
 3228  4086
 3229  2299
 3230   475
 3231  3727
 3232  1874
 3233    82
 3234  3351
 3235  1490
 3236  4790
 3237  2919
 3238  1092
 3239  4374
 3240  2551
 3241   723
 3242  4006
 3243  2164
 3244   313
 3245  3607
 3246  1787
 3247  5035
 3248  3199
 3249  1394
 3250  4665
 3251  2806
 3252  1004
 3253  4267
 3254  2436
 3255   583
 3256  3857
 3257  2023
 3258   195
 3259  3469
 3260  1632
 3261  4920
 3262  3118
 3263  1282
 3264  4536
 3265  2718
 3266   891
 3267  4152
 3268  2302
 3269   487
 3270  3749
 3271  1935
 3272    91
 3273  3385
 3274  1528
 3275  4815
 3276  2987
 3277  1166
 3278  4439
 3279  2583
 3280   770
 3281  4030
 3282  2183
 3283   351
 3284  3606
 3285  1814
 3286  5079
 3287  3254
 3288  1387
 3289  4691
 3290  2875
 3291  1042
 3292  4291
 3293  2447
 3294   636
 3295  3908
 3296  2096
 3297   244
 3298  3511
 3299  1683
 3300  4973
 3301  3124
 3302  1292
 3303  4561
 3304  2757
 3305   929
 3306  4177
 3307  2351
 3308   523
 3309  3788
 3310  1951
 3311   143
 3312  3413
 3313  1549
 3314  4846
 3315  2982
 3316  1157
 3317  4430
 3318  2609
 3319   799
 3320  4057
 3321  2214
 3322   387
 3323  3688
 3324  1815
 3325     1
 3326  3298
 3327  1442
 3328  4705
 3329  2918
 3330  1059
 3331  4330
 3332  2501
 3333   684
 3334  3936
 3335  2127
 3336   294
 3337  3561
 3338  1725
 3339  5001
 3340  3155
 3341  1355
 3342  4597
 3343  2745
 3344   932
 3345  4235
 3346  2360
 3347   550
 3348  3828
 3349  2017
 3350   152
 3351  3415
 3352  1634
 3353  4865
 3354  3022
 3355  1226
 3356  4476
 3357  2647
 3358   824
 3359  4104
 3360  2272
 3361   450
 3362  3703
 3363  1870
 3364    66
 3365  3311
 3366  1507
 3367  4736
 3368  2940
 3369  1114
 3370  4349
 3371  2557
 3372   696
 3373  3978
 3374  2137
 3375   331
 3376  3580
 3377  1756
 3378  5045
 3379  3178
 3380  1374
 3381  4649
 3382  2801
 3383   982
 3384  4230
 3385  2414
 3386   575
 3387  3839
 3388  2036
 3389   187
 3390  3460
 3391  1639
 3392  4885
 3393  3062
 3394  1242
 3395  4500
 3396  2714
 3397   871
 3398  4137
 3399  2284
 3400   492
 3401  3736
 3402  1897
 3403    86
 3404  3353
 3405  1523
 3406  4803
 3407  2959
 3408  1133
 3409  4382
 3410  2589
 3411   741
 3412  3989
 3413  2193
 3414   380
 3415  3594
 3416  1808
 3417  5059
 3418  3224
 3419  1395
 3420  4655
 3421  2842
 3422  1034
 3423  4292
 3424  2468
 3425   640
 3426  3890
 3427  2084
 3428   240
 3429  3510
 3430  1690
 3431  4929
 3432  3137
 3433  1285
 3434  4563
 3435  2729
 3436   909
 3437  4143
 3438  2317
 3439   505
 3440  3754
 3441  1967
 3442   141
 3443  3402
 3444  1545
 3445  4820
 3446  2965
 3447  1179
 3448  4435
 3449  2621
 3450   798
 3451  4052
 3452  2224
 3453   400
 3454  3629
 3455  1799
 3456    18
 3457  3255
 3458  1428
 3459  4727
 3460  2889
 3461  1027
 3462  4295
 3463  2508
 3464   665
 3465  3941
 3466  2078
 3467   255
 3468  3542
 3469  1723
 3470  4968
 3471  3163
 3472  1309
 3473  4598
 3474  2766
 3475   910
 3476  4189
 3477  2393
 3478   555
 3479  3830
 3480  1998
 3481   148
 3482  3436
 3483  1603
 3484  4859
 3485  3026
 3486  1188
 3487  4480
 3488  2622
 3489   823
 3490  4073
 3491  2246
 3492   422
 3493  3701
 3494  1860
 3495    56
 3496  3294
 3497  1486
 3498  4740
 3499  2922
 3500  1070
 3501  4356
 3502  2549
 3503   704
 3504  3980
 3505  2148
 3506   314
 3507  3572
 3508  1740
 3509  5026
 3510  3202
 3511  1353
 3512  4612
 3513  2803
 3514   943
 3515  4248
 3516  2381
 3517   602
 3518  3835
 3519  2019
 3520   176
 3521  3463
 3522  1624
 3523  4900
 3524  3050
 3525  1228
 3526  4497
 3527  2662
 3528   848
 3529  4134
 3530  2267
 3531   458
 3532  3729
 3533  1895
 3534    76
 3535  3318
 3536  1505
 3537  4758
 3538  2950
 3539  1137
 3540  4403
 3541  2555
 3542   736
 3543  4020
 3544  2158
 3545   342
 3546  3624
 3547  1771
 3548  5066
 3549  3187
 3550  1370
 3551  4631
 3552  2850
 3553   986
 3554  4274
 3555  2453
 3556   622
 3557  3891
 3558  2042
 3559   211
 3560  3514
 3561  1663
 3562  4952
 3563  3117
 3564  1262
 3565  4548
 3566  2713
 3567   892
 3568  4149
 3569  2336
 3570   480
 3571  3741
 3572  1936
 3573   100
 3574  3382
 3575  1547
 3576  4814
 3577  2992
 3578  1143
 3579  4397
 3580  2605
 3581   793
 3582  4029
 3583  2233
 3584   356
 3585  3618
 3586  1838
 3587  5064
 3588  3248
 3589  1400
 3590  4689
 3591  2880
 3592  1049
 3593  4294
 3594  2484
 3595   637
 3596  3912
 3597  2088
 3598   252
 3599  3497
 3600  1703
 3601  4943
 3602  3140
 3603  1311
 3604  4558
 3605  2744
 3606   925
 3607  4205
 3608  2348
 3609   517
 3610  3801
 3611  1947
 3612   157
 3613  3414
 3614  1579
 3615  4862
 3616  3037
 3617  1162
 3618  4462
 3619  2614
 3620   828
 3621  4083
 3622  2237
 3623   430
 3624  3685
 3625  1858
 3626    46
 3627  3288
 3628  1456
 3629  4737
 3630  2920
 3631  1057
 3632  4340
 3633  2492
 3634   677
 3635  3974
 3636  2131
 3637   283
 3638  3552
 3639  1709
 3640  4992
 3641  3147
 3642  1348
 3643  4599
 3644  2782
 3645   962
 3646  4200
 3647  2377
 3648   578
 3649  3825
 3650  2003
 3651   165
 3652  3449
 3653  1635
 3654  4887
 3655  3039
 3656  1229
 3657  4474
 3658  2665
 3659   817
 3660  4102
 3661  2291
 3662   427
 3663  3725
 3664  1904
 3665    69
 3666  3331
 3667  1503
 3668  4755
 3669  2934
 3670  1135
 3671  4376
 3672  2543
 3673   699
 3674  3994
 3675  2149
 3676   317
 3677  3583
 3678  1757
 3679  5027
 3680  3204
 3681  1390
 3682  4635
 3683  2795
 3684   991
 3685  4275
 3686  2407
 3687   600
 3688  3853
 3689  2029
 3690   194
 3691  3492
 3692  1661
 3693  4903
 3694  3079
 3695  1248
 3696  4501
 3697  2712
 3698   894
 3699  4148
 3700  2331
 3701   474
 3702  3724
 3703  1942
 3704   115
 3705  3350
 3706  1521
 3707  4817
 3708  2986
 3709  1146
 3710  4425
 3711  2566
 3712   780
 3713  3999
 3714  2194
 3715   341
 3716  3612
 3717  1811
 3718  5056
 3719  3241
 3720  1423
 3721  4700
 3722  2846
 3723  1007
 3724  4285
 3725  2452
 3726   635
 3727  3885
 3728  2086
 3729   225
 3730  3520
 3731  1704
 3732  4931
 3733  3115
 3734  1297
 3735  4560
 3736  2735
 3737   914
 3738  4157
 3739  2359
 3740   546
 3741  3807
 3742  1946
 3743   145
 3744  3409
 3745  1572
 3746  4830
 3747  3019
 3748  1161
 3749  4447
 3750  2625
 3751   792
 3752  4061
 3753  2211
 3754   414
 3755  3672
 3756  1850
 3757     8
 3758  3266
 3759  1453
 3760  4701
 3761  2863
 3762  1055
 3763  4307
 3764  2486
 3765   669
 3766  3945
 3767  2097
 3768   260
 3769  3551
 3770  1729
 3771  4997
 3772  3177
 3773  1337
 3774  4576
 3775  2748
 3776   948
 3777  4191
 3778  2403
 3779   551
 3780  3826
 3781  1990
 3782   183
 3783  3452
 3784  1583
 3785  4884
 3786  3033
 3787  1218
 3788  4481
 3789  2646
 3790   851
 3791  4089
 3792  2256
 3793   456
 3794  3718
 3795  1886
 3796    57
 3797  3316
 3798  1504
 3799  4765
 3800  2926
 3801  1094
 3802  4358
 3803  2526
 3804   710
 3805  3972
 3806  2143
 3807   329
 3808  3602
 3809  1742
 3810  5024
 3811  3183
 3812  1352
 3813  4615
 3814  2797
 3815   985
 3816  4224
 3817  2433
 3818   614
 3819  3870
 3820  2044
 3821   215
 3822  3478
 3823  1630
 3824  4888
 3825  3058
 3826  1274
 3827  4534
 3828  2693
 3829   879
 3830  4114
 3831  2294
 3832   486
 3833  3740
 3834  1894
 3835    61
 3836  3340
 3837  1492
 3838  4812
 3839  2938
 3840  1147
 3841  4371
 3842  2591
 3843   739
 3844  4017
 3845  2182
 3846   359
 3847  3603
 3848  1778
 3849  5069
 3850  3216
 3851  1401
 3852  4651
 3853  2816
 3854  1024
 3855  4276
 3856  2425
 3857   612
 3858  3899
 3859  2073
 3860   242
 3861  3507
 3862  1669
 3863  4914
 3864  3119
 3865  1290
 3866  4533
 3867  2741
 3868   902
 3869  4147
 3870  2315
 3871   538
 3872  3792
 3873  1948
 3874    96
 3875  3373
 3876  1559
 3877  4813
 3878  2970
 3879  1177
 3880  4409
 3881  2606
 3882   776
 3883  4060
 3884  2190
 3885   362
 3886  3673
 3887  1802
 3888    16
 3889  3281
 3890  1418
 3891  4707
 3892  2849
 3893  1044
 3894  4313
 3895  2502
 3896   666
 3897  3938
 3898  2106
 3899   291
 3900  3522
 3901  1733
 3902  4985
 3903  3126
 3904  1304
 3905  4602
 3906  2764
 3907   937
 3908  4176
 3909  2371
 3910   561
 3911  3804
 3912  1961
 3913   140
 3914  3440
 3915  1602
 3916  4833
 3917  3015
 3918  1224
 3919  4492
 3920  2639
 3921   788
 3922  4068
 3923  2248
 3924   418
 3925  3680
 3926  1845
 3927    31
 3928  3305
 3929  1463
 3930  4750
 3931  2915
 3932  1075
 3933  4355
 3934  2523
 3935   687
 3936  3962
 3937  2157
 3938   287
 3939  3586
 3940  1736
 3941  5031
 3942  3200
 3943  1372
 3944  4601
 3945  2783
 3946   949
 3947  4213
 3948  2397
 3949   593
 3950  3840
 3951  2011
 3952   206
 3953  3450
 3954  1600
 3955  4907
 3956  3072
 3957  1243
 3958  4488
 3959  2669
 3960   842
 3961  4112
 3962  2306
 3963   440
 3964  3743
 3965  1919
 3966    89
 3967  3354
 3968  1508
 3969  4757
 3970  2925
 3971  1123
 3972  4386
 3973  2564
 3974   708
 3975  3982
 3976  2150
 3977   344
 3978  3622
 3979  1794
 3980  5053
 3981  3227
 3982  1376
 3983  4656
 3984  2813
 3985   975
 3986  4277
 3987  2450
 3988   598
 3989  3876
 3990  2068
 3991   219
 3992  3481
 3993  1679
 3994  4945
 3995  3121
 3996  1258
 3997  4522
 3998  2699
 3999   873
 4000  4160
 4001  2295
 4002   493
 4003  3730
 4004  1938
 4005    97
 4006  3356
 4007  1531
 4008  4794
 4009  3003
 4010  1159
 4011  4416
 4012  2596
 4013   740
 4014  4028
 4015  2201
 4016   394
 4017  3655
 4018  1790
 4019  5083
 4020  3262
 4021  1445
 4022  4694
 4023  2876
 4024  1021
 4025  4284
 4026  2464
 4027   650
 4028  3925
 4029  2101
 4030   246
 4031  3501
 4032  1699
 4033  4969
 4034  3128
 4035  1294
 4036  4566
 4037  2763
 4038   939
 4039  4195
 4040  2349
 4041   515
 4042  3773
 4043  1981
 4044   142
 4045  3376
 4046  1596
 4047  4828
 4048  3030
 4049  1167
 4050  4460
 4051  2644
 4052   812
 4053  4069
 4054  2247
 4055   397
 4056  3694
 4057  1849
 4058  5088
 4059  3284
 4060  1479
 4061  4720
 4062  2897
 4063  1065
 4064  4312
 4065  2505
 4066   670
 4067  3922
 4068  2128
 4069   309
 4070  3538
 4071  1741
 4072  5002
 4073  3166
 4074  1360
 4075  4592
 4076  2787
 4077   959
 4078  4231
 4079  2416
 4080   562
 4081  3837
 4082  2025
 4083   180
 4084  3444
 4085  1637
 4086  4882
 4087  3067
 4088  1216
 4089  4506
 4090  2676
 4091   838
 4092  4116
 4093  2285
 4094   431
 4095  3720
 4096  1875
 4097    55
 4098  3315
 4099  1513
 4100  4782
 4101  2944
 4102  1128
 4103  4379
 4104  2538
 4105   724
 4106  3981
 4107  2177
 4108   328
 4109  3595
 4110  1770
 4111  5017
 4112  3209
 4113  1388
 4114  4666
 4115  2828
 4116   964
 4117  4234
 4118  2426
 4119   610
 4120  3841
 4121  2031
 4122   191
 4123  3471
 4124  1651
 4125  4934
 4126  3087
 4127  1273
 4128  4515
 4129  2705
 4130   843
 4131  4144
 4132  2303
 4133   460
 4134  3757
 4135  1899
 4136    80
 4137  3364
 4138  1511
 4139  4819
 4140  2984
 4141  1122
 4142  4412
 4143  2597
 4144   734
 4145  4019
 4146  2215
 4147   383
 4148  3613
 4149  1807
 4150  5080
 4151  3228
 4152  1405
 4153  4654
 4154  2867
 4155  1023
 4156  4278
 4157  2454
 4158   632
 4159  3909
 4160  2071
 4161   254
 4162  3530
 4163  1675
 4164  4948
 4165  3108
 4166  1299
 4167  4557
 4168  2710
 4169   899
 4170  4188
 4171  2364
 4172   509
 4173  3766
 4174  1939
 4175   149
 4176  3408
 4177  1550
 4178  4822
 4179  2995
 4180  1171
 4181  4422
 4182  2590
 4183   781
 4184  4064
 4185  2209
 4186   389
 4187  3661
 4188  1829
 4189    14
 4190  3289
 4191  1466
 4192  4693
 4193  2869
 4194  1053
 4195  4333
 4196  2471
 4197   647
 4198  3907
 4199  2115
 4200   274
 4201  3543
 4202  1731
 4203  4994
 4204  3157
 4205  1322
 4206  4607
 4207  2761
 4208   923
 4209  4208
 4210  2395
 4211   553
 4212  3823
 4213  1963
 4214   170
 4215  3430
 4216  1590
 4217  4851
 4218  3047
 4219  1210
 4220  4486
 4221  2643
 4222   826
 4223  4075
 4224  2241
 4225   410
 4226  3692
 4227  1852
 4228    49
 4229  3319
 4230  1500
 4231  4738
 4232  2911
 4233  1079
 4234  4369
 4235  2545
 4236   727
 4237  3961
 4238  2146
 4239   322
 4240  3582
 4241  1732
 4242  5000
 4243  3191
 4244  1364
 4245  4627
 4246  2785
 4247   990
 4248  4220
 4249  2415
 4250   603
 4251  3854
 4252  2000
 4253   178
 4254  3439
 4255  1619
 4256  4892
 4257  3056
 4258  1244
 4259  4521
 4260  2678
 4261   835
 4262  4129
 4263  2313
 4264   479
 4265  3746
 4266  1892
 4267    87
 4268  3327
 4269  1530
 4270  4773
 4271  2954
 4272  1111
 4273  4419
 4274  2541
 4275   735
 4276  3991
 4277  2166
 4278   338
 4279  3610
 4280  1795
 4281  5036
 4282  3206
 4283  1404
 4284  4648
 4285  2844
 4286  1009
 4287  4258
 4288  2434
 4289   631
 4290  3863
 4291  2064
 4292   245
 4293  3505
 4294  1691
 4295  4953
 4296  3098
 4297  1300
 4298  4553
 4299  2707
 4300   895
 4301  4153
 4302  2312
 4303   507
 4304  3780
 4305  1930
 4306   106
 4307  3395
 4308  1575
 4309  4804
 4310  2974
 4311  1175
 4312  4436
 4313  2593
 4314   760
 4315  4015
 4316  2213
 4317   378
 4318  3667
 4319  1806
 4320    12
 4321  3256
 4322  1451
 4323  4692
 4324  2857
 4325  1067
 4326  4322
 4327  2493
 4328   671
 4329  3935
 4330  2079
 4331   278
 4332  3555
 4333  1685
 4334  4957
 4335  3138
 4336  1296
 4337  4605
 4338  2762
 4339   912
 4340  4216
 4341  2357
 4342   518
 4343  3816
 4344  1976
 4345   132
 4346  3390
 4347  1598
 4348  4860
 4349  3049
 4350  1205
 4351  4445
 4352  2661
 4353   802
 4354  4059
 4355  2251
 4356   415
 4357  3702
 4358  1882
 4359     9
 4360  3317
 4361  1480
 4362  4715
 4363  2905
 4364  1081
 4365  4353
 4366  2497
 4367   676
 4368  3939
 4369  2112
 4370   301
 4371  3553
 4372  1727
 4373  4979
 4374  3196
 4375  1354
 4376  4633
 4377  2760
 4378   960
 4379  4238
 4380  2411
 4381   582
 4382  3843
 4383  2009
 4384   177
 4385  3438
 4386  1638
 4387  4864
 4388  3041
 4389  1255
 4390  4477
 4391  2673
 4392   840
 4393  4084
 4394  2290
 4395   466
 4396  3696
 4397  1884
 4398    52
 4399  3348
 4400  1515
 4401  4752
 4402  2951
 4403  1108
 4404  4363
 4405  2572
 4406   729
 4407  3996
 4408  2138
 4409   349
 4410  3617
 4411  1773
 4412  5039
 4413  3205
 4414  1383
 4415  4679
 4416  2826
 4417  1017
 4418  4280
 4419  2448
 4420   623
 4421  3860
 4422  2050
 4423   227
 4424  3499
 4425  1646
 4426  4935
 4427  3074
 4428  1253
 4429  4549
 4430  2684
 4431   903
 4432  4120
 4433  2318
 4434   510
 4435  3777
 4436  1943
 4437    95
 4438  3383
 4439  1520
 4440  4823
 4441  2958
 4442  1136
 4443  4427
 4444  2588
 4445   743
 4446  4025
 4447  2175
 4448   379
 4449  3634
 4450  1800
 4451  5052
 4452  3229
 4453  1437
 4454  4695
 4455  2873
 4456  1050
 4457  4318
 4458  2441
 4459   661
 4460  3897
 4461  2066
 4462   239
 4463  3506
 4464  1698
 4465  4946
 4466  3113
 4467  1320
 4468  4578
 4469  2736
 4470   901
 4471  4184
 4472  2352
 4473   512
 4474  3802
 4475  1969
 4476   122
 4477  3388
 4478  1566
 4479  4838
 4480  3023
 4481  1170
 4482  4457
 4483  2615
 4484   801
 4485  4046
 4486  2254
 4487   420
 4488  3663
 4489  1840
 4490  5089
 4491  3283
 4492  1457
 4493  4706
 4494  2877
 4495  1080
 4496  4331
 4497  2519
 4498   664
 4499  3924
 4500  2125
 4501   285
 4502  3574
 4503  1726
 4504  5013
 4505  3179
 4506  1327
 4507  4584
 4508  2792
 4509   954
 4510  4203
 4511  2402
 4512   549
 4513  3848
 4514  1995
 4515   192
 4516  3432
 4517  1582
 4518  4878
 4519  3040
 4520  1203
 4521  4491
 4522  2680
 4523   810
 4524  4079
 4525  2275
 4526   437
 4527  3716
 4528  1906
 4529    39
 4530  3292
 4531  1469
 4532  4744
 4533  2909
 4534  1119
 4535  4384
 4536  2537
 4537   700
 4538  3968
 4539  2160
 4540   339
 4541  3571
 4542  1781
 4543  5005
 4544  3213
 4545  1385
 4546  4637
 4547  2815
 4548   998
 4549  4244
 4550  2399
 4551   573
 4552  3888
 4553  2035
 4554   188
 4555  3493
 4556  1641
 4557  4913
 4558  3095
 4559  1235
 4560  4529
 4561  2695
 4562   850
 4563  4142
 4564  2332
 4565   495
 4566  3739
 4567  1912
 4568    98
 4569  3329
 4570  1498
 4571  4777
 4572  2980
 4573  1149
 4574  4394
 4575  2576
 4576   746
 4577  3987
 4578  2174
 4579   376
 4580  3615
 4581  1803
 4582  5057
 4583  3211
 4584  1378
 4585  4668
 4586  2834
 4587  1035
 4588  4270
 4589  2459
 4590   629
 4591  3886
 4592  2056
 4593   238
 4594  3485
 4595  1693
 4596  4961
 4597  3099
 4598  1302
 4599  4555
 4600  2737
 4601   886
 4602  4169
 4603  2323
 4604   533
 4605  3783
 4606  1933
 4607   151
 4608  3406
 4609  1574
 4610  4809
 4611  2975
 4612  1178
 4613  4441
 4614  2603
 4615   774
 4616  4066
 4617  2206
 4618   416
 4619  3646
 4620  1805
 4621    24
 4622  3259
 4623  1433
 4624  4733
 4625  2870
 4626  1052
 4627  4308
 4628  2509
 4629   678
 4630  3915
 4631  2090
 4632   289
 4633  3535
 4634  1735
 4635  4993
 4636  3131
 4637  1310
 4638  4589
 4639  2770
 4640   941
 4641  4221
 4642  2388
 4643   557
 4644  3820
 4645  1991
 4646   158
 4647  3407
 4648  1601
 4649  4871
 4650  3011
 4651  1201
 4652  4489
 4653  2635
 4654   800
 4655  4063
 4656  2264
 4657   424
 4658  3709
 4659  1864
 4660    38
 4661  3320
 4662  1494
 4663  4766
 4664  2893
 4665  1104
 4666  4327
 4667  2513
 4668   688
 4669  3950
 4670  2151
 4671   320
 4672  3557
 4673  1765
 4674  5037
 4675  3203
 4676  1339
 4677  4641
 4678  2773
 4679   993
 4680  4218
 4681  2387
 4682   586
 4683  3829
 4684  2008
 4685   196
 4686  3453
 4687  1605
 4688  4894
 4689  3054
 4690  1219
 4691  4507
 4692  2656
 4693   844
 4694  4105
 4695  2276
 4696   469
 4697  3748
 4698  1890
 4699    62
 4700  3363
 4701  1512
 4702  4783
 4703  2971
 4704  1126
 4705  4407
 4706  2552
 4707   733
 4708  4018
 4709  2159
 4710   316
 4711  3620
 4712  1766
 4713  5047
 4714  3194
 4715  1408
 4716  4647
 4717  2818
 4718   997
 4719  4286
 4720  2440
 4721   604
 4722  3880
 4723  2055
 4724   248
 4725  3500
 4726  1671
 4727  4938
 4728  3129
 4729  1254
 4730  4526
 4731  2722
 4732   885
 4733  4156
 4734  2309
 4735   481
 4736  3762
 4737  1955
 4738   119
 4739  3367
 4740  1539
 4741  4796
 4742  2977
 4743  1173
 4744  4411
 4745  2577
 4746   791
 4747  4024
 4748  2238
 4749   393
 4750  3660
 4751  1812
 4752    10
 4753  3282
 4754  1440
 4755  4717
 4756  2865
 4757  1032
 4758  4290
 4759  2483
 4760   672
 4761  3932
 4762  2107
 4763   262
 4764  3534
 4765  1694
 4766  4978
 4767  3152
 4768  1336
 4769  4552
 4770  2758
 4771   938
 4772  4204
 4773  2385
 4774   529
 4775  3790
 4776  1992
 4777   125
 4778  3393
 4779  1595
 4780  4834
 4781  3036
 4782  1181
 4783  4451
 4784  2628
 4785   813
 4786  4049
 4787  2253
 4788   408
 4789  3681
 4790  1868
 4791    50
 4792  3268
 4793  1450
 4794  4731
 4795  2894
 4796  1083
 4797  4347
 4798  2524
 4799   712
 4800  3975
 4801  2118
 4802   275
 4803  3566
 4804  1714
 4805  4982
 4806  3193
 4807  1326
 4808  4618
 4809  2798
 4810   969
 4811  4201
 4812  2373
 4813   570
 4814  3847
 4815  2007
 4816   208
 4817  3418
 4818  1614
 4819  4870
 4820  3059
 4821  1221
 4822  4467
 4823  2675
 4824   837
 4825  4113
 4826  2277
 4827   451
 4828  3707
 4829  1910
 4830    67
 4831  3338
 4832  1518
 4833  4749
 4834  2928
 4835  1093
 4836  4395
 4837  2531
 4838   697
 4839  4009
 4840  2181
 4841   353
 4842  3614
 4843  1747
 4844  5025
 4845  3181
 4846  1396
 4847  4644
 4848  2843
 4849  1008
 4850  4282
 4851  2444
 4852   601
 4853  3851
 4854  2032
 4855   235
 4856  3474
 4857  1656
 4858  4925
 4859  3078
 4860  1252
 4861  4525
 4862  2721
 4863   883
 4864  4125
 4865  2344
 4866   473
 4867  3765
 4868  1945
 4869    93
 4870  3357
 4871  1557
 4872  4806
 4873  2967
 4874  1154
 4875  4391
 4876  2580
 4877   752
 4878  4023
 4879  2202
 4880   363
 4881  3611
 4882  1813
 4883  5070
 4884  3242
 4885  1427
 4886  4698
 4887  2871
 4888  1022
 4889  4306
 4890  2477
 4891   615
 4892  3917
 4893  2082
 4894   231
 4895  3509
 4896  1695
 4897  4972
 4898  3149
 4899  1306
 4900  4588
 4901  2749
 4902   915
 4903  4174
 4904  2356
 4905   508
 4906  3776
 4907  1954
 4908   153
 4909  3394
 4910  1585
 4911  4852
 4912  3013
 4913  1174
 4914  4455
 4915  2645
 4916   787
 4917  4076
 4918  2208
 4919   385
 4920  3674
 4921  1831
 4922     0
 4923  3278
 4924  1431
 4925  4696
 4926  2913
 4927  1087
 4928  4345
 4929  2482
 4930   652
 4931  3927
 4932  2120
 4933   310
 4934  3562
 4935  1702
 4936  4970
 4937  3160
 4938  1342
 4939  4622
 4940  2796
 4941   951
 4942  4232
 4943  2389
 4944   569
 4945  3806
 4946  2012
 4947   160
 4948  3421
 4949  1584
 4950  4876
 4951  3069
 4952  1238
 4953  4464
 4954  2633
 4955   830
 4956  4096
 4957  2266
 4958   439
 4959  3715
 4960  1877
 4961    20
 4962  3324
 4963  1478
 4964  4769
 4965  2924
 4966  1110
 4967  4387
 4968  2536
 4969   726
 4970  3951
 4971  2139
 4972   298
 4973  3588
 4974  1749
 4975  4995
 4976  3218
 4977  1379
 4978  4611
 4979  2802
 4980   980
 4981  4253
 4982  2418
 4983   590
 4984  3877
 4985  2038
 4986   186
 4987  3472
 4988  1625
 4989  4897
 4990  3102
 4991  1256
 4992  4495
 4993  2687
 4994   854
 4995  4140
 4996  2304
 4997   482
 4998  3714
 4999  1920
 5000    70
 5001  3341
 5002  1489
 5003  4779
 5004  2979
 5005  1124
 5006  4383
 5007  2560
 5008   758
 5009  4005
 5010  2188
 5011   367
 5012  3623
 5013  1801
 5014  5082
 5015  3251
 5016  1419
 5017  4677
 5018  2854
 5019  1002
 5020  4263
 5021  2462
 5022   628
 5023  3911
 5024  2045
 5025   218
 5026  3495
 5027  1662
 5028  4923
 5029  3092
 5030  1305
 5031  4551
 5032  2711
 5033   924
 5034  4146
 5035  2340
 5036   496
 5037  3797
 5038  1973
 5039   102
 5040  3361
 5041  1551
 5042  4843
 5043  3009
 5044  1189
 5045  4413
 5046  2617
 5047   767
 5048  4070
 5049  2204
 5050   391
 5051  3630
 5052  1841
 5053  5081
 5054  3272
 5055  1446
 5056  4722
 5057  2874
 5058  1047
 5059  4335
 5060  2496
 5061   663
 5062  3923
 5063  2108
 5064   253
 5065  3524
 5066  1737
 5067  4990
 5068  3159
 5069  1346
 5070  4567
 5071  2780
 5072   913
 5073  4183
 5074  2378
 5075   558
 5076  3815
 5077  1965
 5078   147
 5079  3445
 5080  1609
 5081  4844
 5082  3027
 5083  1187
 5084  4493
 5085  2632
 5086   827
 5087  4100
 5088  2250
 5089   434
 5090  3684
 5091  1879
