R20T45XH6
Turbo Code Interleaving
User data with 4 flush bits N=4932
NOTE: Q-bit is the bit index after interleaving. Data-bit is the index of user data

Q-bit Data-bit
--------------
    0    47
    1  3203
    2  1395
    3  4582
    4  2837
    5  1038
    6  4201
    7  2446
    8   664
    9  3839
   10  2054
   11   302
   12  3434
   13  1697
   14  4854
   15  3089
   16  1281
   17  4474
   18  2706
   19   922
   20  4070
   21  2320
   22   563
   23  3701
   24  1922
   25   155
   26  3353
   27  1582
   28  4754
   29  2940
   30  1209
   31  4370
   32  2583
   33   834
   34  3960
   35  2194
   36   432
   37  3581
   38  1810
   39    57
   40  3221
   41  1437
   42  4634
   43  2845
   44  1062
   45  4244
   46  2460
   47   688
   48  3859
   49  2105
   50   297
   51  3491
   52  1699
   53  4893
   54  3125
   55  1348
   56  4530
   57  2716
   58   946
   59  4108
   60  2343
   61   594
   62  3740
   63  1975
   64   221
   65  3367
   66  1626
   67  4771
   68  2999
   69  1227
   70  4366
   71  2602
   72   842
   73  3998
   74  2261
   75   495
   76  3642
   77  1880
   78   110
   79  3269
   80  1485
   81  4637
   82  2898
   83  1106
   84  4270
   85  2504
   86   759
   87  3879
   88  2151
   89   356
   90  3533
   91  1763
   92  4915
   93  3148
   94  1360
   95  4535
   96  2744
   97  1018
   98  4158
   99  2397
  100   598
  101  3773
  102  2028
  103   234
  104  3394
  105  1648
  106  4808
  107  3043
  108  1247
  109  4401
  110  2634
  111   869
  112  4051
  113  2295
  114   505
  115  3688
  116  1896
  117   120
  118  3271
  119  1508
  120  4666
  121  2934
  122  1147
  123  4299
  124  2537
  125   790
  126  3927
  127  2158
  128   407
  129  3561
  130  1761
  131     6
  132  3183
  133  1420
  134  4562
  135  2810
  136  1008
  137  4169
  138  2410
  139   652
  140  3825
  141  2053
  142   257
  143  3416
  144  1675
  145  4831
  146  3050
  147  1273
  148  4449
  149  2704
  150   925
  151  4085
  152  2291
  153   528
  154  3675
  155  1943
  156   156
  157  3343
  158  1576
  159  4696
  160  2956
  161  1154
  162  4347
  163  2586
  164   808
  165  3961
  166  2190
  167   411
  168  3597
  169  1812
  170    71
  171  3207
  172  1450
  173  4597
  174  2832
  175  1055
  176  4248
  177  2451
  178   668
  179  3873
  180  2087
  181   315
  182  3492
  183  1709
  184  4871
  185  3085
  186  1335
  187  4466
  188  2719
  189   956
  190  4120
  191  2358
  192   566
  193  3738
  194  1983
  195   201
  196  3354
  197  1603
  198  4752
  199  2993
  200  1199
  201  4389
  202  2606
  203   840
  204  4007
  205  2234
  206   440
  207  3633
  208  1839
  209    76
  210  3229
  211  1488
  212  4649
  213  2869
  214  1115
  215  4262
  216  2484
  217   722
  218  3877
  219  2127
  220   344
  221  3508
  222  1733
  223  4883
  224  3134
  225  1374
  226  4539
  227  2764
  228  1005
  229  4167
  230  2369
  231   614
  232  3791
  233  1986
  234   214
  235  3378
  236  1622
  237  4800
  238  3008
  239  1254
  240  4395
  241  2638
  242   893
  243  4039
  244  2252
  245   527
  246  3664
  247  1911
  248   100
  249  3281
  250  1486
  251  4687
  252  2915
  253  1153
  254  4293
  255  2538
  256   739
  257  3917
  258  2173
  259   392
  260  3526
  261  1778
  262     3
  263  3149
  264  1382
  265  4578
  266  2796
  267  1013
  268  4161
  269  2400
  270   639
  271  3802
  272  2029
  273   269
  274  3443
  275  1645
  276  4818
  277  3032
  278  1277
  279  4439
  280  2697
  281   894
  282  4082
  283  2314
  284   523
  285  3671
  286  1897
  287   162
  288  3330
  289  1520
  290  4691
  291  2930
  292  1159
  293  4354
  294  2582
  295   780
  296  3955
  297  2166
  298   395
  299  3568
  300  1797
  301    44
  302  3211
  303  1439
  304  4619
  305  2799
  306  1049
  307  4214
  308  2468
  309   697
  310  3854
  311  2074
  312   288
  313  3453
  314  1696
  315  4865
  316  3071
  317  1304
  318  4480
  319  2701
  320   915
  321  4103
  322  2341
  323   550
  324  3731
  325  1977
  326   184
  327  3346
  328  1565
  329  4721
  330  2977
  331  1193
  332  4363
  333  2584
  334   819
  335  3970
  336  2235
  337   470
  338  3596
  339  1864
  340    69
  341  3232
  342  1479
  343  4611
  344  2843
  345  1063
  346  4255
  347  2487
  348   728
  349  3858
  350  2097
  351   342
  352  3485
  353  1743
  354  4870
  355  3119
  356  1341
  357  4504
  358  2718
  359   974
  360  4117
  361  2352
  362   605
  363  3753
  364  2010
  365   197
  366  3402
  367  1592
  368  4758
  369  2987
  370  1229
  371  4400
  372  2612
  373   835
  374  4020
  375  2268
  376   482
  377  3645
  378  1859
  379   105
  380  3244
  381  1507
  382  4643
  383  2881
  384  1099
  385  4301
  386  2535
  387   741
  388  3884
  389  2119
  390   350
  391  3521
  392  1767
  393  4902
  394  3131
  395  1381
  396  4531
  397  2771
  398   999
  399  4189
  400  2379
  401   638
  402  3809
  403  2022
  404   256
  405  3418
  406  1663
  407  4820
  408  3024
  409  1278
  410  4436
  411  2644
  412   888
  413  4044
  414  2267
  415   515
  416  3684
  417  1890
  418   128
  419  3306
  420  1543
  421  4674
  422  2903
  423  1165
  424  4311
  425  2531
  426   755
  427  3963
  428  2172
  429   389
  430  3573
  431  1777
  432    42
  433  3170
  434  1427
  435  4561
  436  2788
  437  1057
  438  4208
  439  2435
  440   669
  441  3835
  442  2034
  443   289
  444  3464
  445  1655
  446  4825
  447  3064
  448  1320
  449  4477
  450  2702
  451   904
  452  4112
  453  2300
  454   573
  455  3725
  456  1937
  457   194
  458  3356
  459  1577
  460  4726
  461  2980
  462  1190
  463  4326
  464  2598
  465   801
  466  3951
  467  2197
  468   428
  469  3603
  470  1849
  471    35
  472  3230
  473  1454
  474  4593
  475  2839
  476  1065
  477  4241
  478  2488
  479   677
  480  3840
  481  2065
  482   311
  483  3461
  484  1691
  485  4896
  486  3124
  487  1325
  488  4513
  489  2746
  490   957
  491  4127
  492  2351
  493   588
  494  3743
  495  1974
  496   191
  497  3351
  498  1604
  499  4781
  500  3016
  501  1244
  502  4360
  503  2604
  504   841
  505  4023
  506  2243
  507   474
  508  3652
  509  1854
  510    75
  511  3264
  512  1490
  513  4636
  514  2872
  515  1096
  516  4251
  517  2514
  518   732
  519  3895
  520  2142
  521   359
  522  3530
  523  1734
  524  4905
  525  3130
  526  1371
  527  4555
  528  2763
  529  1006
  530  4163
  531  2396
  532   622
  533  3765
  534  2007
  535   242
  536  3414
  537  1613
  538  4803
  539  3045
  540  1242
  541  4427
  542  2666
  543   898
  544  4060
  545  2273
  546   525
  547  3677
  548  1902
  549   118
  550  3293
  551  1495
  552  4693
  553  2888
  554  1121
  555  4307
  556  2527
  557   744
  558  3924
  559  2184
  560   390
  561  3544
  562  1770
  563    27
  564  3198
  565  1414
  566  4566
  567  2807
  568  1040
  569  4205
  570  2442
  571   659
  572  3797
  573  2024
  574   250
  575  3421
  576  1671
  577  4809
  578  3038
  579  1303
  580  4456
  581  2665
  582   897
  583  4078
  584  2294
  585   526
  586  3696
  587  1932
  588   141
  589  3298
  590  1540
  591  4711
  592  2949
  593  1158
  594  4345
  595  2552
  596   797
  597  3944
  598  2199
  599   433
  600  3570
  601  1804
  602    15
  603  3205
  604  1429
  605  4581
  606  2811
  607  1064
  608  4212
  609  2459
  610   661
  611  3823
  612  2085
  613   293
  614  3480
  615  1690
  616  4880
  617  3108
  618  1309
  619  4507
  620  2723
  621   953
  622  4093
  623  2346
  624   547
  625  3748
  626  1957
  627   215
  628  3348
  629  1607
  630  4750
  631  2966
  632  1188
  633  4368
  634  2617
  635   855
  636  3974
  637  2224
  638   443
  639  3629
  640  1865
  641    64
  642  3260
  643  1442
  644  4622
  645  2886
  646  1105
  647  4266
  648  2482
  649   698
  650  3865
  651  2112
  652   351
  653  3478
  654  1748
  655  4876
  656  3137
  657  1372
  658  4515
  659  2748
  660   987
  661  4130
  662  2391
  663   629
  664  3782
  665  1989
  666   213
  667  3407
  668  1609
  669  4782
  670  3018
  671  1222
  672  4408
  673  2631
  674   845
  675  4037
  676  2279
  677   506
  678  3641
  679  1872
  680   124
  681  3291
  682  1529
  683  4692
  684  2913
  685  1128
  686  4281
  687  2518
  688   745
  689  3939
  690  2126
  691   387
  692  3529
  693  1774
  694  4917
  695  3184
  696  1415
  697  4541
  698  2768
  699  1029
  700  4154
  701  2403
  702   634
  703  3780
  704  2016
  705   249
  706  3398
  707  1666
  708  4827
  709  3025
  710  1279
  711  4437
  712  2667
  713   880
  714  4061
  715  2276
  716   540
  717  3689
  718  1940
  719   164
  720  3326
  721  1542
  722  4723
  723  2957
  724  1169
  725  4319
  726  2544
  727   773
  728  3958
  729  2164
  730   429
  731  3553
  732  1824
  733    53
  734  3176
  735  1410
  736  4606
  737  2804
  738  1045
  739  4191
  740  2453
  741   682
  742  3810
  743  2045
  744   301
  745  3448
  746  1698
  747  4862
  748  3097
  749  1293
  750  4465
  751  2711
  752   933
  753  4118
  754  2332
  755   554
  756  3728
  757  1948
  758   174
  759  3327
  760  1578
  761  4745
  762  2992
  763  1186
  764  4367
  765  2580
  766   794
  767  4002
  768  2215
  769   435
  770  3617
  771  1829
  772    62
  773  3235
  774  1478
  775  4639
  776  2870
  777  1095
  778  4263
  779  2456
  780   690
  781  3851
  782  2099
  783   340
  784  3511
  785  1728
  786  4903
  787  3129
  788  1369
  789  4525
  790  2762
  791   978
  792  4114
  793  2380
  794   590
  795  3735
  796  1971
  797   219
  798  3370
  799  1630
  800  4761
  801  2985
  802  1256
  803  4390
  804  2642
  805   843
  806  3995
  807  2225
  808   476
  809  3649
  810  1857
  811    81
  812  3278
  813  1487
  814  4650
  815  2900
  816  1113
  817  4290
  818  2489
  819   738
  820  3911
  821  2108
  822   384
  823  3532
  824  1731
  825  4913
  826  3169
  827  1386
  828  4528
  829  2749
  830   986
  831  4175
  832  2388
  833   607
  834  3778
  835  2015
  836   261
  837  3415
  838  1635
  839  4805
  840  3052
  841  1290
  842  4403
  843  2657
  844   879
  845  4047
  846  2266
  847   486
  848  3668
  849  1918
  850   135
  851  3283
  852  1513
  853  4715
  854  2907
  855  1160
  856  4292
  857  2519
  858   785
  859  3922
  860  2186
  861   405
  862  3567
  863  1779
  864    39
  865  3204
  866  1416
  867  4595
  868  2795
  869  1027
  870  4179
  871  2428
  872   671
  873  3833
  874  2055
  875   278
  876  3447
  877  1667
  878  4840
  879  3070
  880  1316
  881  4479
  882  2699
  883   923
  884  4094
  885  2330
  886   536
  887  3692
  888  1951
  889   183
  890  3304
  891  1573
  892  4703
  893  2962
  894  1172
  895  4339
  896  2568
  897   810
  898  3992
  899  2198
  900   425
  901  3582
  902  1832
  903    70
  904  3237
  905  1426
  906  4603
  907  2830
  908  1068
  909  4239
  910  2462
  911   710
  912  3870
  913  2077
  914   336
  915  3475
  916  1729
  917  4845
  918  3120
  919  1349
  920  4496
  921  2730
  922   965
  923  4144
  924  2365
  925   580
  926  3747
  927  1970
  928   223
  929  3386
  930  1591
  931  4743
  932  2990
  933  1207
  934  4397
  935  2605
  936   839
  937  3999
  938  2229
  939   457
  940  3608
  941  1869
  942    88
  943  3256
  944  1493
  945  4631
  946  2855
  947  1084
  948  4282
  949  2521
  950   747
  951  3908
  952  2135
  953   362
  954  3527
  955  1765
  956  4888
  957  3159
  958  1378
  959  4526
  960  2769
  961   998
  962  4166
  963  2392
  964   600
  965  3796
  966  1987
  967   248
  968  3385
  969  1628
  970  4796
  971  3000
  972  1241
  973  4402
  974  2656
  975   878
  976  4015
  977  2287
  978   479
  979  3669
  980  1905
  981   117
  982  3272
  983  1530
  984  4676
  985  2896
  986  1137
  987  4322
  988  2520
  989   748
  990  3921
  991  2159
  992   379
  993  3522
  994  1780
  995  4931
  996  3161
  997  1404
  998  4569
  999  2805
 1000  1009
 1001  4190
 1002  2424
 1003   665
 1004  3816
 1005  2038
 1006   290
 1007  3422
 1008  1669
 1009  4833
 1010  3069
 1011  1285
 1012  4464
 1013  2690
 1014   911
 1015  4067
 1016  2298
 1017   519
 1018  3676
 1019  1917
 1020   166
 1021  3305
 1022  1561
 1023  4722
 1024  2939
 1025  1163
 1026  4342
 1027  2587
 1028   783
 1029  3972
 1030  2208
 1031   394
 1032  3579
 1033  1799
 1034    19
 1035  3201
 1036  1452
 1037  4625
 1038  2844
 1039  1072
 1040  4237
 1041  2427
 1042   704
 1043  3827
 1044  2084
 1045   316
 1046  3472
 1047  1721
 1048  4832
 1049  3076
 1050  1319
 1051  4500
 1052  2725
 1053   950
 1054  4121
 1055  2334
 1056   578
 1057  3703
 1058  1976
 1059   176
 1060  3340
 1061  1559
 1062  4748
 1063  2994
 1064  1224
 1065  4353
 1066  2576
 1067   829
 1068  3989
 1069  2216
 1070   445
 1071  3627
 1072  1841
 1073    97
 1074  3241
 1075  1448
 1076  4642
 1077  2853
 1078  1097
 1079  4272
 1080  2480
 1081   725
 1082  3900
 1083  2093
 1084   360
 1085  3496
 1086  1717
 1087  4916
 1088  3138
 1089  1368
 1090  4540
 1091  2735
 1092   970
 1093  4138
 1094  2361
 1095   592
 1096  3774
 1097  1994
 1098   211
 1099  3379
 1100  1597
 1101  4763
 1102  3027
 1103  1245
 1104  4424
 1105  2624
 1106   848
 1107  4034
 1108  2254
 1109   490
 1110  3626
 1111  1881
 1112    90
 1113  3259
 1114  1517
 1115  4647
 1116  2909
 1117  1107
 1118  4264
 1119  2500
 1120   753
 1121  3906
 1122  2147
 1123   380
 1124  3534
 1125  1771
 1126     5
 1127  3168
 1128  1397
 1129  4550
 1130  2787
 1131   993
 1132  4197
 1133  2409
 1134   631
 1135  3804
 1136  2047
 1137   280
 1138  3408
 1139  1634
 1140  4794
 1141  3065
 1142  1284
 1143  4433
 1144  2646
 1145   917
 1146  4040
 1147  2284
 1148   509
 1149  3694
 1150  1935
 1151   125
 1152  3321
 1153  1521
 1154  4714
 1155  2937
 1156  1178
 1157  4343
 1158  2554
 1159   765
 1160  3965
 1161  2160
 1162   397
 1163  3588
 1164  1806
 1165     4
 1166  3197
 1167  1422
 1168  4599
 1169  2809
 1170  1039
 1171  4215
 1172  2437
 1173   660
 1174  3819
 1175  2062
 1176   308
 1177  3437
 1178  1703
 1179  4858
 1180  3072
 1181  1321
 1182  4494
 1183  2715
 1184   958
 1185  4077
 1186  2325
 1187   558
 1188  3723
 1189  1924
 1190   161
 1191  3358
 1192  1589
 1193  4716
 1194  2953
 1195  1177
 1196  4372
 1197  2575
 1198   820
 1199  3990
 1200  2196
 1201   441
 1202  3590
 1203  1846
 1204    52
 1205  3238
 1206  1477
 1207  4612
 1208  2863
 1209  1076
 1210  4221
 1211  2478
 1212   706
 1213  3844
 1214  2103
 1215   335
 1216  3486
 1217  1720
 1218  4882
 1219  3080
 1220  1333
 1221  4483
 1222  2752
 1223   981
 1224  4113
 1225  2353
 1226   576
 1227  3767
 1228  1979
 1229   240
 1230  3377
 1231  1624
 1232  4764
 1233  2984
 1234  1230
 1235  4376
 1236  2623
 1237   850
 1238  4009
 1239  2241
 1240   469
 1241  3651
 1242  1856
 1243   106
 1244  3266
 1245  1469
 1246  4660
 1247  2868
 1248  1123
 1249  4285
 1250  2493
 1251   736
 1252  3887
 1253  2148
 1254   363
 1255  3541
 1256  1754
 1257  4926
 1258  3162
 1259  1390
 1260  4527
 1261  2772
 1262  1023
 1263  4153
 1264  2398
 1265   621
 1266  3793
 1267  2005
 1268   263
 1269  3413
 1270  1612
 1271  4792
 1272  3037
 1273  1249
 1274  4422
 1275  2669
 1276   873
 1277  4050
 1278  2262
 1279   516
 1280  3656
 1281  1899
 1282   143
 1283  3297
 1284  1528
 1285  4704
 1286  2912
 1287  1157
 1288  4313
 1289  2550
 1290   771
 1291  3932
 1292  2157
 1293   422
 1294  3556
 1295  1783
 1296    34
 1297  3172
 1298  1403
 1299  4574
 1300  2808
 1301  1051
 1302  4188
 1303  2420
 1304   674
 1305  3830
 1306  2035
 1307   264
 1308  3428
 1309  1677
 1310  4815
 1311  3084
 1312  1307
 1313  4438
 1314  2694
 1315   905
 1316  4079
 1317  2315
 1318   542
 1319  3712
 1320  1915
 1321   177
 1322  3310
 1323  1571
 1324  4727
 1325  2950
 1326  1200
 1327  4350
 1328  2593
 1329   828
 1330  3986
 1331  2202
 1332   423
 1333  3604
 1334  1820
 1335    50
 1336  3199
 1337  1441
 1338  4626
 1339  2821
 1340  1070
 1341  4234
 1342  2438
 1343   699
 1344  3852
 1345  2086
 1346   305
 1347  3483
 1348  1724
 1349  4848
 1350  3118
 1351  1326
 1352  4484
 1353  2712
 1354   971
 1355  4116
 1356  2337
 1357   570
 1358  3750
 1359  1967
 1360   192
 1361  3374
 1362  1568
 1363  4751
 1364  3005
 1365  1218
 1366  4393
 1367  2611
 1368   836
 1369  3979
 1370  2214
 1371   484
 1372  3620
 1373  1837
 1374   101
 1375  3247
 1376  1496
 1377  4629
 1378  2874
 1379  1117
 1380  4261
 1381  2481
 1382   715
 1383  3872
 1384  2123
 1385   366
 1386  3525
 1387  1736
 1388  4925
 1389  3142
 1390  1385
 1391  4543
 1392  2738
 1393   994
 1394  4170
 1395  2389
 1396   623
 1397  3784
 1398  2020
 1399   255
 1400  3405
 1401  1640
 1402  4786
 1403  3004
 1404  1240
 1405  4428
 1406  2645
 1407   861
 1408  4028
 1409  2265
 1410   497
 1411  3663
 1412  1907
 1413   115
 1414  3294
 1415  1515
 1416  4658
 1417  2908
 1418  1156
 1419  4289
 1420  2513
 1421   751
 1422  3918
 1423  2128
 1424   361
 1425  3555
 1426  1787
 1427    13
 1428  3171
 1429  1399
 1430  4571
 1431  2800
 1432  1041
 1433  4180
 1434  2401
 1435   626
 1436  3790
 1437  2048
 1438   284
 1439  3426
 1440  1664
 1441  4810
 1442  3062
 1443  1268
 1444  4419
 1445  2660
 1446   918
 1447  4058
 1448  2302
 1449   514
 1450  3697
 1451  1904
 1452   152
 1453  3315
 1454  1532
 1455  4689
 1456  2933
 1457  1167
 1458  4338
 1459  2553
 1460   772
 1461  3953
 1462  2175
 1463   421
 1464  3592
 1465  1790
 1466    22
 1467  3196
 1468  1430
 1469  4605
 1470  2826
 1471  1082
 1472  4206
 1473  2443
 1474   693
 1475  3831
 1476  2079
 1477   295
 1478  3458
 1479  1704
 1480  4841
 1481  3092
 1482  1331
 1483  4492
 1484  2731
 1485   948
 1486  4095
 1487  2322
 1488   556
 1489  3713
 1490  1942
 1491   187
 1492  3335
 1493  1562
 1494  4747
 1495  2968
 1496  1211
 1497  4382
 1498  2590
 1499   847
 1500  3997
 1501  2210
 1502   449
 1503  3624
 1504  1866
 1505    86
 1506  3222
 1507  1462
 1508  4608
 1509  2865
 1510  1090
 1511  4275
 1512  2479
 1513   700
 1514  3886
 1515  2122
 1516   313
 1517  3517
 1518  1727
 1519  4909
 1520  3144
 1521  1366
 1522  4517
 1523  2722
 1524   952
 1525  4146
 1526  2381
 1527   608
 1528  3770
 1529  1995
 1530   207
 1531  3357
 1532  1629
 1533  4795
 1534  2989
 1535  1264
 1536  4388
 1537  2616
 1538   849
 1539  4032
 1540  2280
 1541   475
 1542  3657
 1543  1889
 1544   114
 1545  3273
 1546  1514
 1547  4651
 1548  2906
 1549  1129
 1550  4303
 1551  2529
 1552   762
 1553  3929
 1554  2165
 1555   370
 1556  3538
 1557  1769
 1558  4919
 1559  3158
 1560  1377
 1561  4556
 1562  2759
 1563  1004
 1564  4185
 1565  2411
 1566   628
 1567  3781
 1568  2040
 1569   262
 1570  3417
 1571  1653
 1572  4807
 1573  3060
 1574  1289
 1575  4430
 1576  2668
 1577   902
 1578  4074
 1579  2289
 1580   532
 1581  3667
 1582  1923
 1583   127
 1584  3319
 1585  1544
 1586  4698
 1587  2922
 1588  1133
 1589  4309
 1590  2571
 1591   804
 1592  3968
 1593  2156
 1594   430
 1595  3574
 1596  1786
 1597    11
 1598  3165
 1599  1436
 1600  4591
 1601  2813
 1602  1035
 1603  4193
 1604  2425
 1605   692
 1606  3829
 1607  2033
 1608   282
 1609  3430
 1610  1705
 1611  4856
 1612  3053
 1613  1314
 1614  4472
 1615  2673
 1616   921
 1617  4091
 1618  2318
 1619   562
 1620  3721
 1621  1950
 1622   203
 1623  3339
 1624  1539
 1625  4733
 1626  2970
 1627  1171
 1628  4375
 1629  2573
 1630   796
 1631  3978
 1632  2228
 1633   448
 1634  3601
 1635  1808
 1636    46
 1637  3242
 1638  1472
 1639  4641
 1640  2850
 1641  1056
 1642  4230
 1643  2448
 1644   716
 1645  3882
 1646  2104
 1647   333
 1648  3466
 1649  1706
 1650  4860
 1651  3088
 1652  1354
 1653  4497
 1654  2741
 1655   984
 1656  4109
 1657  2333
 1658   561
 1659  3746
 1660  1984
 1661   210
 1662  3393
 1663  1618
 1664  4767
 1665  2981
 1666  1201
 1667  4411
 1668  2603
 1669   860
 1670  4031
 1671  2260
 1672   463
 1673  3660
 1674  1855
 1675    82
 1676  3255
 1677  1501
 1678  4668
 1679  2890
 1680  1092
 1681  4278
 1682  2494
 1683   735
 1684  3913
 1685  2129
 1686   345
 1687  3495
 1688  1776
 1689  4890
 1690  3156
 1691  1394
 1692  4523
 1693  2750
 1694  1007
 1695  4137
 1696  2407
 1697   646
 1698  3760
 1699  1997
 1700   265
 1701  3411
 1702  1636
 1703  4778
 1704  3014
 1705  1259
 1706  4447
 1707  2637
 1708   866
 1709  4054
 1710  2257
 1711   487
 1712  3640
 1713  1884
 1714   151
 1715  3268
 1716  1537
 1717  4697
 1718  2914
 1719  1155
 1720  4294
 1721  2542
 1722   749
 1723  3941
 1724  2179
 1725   383
 1726  3551
 1727  1785
 1728    31
 1729  3150
 1730  1391
 1731  4557
 1732  2817
 1733  1015
 1734  4203
 1735  2412
 1736   680
 1737  3828
 1738  2056
 1739   299
 1740  3457
 1741  1684
 1742  4830
 1743  3056
 1744  1300
 1745  4443
 1746  2692
 1747   926
 1748  4064
 1749  2293
 1750   548
 1751  3686
 1752  1931
 1753   170
 1754  3313
 1755  1567
 1756  4705
 1757  2936
 1758  1183
 1759  4357
 1760  2557
 1761   791
 1762  3977
 1763  2206
 1764   420
 1765  3583
 1766  1805
 1767    25
 1768  3210
 1769  1419
 1770  4584
 1771  2812
 1772  1074
 1773  4231
 1774  2464
 1775   685
 1776  3832
 1777  2094
 1778   323
 1779  3455
 1780  1719
 1781  4853
 1782  3117
 1783  1305
 1784  4471
 1785  2740
 1786   927
 1787  4134
 1788  2347
 1789   559
 1790  3754
 1791  1965
 1792   225
 1793  3364
 1794  1598
 1795  4757
 1796  2979
 1797  1239
 1798  4386
 1799  2613
 1800   833
 1801  4001
 1802  2251
 1803   468
 1804  3632
 1805  1861
 1806    67
 1807  3240
 1808  1499
 1809  4627
 1810  2856
 1811  1104
 1812  4245
 1813  2490
 1814   740
 1815  3885
 1816  2118
 1817   314
 1818  3520
 1819  1713
 1820  4910
 1821  3122
 1822  1337
 1823  4511
 1824  2756
 1825   982
 1826  4128
 1827  2387
 1828   601
 1829  3771
 1830  2000
 1831   216
 1832  3375
 1833  1606
 1834  4777
 1835  3006
 1836  1237
 1837  4404
 1838  2630
 1839   892
 1840  4036
 1841  2281
 1842   511
 1843  3653
 1844  1862
 1845   111
 1846  3274
 1847  1504
 1848  4685
 1849  2918
 1850  1125
 1851  4305
 1852  2505
 1853   754
 1854  3914
 1855  2161
 1856   400
 1857  3537
 1858  1798
 1859  4924
 1860  3143
 1861  1392
 1862  4576
 1863  2797
 1864  1011
 1865  4165
 1866  2431
 1867   640
 1868  3805
 1869  2018
 1870   276
 1871  3429
 1872  1660
 1873  4834
 1874  3046
 1875  1298
 1876  4431
 1877  2679
 1878   889
 1879  4049
 1880  2304
 1881   512
 1882  3679
 1883  1939
 1884   134
 1885  3328
 1886  1550
 1887  4701
 1888  2926
 1889  1170
 1890  4335
 1891  2588
 1892   807
 1893  3936
 1894  2181
 1895   438
 1896  3560
 1897  1830
 1898    26
 1899  3193
 1900  1407
 1901  4594
 1902  2801
 1903  1043
 1904  4223
 1905  2454
 1906   686
 1907  3834
 1908  2076
 1909   317
 1910  3445
 1911  1685
 1912  4851
 1913  3068
 1914  1302
 1915  4482
 1916  2681
 1917   944
 1918  4122
 1919  2307
 1920   543
 1921  3724
 1922  1964
 1923   208
 1924  3322
 1925  1566
 1926  4744
 1927  2995
 1928  1196
 1929  4362
 1930  2595
 1931   813
 1932  3969
 1933  2201
 1934   451
 1935  3619
 1936  1842
 1937    73
 1938  3254
 1939  1475
 1940  4635
 1941  2835
 1942  1083
 1943  4225
 1944  2476
 1945   726
 1946  3875
 1947  2102
 1948   325
 1949  3484
 1950  1742
 1951  4904
 1952  3086
 1953  1363
 1954  4486
 1955  2758
 1956   979
 1957  4152
 1958  2350
 1959   572
 1960  3762
 1961  1998
 1962   206
 1963  3380
 1964  1620
 1965  4773
 1966  2996
 1967  1236
 1968  4398
 1969  2607
 1970   853
 1971  4030
 1972  2255
 1973   464
 1974  3635
 1975  1893
 1976   132
 1977  3285
 1978  1505
 1979  4655
 1980  2904
 1981  1109
 1982  4287
 1983  2511
 1984   720
 1985  3896
 1986  2120
 1987   364
 1988  3539
 1989  1768
 1990     7
 1991  3145
 1992  1355
 1993  4563
 1994  2778
 1995  1021
 1996  4181
 1997  2416
 1998   624
 1999  3807
 2000  2026
 2001   244
 2002  3425
 2003  1625
 2004  4821
 2005  3048
 2006  1292
 2007  4426
 2008  2647
 2009   890
 2010  4053
 2011  2296
 2012   498
 2013  3680
 2014  1916
 2015   131
 2016  3316
 2017  1522
 2018  4686
 2019  2895
 2020  1141
 2021  4330
 2022  2536
 2023   795
 2024  3919
 2025  2152
 2026   399
 2027  3563
 2028  1819
 2029    21
 2030  3188
 2031  1402
 2032  4580
 2033  2815
 2034  1031
 2035  4216
 2036  2413
 2037   672
 2038  3841
 2039  2051
 2040   291
 2041  3473
 2042  1659
 2043  4852
 2044  3074
 2045  1301
 2046  4460
 2047  2682
 2048   943
 2049  4110
 2050  2309
 2051   567
 2052  3717
 2053  1926
 2054   180
 2055  3318
 2056  1548
 2057  4702
 2058  2986
 2059  1212
 2060  4324
 2061  2570
 2062   821
 2063  3967
 2064  2207
 2065   456
 2066  3577
 2067  1821
 2068    32
 2069  3194
 2070  1470
 2071  4613
 2072  2840
 2073  1087
 2074  4242
 2075  2470
 2076   684
 2077  3876
 2078  2111
 2079   330
 2080  3487
 2081  1692
 2082  4891
 2083  3101
 2084  1324
 2085  4514
 2086  2736
 2087   938
 2088  4107
 2089  2354
 2090   597
 2091  3729
 2092  1992
 2093   229
 2094  3362
 2095  1608
 2096  4769
 2097  2975
 2098  1231
 2099  4396
 2100  2633
 2101   870
 2102  4004
 2103  2217
 2104   454
 2105  3605
 2106  1850
 2107   108
 2108  3239
 2109  1480
 2110  4630
 2111  2864
 2112  1103
 2113  4267
 2114  2498
 2115   733
 2116  3888
 2117  2117
 2118   377
 2119  3503
 2120  1741
 2121  4907
 2122  3146
 2123  1338
 2124  4521
 2125  2774
 2126   996
 2127  4164
 2128  2362
 2129   613
 2130  3772
 2131  1988
 2132   222
 2133  3409
 2134  1615
 2135  4819
 2136  3044
 2137  1267
 2138  4413
 2139  2653
 2140   854
 2141  4055
 2142  2253
 2143   518
 2144  3678
 2145  1912
 2146   113
 2147  3290
 2148  1506
 2149  4690
 2150  2920
 2151  1151
 2152  4314
 2153  2526
 2154   779
 2155  3947
 2156  2146
 2157   393
 2158  3542
 2159  1789
 2160    28
 2161  3174
 2162  1423
 2163  4587
 2164  2770
 2165  1036
 2166  4168
 2167  2402
 2168   633
 2169  3824
 2170  2037
 2171   285
 2172  3438
 2173  1689
 2174  4804
 2175  3067
 2176  1294
 2177  4446
 2178  2689
 2179   906
 2180  4048
 2181  2324
 2182   553
 2183  3698
 2184  1944
 2185   163
 2186  3317
 2187  1563
 2188  4728
 2189  2924
 2190  1162
 2191  4310
 2192  2579
 2193   805
 2194  3971
 2195  2209
 2196   416
 2197  3562
 2198  1794
 2199    63
 2200  3219
 2201  1435
 2202  4598
 2203  2851
 2204  1078
 2205  4229
 2206  2439
 2207   673
 2208  3863
 2209  2050
 2210   294
 2211  3469
 2212  1707
 2213  4857
 2214  3114
 2215  1327
 2216  4506
 2217  2721
 2218   936
 2219  4106
 2220  2360
 2221   551
 2222  3756
 2223  1961
 2224   195
 2225  3347
 2226  1585
 2227  4765
 2228  2997
 2229  1197
 2230  4377
 2231  2618
 2232   832
 2233  3980
 2234  2238
 2235   450
 2236  3637
 2237  1826
 2238    79
 2239  3231
 2240  1444
 2241  4623
 2242  2876
 2243  1094
 2244  4276
 2245  2497
 2246   708
 2247  3901
 2248  2110
 2249   320
 2250  3518
 2251  1737
 2252  4900
 2253  3098
 2254  1350
 2255  4533
 2256  2765
 2257   973
 2258  4129
 2259  2385
 2260   625
 2261  3759
 2262  1981
 2263   227
 2264  3392
 2265  1621
 2266  4768
 2267  3009
 2268  1233
 2269  4429
 2270  2619
 2271   871
 2272  4042
 2273  2247
 2274   473
 2275  3643
 2276  1867
 2277   107
 2278  3295
 2279  1491
 2280  4671
 2281  2871
 2282  1145
 2283  4268
 2284  2545
 2285   758
 2286  3910
 2287  2130
 2288   386
 2289  3513
 2290  1753
 2291     2
 2292  3155
 2293  1380
 2294  4534
 2295  2794
 2296  1044
 2297  4202
 2298  2417
 2299   647
 2300  3776
 2301  2030
 2302   268
 2303  3433
 2304  1658
 2305  4811
 2306  3035
 2307  1276
 2308  4442
 2309  2652
 2310   901
 2311  4041
 2312  2308
 2313   510
 2314  3700
 2315  1925
 2316   159
 2317  3286
 2318  1519
 2319  4717
 2320  2916
 2321  1174
 2322  4332
 2323  2556
 2324   792
 2325  3966
 2326  2187
 2327   409
 2328  3575
 2329  1822
 2330    29
 2331  3192
 2332  1431
 2333  4577
 2334  2838
 2335  1052
 2336  4199
 2337  2421
 2338   681
 2339  3838
 2340  2073
 2341   296
 2342  3476
 2343  1665
 2344  4863
 2345  3082
 2346  1315
 2347  4475
 2348  2685
 2349   940
 2350  4096
 2351  2345
 2352   571
 2353  3734
 2354  1934
 2355   167
 2356  3368
 2357  1572
 2358  4740
 2359  2969
 2360  1185
 2361  4344
 2362  2601
 2363   838
 2364  3981
 2365  2192
 2366   453
 2367  3616
 2368  1816
 2369    59
 2370  3233
 2371  1482
 2372  4648
 2373  2849
 2374  1073
 2375  4228
 2376  2474
 2377   701
 2378  3860
 2379  2088
 2380   337
 2381  3506
 2382  1708
 2383  4892
 2384  3090
 2385  1359
 2386  4518
 2387  2742
 2388   964
 2389  4119
 2390  2368
 2391   587
 2392  3752
 2393  2002
 2394   204
 2395  3360
 2396  1602
 2397  4756
 2398  3003
 2399  1252
 2400  4416
 2401  2599
 2402   857
 2403  4027
 2404  2226
 2405   500
 2406  3615
 2407  1858
 2408    99
 2409  3253
 2410  1497
 2411  4657
 2412  2901
 2413  1130
 2414  4279
 2415  2492
 2416   734
 2417  3916
 2418  2137
 2419   354
 2420  3543
 2421  1764
 2422  4920
 2423  3132
 2424  1388
 2425  4529
 2426  2747
 2427   983
 2428  4174
 2429  2419
 2430   619
 2431  3783
 2432  2011
 2433   271
 2434  3435
 2435  1644
 2436  4784
 2437  3041
 2438  1248
 2439  4425
 2440  2670
 2441   877
 2442  4033
 2443  2264
 2444   521
 2445  3690
 2446  1910
 2447   133
 2448  3314
 2449  1545
 2450  4675
 2451  2931
 2452  1150
 2453  4304
 2454  2548
 2455   787
 2456  3925
 2457  2150
 2458   375
 2459  3550
 2460  1800
 2461    33
 2462  3209
 2463  1417
 2464  4572
 2465  2819
 2466  1030
 2467  4194
 2468  2450
 2469   654
 2470  3798
 2471  2072
 2472   260
 2473  3463
 2474  1662
 2475  4849
 2476  3055
 2477  1288
 2478  4441
 2479  2693
 2480   913
 2481  4066
 2482  2301
 2483   569
 2484  3715
 2485  1952
 2486   168
 2487  3350
 2488  1557
 2489  4720
 2490  2948
 2491  1203
 2492  4329
 2493  2567
 2494   798
 2495  3950
 2496  2189
 2497   417
 2498  3594
 2499  1834
 2500    77
 2501  3200
 2502  1467
 2503  4586
 2504  2825
 2505  1069
 2506  4250
 2507  2486
 2508   696
 2509  3868
 2510  2063
 2511   326
 2512  3467
 2513  1725
 2514  4875
 2515  3112
 2516  1339
 2517  4476
 2518  2728
 2519   941
 2520  4104
 2521  2336
 2522   586
 2523  3757
 2524  1955
 2525   193
 2526  3373
 2527  1601
 2528  4772
 2529  2974
 2530  1202
 2531  4385
 2532  2615
 2533   831
 2534  4019
 2535  2232
 2536   447
 2537  3610
 2538  1848
 2539    83
 2540  3228
 2541  1459
 2542  4638
 2543  2880
 2544  1118
 2545  4258
 2546  2501
 2547   729
 2548  3915
 2549  2101
 2550   355
 2551  3514
 2552  1766
 2553  4918
 2554  3139
 2555  1343
 2556  4516
 2557  2751
 2558   980
 2559  4148
 2560  2372
 2561   635
 2562  3788
 2563  1982
 2564   226
 2565  3406
 2566  1637
 2567  4801
 2568  3029
 2569  1272
 2570  4435
 2571  2661
 2572   899
 2573  4062
 2574  2249
 2575   488
 2576  3666
 2577  1892
 2578   121
 2579  3262
 2580  1516
 2581  4681
 2582  2923
 2583  1149
 2584  4295
 2585  2517
 2586   760
 2587  3905
 2588  2170
 2589   358
 2590  3535
 2591  1791
 2592    24
 2593  3151
 2594  1413
 2595  4567
 2596  2782
 2597  1001
 2598  4182
 2599  2394
 2600   637
 2601  3820
 2602  2057
 2603   272
 2604  3420
 2605  1649
 2606  4824
 2607  3036
 2608  1283
 2609  4450
 2610  2686
 2611   928
 2612  4087
 2613  2305
 2614   524
 2615  3673
 2616  1909
 2617   157
 2618  3320
 2619  1560
 2620  4706
 2621  2958
 2622  1194
 2623  4320
 2624  2547
 2625   815
 2626  3964
 2627  2169
 2628   414
 2629  3584
 2630  1828
 2631    41
 2632  3224
 2633  1449
 2634  4614
 2635  2847
 2636  1081
 2637  4226
 2638  2467
 2639   658
 2640  3845
 2641  2059
 2642   309
 2643  3479
 2644  1700
 2645  4861
 2646  3110
 2647  1308
 2648  4493
 2649  2707
 2650   949
 2651  4125
 2652  2328
 2653   546
 2654  3706
 2655  1959
 2656   169
 2657  3336
 2658  1558
 2659  4724
 2660  2965
 2661  1213
 2662  4369
 2663  2621
 2664   830
 2665  4003
 2666  2221
 2667   434
 2668  3595
 2669  1852
 2670    92
 2671  3226
 2672  1446
 2673  4620
 2674  2857
 2675  1079
 2676  4254
 2677  2506
 2678   731
 2679  3867
 2680  2100
 2681   322
 2682  3516
 2683  1714
 2684  4886
 2685  3135
 2686  1364
 2687  4499
 2688  2733
 2689   968
 2690  4133
 2691  2383
 2692   602
 2693  3745
 2694  2012
 2695   236
 2696  3366
 2697  1632
 2698  4762
 2699  3012
 2700  1228
 2701  4405
 2702  2654
 2703   851
 2704  4006
 2705  2272
 2706   485
 2707  3638
 2708  1871
 2709   104
 2710  3275
 2711  1525
 2712  4652
 2713  2884
 2714  1120
 2715  4284
 2716  2541
 2717   761
 2718  3909
 2719  2162
 2720   371
 2721  3549
 2722  1762
 2723  4914
 2724  3167
 2725  1376
 2726  4537
 2727  2792
 2728  1014
 2729  4186
 2730  2395
 2731   653
 2732  3795
 2733  2043
 2734   258
 2735  3436
 2736  1654
 2737  4787
 2738  3022
 2739  1262
 2740  4451
 2741  2664
 2742   916
 2743  4035
 2744  2311
 2745   508
 2746  3681
 2747  1913
 2748   146
 2749  3292
 2750  1538
 2751  4682
 2752  2905
 2753  1176
 2754  4328
 2755  2532
 2756   781
 2757  3945
 2758  2191
 2759   431
 2760  3589
 2761  1815
 2762    36
 2763  3190
 2764  1409
 2765  4564
 2766  2816
 2767  1058
 2768  4210
 2769  2432
 2770   670
 2771  3842
 2772  2069
 2773   274
 2774  3465
 2775  1695
 2776  4874
 2777  3061
 2778  1323
 2779  4469
 2780  2688
 2781   937
 2782  4123
 2783  2329
 2784   549
 2785  3741
 2786  1953
 2787   179
 2788  3359
 2789  1575
 2790  4738
 2791  2943
 2792  1220
 2793  4374
 2794  2609
 2795   806
 2796  3993
 2797  2188
 2798   458
 2799  3613
 2800  1844
 2801    43
 2802  3218
 2803  1438
 2804  4621
 2805  2861
 2806  1066
 2807  4232
 2808  2473
 2809   727
 2810  3848
 2811  2116
 2812   347
 2813  3477
 2814  1722
 2815  4885
 2816  3095
 2817  1356
 2818  4488
 2819  2732
 2820   942
 2821  4126
 2822  2344
 2823   599
 2824  3744
 2825  2004
 2826   198
 2827  3381
 2828  1593
 2829  4785
 2830  3011
 2831  1221
 2832  4381
 2833  2641
 2834   862
 2835  4024
 2836  2256
 2837   483
 2838  3646
 2839  1863
 2840   123
 2841  3265
 2842  1489
 2843  4661
 2844  2897
 2845  1110
 2846  4260
 2847  2523
 2848   742
 2849  3881
 2850  2153
 2851   348
 2852  3547
 2853  1760
 2854  4897
 2855  3163
 2856  1370
 2857  4536
 2858  2766
 2859   997
 2860  4162
 2861  2366
 2862   618
 2863  3761
 2864  1996
 2865   253
 2866  3388
 2867  1614
 2868  4799
 2869  3034
 2870  1250
 2871  4421
 2872  2648
 2873   863
 2874  4065
 2875  2271
 2876   481
 2877  3661
 2878  1900
 2879   136
 2880  3311
 2881  1523
 2882  4709
 2883  2911
 2884  1161
 2885  4317
 2886  2564
 2887   782
 2888  3928
 2889  2149
 2890   401
 2891  3536
 2892  1781
 2893  4927
 2894  3173
 2895  1428
 2896  4565
 2897  2823
 2898  1028
 2899  4218
 2900  2433
 2901   636
 2902  3806
 2903  2044
 2904   273
 2905  3456
 2906  1668
 2907  4846
 2908  3075
 2909  1274
 2910  4468
 2911  2703
 2912   931
 2913  4083
 2914  2292
 2915   529
 2916  3711
 2917  1927
 2918   158
 2919  3334
 2920  1570
 2921  4742
 2922  2960
 2923  1195
 2924  4333
 2925  2565
 2926   823
 2927  3988
 2928  2220
 2929   427
 2930  3571
 2931  1802
 2932    72
 2933  3206
 2934  1463
 2935  4615
 2936  2860
 2937  1053
 2938  4207
 2939  2455
 2940   709
 2941  3861
 2942  2066
 2943   324
 2944  3488
 2945  1712
 2946  4850
 2947  3121
 2948  1317
 2949  4490
 2950  2720
 2951   947
 2952  4100
 2953  2355
 2954   575
 2955  3737
 2956  1963
 2957   217
 2958  3338
 2959  1596
 2960  4775
 2961  2973
 2962  1232
 2963  4371
 2964  2597
 2965   837
 2966  3994
 2967  2248
 2968   439
 2969  3614
 2970  1843
 2971   109
 2972  3263
 2973  1494
 2974  4645
 2975  2854
 2976  1086
 2977  4252
 2978  2503
 2979   723
 2980  3890
 2981  2140
 2982   338
 2983  3523
 2984  1730
 2985  4884
 2986  3133
 2987  1346
 2988  4512
 2989  2776
 2990   969
 2991  4131
 2992  2384
 2993   606
 2994  3751
 2995  2027
 2996   230
 2997  3403
 2998  1616
 2999  4789
 3000  3007
 3001  1238
 3002  4399
 3003  2629
 3004   891
 3005  4011
 3006  2246
 3007   520
 3008  3650
 3009  1877
 3010   130
 3011  3280
 3012  1533
 3013  4677
 3014  2927
 3015  1148
 3016  4315
 3017  2549
 3018   743
 3019  3912
 3020  2134
 3021   373
 3022  3524
 3023  1796
 3024    20
 3025  3177
 3026  1400
 3027  4552
 3028  2790
 3029  1025
 3030  4200
 3031  2436
 3032   642
 3033  3818
 3034  2039
 3035   259
 3036  3451
 3037  1657
 3038  4838
 3039  3047
 3040  1275
 3041  4452
 3042  2683
 3043   907
 3044  4075
 3045  2288
 3046   531
 3047  3691
 3048  1921
 3049   150
 3050  3324
 3051  1555
 3052  4730
 3053  2947
 3054  1175
 3055  4331
 3056  2566
 3057   784
 3058  3954
 3059  2174
 3060   413
 3061  3564
 3062  1814
 3063    17
 3064  3182
 3065  1425
 3066  4575
 3067  2841
 3068  1033
 3069  4224
 3070  2441
 3071   694
 3072  3822
 3073  2068
 3074   287
 3075  3449
 3076  1694
 3077  4864
 3078  3107
 3079  1329
 3080  4478
 3081  2734
 3082   961
 3083  4090
 3084  2342
 3085   589
 3086  3710
 3087  1958
 3088   196
 3089  3371
 3090  1594
 3091  4736
 3092  2988
 3093  1226
 3094  4361
 3095  2574
 3096   826
 3097  3982
 3098  2211
 3099   462
 3100  3599
 3101  1868
 3102    58
 3103  3220
 3104  1455
 3105  4616
 3106  2877
 3107  1116
 3108  4236
 3109  2466
 3110   695
 3111  3878
 3112  2095
 3113   327
 3114  3512
 3115  1738
 3116  4872
 3117  3115
 3118  1373
 3119  4524
 3120  2743
 3121   963
 3122  4136
 3123  2378
 3124   577
 3125  3779
 3126  1993
 3127   243
 3128  3382
 3129  1599
 3130  4755
 3131  3013
 3132  1225
 3133  4378
 3134  2640
 3135   884
 3136  4010
 3137  2237
 3138   503
 3139  3634
 3140  1874
 3141   102
 3142  3250
 3143  1512
 3144  4679
 3145  2892
 3146  1134
 3147  4298
 3148  2530
 3149   766
 3150  3907
 3151  2131
 3152   357
 3153  3528
 3154  1772
 3155  4930
 3156  3136
 3157  1367
 3158  4538
 3159  2791
 3160   988
 3161  4176
 3162  2374
 3163   610
 3164  3813
 3165  2009
 3166   251
 3167  3439
 3168  1652
 3169  4812
 3170  3058
 3171  1291
 3172  4459
 3173  2639
 3174   881
 3175  4080
 3176  2269
 3177   504
 3178  3654
 3179  1898
 3180   126
 3181  3299
 3182  1510
 3183  4695
 3184  2951
 3185  1180
 3186  4325
 3187  2558
 3188   770
 3189  3930
 3190  2155
 3191   391
 3192  3554
 3193  1809
 3194    40
 3195  3187
 3196  1432
 3197  4600
 3198  2793
 3199  1067
 3200  4184
 3201  2449
 3202   662
 3203  3846
 3204  2067
 3205   298
 3206  3452
 3207  1681
 3208  4828
 3209  3073
 3210  1295
 3211  4462
 3212  2691
 3213   935
 3214  4097
 3215  2316
 3216   538
 3217  3693
 3218  1920
 3219   199
 3220  3349
 3221  1580
 3222  4737
 3223  2971
 3224  1208
 3225  4356
 3226  2569
 3227   827
 3228  3959
 3229  2227
 3230   461
 3231  3609
 3232  1817
 3233    80
 3234  3246
 3235  1443
 3236  4640
 3237  2828
 3238  1059
 3239  4238
 3240  2471
 3241   702
 3242  3880
 3243  2096
 3244   303
 3245  3494
 3246  1732
 3247  4877
 3248  3099
 3249  1351
 3250  4519
 3251  2717
 3252   972
 3253  4132
 3254  2359
 3255   565
 3256  3736
 3257  1960
 3258   189
 3259  3361
 3260  1581
 3261  4766
 3262  3020
 3263  1243
 3264  4394
 3265  2632
 3266   864
 3267  4021
 3268  2230
 3269   472
 3270  3631
 3271  1875
 3272    89
 3273  3279
 3274  1481
 3275  4665
 3276  2894
 3277  1131
 3278  4300
 3279  2502
 3280   746
 3281  3904
 3282  2115
 3283   341
 3284  3493
 3285  1758
 3286  4921
 3287  3152
 3288  1344
 3289  4544
 3290  2784
 3291  1010
 3292  4156
 3293  2370
 3294   616
 3295  3786
 3296  2031
 3297   237
 3298  3401
 3299  1631
 3300  4817
 3301  3026
 3302  1253
 3303  4418
 3304  2671
 3305   900
 3306  4046
 3307  2277
 3308   507
 3309  3670
 3310  1891
 3311   140
 3312  3307
 3313  1502
 3314  4694
 3315  2889
 3316  1122
 3317  4291
 3318  2528
 3319   775
 3320  3931
 3321  2144
 3322   376
 3323  3572
 3324  1759
 3325     1
 3326  3195
 3327  1398
 3328  4558
 3329  2827
 3330  1026
 3331  4195
 3332  2422
 3333   663
 3334  3812
 3335  2060
 3336   286
 3337  3450
 3338  1672
 3339  4843
 3340  3057
 3341  1313
 3342  4453
 3343  2659
 3344   903
 3345  4102
 3346  2286
 3347   534
 3348  3707
 3349  1954
 3350   148
 3351  3309
 3352  1583
 3353  4713
 3354  2928
 3355  1189
 3356  4336
 3357  2563
 3358   800
 3359  3975
 3360  2200
 3361   436
 3362  3587
 3363  1813
 3364    65
 3365  3208
 3366  1460
 3367  4588
 3368  2848
 3369  1080
 3370  4213
 3371  2477
 3372   675
 3373  3853
 3374  2070
 3375   321
 3376  3468
 3377  1701
 3378  4887
 3379  3078
 3380  1332
 3381  4503
 3382  2713
 3383   951
 3384  4098
 3385  2338
 3386   557
 3387  3718
 3388  1973
 3389   181
 3390  3352
 3391  1588
 3392  4732
 3393  2967
 3394  1204
 3395  4358
 3396  2628
 3397   844
 3398  4008
 3399  2212
 3400   477
 3401  3618
 3402  1838
 3403    84
 3404  3248
 3405  1476
 3406  4653
 3407  2867
 3408  1098
 3409  4246
 3410  2508
 3411   719
 3412  3864
 3413  2124
 3414   369
 3415  3481
 3416  1752
 3417  4901
 3418  3123
 3419  1352
 3420  4509
 3421  2753
 3422  1002
 3423  4157
 3424  2390
 3425   620
 3426  3768
 3427  2019
 3428   233
 3429  3400
 3430  1638
 3431  4774
 3432  3039
 3433  1246
 3434  4420
 3435  2643
 3436   882
 3437  4013
 3438  2244
 3439   489
 3440  3636
 3441  1906
 3442   138
 3443  3296
 3444  1498
 3445  4670
 3446  2873
 3447  1144
 3448  4296
 3449  2539
 3450   774
 3451  3926
 3452  2154
 3453   388
 3454  3515
 3455  1744
 3456    18
 3457  3153
 3458  1384
 3459  4579
 3460  2798
 3461   995
 3462  4160
 3463  2429
 3464   644
 3465  3817
 3466  2013
 3467   247
 3468  3431
 3469  1670
 3470  4813
 3471  3063
 3472  1269
 3473  4454
 3474  2680
 3475   883
 3476  4057
 3477  2317
 3478   539
 3479  3709
 3480  1936
 3481   144
 3482  3329
 3483  1554
 3484  4707
 3485  2932
 3486  1152
 3487  4340
 3488  2540
 3489   799
 3490  3946
 3491  2176
 3492   410
 3493  3585
 3494  1803
 3495    55
 3496  3191
 3497  1440
 3498  4592
 3499  2831
 3500  1037
 3501  4220
 3502  2469
 3503   683
 3504  3855
 3505  2080
 3506   304
 3507  3460
 3508  1686
 3509  4868
 3510  3102
 3511  1311
 3512  4467
 3513  2714
 3514   914
 3515  4115
 3516  2306
 3517   583
 3518  3714
 3519  1956
 3520   171
 3521  3355
 3522  1574
 3523  4746
 3524  2955
 3525  1191
 3526  4355
 3527  2578
 3528   822
 3529  4005
 3530  2195
 3531   444
 3532  3611
 3533  1836
 3534    74
 3535  3215
 3536  1458
 3537  4610
 3538  2858
 3539  1102
 3540  4265
 3541  2475
 3542   714
 3543  3894
 3544  2090
 3545   332
 3546  3510
 3547  1716
 3548  4908
 3549  3087
 3550  1328
 3551  4485
 3552  2761
 3553   955
 3554  4139
 3555  2376
 3556   603
 3557  3769
 3558  1978
 3559   205
 3560  3404
 3561  1611
 3562  4797
 3563  3019
 3564  1223
 3565  4406
 3566  2627
 3567   865
 3568  4018
 3569  2263
 3570   466
 3571  3623
 3572  1876
 3573    98
 3574  3276
 3575  1500
 3576  4664
 3577  2899
 3578  1108
 3579  4259
 3580  2524
 3581   769
 3582  3903
 3583  2163
 3584   346
 3585  3505
 3586  1782
 3587  4906
 3588  3147
 3589  1357
 3590  4542
 3591  2789
 3592  1016
 3593  4159
 3594  2406
 3595   617
 3596  3789
 3597  2023
 3598   245
 3599  3387
 3600  1650
 3601  4788
 3602  3042
 3603  1271
 3604  4415
 3605  2658
 3606   896
 3607  4073
 3608  2274
 3609   501
 3610  3682
 3611  1887
 3612   153
 3613  3308
 3614  1531
 3615  4710
 3616  2942
 3617  1127
 3618  4323
 3619  2533
 3620   803
 3621  3956
 3622  2167
 3623   418
 3624  3569
 3625  1801
 3626    45
 3627  3185
 3628  1411
 3629  4589
 3630  2829
 3631  1024
 3632  4204
 3633  2414
 3634   656
 3635  3849
 3636  2064
 3637   275
 3638  3441
 3639  1656
 3640  4835
 3641  3049
 3642  1306
 3643  4455
 3644  2695
 3645   932
 3646  4068
 3647  2303
 3648   560
 3649  3704
 3650  1941
 3651   160
 3652  3341
 3653  1584
 3654  4734
 3655  2944
 3656  1192
 3657  4334
 3658  2581
 3659   793
 3660  3973
 3661  2219
 3662   415
 3663  3607
 3664  1845
 3665    68
 3666  3227
 3667  1456
 3668  4607
 3669  2842
 3670  1100
 3671  4240
 3672  2463
 3673   678
 3674  3869
 3675  2081
 3676   307
 3677  3471
 3678  1702
 3679  4869
 3680  3104
 3681  1347
 3682  4489
 3683  2708
 3684   960
 3685  4140
 3686  2331
 3687   581
 3688  3732
 3689  1966
 3690   188
 3691  3383
 3692  1610
 3693  4749
 3694  2983
 3695  1210
 3696  4359
 3697  2626
 3698   867
 3699  4017
 3700  2258
 3701   460
 3702  3606
 3703  1882
 3704   112
 3705  3245
 3706  1474
 3707  4667
 3708  2893
 3709  1111
 3710  4286
 3711  2485
 3712   756
 3713  3874
 3714  2125
 3715   331
 3716  3499
 3717  1755
 3718  4898
 3719  3140
 3720  1379
 3721  4553
 3722  2757
 3723   975
 3724  4150
 3725  2375
 3726   615
 3727  3763
 3728  2021
 3729   218
 3730  3410
 3731  1651
 3732  4776
 3733  3017
 3734  1258
 3735  4417
 3736  2649
 3737   886
 3738  4026
 3739  2285
 3740   530
 3741  3687
 3742  1886
 3743   142
 3744  3303
 3745  1524
 3746  4680
 3747  2925
 3748  1126
 3749  4308
 3750  2543
 3751   768
 3752  3935
 3753  2141
 3754   402
 3755  3557
 3756  1793
 3757     8
 3758  3164
 3759  1408
 3760  4554
 3761  2773
 3762  1022
 3763  4172
 3764  2408
 3765   648
 3766  3821
 3767  2032
 3768   252
 3769  3440
 3770  1676
 3771  4839
 3772  3077
 3773  1297
 3774  4432
 3775  2662
 3776   919
 3777  4059
 3778  2327
 3779   535
 3780  3705
 3781  1928
 3782   178
 3783  3344
 3784  1535
 3785  4731
 3786  2938
 3787  1181
 3788  4341
 3789  2562
 3790   825
 3791  3962
 3792  2185
 3793   442
 3794  3600
 3795  1827
 3796    56
 3797  3213
 3798  1457
 3799  4617
 3800  2834
 3801  1061
 3802  4222
 3803  2447
 3804   689
 3805  3847
 3806  2075
 3807   319
 3808  3489
 3809  1688
 3810  4866
 3811  3083
 3812  1310
 3813  4470
 3814  2709
 3815   954
 3816  4092
 3817  2356
 3818   595
 3819  3749
 3820  1980
 3821   209
 3822  3369
 3823  1579
 3824  4735
 3825  2963
 3826  1235
 3827  4392
 3828  2608
 3829   852
 3830  3985
 3831  2222
 3832   471
 3833  3622
 3834  1835
 3835    60
 3836  3236
 3837  1445
 3838  4662
 3839  2846
 3840  1112
 3841  4235
 3842  2510
 3843   717
 3844  3891
 3845  2114
 3846   349
 3847  3490
 3848  1723
 3849  4911
 3850  3116
 3851  1358
 3852  4505
 3853  2727
 3854   992
 3855  4141
 3856  2348
 3857   593
 3858  3777
 3859  2008
 3860   235
 3861  3397
 3862  1617
 3863  4760
 3864  3021
 3865  1251
 3866  4391
 3867  2655
 3868   875
 3869  4016
 3870  2242
 3871   522
 3872  3674
 3873  1888
 3874    94
 3875  3267
 3876  1511
 3877  4663
 3878  2878
 3879  1142
 3880  4271
 3881  2525
 3882   752
 3883  3934
 3884  2121
 3885   352
 3886  3558
 3887  1746
 3888    16
 3889  3178
 3890  1375
 3891  4560
 3892  2760
 3893  1012
 3894  4178
 3895  2423
 3896   645
 3897  3814
 3898  2041
 3899   283
 3900  3412
 3901  1680
 3902  4829
 3903  3028
 3904  1265
 3905  4458
 3906  2678
 3907   908
 3908  4045
 3909  2297
 3910   544
 3911  3685
 3912  1901
 3913   137
 3914  3333
 3915  1553
 3916  4683
 3917  2921
 3918  1187
 3919  4352
 3920  2555
 3921   764
 3922  3942
 3923  2178
 3924   406
 3925  3565
 3926  1788
 3927    30
 3928  3202
 3929  1418
 3930  4602
 3931  2824
 3932  1042
 3933  4219
 3934  2444
 3935   666
 3936  3837
 3937  2089
 3938   279
 3939  3474
 3940  1683
 3941  4873
 3942  3100
 3943  1330
 3944  4457
 3945  2696
 3946   920
 3947  4081
 3948  2321
 3949   574
 3950  3719
 3951  1949
 3952   200
 3953  3342
 3954  1551
 3955  4753
 3956  2976
 3957  1205
 3958  4348
 3959  2585
 3960   816
 3961  3983
 3962  2233
 3963   426
 3964  3625
 3965  1860
 3966    87
 3967  3249
 3968  1461
 3969  4609
 3970  2833
 3971  1089
 3972  4249
 3973  2483
 3974   687
 3975  3857
 3976  2082
 3977   334
 3978  3509
 3979  1739
 3980  4895
 3981  3126
 3982  1334
 3983  4510
 3984  2724
 3985   945
 3986  4142
 3987  2373
 3988   579
 3989  3755
 3990  2003
 3991   212
 3992  3372
 3993  1627
 3994  4790
 3995  3023
 3996  1219
 3997  4380
 3998  2614
 3999   846
 4000  4029
 4001  2223
 4002   478
 4003  3612
 4004  1878
 4005    95
 4006  3251
 4007  1484
 4008  4644
 4009  2910
 4010  1124
 4011  4277
 4012  2515
 4013   718
 4014  3902
 4015  2132
 4016   382
 4017  3540
 4018  1735
 4019  4923
 4020  3160
 4021  1401
 4022  4547
 4023  2785
 4024   989
 4025  4149
 4026  2386
 4027   630
 4028  3801
 4029  2036
 4030   239
 4031  3391
 4032  1647
 4033  4814
 4034  3030
 4035  1255
 4036  4423
 4037  2677
 4038   910
 4039  4063
 4040  2275
 4041   499
 4042  3655
 4043  1919
 4044   139
 4045  3270
 4046  1547
 4047  4678
 4048  2935
 4049  1132
 4050  4321
 4051  2560
 4052   788
 4053  3943
 4054  2177
 4055   385
 4056  3578
 4057  1792
 4058  4928
 4059  3181
 4060  1433
 4061  4573
 4062  2806
 4063  1032
 4064  4177
 4065  2426
 4066   649
 4067  3799
 4068  2061
 4069   300
 4070  3427
 4071  1687
 4072  4844
 4073  3066
 4074  1318
 4075  4448
 4076  2700
 4077   929
 4078  4099
 4079  2340
 4080   545
 4081  3716
 4082  1962
 4083   175
 4084  3337
 4085  1586
 4086  4729
 4087  2972
 4088  1179
 4089  4364
 4090  2592
 4091   812
 4092  3987
 4093  2213
 4094   419
 4095  3602
 4096  1818
 4097    54
 4098  3212
 4099  1466
 4100  4632
 4101  2852
 4102  1093
 4103  4243
 4104  2458
 4105   703
 4106  3856
 4107  2109
 4108   318
 4109  3482
 4110  1715
 4111  4859
 4112  3109
 4113  1345
 4114  4520
 4115  2739
 4116   934
 4117  4101
 4118  2349
 4119   591
 4120  3720
 4121  1968
 4122   185
 4123  3363
 4124  1600
 4125  4779
 4126  2991
 4127  1234
 4128  4373
 4129  2620
 4130   817
 4131  4014
 4132  2231
 4133   446
 4134  3639
 4135  1840
 4136    78
 4137  3258
 4138  1464
 4139  4669
 4140  2891
 4141  1088
 4142  4274
 4143  2516
 4144   712
 4145  3893
 4146  2145
 4147   372
 4148  3500
 4149  1751
 4150  4922
 4151  3127
 4152  1362
 4153  4508
 4154  2777
 4155   991
 4156  4143
 4157  2377
 4158   612
 4159  3787
 4160  2006
 4161   246
 4162  3419
 4163  1623
 4164  4793
 4165  3010
 4166  1260
 4167  4414
 4168  2625
 4169   872
 4170  4056
 4171  2290
 4172   493
 4173  3648
 4174  1879
 4175   145
 4176  3302
 4177  1503
 4178  4672
 4179  2902
 4180  1136
 4181  4283
 4182  2509
 4183   757
 4184  3938
 4185  2139
 4186   378
 4187  3546
 4188  1773
 4189    14
 4190  3186
 4191  1421
 4192  4546
 4193  2779
 4194  1020
 4195  4198
 4196  2393
 4197   627
 4198  3785
 4199  2049
 4200   266
 4201  3432
 4202  1678
 4203  4837
 4204  3059
 4205  1282
 4206  4463
 4207  2675
 4208   895
 4209  4076
 4210  2319
 4211   537
 4212  3702
 4213  1903
 4214   165
 4215  3323
 4216  1541
 4217  4699
 4218  2952
 4219  1173
 4220  4346
 4221  2559
 4222   802
 4223  3948
 4224  2171
 4225   398
 4226  3576
 4227  1795
 4228    48
 4229  3216
 4230  1453
 4231  4590
 4232  2820
 4233  1046
 4234  4233
 4235  2465
 4236   705
 4237  3836
 4238  2078
 4239   312
 4240  3470
 4241  1679
 4242  4842
 4243  3091
 4244  1322
 4245  4481
 4246  2698
 4247   959
 4248  4088
 4249  2339
 4250   584
 4251  3733
 4252  1938
 4253   173
 4254  3332
 4255  1569
 4256  4739
 4257  2961
 4258  1206
 4259  4379
 4260  2594
 4261   809
 4262  4000
 4263  2240
 4264   465
 4265  3628
 4266  1833
 4267    85
 4268  3223
 4269  1483
 4270  4624
 4271  2862
 4272  1077
 4273  4280
 4274  2461
 4275   713
 4276  3866
 4277  2098
 4278   328
 4279  3497
 4280  1740
 4281  4878
 4282  3106
 4283  1361
 4284  4502
 4285  2755
 4286   977
 4287  4124
 4288  2357
 4289   611
 4290  3742
 4291  1999
 4292   238
 4293  3395
 4294  1639
 4295  4798
 4296  3001
 4297  1261
 4298  4410
 4299  2622
 4300   868
 4301  4022
 4302  2239
 4303   491
 4304  3662
 4305  1870
 4306   103
 4307  3289
 4308  1527
 4309  4654
 4310  2882
 4311  1140
 4312  4297
 4313  2512
 4314   737
 4315  3889
 4316  2143
 4317   367
 4318  3552
 4319  1750
 4320    12
 4321  3154
 4322  1406
 4323  4545
 4324  2767
 4325  1034
 4326  4187
 4327  2415
 4328   650
 4329  3811
 4330  2014
 4331   270
 4332  3444
 4333  1633
 4334  4802
 4335  3040
 4336  1257
 4337  4461
 4338  2676
 4339   885
 4340  4084
 4341  2283
 4342   502
 4343  3695
 4344  1914
 4345   129
 4346  3284
 4347  1549
 4348  4708
 4349  2954
 4350  1168
 4351  4306
 4352  2577
 4353   778
 4354  3933
 4355  2180
 4356   403
 4357  3586
 4358  1823
 4359     9
 4360  3214
 4361  1434
 4362  4568
 4363  2814
 4364  1048
 4365  4217
 4366  2418
 4367   655
 4368  3815
 4369  2046
 4370   292
 4371  3442
 4372  1674
 4373  4823
 4374  3096
 4375  1312
 4376  4487
 4377  2674
 4378   930
 4379  4105
 4380  2335
 4381   564
 4382  3722
 4383  1947
 4384   172
 4385  3331
 4386  1587
 4387  4712
 4388  2946
 4389  1217
 4390  4337
 4391  2589
 4392   814
 4393  3957
 4394  2218
 4395   452
 4396  3580
 4397  1825
 4398    51
 4399  3243
 4400  1468
 4401  4604
 4402  2859
 4403  1075
 4404  4227
 4405  2491
 4406   707
 4407  3871
 4408  2071
 4409   339
 4410  3504
 4411  1718
 4412  4881
 4413  3105
 4414  1340
 4415  4532
 4416  2737
 4417   985
 4418  4145
 4419  2371
 4420   604
 4421  3739
 4422  1985
 4423   220
 4424  3389
 4425  1595
 4426  4780
 4427  2978
 4428  1215
 4429  4407
 4430  2600
 4431   876
 4432  3991
 4433  2245
 4434   494
 4435  3659
 4436  1883
 4437    93
 4438  3277
 4439  1473
 4440  4673
 4441  2866
 4442  1101
 4443  4288
 4444  2507
 4445   721
 4446  3899
 4447  2107
 4448   368
 4449  3519
 4450  1745
 4451  4894
 4452  3128
 4453  1393
 4454  4548
 4455  2783
 4456  1017
 4457  4183
 4458  2364
 4459   641
 4460  3775
 4461  2001
 4462   232
 4463  3396
 4464  1646
 4465  4791
 4466  3015
 4467  1280
 4468  4434
 4469  2650
 4470   874
 4471  4052
 4472  2278
 4473   496
 4474  3683
 4475  1908
 4476   119
 4477  3282
 4478  1518
 4479  4688
 4480  2929
 4481  1135
 4482  4318
 4483  2534
 4484   777
 4485  3920
 4486  2183
 4487   408
 4488  3548
 4489  1784
 4490  4929
 4491  3180
 4492  1412
 4493  4559
 4494  2786
 4495  1047
 4496  4196
 4497  2440
 4498   643
 4499  3800
 4500  2058
 4501   277
 4502  3462
 4503  1673
 4504  4855
 4505  3079
 4506  1287
 4507  4440
 4508  2705
 4509   924
 4510  4071
 4511  2326
 4512   533
 4513  3727
 4514  1933
 4515   186
 4516  3325
 4517  1534
 4518  4725
 4519  2945
 4520  1166
 4521  4351
 4522  2596
 4523   786
 4524  3952
 4525  2203
 4526   424
 4527  3598
 4528  1847
 4529    38
 4530  3189
 4531  1424
 4532  4596
 4533  2818
 4534  1085
 4535  4247
 4536  2457
 4537   679
 4538  3843
 4539  2092
 4540   329
 4541  3459
 4542  1726
 4543  4847
 4544  3113
 4545  1342
 4546  4491
 4547  2726
 4548   967
 4549  4111
 4550  2323
 4551   555
 4552  3766
 4553  1972
 4554   182
 4555  3384
 4556  1590
 4557  4759
 4558  2998
 4559  1198
 4560  4387
 4561  2610
 4562   824
 4563  4012
 4564  2259
 4565   480
 4566  3621
 4567  1853
 4568    96
 4569  3225
 4570  1451
 4571  4628
 4572  2887
 4573  1114
 4574  4256
 4575  2495
 4576   724
 4577  3862
 4578  2106
 4579   365
 4580  3502
 4581  1747
 4582  4899
 4583  3111
 4584  1336
 4585  4522
 4586  2745
 4587  1003
 4588  4135
 4589  2382
 4590   609
 4591  3764
 4592  1991
 4593   231
 4594  3376
 4595  1641
 4596  4806
 4597  3002
 4598  1263
 4599  4412
 4600  2651
 4601   859
 4602  4038
 4603  2250
 4604   517
 4605  3665
 4606  1873
 4607   147
 4608  3300
 4609  1526
 4610  4659
 4611  2883
 4612  1143
 4613  4302
 4614  2522
 4615   750
 4616  3940
 4617  2136
 4618   404
 4619  3531
 4620  1749
 4621    23
 4622  3157
 4623  1389
 4624  4585
 4625  2780
 4626  1019
 4627  4173
 4628  2430
 4629   657
 4630  3792
 4631  2025
 4632   281
 4633  3424
 4634  1682
 4635  4836
 4636  3033
 4637  1270
 4638  4445
 4639  2684
 4640   912
 4641  4089
 4642  2313
 4643   541
 4644  3699
 4645  1929
 4646   154
 4647  3301
 4648  1552
 4649  4719
 4650  2917
 4651  1164
 4652  4349
 4653  2551
 4654   776
 4655  3937
 4656  2193
 4657   412
 4658  3593
 4659  1807
 4660    37
 4661  3217
 4662  1447
 4663  4618
 4664  2802
 4665  1071
 4666  4192
 4667  2434
 4668   667
 4669  3826
 4670  2083
 4671   310
 4672  3446
 4673  1710
 4674  4879
 4675  3103
 4676  1299
 4677  4495
 4678  2687
 4679   962
 4680  4086
 4681  2312
 4682   568
 4683  3708
 4684  1946
 4685   190
 4686  3345
 4687  1556
 4688  4741
 4689  2959
 4690  1182
 4691  4365
 4692  2572
 4693   818
 4694  3976
 4695  2204
 4696   455
 4697  3630
 4698  1831
 4699    61
 4700  3257
 4701  1465
 4702  4633
 4703  2879
 4704  1091
 4705  4269
 4706  2472
 4707   711
 4708  3892
 4709  2091
 4710   306
 4711  3507
 4712  1711
 4713  4889
 4714  3094
 4715  1365
 4716  4501
 4717  2729
 4718   966
 4719  4151
 4720  2363
 4721   585
 4722  3758
 4723  1990
 4724   241
 4725  3390
 4726  1619
 4727  4783
 4728  3031
 4729  1216
 4730  4384
 4731  2636
 4732   858
 4733  4025
 4734  2236
 4735   467
 4736  3644
 4737  1895
 4738   116
 4739  3261
 4740  1492
 4741  4646
 4742  2885
 4743  1138
 4744  4273
 4745  2496
 4746   767
 4747  3898
 4748  2168
 4749   381
 4750  3545
 4751  1756
 4752    10
 4753  3179
 4754  1396
 4755  4570
 4756  2775
 4757  1000
 4758  4155
 4759  2405
 4760   651
 4761  3808
 4762  2042
 4763   254
 4764  3423
 4765  1642
 4766  4822
 4767  3054
 4768  1296
 4769  4409
 4770  2672
 4771   909
 4772  4072
 4773  2310
 4774   513
 4775  3672
 4776  1930
 4777   122
 4778  3287
 4779  1546
 4780  4684
 4781  2941
 4782  1146
 4783  4312
 4784  2546
 4785   789
 4786  3923
 4787  2182
 4788   396
 4789  3566
 4790  1811
 4791    49
 4792  3166
 4793  1405
 4794  4583
 4795  2803
 4796  1050
 4797  4211
 4798  2445
 4799   691
 4800  3850
 4801  2052
 4802   267
 4803  3454
 4804  1661
 4805  4826
 4806  3093
 4807  1286
 4808  4473
 4809  2710
 4810   939
 4811  4069
 4812  2299
 4813   552
 4814  3726
 4815  1945
 4816   202
 4817  3312
 4818  1564
 4819  4718
 4820  2964
 4821  1184
 4822  4327
 4823  2591
 4824   811
 4825  3984
 4826  2205
 4827   437
 4828  3591
 4829  1851
 4830    66
 4831  3234
 4832  1471
 4833  4601
 4834  2836
 4835  1060
 4836  4257
 4837  2452
 4838   676
 4839  3883
 4840  2113
 4841   343
 4842  3501
 4843  1693
 4844  4867
 4845  3081
 4846  1353
 4847  4498
 4848  2754
 4849   976
 4850  4147
 4851  2367
 4852   582
 4853  3730
 4854  1969
 4855   228
 4856  3365
 4857  1605
 4858  4770
 4859  2982
 4860  1214
 4861  4383
 4862  2635
 4863   856
 4864  3996
 4865  2270
 4866   459
 4867  3647
 4868  1885
 4869    91
 4870  3252
 4871  1509
 4872  4656
 4873  2875
 4874  1119
 4875  4253
 4876  2499
 4877   730
 4878  3897
 4879  2133
 4880   353
 4881  3498
 4882  1757
 4883  4912
 4884  3141
 4885  1383
 4886  4551
 4887  2781
 4888   990
 4889  4171
 4890  2399
 4891   596
 4892  3794
 4893  2017
 4894   224
 4895  3399
 4896  1643
 4897  4816
 4898  3051
 4899  1266
 4900  4444
 4901  2663
 4902   887
 4903  4043
 4904  2282
 4905   492
 4906  3658
 4907  1894
 4908   149
 4909  3288
 4910  1536
 4911  4700
 4912  2919
 4913  1139
 4914  4316
 4915  2561
 4916   763
 4917  3949
 4918  2138
 4919   374
 4920  3559
 4921  1775
 4922     0
 4923  3175
 4924  1387
 4925  4549
 4926  2822
 4927  1054
 4928  4209
 4929  2404
 4930   632
 4931  3803
