R20T1QL2
Turbo Code Interleaving
User data with 4 flush bits N=948
NOTE: Q-bit is the bit index after interleaving. Data-bit is the index of user data

Q-bit Data-bit
--------------
    0     8
    1   613
    2   268
    3   880
    4   545
    5   198
    6   807
    7   468
    8   127
    9   738
   10   396
   11    60
   12   661
   13   327
   14   932
   15   593
   16   247
   17   858
   18   519
   19   177
   20   781
   21   445
   22   108
   23   713
   24   369
   25    29
   26   645
   27   304
   28   914
   29   564
   30   234
   31   841
   32   495
   33   158
   34   761
   35   421
   36    83
   37   689
   38   348
   39    10
   40   618
   41   277
   42   890
   43   548
   44   204
   45   814
   46   473
   47   133
   48   743
   49   405
   50    58
   51   672
   52   329
   53   940
   54   599
   55   258
   56   869
   57   521
   58   181
   59   788
   60   449
   61   114
   62   719
   63   380
   64    44
   65   648
   66   313
   67   917
   68   577
   69   236
   70   838
   71   499
   72   163
   73   768
   74   433
   75    94
   76   699
   77   362
   78    22
   79   628
   80   284
   81   892
   82   556
   83   214
   84   821
   85   481
   86   147
   87   748
   88   412
   89    69
   90   681
   91   339
   92   946
   93   605
   94   260
   95   871
   96   526
   97   195
   98   798
   99   461
  100   115
  101   725
  102   391
  103    46
  104   652
  105   317
  106   923
  107   585
  108   240
  109   847
  110   506
  111   167
  112   778
  113   442
  114    95
  115   709
  116   364
  117    24
  118   629
  119   292
  120   897
  121   563
  122   219
  123   826
  124   488
  125   151
  126   755
  127   413
  128    78
  129   684
  130   338
  131     1
  132   610
  133   273
  134   876
  135   541
  136   193
  137   802
  138   464
  139   124
  140   735
  141   395
  142    51
  143   658
  144   323
  145   929
  146   587
  147   243
  148   854
  149   518
  150   179
  151   784
  152   440
  153   102
  154   706
  155   373
  156    30
  157   641
  158   301
  159   903
  160   566
  161   221
  162   834
  163   497
  164   155
  165   762
  166   420
  167    79
  168   692
  169   349
  170    15
  171   616
  172   280
  173   883
  174   544
  175   202
  176   815
  177   469
  178   128
  179   746
  180   402
  181    62
  182   673
  183   330
  184   936
  185   592
  186   256
  187   857
  188   523
  189   183
  190   793
  191   453
  192   109
  193   718
  194   382
  195    39
  196   646
  197   307
  198   913
  199   576
  200   232
  201   842
  202   502
  203   161
  204   771
  205   429
  206    86
  207   697
  208   353
  209    17
  210   619
  211   287
  212   895
  213   550
  214   216
  215   818
  216   477
  217   138
  218   747
  219   410
  220    66
  221   674
  222   334
  223   939
  224   603
  225   264
  226   872
  227   532
  228   191
  229   801
  230   455
  231   118
  232   729
  233   383
  234    41
  235   650
  236   312
  237   920
  238   578
  239   241
  240   844
  241   507
  242   171
  243   775
  244   432
  245   101
  246   703
  247   367
  248    20
  249   631
  250   285
  251   899
  252   561
  253   220
  254   825
  255   489
  256   142
  257   752
  258   417
  259    75
  260   677
  261   344
  262     0
  263   606
  264   266
  265   878
  266   537
  267   194
  268   799
  269   462
  270   123
  271   731
  272   392
  273    53
  274   662
  275   316
  276   925
  277   583
  278   244
  279   853
  280   514
  281   172
  282   783
  283   444
  284    98
  285   705
  286   365
  287    31
  288   640
  289   294
  290   900
  291   562
  292   223
  293   835
  294   494
  295   149
  296   759
  297   415
  298    76
  299   686
  300   346
  301     7
  302   617
  303   278
  304   887
  305   538
  306   201
  307   811
  308   475
  309   135
  310   741
  311   399
  312    55
  313   665
  314   326
  315   934
  316   591
  317   251
  318   861
  319   516
  320   176
  321   787
  322   448
  323   106
  324   716
  325   381
  326    35
  327   642
  328   299
  329   907
  330   570
  331   231
  332   837
  333   496
  334   157
  335   764
  336   430
  337    89
  338   691
  339   358
  340    13
  341   621
  342   283
  343   886
  344   547
  345   205
  346   817
  347   478
  348   139
  349   742
  350   403
  351    65
  352   671
  353   336
  354   935
  355   596
  356   257
  357   863
  358   522
  359   186
  360   791
  361   452
  362   116
  363   723
  364   386
  365    38
  366   654
  367   306
  368   915
  369   573
  370   237
  371   846
  372   503
  373   159
  374   772
  375   436
  376    92
  377   700
  378   357
  379    21
  380   624
  381   291
  382   894
  383   553
  384   212
  385   827
  386   487
  387   143
  388   749
  389   408
  390    67
  391   676
  392   340
  393   942
  394   602
  395   265
  396   870
  397   534
  398   190
  399   805
  400   456
  401   122
  402   732
  403   389
  404    50
  405   659
  406   319
  407   926
  408   581
  409   245
  410   851
  411   509
  412   170
  413   776
  414   435
  415    97
  416   708
  417   363
  418    26
  419   637
  420   298
  421   898
  422   558
  423   225
  424   829
  425   486
  426   146
  427   763
  428   416
  429    73
  430   688
  431   343
  432     6
  433   608
  434   275
  435   875
  436   535
  437   203
  438   809
  439   466
  440   129
  441   737
  442   393
  443    56
  444   667
  445   318
  446   927
  447   589
  448   254
  449   859
  450   517
  451   175
  452   789
  453   443
  454   110
  455   714
  456   371
  457    37
  458   647
  459   302
  460   909
  461   571
  462   230
  463   831
  464   498
  465   154
  466   758
  467   422
  468    81
  469   693
  470   354
  471     4
  472   620
  473   281
  474   881
  475   546
  476   207
  477   813
  478   479
  479   131
  480   739
  481   398
  482    61
  483   666
  484   325
  485   941
  486   598
  487   255
  488   865
  489   527
  490   184
  491   794
  492   451
  493   112
  494   720
  495   379
  496    36
  497   644
  498   308
  499   918
  500   579
  501   239
  502   836
  503   500
  504   162
  505   773
  506   431
  507    90
  508   702
  509   355
  510    16
  511   627
  512   288
  513   891
  514   552
  515   211
  516   816
  517   482
  518   140
  519   750
  520   411
  521    70
  522   679
  523   335
  524   944
  525   601
  526   262
  527   874
  528   531
  529   192
  530   800
  531   460
  532   119
  533   724
  534   385
  535    47
  536   656
  537   311
  538   921
  539   586
  540   238
  541   850
  542   512
  543   174
  544   779
  545   437
  546    99
  547   707
  548   366
  549    23
  550   634
  551   290
  552   902
  553   555
  554   217
  555   828
  556   485
  557   144
  558   754
  559   418
  560    74
  561   682
  562   341
  563     3
  564   612
  565   270
  566   877
  567   540
  568   199
  569   808
  570   467
  571   125
  572   730
  573   390
  574    49
  575   660
  576   322
  577   924
  578   584
  579   250
  580   855
  581   511
  582   173
  583   782
  584   441
  585   100
  586   712
  587   370
  588    28
  589   635
  590   296
  591   905
  592   565
  593   222
  594   833
  595   491
  596   153
  597   757
  598   424
  599    84
  600   687
  601   347
  602     2
  603   615
  604   276
  605   879
  606   542
  607   206
  608   810
  609   472
  610   126
  611   734
  612   401
  613    57
  614   670
  615   324
  616   938
  617   595
  618   252
  619   864
  620   524
  621   182
  622   785
  623   450
  624   105
  625   722
  626   376
  627    42
  628   643
  629   309
  630   912
  631   569
  632   229
  633   840
  634   504
  635   166
  636   765
  637   426
  638    87
  639   696
  640   359
  641    12
  642   626
  643   279
  644   888
  645   554
  646   213
  647   820
  648   476
  649   136
  650   744
  651   407
  652    68
  653   669
  654   337
  655   937
  656   604
  657   263
  658   866
  659   528
  660   189
  661   795
  662   459
  663   120
  664   728
  665   384
  666    40
  667   655
  668   310
  669   919
  670   580
  671   235
  672   849
  673   505
  674   165
  675   774
  676   439
  677    96
  678   698
  679   361
  680    25
  681   633
  682   295
  683   901
  684   560
  685   218
  686   822
  687   483
  688   145
  689   756
  690   409
  691    72
  692   678
  693   342
  694   947
  695   611
  696   271
  697   873
  698   533
  699   197
  700   797
  701   463
  702   121
  703   727
  704   388
  705    48
  706   653
  707   320
  708   928
  709   582
  710   246
  711   852
  712   513
  713   169
  714   780
  715   438
  716   104
  717   710
  718   372
  719    32
  720   638
  721   297
  722   908
  723   567
  724   226
  725   830
  726   490
  727   148
  728   760
  729   414
  730    82
  731   683
  732   350
  733     9
  734   609
  735   269
  736   885
  737   539
  738   200
  739   806
  740   470
  741   132
  742   733
  743   394
  744    59
  745   664
  746   328
  747   933
  748   594
  749   249
  750   856
  751   520
  752   180
  753   792
  754   447
  755   107
  756   715
  757   374
  758    33
  759   639
  760   303
  761   911
  762   575
  763   228
  764   839
  765   493
  766   152
  767   770
  768   425
  769    85
  770   695
  771   351
  772    11
  773   622
  774   282
  775   893
  776   551
  777   210
  778   819
  779   471
  780   134
  781   740
  782   404
  783    64
  784   675
  785   331
  786   943
  787   600
  788   261
  789   867
  790   530
  791   187
  792   790
  793   457
  794   113
  795   717
  796   378
  797    43
  798   649
  799   314
  800   916
  801   572
  802   242
  803   843
  804   508
  805   164
  806   767
  807   427
  808    91
  809   701
  810   356
  811    18
  812   630
  813   286
  814   896
  815   557
  816   215
  817   823
  818   480
  819   141
  820   751
  821   406
  822    71
  823   680
  824   333
  825   945
  826   607
  827   267
  828   868
  829   529
  830   188
  831   803
  832   458
  833   117
  834   726
  835   387
  836    52
  837   657
  838   315
  839   922
  840   588
  841   248
  842   848
  843   510
  844   168
  845   777
  846   434
  847    93
  848   704
  849   368
  850    27
  851   632
  852   293
  853   906
  854   559
  855   224
  856   824
  857   484
  858   150
  859   753
  860   419
  861    77
  862   685
  863   345
  864     5
  865   614
  866   272
  867   882
  868   536
  869   196
  870   804
  871   465
  872   130
  873   736
  874   397
  875    54
  876   663
  877   321
  878   930
  879   590
  880   253
  881   860
  882   515
  883   178
  884   786
  885   446
  886   103
  887   711
  888   375
  889    34
  890   636
  891   300
  892   904
  893   568
  894   227
  895   832
  896   492
  897   156
  898   766
  899   423
  900    80
  901   690
  902   352
  903    14
  904   623
  905   274
  906   884
  907   543
  908   208
  909   812
  910   474
  911   137
  912   745
  913   400
  914    63
  915   668
  916   332
  917   931
  918   597
  919   259
  920   862
  921   525
  922   185
  923   796
  924   454
  925   111
  926   721
  927   377
  928    45
  929   651
  930   305
  931   910
  932   574
  933   233
  934   845
  935   501
  936   160
  937   769
  938   428
  939    88
  940   694
  941   360
  942    19
  943   625
  944   289
  945   889
  946   549
  947   209
