R20T05QL5
Turbo Code Interleaving
User data with 4 flush bits N=316
NOTE: Q-bit is the bit index after interleaving. Data-bit is the index of user data

Q-bit Data-bit
--------------
    0     3
    1   204
    2    90
    3   293
    4   182
    5    67
    6   269
    7   156
    8    43
    9   245
   10   132
   11    21
   12   220
   13   109
   14   310
   15   198
   16    84
   17   287
   18   173
   19    59
   20   260
   21   149
   22    36
   23   238
   24   124
   25    10
   26   214
   27   101
   28   304
   29   189
   30    78
   31   280
   32   165
   33    53
   34   254
   35   142
   36    29
   37   230
   38   117
   39     4
   40   207
   41    92
   42   296
   43   183
   44    70
   45   271
   46   158
   47    45
   48   247
   49   135
   50    20
   51   223
   52   110
   53   314
   54   199
   55    86
   56   288
   57   174
   58    61
   59   263
   60   150
   61    38
   62   240
   63   126
   64    15
   65   216
   66   104
   67   305
   68   192
   69    79
   70   279
   71   167
   72    55
   73   256
   74   145
   75    31
   76   233
   77   120
   78     8
   79   209
   80    95
   81   297
   82   185
   83    71
   84   274
   85   161
   86    49
   87   250
   88   137
   89    24
   90   227
   91   114
   92   315
   93   201
   94    87
   95   289
   96   176
   97    66
   98   265
   99   153
  100    39
  101   241
  102   129
  103    16
  104   218
  105   106
  106   307
  107   195
  108    80
  109   283
  110   169
  111    56
  112   259
  113   147
  114    32
  115   237
  116   121
  117     9
  118   210
  119    98
  120   299
  121   188
  122    73
  123   276
  124   162
  125    51
  126   252
  127   138
  128    27
  129   228
  130   113
  131     1
  132   203
  133    91
  134   291
  135   180
  136    64
  137   268
  138   155
  139    42
  140   244
  141   131
  142    17
  143   219
  144   107
  145   309
  146   196
  147    82
  148   285
  149   172
  150    60
  151   262
  152   146
  153    35
  154   236
  155   125
  156    11
  157   213
  158   100
  159   302
  160   190
  161    75
  162   277
  163   166
  164    52
  165   255
  166   141
  167    28
  168   231
  169   118
  170     5
  171   205
  172    94
  173   294
  174   181
  175    69
  176   272
  177   157
  178    44
  179   248
  180   134
  181    22
  182   224
  183   111
  184   312
  185   197
  186    85
  187   286
  188   175
  189    62
  190   264
  191   151
  192    37
  193   239
  194   127
  195    13
  196   215
  197   102
  198   303
  199   191
  200    77
  201   281
  202   168
  203    54
  204   257
  205   143
  206    30
  207   232
  208   119
  209     6
  210   208
  211    97
  212   298
  213   184
  214    72
  215   273
  216   160
  217    47
  218   249
  219   136
  220    23
  221   225
  222   112
  223   313
  224   200
  225    88
  226   290
  227   177
  228    63
  229   267
  230   152
  231    40
  232   242
  233   128
  234    14
  235   217
  236   103
  237   306
  238   193
  239    81
  240   282
  241   170
  242    57
  243   258
  244   144
  245    34
  246   234
  247   123
  248     7
  249   211
  250    96
  251   300
  252   186
  253    74
  254   275
  255   163
  256    48
  257   251
  258   140
  259    25
  260   226
  261   115
  262     0
  263   202
  264    89
  265   292
  266   178
  267    65
  268   266
  269   154
  270    41
  271   243
  272   130
  273    18
  274   221
  275   105
  276   308
  277   194
  278    83
  279   284
  280   171
  281    58
  282   261
  283   148
  284    33
  285   235
  286   122
  287    12
  288   212
  289    99
  290   301
  291   187
  292    76
  293   278
  294   164
  295    50
  296   253
  297   139
  298    26
  299   229
  300   116
  301     2
  302   206
  303    93
  304   295
  305   179
  306    68
  307   270
  308   159
  309    46
  310   246
  311   133
  312    19
  313   222
  314   108
  315   311
