R20T2XL3
Turbo Code Interleaving
User data with 4 flush bits N=1676
NOTE: Q-bit is the bit index after interleaving. Data-bit is the index of user data

Q-bit Data-bit
--------------
    0    16
    1  1088
    2   473
    3  1556
    4   964
    5   351
    6  1428
    7   832
    8   224
    9  1306
   10   700
   11   104
   12  1170
   13   574
   14  1649
   15  1051
   16   435
   17  1518
   18   918
   19   315
   20  1382
   21   788
   22   193
   23  1259
   24   653
   25    52
   26  1139
   27   538
   28  1616
   29   999
   30   412
   31  1484
   32   877
   33   281
   34  1343
   35   744
   36   147
   37  1216
   38   617
   39    20
   40  1093
   41   489
   42  1574
   43   968
   44   361
   45  1441
   46   838
   47   232
   48  1313
   49   716
   50   102
   51  1187
   52   576
   53  1662
   54  1059
   55   456
   56  1538
   57   922
   58   319
   59  1394
   60   797
   61   203
   62  1270
   63   670
   64    77
   65  1144
   66   552
   67  1622
   68  1020
   69   417
   70  1481
   71   884
   72   287
   73  1359
   74   766
   75   168
   76  1235
   77   638
   78    38
   79  1110
   80   503
   81  1576
   82   983
   83   377
   84  1450
   85   852
   86   260
   87  1319
   88   729
   89   119
   90  1201
   91   597
   92  1669
   93  1068
   94   459
   95  1540
   96   933
   97   346
   98  1411
   99   814
  100   204
  101  1280
  102   689
  103    79
  104  1153
  105   560
  106  1634
  107  1033
  108   425
  109  1496
  110   896
  111   297
  112  1377
  113   781
  114   170
  115  1253
  116   642
  117    43
  118  1111
  119   512
  120  1587
  121   996
  122   388
  123  1460
  124   863
  125   269
  126  1334
  127   732
  128   138
  129  1209
  130   596
  131     3
  132  1081
  133   482
  134  1549
  135   957
  136   343
  137  1416
  138   820
  139   220
  140  1299
  141   699
  142    87
  143  1162
  144   569
  145  1642
  146  1035
  147   431
  148  1512
  149   917
  150   317
  151  1388
  152   779
  153   181
  154  1249
  155   661
  156    53
  157  1135
  158   535
  159  1595
  160  1003
  161   390
  162  1475
  163   879
  164   275
  165  1344
  166   743
  167   139
  168  1222
  169   618
  170    25
  171  1091
  172   494
  173  1560
  174   963
  175   358
  176  1442
  177   834
  178   226
  179  1317
  180   710
  181   109
  182  1188
  183   581
  184  1656
  185  1049
  186   454
  187  1516
  188   924
  189   324
  190  1402
  191   802
  192   194
  193  1269
  194   674
  195    68
  196  1140
  197   543
  198  1615
  199  1018
  200   408
  201  1490
  202   888
  203   285
  204  1362
  205   759
  206   150
  207  1233
  208   624
  209    27
  210  1095
  211   506
  212  1582
  213   975
  214   380
  215  1446
  216   846
  217   245
  218  1318
  219   723
  220   116
  221  1190
  222   590
  223  1660
  224  1063
  225   465
  226  1541
  227   941
  228   341
  229  1415
  230   805
  231   209
  232  1288
  233   676
  234    74
  235  1148
  236   550
  237  1630
  238  1024
  239   427
  240  1493
  241   897
  242   303
  243  1372
  244   763
  245   180
  246  1244
  247   649
  248    34
  249  1115
  250   504
  251  1590
  252   992
  253   389
  254  1459
  255   864
  256   251
  257  1329
  258   739
  259   133
  260  1196
  261   605
  262     0
  263  1069
  264   469
  265  1554
  266   949
  267   345
  268  1412
  269   816
  270   219
  271  1292
  272   690
  273    92
  274  1172
  275   559
  276  1638
  277  1030
  278   432
  279  1511
  280   913
  281   304
  282  1387
  283   785
  284   177
  285  1248
  286   643
  287    55
  288  1131
  289   517
  290  1592
  291   994
  292   394
  293  1478
  294   876
  295   266
  296  1341
  297   737
  298   135
  299  1211
  300   612
  301    14
  302  1092
  303   490
  304  1568
  305   950
  306   356
  307  1433
  308   840
  309   236
  310  1311
  311   704
  312    97
  313  1175
  314   573
  315  1654
  316  1044
  317   442
  318  1521
  319   915
  320   311
  321  1393
  322   796
  323   187
  324  1267
  325   672
  326    62
  327  1136
  328   531
  329  1603
  330  1009
  331   407
  332  1480
  333   878
  334   277
  335  1348
  336   760
  337   159
  338  1221
  339   633
  340    23
  341  1097
  342   502
  343  1566
  344   966
  345   362
  346  1444
  347   847
  348   247
  349  1312
  350   712
  351   115
  352  1185
  353   593
  354  1655
  355  1056
  356   455
  357  1529
  358   923
  359   330
  360  1400
  361   800
  362   206
  363  1276
  364   683
  365    67
  366  1155
  367   541
  368  1617
  369  1014
  370   418
  371  1495
  372   890
  373   282
  374  1365
  375   771
  376   164
  377  1236
  378   632
  379    36
  380  1103
  381   511
  382  1580
  383   979
  384   375
  385  1461
  386   862
  387   252
  388  1321
  389   719
  390   117
  391  1193
  392   599
  393  1664
  394  1062
  395   468
  396  1539
  397   944
  398   339
  399  1423
  400   806
  401   218
  402  1294
  403   687
  404    86
  405  1164
  406   563
  407  1639
  408  1027
  409   433
  410  1508
  411   899
  412   302
  413  1374
  414   770
  415   174
  416  1252
  417   641
  418    47
  419  1124
  420   526
  421  1588
  422   985
  423   397
  424  1465
  425   861
  426   259
  427  1345
  428   738
  429   131
  430  1213
  431   604
  432    13
  433  1077
  434   485
  435  1548
  436   947
  437   360
  438  1431
  439   827
  440   227
  441  1305
  442   692
  443    98
  444  1178
  445   562
  446  1640
  447  1040
  448   448
  449  1519
  450   916
  451   308
  452  1396
  453   783
  454   196
  455  1265
  456   658
  457    66
  458  1141
  459   536
  460  1606
  461  1010
  462   406
  463  1469
  464   883
  465   273
  466  1339
  467   746
  468   144
  469  1224
  470   627
  471    11
  472  1096
  473   496
  474  1558
  475   965
  476   364
  477  1440
  478   848
  479   230
  480  1307
  481   703
  482   107
  483  1177
  484   572
  485  1663
  486  1058
  487   450
  488  1531
  489   934
  490   325
  491  1404
  492   799
  493   200
  494  1271
  495   669
  496    64
  497  1138
  498   544
  499  1623
  500  1025
  501   423
  502  1479
  503   886
  504   286
  505  1366
  506   762
  507   160
  508  1239
  509   628
  510    26
  511  1108
  512   507
  513  1575
  514   977
  515   373
  516  1443
  517   854
  518   248
  519  1324
  520   726
  521   120
  522  1199
  523   591
  524  1666
  525  1061
  526   463
  527  1546
  528   940
  529   342
  530  1413
  531   813
  532   211
  533  1277
  534   682
  535    81
  536  1160
  537   548
  538  1631
  539  1034
  540   422
  541  1504
  542   906
  543   306
  544  1379
  545   772
  546   178
  547  1251
  548   645
  549    42
  550  1118
  551   509
  552  1594
  553   981
  554   382
  555  1463
  556   859
  557   253
  558  1333
  559   741
  560   132
  561  1205
  562   601
  563     9
  564  1085
  565   479
  566  1550
  567   954
  568   353
  569  1429
  570   830
  571   221
  572  1291
  573   688
  574    84
  575  1165
  576   568
  577  1635
  578  1032
  579   441
  580  1513
  581   905
  582   305
  583  1385
  584   780
  585   179
  586  1257
  587   656
  588    49
  589  1121
  590   524
  591  1599
  592  1000
  593   393
  594  1474
  595   867
  596   272
  597  1338
  598   748
  599   148
  600  1212
  601   614
  602     6
  603  1090
  604   486
  605  1555
  606   958
  607   363
  608  1432
  609   837
  610   223
  611  1298
  612   708
  613   100
  614  1183
  615   571
  616  1658
  617  1054
  618   444
  619  1530
  620   926
  621   323
  622  1390
  623   798
  624   186
  625  1274
  626   665
  627    75
  628  1137
  629   545
  630  1613
  631  1006
  632   405
  633  1483
  634   892
  635   294
  636  1350
  637   755
  638   152
  639  1232
  640   634
  641    22
  642  1107
  643   492
  644  1569
  645   980
  646   376
  647  1449
  648   845
  649   237
  650  1314
  651   718
  652   118
  653  1182
  654   594
  655  1657
  656  1064
  657   464
  658  1532
  659   935
  660   335
  661  1405
  662   811
  663   215
  664  1285
  665   678
  666    73
  667  1157
  668   546
  669  1624
  670  1026
  671   415
  672  1499
  673   895
  674   289
  675  1371
  676   774
  677   171
  678  1234
  679   637
  680    44
  681  1117
  682   520
  683  1593
  684   991
  685   384
  686  1453
  687   855
  688   254
  689  1337
  690   722
  691   130
  692  1198
  693   603
  694  1671
  695  1082
  696   480
  697  1543
  698   942
  699   349
  700  1410
  701   818
  702   217
  703  1283
  704   685
  705    83
  706  1154
  707   565
  708  1641
  709  1028
  710   434
  711  1509
  712   907
  713   301
  714  1380
  715   773
  716   184
  717  1254
  718   659
  719    56
  720  1129
  721   525
  722  1605
  723  1004
  724   399
  725  1467
  726   865
  727   265
  728  1342
  729   735
  730   145
  731  1206
  732   620
  733    19
  734  1080
  735   478
  736  1564
  737   952
  738   355
  739  1425
  740   835
  741   231
  742  1295
  743   696
  744   103
  745  1174
  746   575
  747  1653
  748  1053
  749   440
  750  1515
  751   919
  752   318
  753  1401
  754   792
  755   188
  756  1266
  757   662
  758    58
  759  1130
  760   537
  761  1610
  762  1017
  763   404
  764  1482
  765   875
  766   270
  767  1361
  768   753
  769   149
  770  1227
  771   621
  772    21
  773  1098
  774   501
  775  1577
  776   976
  777   372
  778  1447
  779   836
  780   233
  781  1309
  782   713
  783   114
  784  1191
  785   587
  786  1665
  787  1060
  788   462
  789  1534
  790   939
  791   331
  792  1398
  793   807
  794   201
  795  1268
  796   668
  797    76
  798  1145
  799   555
  800  1618
  801  1013
  802   428
  803  1491
  804   898
  805   288
  806  1357
  807   756
  808   162
  809  1237
  810   631
  811    28
  812  1114
  813   505
  814  1583
  815   984
  816   379
  817  1457
  818   849
  819   250
  820  1328
  821   717
  822   129
  823  1200
  824   589
  825  1668
  826  1076
  827   471
  828  1537
  829   936
  830   334
  831  1418
  832   809
  833   207
  834  1282
  835   684
  836    88
  837  1161
  838   557
  839  1632
  840  1036
  841   439
  842  1498
  843   903
  844   300
  845  1375
  846   769
  847   166
  848  1246
  849   652
  850    48
  851  1116
  852   513
  853  1601
  854   987
  855   395
  856  1458
  857   856
  858   268
  859  1332
  860   742
  861   137
  862  1210
  863   606
  864    12
  865  1089
  866   481
  867  1559
  868   948
  869   348
  870  1419
  871   826
  872   228
  873  1304
  874   701
  875    93
  876  1173
  877   566
  878  1645
  879  1043
  880   446
  881  1520
  882   914
  883   316
  884  1391
  885   791
  886   183
  887  1255
  888   664
  889    61
  890  1122
  891   534
  892  1597
  893  1005
  894   401
  895  1471
  896   870
  897   276
  898  1356
  899   747
  900   143
  901  1217
  902   622
  903    24
  904  1099
  905   484
  906  1562
  907   962
  908   365
  909  1439
  910   839
  911   242
  912  1315
  913   705
  914   113
  915  1181
  916   588
  917  1647
  918  1057
  919   457
  920  1526
  921   928
  922   327
  923  1407
  924   804
  925   199
  926  1273
  927   667
  928    78
  929  1151
  930   540
  931  1609
  932  1016
  933   411
  934  1494
  935   887
  936   284
  937  1360
  938   758
  939   156
  940  1226
  941   636
  942    31
  943  1105
  944   508
  945  1573
  946   971
  947   370
  948  1454
  949   858
  950   255
  951  1327
  952   725
  953   123
  954  1197
  955   598
  956  1661
  957  1071
  958   467
  959  1535
  960   943
  961   338
  962  1414
  963   812
  964   205
  965  1290
  966   677
  967    82
  968  1150
  969   553
  970  1629
  971  1021
  972   421
  973  1497
  974   902
  975   299
  976  1364
  977   777
  978   163
  979  1247
  980   647
  981    41
  982  1112
  983   521
  984  1589
  985   982
  986   387
  987  1468
  988   857
  989   256
  990  1331
  991   733
  992   127
  993  1194
  994   607
  995  1675
  996  1072
  997   477
  998  1551
  999   953
 1000   344
 1001  1424
 1002   823
 1003   225
 1004  1296
 1005   694
 1006    99
 1007  1166
 1008   567
 1009  1644
 1010  1042
 1011   437
 1012  1514
 1013   911
 1014   310
 1015  1381
 1016   782
 1017   176
 1018  1250
 1019   651
 1020    57
 1021  1123
 1022   529
 1023  1604
 1024   998
 1025   396
 1026  1472
 1027   880
 1028   267
 1029  1349
 1030   750
 1031   134
 1032  1215
 1033   613
 1034     7
 1035  1087
 1036   495
 1037  1570
 1038   967
 1039   367
 1040  1438
 1041   825
 1042   240
 1043  1300
 1044   707
 1045   110
 1046  1180
 1047   584
 1048  1643
 1049  1046
 1050   447
 1051  1528
 1052   927
 1053   321
 1054  1403
 1055   794
 1056   198
 1057  1260
 1058   671
 1059    59
 1060  1134
 1061   528
 1062  1612
 1063  1019
 1064   416
 1065  1477
 1066   874
 1067   280
 1068  1354
 1069   754
 1070   153
 1071  1231
 1072   625
 1073    33
 1074  1101
 1075   493
 1076  1579
 1077   970
 1078   374
 1079  1451
 1080   843
 1081   246
 1082  1325
 1083   711
 1084   121
 1085  1189
 1086   582
 1087  1670
 1088  1065
 1089   461
 1090  1542
 1091   930
 1092   328
 1093  1406
 1094   803
 1095   202
 1096  1281
 1097   679
 1098    72
 1099  1149
 1100   542
 1101  1619
 1102  1029
 1103   424
 1104  1503
 1105   894
 1106   291
 1107  1370
 1108   764
 1109   167
 1110  1230
 1111   639
 1112    32
 1113  1106
 1114   516
 1115  1581
 1116   989
 1117   378
 1118  1448
 1119   851
 1120   258
 1121  1326
 1122   727
 1123   128
 1124  1202
 1125   602
 1126     2
 1127  1075
 1128   474
 1129  1545
 1130   946
 1131   336
 1132  1427
 1133   819
 1134   216
 1135  1293
 1136   697
 1137    94
 1138  1158
 1139   556
 1140  1627
 1141  1041
 1142   436
 1143  1507
 1144   901
 1145   312
 1146  1373
 1147   776
 1148   172
 1149  1256
 1150   657
 1151    45
 1152  1128
 1153   518
 1154  1600
 1155   997
 1156   403
 1157  1473
 1158   869
 1159   262
 1160  1346
 1161   734
 1162   136
 1163  1218
 1164   615
 1165     1
 1166  1084
 1167   483
 1168  1561
 1169   956
 1170   352
 1171  1434
 1172   828
 1173   222
 1174  1297
 1175   702
 1176   106
 1177  1171
 1178   577
 1179  1651
 1180  1045
 1181   449
 1182  1525
 1183   921
 1184   326
 1185  1384
 1186   790
 1187   190
 1188  1264
 1189   655
 1190    54
 1191  1143
 1192   539
 1193  1602
 1194  1002
 1195   402
 1196  1485
 1197   873
 1198   278
 1199  1355
 1200   745
 1201   151
 1202  1219
 1203   626
 1204    18
 1205  1100
 1206   500
 1207  1567
 1208   972
 1209   368
 1210  1435
 1211   841
 1212   241
 1213  1308
 1214   714
 1215   112
 1216  1186
 1217   583
 1218  1659
 1219  1047
 1220   453
 1221  1522
 1222   937
 1223   332
 1224  1397
 1225   801
 1226   197
 1227  1278
 1228   673
 1229    80
 1230  1147
 1231   551
 1232  1620
 1233  1012
 1234   419
 1235  1487
 1236   893
 1237   293
 1238  1363
 1239   761
 1240   158
 1241  1238
 1242   630
 1243    37
 1244  1109
 1245   498
 1246  1586
 1247   974
 1248   383
 1249  1455
 1250   850
 1251   249
 1252  1323
 1253   728
 1254   124
 1255  1204
 1256   595
 1257  1674
 1258  1073
 1259   472
 1260  1536
 1261   945
 1262   347
 1263  1409
 1264   815
 1265   210
 1266  1289
 1267   681
 1268    90
 1269  1159
 1270   547
 1271  1626
 1272  1031
 1273   426
 1274  1502
 1275   909
 1276   298
 1277  1376
 1278   767
 1279   175
 1280  1240
 1281   644
 1282    50
 1283  1120
 1284   519
 1285  1598
 1286   990
 1287   392
 1288  1466
 1289   866
 1290   263
 1291  1336
 1292   731
 1293   141
 1294  1208
 1295   608
 1296    10
 1297  1079
 1298   476
 1299  1553
 1300   955
 1301   357
 1302  1422
 1303   822
 1304   229
 1305  1302
 1306   693
 1307    91
 1308  1168
 1309   570
 1310  1637
 1311  1048
 1312   443
 1313  1510
 1314   912
 1315   309
 1316  1386
 1317   786
 1318   185
 1319  1261
 1320   650
 1321    60
 1322  1125
 1323   533
 1324  1607
 1325  1001
 1326   409
 1327  1476
 1328   882
 1329   279
 1330  1353
 1331   749
 1332   142
 1333  1225
 1334   619
 1335    17
 1336  1086
 1337   491
 1338  1571
 1339   960
 1340   366
 1341  1437
 1342   829
 1343   238
 1344  1310
 1345   709
 1346   105
 1347  1184
 1348   585
 1349  1648
 1350  1055
 1351   451
 1352  1523
 1353   920
 1354   329
 1355  1399
 1356   795
 1357   195
 1358  1275
 1359   666
 1360    65
 1361  1146
 1362   532
 1363  1614
 1364  1023
 1365   414
 1366  1492
 1367   889
 1368   283
 1369  1352
 1370   752
 1371   165
 1372  1228
 1373   623
 1374    35
 1375  1104
 1376   510
 1377  1572
 1378   978
 1379   381
 1380  1445
 1381   844
 1382   243
 1383  1316
 1384   721
 1385   125
 1386  1195
 1387   592
 1388  1673
 1389  1066
 1390   470
 1391  1544
 1392   931
 1393   337
 1394  1417
 1395   810
 1396   212
 1397  1286
 1398   686
 1399    85
 1400  1156
 1401   558
 1402  1625
 1403  1022
 1404   420
 1405  1505
 1406   900
 1407   296
 1408  1367
 1409   768
 1410   169
 1411  1243
 1412   648
 1413    40
 1414  1119
 1415   515
 1416  1585
 1417   988
 1418   391
 1419  1456
 1420   853
 1421   257
 1422  1330
 1423   724
 1424   122
 1425  1207
 1426   610
 1427     5
 1428  1078
 1429   475
 1430  1552
 1431   951
 1432   354
 1433  1420
 1434   817
 1435   213
 1436  1287
 1437   698
 1438    96
 1439  1167
 1440   564
 1441  1636
 1442  1039
 1443   430
 1444  1501
 1445   904
 1446   313
 1447  1378
 1448   784
 1449   173
 1450  1258
 1451   646
 1452    51
 1453  1126
 1454   522
 1455  1591
 1456   995
 1457   398
 1458  1470
 1459   868
 1460   264
 1461  1340
 1462   740
 1463   140
 1464  1220
 1465   611
 1466     8
 1467  1083
 1468   487
 1469  1563
 1470   961
 1471   369
 1472  1430
 1473   831
 1474   235
 1475  1303
 1476   706
 1477   101
 1478  1176
 1479   578
 1480  1646
 1481  1052
 1482   452
 1483  1524
 1484   929
 1485   320
 1486  1392
 1487   789
 1488   189
 1489  1262
 1490   660
 1491    63
 1492  1132
 1493   530
 1494  1611
 1495  1007
 1496   413
 1497  1488
 1498   881
 1499   290
 1500  1358
 1501   751
 1502   155
 1503  1229
 1504   635
 1505    30
 1506  1094
 1507   497
 1508  1565
 1509   973
 1510   371
 1511  1452
 1512   842
 1513   239
 1514  1322
 1515   720
 1516   108
 1517  1192
 1518   586
 1519  1667
 1520  1067
 1521   460
 1522  1533
 1523   925
 1524   322
 1525  1408
 1526   808
 1527   208
 1528  1279
 1529   680
 1530    70
 1531  1142
 1532   554
 1533  1628
 1534  1015
 1535   429
 1536  1489
 1537   891
 1538   292
 1539  1369
 1540   775
 1541   161
 1542  1241
 1543   640
 1544    39
 1545  1113
 1546   514
 1547  1584
 1548   986
 1549   385
 1550  1462
 1551   860
 1552   261
 1553  1335
 1554   736
 1555   126
 1556  1203
 1557   600
 1558  1672
 1559  1070
 1560   466
 1561  1547
 1562   938
 1563   340
 1564  1421
 1565   821
 1566   214
 1567  1284
 1568   695
 1569    89
 1570  1163
 1571   561
 1572  1633
 1573  1038
 1574   438
 1575  1506
 1576   908
 1577   307
 1578  1383
 1579   778
 1580   182
 1581  1245
 1582   654
 1583    46
 1584  1127
 1585   527
 1586  1596
 1587   993
 1588   386
 1589  1464
 1590   871
 1591   274
 1592  1347
 1593   730
 1594   146
 1595  1214
 1596   609
 1597     4
 1598  1074
 1599   488
 1600  1557
 1601   959
 1602   350
 1603  1426
 1604   824
 1605   234
 1606  1301
 1607   691
 1608    95
 1609  1169
 1610   579
 1611  1650
 1612  1037
 1613   445
 1614  1517
 1615   910
 1616   314
 1617  1389
 1618   787
 1619   192
 1620  1263
 1621   663
 1622    69
 1623  1133
 1624   523
 1625  1608
 1626  1008
 1627   400
 1628  1486
 1629   872
 1630   271
 1631  1351
 1632   757
 1633   154
 1634  1223
 1635   616
 1636    15
 1637  1102
 1638   499
 1639  1578
 1640   969
 1641   359
 1642  1436
 1643   833
 1644   244
 1645  1320
 1646   715
 1647   111
 1648  1179
 1649   580
 1650  1652
 1651  1050
 1652   458
 1653  1527
 1654   932
 1655   333
 1656  1395
 1657   793
 1658   191
 1659  1272
 1660   675
 1661    71
 1662  1152
 1663   549
 1664  1621
 1665  1011
 1666   410
 1667  1500
 1668   885
 1669   295
 1670  1368
 1671   765
 1672   157
 1673  1242
 1674   629
 1675    29
