R20T1XH4
Turbo Code Interleaving
User data with 4 flush bits N=1812
NOTE: Q-bit is the bit index after interleaving. Data-bit is the index of user data

Q-bit Data-bit
--------------
    0    18
    1  1176
    2   512
    3  1682
    4  1042
    5   379
    6  1543
    7   899
    8   241
    9  1413
   10   756
   11   112
   12  1265
   13   621
   14  1784
   15  1136
   16   470
   17  1642
   18   992
   19   339
   20  1495
   21   852
   22   209
   23  1362
   24   706
   25    56
   26  1232
   27   582
   28  1747
   29  1081
   30   445
   31  1604
   32   948
   33   304
   34  1452
   35   804
   36   159
   37  1315
   38   668
   39    22
   40  1182
   41   529
   42  1702
   43  1046
   44   389
   45  1558
   46   905
   47   251
   48  1420
   49   774
   50   109
   51  1284
   52   623
   53  1798
   54  1145
   55   493
   56  1663
   57   996
   58   345
   59  1507
   60   861
   61   219
   62  1373
   63   725
   64    82
   65  1238
   66   597
   67  1754
   68  1103
   69   450
   70  1601
   71   955
   72   310
   73  1469
   74   829
   75   182
   76  1337
   77   690
   78    41
   79  1202
   80   543
   81  1704
   82  1063
   83   408
   84  1567
   85   921
   86   281
   87  1426
   88   788
   89   129
   90  1299
   91   645
   92  1805
   93  1154
   94   496
   95  1665
   96  1008
   97   374
   98  1526
   99   879
  100   220
  101  1385
  102   745
  103    85
  104  1247
  105   606
  106  1767
  107  1117
  108   459
  109  1617
  110   968
  111   321
  112  1488
  113   845
  114   184
  115  1356
  116   695
  117    46
  118  1203
  119   554
  120  1715
  121  1077
  122   419
  123  1579
  124   932
  125   290
  126  1442
  127   791
  128   149
  129  1308
  130   644
  131     3
  132  1169
  133   522
  134  1675
  135  1033
  136   370
  137  1531
  138   886
  139   237
  140  1404
  141   755
  142    93
  143  1257
  144   615
  145  1776
  146  1119
  147   466
  148  1635
  149   991
  150   341
  151  1501
  152   842
  153   195
  154  1351
  155   715
  156    57
  157  1228
  158   579
  159  1724
  160  1085
  161   421
  162  1594
  163   950
  164   297
  165  1453
  166   803
  167   150
  168  1322
  169   669
  170    28
  171  1179
  172   534
  173  1687
  174  1041
  175   386
  176  1559
  177   901
  178   243
  179  1424
  180   767
  181   117
  182  1285
  183   628
  184  1791
  185  1134
  186   491
  187  1639
  188   998
  189   350
  190  1515
  191   867
  192   210
  193  1372
  194   729
  195    73
  196  1233
  197   588
  198  1746
  199  1101
  200   441
  201  1611
  202   959
  203   308
  204  1473
  205   820
  206   162
  207  1334
  208   675
  209    30
  210  1184
  211   546
  212  1710
  213  1054
  214   411
  215  1563
  216   914
  217   264
  218  1425
  219   781
  220   125
  221  1288
  222   638
  223  1795
  224  1149
  225   502
  226  1666
  227  1017
  228   367
  229  1530
  230   870
  231   225
  232  1393
  233   731
  234    79
  235  1242
  236   595
  237  1763
  238  1107
  239   461
  240  1614
  241   970
  242   327
  243  1483
  244   825
  245   194
  246  1346
  247   702
  248    37
  249  1207
  250   544
  251  1719
  252  1073
  253   420
  254  1577
  255   933
  256   271
  257  1437
  258   798
  259   144
  260  1294
  261   654
  262     0
  263  1155
  264   506
  265  1680
  266  1025
  267   372
  268  1527
  269   881
  270   235
  271  1397
  272   746
  273    99
  274  1267
  275   605
  276  1771
  277  1114
  278   467
  279  1632
  280   987
  281   328
  282  1500
  283   849
  284   191
  285  1350
  286   696
  287    59
  288  1224
  289   559
  290  1721
  291  1075
  292   426
  293  1597
  294   947
  295   287
  296  1450
  297   796
  298   146
  299  1310
  300   662
  301    16
  302  1181
  303   530
  304  1695
  305  1026
  306   384
  307  1549
  308   908
  309   255
  310  1418
  311   761
  312   104
  313  1270
  314   620
  315  1789
  316  1129
  317   478
  318  1645
  319   989
  320   335
  321  1506
  322   860
  323   202
  324  1370
  325   727
  326    67
  327  1229
  328   574
  329  1734
  330  1091
  331   440
  332  1600
  333   949
  334   299
  335  1457
  336   821
  337   172
  338  1321
  339   685
  340    26
  341  1186
  342   542
  343  1693
  344  1044
  345   390
  346  1561
  347   915
  348   266
  349  1419
  350   770
  351   124
  352  1282
  353   641
  354  1790
  355  1142
  356   492
  357  1653
  358   997
  359   356
  360  1513
  361   865
  362   222
  363  1379
  364   739
  365    72
  366  1249
  367   585
  368  1749
  369  1097
  370   451
  371  1616
  372   961
  373   305
  374  1476
  375   834
  376   177
  377  1338
  378   683
  379    39
  380  1193
  381   553
  382  1708
  383  1058
  384   405
  385  1580
  386   931
  387   272
  388  1428
  389   777
  390   127
  391  1291
  392   647
  393  1800
  394  1148
  395   505
  396  1664
  397  1020
  398   365
  399  1538
  400   871
  401   234
  402  1399
  403   743
  404    92
  405  1259
  406   609
  407  1772
  408  1111
  409   468
  410  1629
  411   972
  412   326
  413  1485
  414   833
  415   188
  416  1354
  417   694
  418    50
  419  1216
  420   569
  421  1717
  422  1065
  423   429
  424  1584
  425   930
  426   280
  427  1454
  428   797
  429   142
  430  1312
  431   653
  432    15
  433  1165
  434   525
  435  1674
  436  1023
  437   388
  438  1547
  439   894
  440   244
  441  1412
  442   748
  443   105
  444  1275
  445   608
  446  1773
  447  1125
  448   485
  449  1643
  450   990
  451   332
  452  1509
  453   847
  454   212
  455  1368
  456   712
  457    71
  458  1234
  459   580
  460  1737
  461  1093
  462   439
  463  1588
  464   954
  465   295
  466  1448
  467   806
  468   156
  469  1324
  470   678
  471    13
  472  1185
  473   536
  474  1685
  475  1043
  476   392
  477  1557
  478   916
  479   247
  480  1414
  481   760
  482   115
  483  1274
  484   619
  485  1799
  486  1144
  487   487
  488  1655
  489  1009
  490   351
  491  1517
  492   864
  493   216
  494  1374
  495   724
  496    69
  497  1231
  498   589
  499  1756
  500  1109
  501   457
  502  1599
  503   957
  504   309
  505  1477
  506   823
  507   173
  508  1341
  509   679
  510    29
  511  1199
  512   547
  513  1703
  514  1056
  515   403
  516  1560
  517   923
  518   267
  519  1431
  520   785
  521   130
  522  1297
  523   639
  524  1802
  525  1147
  526   500
  527  1671
  528  1016
  529   368
  530  1528
  531   878
  532   227
  533  1382
  534   738
  535    87
  536  1255
  537   593
  538  1764
  539  1118
  540   456
  541  1625
  542   979
  543   330
  544  1491
  545   835
  546   192
  547  1353
  548   698
  549    45
  550  1210
  551   549
  552  1723
  553  1060
  554   413
  555  1582
  556   928
  557   273
  558  1441
  559   801
  560   143
  561  1303
  562   649
  563    10
  564  1173
  565   518
  566  1676
  567  1030
  568   381
  569  1545
  570   897
  571   238
  572  1396
  573   744
  574    90
  575  1260
  576   614
  577  1768
  578  1116
  579   477
  580  1636
  581   978
  582   329
  583  1498
  584   844
  585   193
  586  1360
  587   710
  588    52
  589  1213
  590   567
  591  1730
  592  1082
  593   425
  594  1593
  595   937
  596   294
  597  1447
  598   808
  599   160
  600  1311
  601   664
  602     6
  603  1178
  604   526
  605  1681
  606  1034
  607   391
  608  1548
  609   904
  610   240
  611  1403
  612   765
  613   107
  614  1280
  615   618
  616  1793
  617  1139
  618   481
  619  1654
  620  1000
  621   349
  622  1503
  623   862
  624   200
  625  1377
  626   719
  627    80
  628  1230
  629   590
  630  1744
  631  1088
  632   438
  633  1603
  634   964
  635   317
  636  1459
  637   816
  638   164
  639  1332
  640   686
  641    24
  642  1198
  643   532
  644  1696
  645  1059
  646   407
  647  1566
  648   913
  649   256
  650  1421
  651   776
  652   128
  653  1279
  654   642
  655  1792
  656  1150
  657   501
  658  1656
  659  1010
  660   361
  661  1518
  662   876
  663   231
  664  1390
  665   733
  666    78
  667  1251
  668   591
  669  1757
  670  1110
  671   448
  672  1620
  673   967
  674   312
  675  1482
  676   837
  677   185
  678  1336
  679   689
  680    47
  681  1209
  682   562
  683  1722
  684  1071
  685   415
  686  1571
  687   924
  688   274
  689  1445
  690   780
  691   141
  692  1296
  693   651
  694  1807
  695  1170
  696   519
  697  1668
  698  1018
  699   377
  700  1525
  701   883
  702   233
  703  1388
  704   741
  705    89
  706  1248
  707   611
  708  1774
  709  1112
  710   469
  711  1630
  712   980
  713   325
  714  1492
  715   836
  716   198
  717  1357
  718   713
  719    60
  720  1222
  721   568
  722  1736
  723  1086
  724   431
  725  1586
  726   935
  727   286
  728  1451
  729   794
  730   157
  731  1305
  732   671
  733    21
  734  1168
  735   517
  736  1691
  737  1028
  738   383
  739  1540
  740   902
  741   249
  742  1400
  743   752
  744   111
  745  1269
  746   622
  747  1788
  748  1138
  749   475
  750  1638
  751   993
  752   344
  753  1514
  754   856
  755   203
  756  1369
  757   716
  758    63
  759  1223
  760   581
  761  1741
  762  1100
  763   437
  764  1602
  765   946
  766   292
  767  1472
  768   814
  769   161
  770  1327
  771   672
  772    23
  773  1187
  774   541
  775  1705
  776  1055
  777   402
  778  1564
  779   903
  780   252
  781  1416
  782   771
  783   123
  784  1289
  785   635
  786  1801
  787  1146
  788   499
  789  1659
  790  1015
  791   357
  792  1511
  793   872
  794   217
  795  1371
  796   723
  797    81
  798  1239
  799   600
  800  1750
  801  1096
  802   462
  803  1612
  804   971
  805   311
  806  1467
  807   817
  808   175
  809  1339
  810   682
  811    31
  812  1206
  813   545
  814  1711
  815  1064
  816   410
  817  1575
  818   917
  819   270
  820  1435
  821   775
  822   140
  823  1298
  824   637
  825  1804
  826  1164
  827   508
  828  1662
  829  1011
  830   360
  831  1533
  832   874
  833   223
  834  1387
  835   740
  836    94
  837  1256
  838   602
  839  1765
  840  1120
  841   474
  842  1619
  843   976
  844   324
  845  1486
  846   832
  847   179
  848  1348
  849   705
  850    51
  851  1208
  852   555
  853  1732
  854  1067
  855   427
  856  1576
  857   925
  858   289
  859  1440
  860   802
  861   148
  862  1309
  863   655
  864    14
  865  1177
  866   520
  867  1686
  868  1024
  869   376
  870  1534
  871   893
  872   245
  873  1411
  874   757
  875   100
  876  1268
  877   612
  878  1779
  879  1128
  880   483
  881  1644
  882   988
  883   340
  884  1504
  885   855
  886   197
  887  1358
  888   718
  889    66
  890  1214
  891   578
  892  1727
  893  1087
  894   433
  895  1590
  896   941
  897   298
  898  1466
  899   807
  900   155
  901  1316
  902   673
  903    27
  904  1188
  905   524
  906  1689
  907  1040
  908   393
  909  1556
  910   906
  911   261
  912  1422
  913   762
  914   122
  915  1278
  916   636
  917  1781
  918  1143
  919   494
  920  1650
  921  1002
  922   353
  923  1522
  924   869
  925   215
  926  1376
  927   722
  928    83
  929  1245
  930   584
  931  1740
  932  1099
  933   444
  934  1615
  935   958
  936   307
  937  1470
  938   819
  939   168
  940  1326
  941   688
  942    34
  943  1196
  944   548
  945  1701
  946  1049
  947   399
  948  1572
  949   927
  950   275
  951  1434
  952   784
  953   133
  954  1295
  955   646
  956  1796
  957  1159
  958   504
  959  1660
  960  1019
  961   364
  962  1529
  963   877
  964   221
  965  1395
  966   732
  967    88
  968  1244
  969   598
  970  1762
  971  1104
  972   455
  973  1618
  974   975
  975   323
  976  1475
  977   840
  978   176
  979  1349
  980   700
  981    44
  982  1204
  983   563
  984  1718
  985  1062
  986   418
  987  1587
  988   926
  989   276
  990  1439
  991   792
  992   137
  993  1292
  994   656
  995  1811
  996  1160
  997   516
  998  1677
  999  1029
 1000   371
 1001  1539
 1002   890
 1003   242
 1004  1401
 1005   750
 1006   106
 1007  1261
 1008   613
 1009  1778
 1010  1127
 1011   472
 1012  1637
 1013   984
 1014   334
 1015  1494
 1016   846
 1017   190
 1018  1352
 1019   704
 1020    61
 1021  1215
 1022   572
 1023  1735
 1024  1080
 1025   428
 1026  1591
 1027   951
 1028   288
 1029  1458
 1030   811
 1031   145
 1032  1314
 1033   663
 1034     7
 1035  1175
 1036   535
 1037  1697
 1038  1045
 1039   395
 1040  1555
 1041   892
 1042   259
 1043  1405
 1044   764
 1045   118
 1046  1277
 1047   632
 1048  1777
 1049  1131
 1050   484
 1051  1652
 1052  1001
 1053   347
 1054  1516
 1055   858
 1056   214
 1057  1363
 1058   726
 1059    64
 1060  1227
 1061   571
 1062  1743
 1063  1102
 1064   449
 1065  1596
 1066   945
 1067   302
 1068  1464
 1069   815
 1070   165
 1071  1331
 1072   676
 1073    36
 1074  1191
 1075   533
 1076  1707
 1077  1048
 1078   404
 1079  1568
 1080   911
 1081   265
 1082  1432
 1083   768
 1084   131
 1085  1287
 1086   629
 1087  1806
 1088  1151
 1089   498
 1090  1667
 1091  1004
 1092   354
 1093  1521
 1094   868
 1095   218
 1096  1386
 1097   734
 1098    77
 1099  1243
 1100   586
 1101  1751
 1102  1113
 1103   458
 1104  1624
 1105   966
 1106   314
 1107  1481
 1108   826
 1109   181
 1110  1330
 1111   691
 1112    35
 1113  1197
 1114   558
 1115  1709
 1116  1069
 1117   409
 1118  1565
 1119   920
 1120   279
 1121  1433
 1122   786
 1123   138
 1124  1300
 1125   650
 1126     2
 1127  1163
 1128   513
 1129  1670
 1130  1022
 1131   362
 1132  1542
 1133   885
 1134   232
 1135  1398
 1136   753
 1137   101
 1138  1252
 1139   601
 1140  1760
 1141  1126
 1142   471
 1143  1628
 1144   974
 1145   336
 1146  1484
 1147   839
 1148   186
 1149  1359
 1150   711
 1151    48
 1152  1221
 1153   560
 1154  1731
 1155  1079
 1156   435
 1157  1592
 1158   939
 1159   283
 1160  1455
 1161   793
 1162   147
 1163  1318
 1164   666
 1165     1
 1166  1172
 1167   523
 1168  1688
 1169  1032
 1170   380
 1171  1550
 1172   895
 1173   239
 1174  1402
 1175   759
 1176   114
 1177  1266
 1178   624
 1179  1786
 1180  1130
 1181   486
 1182  1649
 1183   995
 1184   352
 1185  1497
 1186   854
 1187   205
 1188  1367
 1189   708
 1190    58
 1191  1236
 1192   583
 1193  1733
 1194  1084
 1195   434
 1196  1605
 1197   944
 1198   300
 1199  1465
 1200   805
 1201   163
 1202  1319
 1203   677
 1204    20
 1205  1189
 1206   540
 1207  1694
 1208  1051
 1209   397
 1210  1551
 1211   909
 1212   260
 1213  1415
 1214   772
 1215   121
 1216  1283
 1217   631
 1218  1794
 1219  1132
 1220   490
 1221  1646
 1222  1013
 1223   358
 1224  1510
 1225   866
 1226   213
 1227  1383
 1228   728
 1229    86
 1230  1241
 1231   596
 1232  1752
 1233  1095
 1234   452
 1235  1607
 1236   965
 1237   316
 1238  1474
 1239   822
 1240   171
 1241  1340
 1242   681
 1243    40
 1244  1200
 1245   538
 1246  1714
 1247  1053
 1248   414
 1249  1573
 1250   918
 1251   269
 1252  1430
 1253   787
 1254   134
 1255  1302
 1256   643
 1257  1810
 1258  1161
 1259   509
 1260  1661
 1261  1021
 1262   375
 1263  1524
 1264   880
 1265   226
 1266  1394
 1267   737
 1268    96
 1269  1254
 1270   592
 1271  1759
 1272  1115
 1273   460
 1274  1623
 1275   982
 1276   322
 1277  1487
 1278   830
 1279   189
 1280  1342
 1281   697
 1282    53
 1283  1212
 1284   561
 1285  1728
 1286  1070
 1287   424
 1288  1585
 1289   936
 1290   284
 1291  1444
 1292   790
 1293   153
 1294  1307
 1295   657
 1296    12
 1297  1167
 1298   515
 1299  1679
 1300  1031
 1301   385
 1302  1537
 1303   889
 1304   246
 1305  1408
 1306   749
 1307    97
 1308  1263
 1309   616
 1310  1770
 1311  1133
 1312   480
 1313  1631
 1314   986
 1315   333
 1316  1499
 1317   850
 1318   199
 1319  1364
 1320   703
 1321    65
 1322  1217
 1323   577
 1324  1738
 1325  1083
 1326   442
 1327  1595
 1328   953
 1329   301
 1330  1463
 1331   809
 1332   154
 1333  1325
 1334   670
 1335    19
 1336  1174
 1337   531
 1338  1698
 1339  1038
 1340   394
 1341  1554
 1342   896
 1343   257
 1344  1417
 1345   766
 1346   113
 1347  1281
 1348   633
 1349  1782
 1350  1141
 1351   488
 1352  1647
 1353   994
 1354   355
 1355  1512
 1356   859
 1357   211
 1358  1378
 1359   721
 1360    70
 1361  1240
 1362   576
 1363  1745
 1364  1106
 1365   447
 1366  1613
 1367   960
 1368   306
 1369  1462
 1370   813
 1371   178
 1372  1328
 1373   674
 1374    38
 1375  1194
 1376   550
 1377  1700
 1378  1057
 1379   412
 1380  1562
 1381   912
 1382   262
 1383  1423
 1384   779
 1385   135
 1386  1293
 1387   640
 1388  1809
 1389  1152
 1390   507
 1391  1669
 1392  1005
 1393   363
 1394  1532
 1395   875
 1396   228
 1397  1391
 1398   742
 1399    91
 1400  1250
 1401   604
 1402  1758
 1403  1105
 1404   454
 1405  1626
 1406   973
 1407   319
 1408  1478
 1409   831
 1410   183
 1411  1345
 1412   701
 1413    43
 1414  1211
 1415   557
 1416  1713
 1417  1068
 1418   423
 1419  1574
 1420   922
 1421   278
 1422  1438
 1423   782
 1424   132
 1425  1306
 1426   660
 1427     5
 1428  1166
 1429   514
 1430  1678
 1431  1027
 1432   382
 1433  1535
 1434   882
 1435   229
 1436  1392
 1437   754
 1438   103
 1439  1262
 1440   610
 1441  1769
 1442  1124
 1443   465
 1444  1622
 1445   977
 1446   337
 1447  1490
 1448   848
 1449   187
 1450  1361
 1451   699
 1452    55
 1453  1219
 1454   564
 1455  1720
 1456  1076
 1457   430
 1458  1589
 1459   938
 1460   285
 1461  1449
 1462   799
 1463   152
 1464  1320
 1465   661
 1466     8
 1467  1171
 1468   527
 1469  1690
 1470  1039
 1471   398
 1472  1546
 1473   898
 1474   254
 1475  1409
 1476   763
 1477   108
 1478  1273
 1479   625
 1480  1780
 1481  1137
 1482   489
 1483  1648
 1484  1003
 1485   346
 1486  1505
 1487   853
 1488   204
 1489  1365
 1490   714
 1491    68
 1492  1225
 1493   573
 1494  1742
 1495  1089
 1496   446
 1497  1608
 1498   952
 1499   313
 1500  1468
 1501   812
 1502   167
 1503  1329
 1504   687
 1505    33
 1506  1183
 1507   537
 1508  1692
 1509  1052
 1510   400
 1511  1569
 1512   910
 1513   258
 1514  1429
 1515   778
 1516   116
 1517  1290
 1518   634
 1519  1803
 1520  1153
 1521   497
 1522  1657
 1523   999
 1524   348
 1525  1523
 1526   873
 1527   224
 1528  1384
 1529   735
 1530    75
 1531  1235
 1532   599
 1533  1761
 1534  1098
 1535   464
 1536  1610
 1537   963
 1538   315
 1539  1480
 1540   838
 1541   174
 1542  1343
 1543   693
 1544    42
 1545  1205
 1546   556
 1547  1712
 1548  1066
 1549   416
 1550  1581
 1551   929
 1552   282
 1553  1443
 1554   795
 1555   136
 1556  1301
 1557   648
 1558  1808
 1559  1158
 1560   503
 1561  1672
 1562  1014
 1563   366
 1564  1536
 1565   887
 1566   230
 1567  1389
 1568   751
 1569    95
 1570  1258
 1571   607
 1572  1766
 1573  1123
 1574   473
 1575  1627
 1576   981
 1577   331
 1578  1496
 1579   841
 1580   196
 1581  1347
 1582   707
 1583    49
 1584  1220
 1585   570
 1586  1726
 1587  1074
 1588   417
 1589  1583
 1590   942
 1591   296
 1592  1456
 1593   789
 1594   158
 1595  1313
 1596   659
 1597     4
 1598  1162
 1599   528
 1600  1684
 1601  1036
 1602   378
 1603  1541
 1604   891
 1605   253
 1606  1407
 1607   747
 1608   102
 1609  1264
 1610   626
 1611  1785
 1612  1121
 1613   482
 1614  1641
 1615   983
 1616   338
 1617  1502
 1618   851
 1619   208
 1620  1366
 1621   717
 1622    74
 1623  1226
 1624   566
 1625  1739
 1626  1090
 1627   432
 1628  1606
 1629   943
 1630   293
 1631  1461
 1632   818
 1633   166
 1634  1323
 1635   667
 1636    17
 1637  1192
 1638   539
 1639  1706
 1640  1047
 1641   387
 1642  1552
 1643   900
 1644   263
 1645  1427
 1646   773
 1647   120
 1648  1276
 1649   627
 1650  1787
 1651  1135
 1652   495
 1653  1651
 1654  1007
 1655   359
 1656  1508
 1657   857
 1658   207
 1659  1375
 1660   730
 1661    76
 1662  1246
 1663   594
 1664  1753
 1665  1094
 1666   443
 1667  1621
 1668   956
 1669   318
 1670  1479
 1671   828
 1672   169
 1673  1344
 1674   680
 1675    32
 1676  1195
 1677   552
 1678  1716
 1679  1061
 1680   401
 1681  1570
 1682   919
 1683   268
 1684  1436
 1685   783
 1686   126
 1687  1286
 1688   652
 1689  1797
 1690  1157
 1691   511
 1692  1658
 1693  1012
 1694   369
 1695  1520
 1696   884
 1697   236
 1698  1381
 1699   736
 1700    98
 1701  1253
 1702   603
 1703  1755
 1704  1108
 1705   463
 1706  1634
 1707   969
 1708   320
 1709  1489
 1710   827
 1711   180
 1712  1335
 1713   692
 1714    54
 1715  1201
 1716   565
 1717  1725
 1718  1072
 1719   422
 1720  1578
 1721   934
 1722   277
 1723  1446
 1724   800
 1725   139
 1726  1304
 1727   658
 1728    11
 1729  1156
 1730   510
 1731  1673
 1732  1037
 1733   373
 1734  1544
 1735   888
 1736   248
 1737  1406
 1738   758
 1739   110
 1740  1272
 1741   617
 1742  1775
 1743  1122
 1744   476
 1745  1633
 1746   985
 1747   342
 1748  1493
 1749   843
 1750   201
 1751  1355
 1752   709
 1753    62
 1754  1218
 1755   575
 1756  1729
 1757  1078
 1758   436
 1759  1598
 1760   940
 1761   291
 1762  1460
 1763   810
 1764   151
 1765  1317
 1766   665
 1767     9
 1768  1180
 1769   521
 1770  1683
 1771  1035
 1772   396
 1773  1553
 1774   907
 1775   250
 1776  1410
 1777   769
 1778   119
 1779  1271
 1780   630
 1781  1783
 1782  1140
 1783   479
 1784  1640
 1785  1006
 1786   343
 1787  1519
 1788   863
 1789   206
 1790  1380
 1791   720
 1792    84
 1793  1237
 1794   587
 1795  1748
 1796  1092
 1797   453
 1798  1609
 1799   962
 1800   303
 1801  1471
 1802   824
 1803   170
 1804  1333
 1805   684
 1806    25
 1807  1190
 1808   551
 1809  1699
 1810  1050
 1811   406
