R20T1QL5
Turbo Code Interleaving
User data with 4 flush bits N=684
NOTE: Q-bit is the bit index after interleaving. Data-bit is the index of user data

Q-bit Data-bit
--------------
    0     7
    1   442
    2   194
    3   636
    4   393
    5   143
    6   581
    7   338
    8    93
    9   532
   10   286
   11    44
   12   477
   13   237
   14   672
   15   428
   16   179
   17   619
   18   375
   19   129
   20   563
   21   322
   22    78
   23   514
   24   267
   25    22
   26   465
   27   219
   28   659
   29   407
   30   168
   31   607
   32   356
   33   114
   34   549
   35   304
   36    60
   37   497
   38   252
   39     8
   40   446
   41   199
   42   642
   43   396
   44   148
   45   587
   46   341
   47    97
   48   536
   49   292
   50    43
   51   485
   52   238
   53   679
   54   432
   55   187
   56   626
   57   376
   58   131
   59   569
   60   324
   61    82
   62   518
   63   273
   64    33
   65   468
   66   227
   67   661
   68   415
   69   170
   70   605
   71   360
   72   118
   73   554
   74   312
   75    67
   76   504
   77   261
   78    16
   79   453
   80   205
   81   644
   82   402
   83   155
   84   593
   85   347
   86   107
   87   540
   88   297
   89    51
   90   491
   91   245
   92   683
   93   437
   94   188
   95   628
   96   380
   97   142
   98   575
   99   333
  100    83
  101   523
  102   282
  103    34
  104   470
  105   229
  106   666
  107   422
  108   174
  109   611
  110   366
  111   121
  112   561
  113   319
  114    68
  115   512
  116   263
  117    18
  118   454
  119   211
  120   647
  121   406
  122   158
  123   595
  124   352
  125   109
  126   545
  127   298
  128    57
  129   493
  130   244
  131     1
  132   440
  133   196
  134   632
  135   390
  136   140
  137   579
  138   335
  139    90
  140   530
  141   285
  142    38
  143   474
  144   233
  145   671
  146   424
  147   176
  148   616
  149   374
  150   130
  151   566
  152   317
  153    75
  154   509
  155   270
  156    23
  157   461
  158   217
  159   653
  160   409
  161   160
  162   601
  163   358
  164   112
  165   550
  166   303
  167    58
  168   499
  169   253
  170    11
  171   444
  172   202
  173   638
  174   392
  175   146
  176   588
  177   339
  178    94
  179   538
  180   290
  181    46
  182   486
  183   239
  184   675
  185   427
  186   185
  187   618
  188   378
  189   133
  190   572
  191   328
  192    79
  193   517
  194   275
  195    29
  196   466
  197   221
  198   658
  199   414
  200   167
  201   608
  202   362
  203   116
  204   555
  205   308
  206    62
  207   502
  208   254
  209    13
  210   447
  211   207
  212   646
  213   397
  214   156
  215   591
  216   344
  217   100
  218   539
  219   295
  220    48
  221   487
  222   240
  223   678
  224   435
  225   191
  226   629
  227   384
  228   138
  229   578
  230   329
  231    85
  232   525
  233   276
  234    31
  235   469
  236   226
  237   664
  238   416
  239   175
  240   609
  241   367
  242   123
  243   559
  244   311
  245    74
  246   507
  247   266
  248    14
  249   455
  250   206
  251   649
  252   404
  253   159
  254   594
  255   353
  256   103
  257   543
  258   301
  259    55
  260   489
  261   249
  262     0
  263   438
  264   193
  265   634
  266   387
  267   141
  268   576
  269   334
  270    89
  271   527
  272   283
  273    39
  274   478
  275   228
  276   668
  277   420
  278   177
  279   615
  280   371
  281   124
  282   565
  283   321
  284    71
  285   508
  286   264
  287    24
  288   460
  289   212
  290   650
  291   405
  292   162
  293   602
  294   355
  295   108
  296   548
  297   299
  298    56
  299   494
  300   250
  301     6
  302   445
  303   200
  304   640
  305   388
  306   145
  307   585
  308   342
  309    98
  310   534
  311   288
  312    40
  313   479
  314   236
  315   673
  316   426
  317   181
  318   621
  319   372
  320   128
  321   568
  322   323
  323    77
  324   516
  325   274
  326    25
  327   462
  328   216
  329   655
  330   411
  331   166
  332   604
  333   357
  334   113
  335   552
  336   309
  337    64
  338   498
  339   258
  340    10
  341   449
  342   204
  343   639
  344   395
  345   149
  346   590
  347   345
  348   101
  349   535
  350   291
  351    47
  352   484
  353   242
  354   674
  355   430
  356   186
  357   622
  358   377
  359   135
  360   571
  361   327
  362    84
  363   521
  364   279
  365    28
  366   471
  367   220
  368   660
  369   413
  370   171
  371   610
  372   363
  373   115
  374   556
  375   314
  376    66
  377   505
  378   257
  379    15
  380   450
  381   210
  382   645
  383   399
  384   153
  385   596
  386   351
  387   104
  388   541
  389   294
  390    49
  391   488
  392   246
  393   681
  394   434
  395   192
  396   627
  397   385
  398   137
  399   580
  400   330
  401    88
  402   528
  403   280
  404    37
  405   475
  406   231
  407   669
  408   419
  409   178
  410   614
  411   368
  412   122
  413   560
  414   313
  415    70
  416   511
  417   262
  418    20
  419   459
  420   215
  421   648
  422   403
  423   163
  424   598
  425   350
  426   106
  427   551
  428   300
  429    53
  430   496
  431   248
  432     5
  433   439
  434   197
  435   631
  436   386
  437   147
  438   583
  439   336
  440    95
  441   531
  442   284
  443    41
  444   481
  445   230
  446   670
  447   425
  448   183
  449   620
  450   373
  451   127
  452   570
  453   320
  454    80
  455   515
  456   269
  457    27
  458   467
  459   218
  460   656
  461   412
  462   165
  463   599
  464   359
  465   111
  466   547
  467   305
  468    59
  469   500
  470   255
  471     4
  472   448
  473   203
  474   637
  475   394
  476   151
  477   586
  478   346
  479    96
  480   533
  481   287
  482    45
  483   480
  484   235
  485   680
  486   431
  487   184
  488   624
  489   381
  490   134
  491   573
  492   326
  493    81
  494   519
  495   272
  496    26
  497   464
  498   222
  499   662
  500   417
  501   173
  502   603
  503   361
  504   117
  505   557
  506   310
  507    65
  508   506
  509   256
  510    12
  511   452
  512   208
  513   643
  514   398
  515   152
  516   589
  517   348
  518   102
  519   542
  520   296
  521    52
  522   490
  523   241
  524   682
  525   433
  526   189
  527   630
  528   383
  529   139
  530   577
  531   332
  532    86
  533   522
  534   278
  535    35
  536   473
  537   225
  538   665
  539   423
  540   172
  541   613
  542   370
  543   126
  544   562
  545   315
  546    72
  547   510
  548   265
  549    17
  550   457
  551   209
  552   652
  553   401
  554   157
  555   597
  556   349
  557   105
  558   544
  559   302
  560    54
  561   492
  562   247
  563     3
  564   441
  565   195
  566   633
  567   389
  568   144
  569   582
  570   337
  571    91
  572   526
  573   281
  574    36
  575   476
  576   232
  577   667
  578   421
  579   180
  580   617
  581   369
  582   125
  583   564
  584   318
  585    73
  586   513
  587   268
  588    21
  589   458
  590   214
  591   654
  592   408
  593   161
  594   600
  595   354
  596   110
  597   546
  598   306
  599    61
  600   495
  601   251
  602     2
  603   443
  604   198
  605   635
  606   391
  607   150
  608   584
  609   340
  610    92
  611   529
  612   289
  613    42
  614   483
  615   234
  616   677
  617   429
  618   182
  619   623
  620   379
  621   132
  622   567
  623   325
  624    76
  625   520
  626   271
  627    32
  628   463
  629   223
  630   657
  631   410
  632   164
  633   606
  634   364
  635   120
  636   553
  637   307
  638    63
  639   501
  640   259
  641     9
  642   451
  643   201
  644   641
  645   400
  646   154
  647   592
  648   343
  649    99
  650   537
  651   293
  652    50
  653   482
  654   243
  655   676
  656   436
  657   190
  658   625
  659   382
  660   136
  661   574
  662   331
  663    87
  664   524
  665   277
  666    30
  667   472
  668   224
  669   663
  670   418
  671   169
  672   612
  673   365
  674   119
  675   558
  676   316
  677    69
  678   503
  679   260
  680    19
  681   456
  682   213
  683   651
