R20T45QL1
Turbo Code Interleaving
User data with 4 flush bits N=4828
NOTE: Q-bit is the bit index after interleaving. Data-bit is the index of user data

Q-bit Data-bit
--------------
    0    46
    1  3136
    2  1365
    3  4485
    4  2777
    5  1017
    6  4113
    7  2395
    8   650
    9  3758
   10  2011
   11   296
   12  3362
   13  1661
   14  4752
   15  3024
   16  1254
   17  4380
   18  2650
   19   903
   20  3984
   21  2272
   22   552
   23  3623
   24  1881
   25   151
   26  3283
   27  1549
   28  4654
   29  2878
   30  1184
   31  4278
   32  2529
   33   817
   34  3876
   35  2148
   36   423
   37  3506
   38  1772
   39    56
   40  3154
   41  1407
   42  4536
   43  2785
   44  1039
   45  4155
   46  2408
   47   673
   48  3778
   49  2062
   50   291
   51  3419
   52  1663
   53  4790
   54  3060
   55  1321
   56  4435
   57  2660
   58   927
   59  4022
   60  2295
   61   582
   62  3661
   63  1933
   64   217
   65  3296
   66  1592
   67  4670
   68  2936
   69  1201
   70  4274
   71  2548
   72   825
   73  3913
   74  2215
   75   484
   76  3566
   77  1841
   78   107
   79  3200
   80  1454
   81  4539
   82  2837
   83  1083
   84  4179
   85  2451
   86   743
   87  3798
   88  2105
   89   348
   90  3459
   91  1726
   92  4811
   93  3082
   94  1332
   95  4440
   96  2688
   97   997
   98  4071
   99  2348
  100   585
  101  3694
  102  1985
  103   228
  104  3323
  105  1613
  106  4707
  107  2980
  108  1221
  109  4308
  110  2580
  111   851
  112  3965
  113  2247
  114   494
  115  3610
  116  1855
  117   117
  118  3202
  119  1477
  120  4567
  121  2872
  122  1122
  123  4208
  124  2484
  125   773
  126  3844
  127  2112
  128   398
  129  3486
  130  1724
  131     5
  132  3116
  133  1390
  134  4465
  135  2752
  136   987
  137  4082
  138  2359
  139   638
  140  3744
  141  2010
  142   251
  143  3344
  144  1640
  145  4729
  146  2987
  147  1246
  148  4355
  149  2648
  150   906
  151  3999
  152  2243
  153   517
  154  3597
  155  1902
  156   152
  157  3273
  158  1543
  159  4597
  160  2894
  161  1129
  162  4255
  163  2532
  164   791
  165  3877
  166  2144
  167   402
  168  3521
  169  1774
  170    69
  171  3140
  172  1420
  173  4500
  174  2773
  175  1033
  176  4159
  177  2400
  178   654
  179  3792
  180  2044
  181   309
  182  3420
  183  1673
  184  4768
  185  3020
  186  1308
  187  4372
  188  2663
  189   937
  190  4034
  191  2310
  192   555
  193  3659
  194  1941
  195   197
  196  3284
  197  1570
  198  4652
  199  2930
  200  1174
  201  4296
  202  2552
  203   823
  204  3922
  205  2188
  206   431
  207  3557
  208  1801
  209    74
  210  3162
  211  1457
  212  4551
  213  2809
  214  1092
  215  4171
  216  2432
  217   707
  218  3796
  219  2083
  220   337
  221  3434
  222  1697
  223  4780
  224  3069
  225  1346
  226  4444
  227  2707
  228   984
  229  4080
  230  2320
  231   601
  232  3712
  233  1944
  234   210
  235  3307
  236  1588
  237  4699
  238  2945
  239  1228
  240  4302
  241  2583
  242   874
  243  3954
  244  2206
  245   516
  246  3586
  247  1870
  248    97
  249  3212
  250  1455
  251  4588
  252  2854
  253  1128
  254  4202
  255  2485
  256   723
  257  3834
  258  2127
  259   383
  260  3452
  261  1740
  262     2
  263  3083
  264  1354
  265  4481
  266  2738
  267   992
  268  4074
  269  2350
  270   625
  271  3722
  272  1986
  273   263
  274  3371
  275  1610
  276  4716
  277  2969
  278  1250
  279  4346
  280  2641
  281   875
  282  3996
  283  2266
  284   512
  285  3593
  286  1856
  287   158
  288  3260
  289  1488
  290  4592
  291  2868
  292  1134
  293  4262
  294  2528
  295   763
  296  3871
  297  2120
  298   386
  299  3493
  300  1759
  301    43
  302  3144
  303  1409
  304  4521
  305  2741
  306  1028
  307  4125
  308  2416
  309   682
  310  3773
  311  2031
  312   282
  313  3381
  314  1660
  315  4763
  316  3007
  317  1277
  318  4386
  319  2645
  320   896
  321  4017
  322  2293
  323   539
  324  3652
  325  1935
  326   180
  327  3276
  328  1532
  329  4621
  330  2915
  331  1168
  332  4271
  333  2530
  334   802
  335  3886
  336  2189
  337   460
  338  3520
  339  1825
  340    67
  341  3165
  342  1448
  343  4513
  344  2783
  345  1040
  346  4165
  347  2435
  348   713
  349  3777
  350  2054
  351   336
  352  3413
  353  1707
  354  4767
  355  3054
  356  1314
  357  4409
  358  2662
  359   955
  360  4031
  361  2304
  362   592
  363  3674
  364  1968
  365   193
  366  3330
  367  1559
  368  4658
  369  2924
  370  1203
  371  4307
  372  2558
  373   818
  374  3935
  375  2222
  376   472
  377  3569
  378  1820
  379   102
  380  3176
  381  1476
  382  4545
  383  2820
  384  1076
  385  4210
  386  2482
  387   725
  388  3802
  389  2075
  390   343
  391  3447
  392  1730
  393  4799
  394  3066
  395  1353
  396  4436
  397  2714
  398   978
  399  4101
  400  2330
  401   624
  402  3728
  403  1979
  404   250
  405  3346
  406  1628
  407  4718
  408  2961
  409  1251
  410  4343
  411  2589
  412   869
  413  3958
  414  2221
  415   504
  416  3606
  417  1850
  418   125
  419  3236
  420  1510
  421  4575
  422  2842
  423  1140
  424  4220
  425  2478
  426   739
  427  3879
  428  2126
  429   380
  430  3498
  431  1739
  432    41
  433  3104
  434  1397
  435  4464
  436  2730
  437  1035
  438  4120
  439  2384
  440   655
  441  3754
  442  1991
  443   283
  444  3392
  445  1620
  446  4723
  447  3000
  448  1293
  449  4383
  450  2646
  451   885
  452  4026
  453  2252
  454   562
  455  3647
  456  1896
  457   190
  458  3286
  459  1544
  460  4626
  461  2918
  462  1165
  463  4234
  464  2544
  465   784
  466  3867
  467  2151
  468   419
  469  3527
  470  1811
  471    34
  472  3163
  473  1424
  474  4496
  475  2779
  476  1042
  477  4152
  478  2436
  479   662
  480  3759
  481  2022
  482   305
  483  3389
  484  1656
  485  4793
  486  3059
  487  1298
  488  4418
  489  2690
  490   938
  491  4041
  492  2303
  493   576
  494  3664
  495  1932
  496   187
  497  3281
  498  1571
  499  4680
  500  2953
  501  1218
  502  4268
  503  2550
  504   824
  505  3938
  506  2197
  507   464
  508  3575
  509  1815
  510    73
  511  3195
  512  1459
  513  4538
  514  2812
  515  1073
  516  4162
  517  2461
  518   716
  519  3813
  520  2096
  521   351
  522  3456
  523  1698
  524  4802
  525  3065
  526  1343
  527  4458
  528  2706
  529   985
  530  4076
  531  2347
  532   609
  533  3686
  534  1965
  535   236
  536  3342
  537  1579
  538  4702
  539  2982
  540  1216
  541  4334
  542  2610
  543   879
  544  3974
  545  2226
  546   514
  547  3599
  548  1861
  549   115
  550  3223
  551  1464
  552  4594
  553  2827
  554  1097
  555  4216
  556  2474
  557   728
  558  3841
  559  2138
  560   381
  561  3470
  562  1733
  563    26
  564  3131
  565  1384
  566  4469
  567  2749
  568  1019
  569  4117
  570  2391
  571   645
  572  3717
  573  1981
  574   244
  575  3349
  576  1636
  577  4708
  578  2975
  579  1276
  580  4362
  581  2609
  582   878
  583  3992
  584  2246
  585   515
  586  3618
  587  1891
  588   138
  589  3228
  590  1507
  591  4611
  592  2887
  593  1133
  594  4253
  595  2499
  596   780
  597  3861
  598  2153
  599   424
  600  3495
  601  1766
  602    14
  603  3138
  604  1399
  605  4484
  606  2753
  607  1041
  608  4123
  609  2407
  610   647
  611  3742
  612  2042
  613   287
  614  3408
  615  1655
  616  4777
  617  3043
  618  1282
  619  4412
  620  2667
  621   934
  622  4007
  623  2298
  624   536
  625  3669
  626  1916
  627   211
  628  3278
  629  1573
  630  4650
  631  2904
  632  1163
  633  4276
  634  2563
  635   838
  636  3890
  637  2178
  638   434
  639  3553
  640  1826
  641    63
  642  3191
  643  1412
  644  4524
  645  2825
  646  1082
  647  4175
  648  2430
  649   683
  650  3784
  651  2069
  652   344
  653  3406
  654  1712
  655  4773
  656  3072
  657  1344
  658  4420
  659  2692
  660   967
  661  4044
  662  2342
  663   616
  664  3703
  665  1947
  666   209
  667  3335
  668  1575
  669  4681
  670  2955
  671  1196
  672  4315
  673  2577
  674   828
  675  3952
  676  2232
  677   495
  678  3565
  679  1833
  680   121
  681  3221
  682  1497
  683  4593
  684  2852
  685  1104
  686  4190
  687  2465
  688   729
  689  3856
  690  2082
  691   378
  692  3455
  693  1737
  694  4813
  695  3117
  696  1385
  697  4446
  698  2711
  699  1008
  700  4067
  701  2353
  702   620
  703  3701
  704  1974
  705   243
  706  3327
  707  1631
  708  4725
  709  2962
  710  1252
  711  4344
  712  2611
  713   862
  714  3975
  715  2229
  716   529
  717  3611
  718  1899
  719   160
  720  3256
  721  1509
  722  4623
  723  2895
  724  1144
  725  4227
  726  2491
  727   756
  728  3874
  729  2118
  730   420
  731  3479
  732  1786
  733    52
  734  3109
  735  1380
  736  4508
  737  2746
  738  1024
  739  4103
  740  2401
  741   667
  742  3729
  743  2002
  744   295
  745  3376
  746  1662
  747  4760
  748  3032
  749  1266
  750  4371
  751  2655
  752   914
  753  4032
  754  2284
  755   543
  756  3650
  757  1907
  758   170
  759  3257
  760  1545
  761  4645
  762  2929
  763  1161
  764  4275
  765  2526
  766   777
  767  3917
  768  2169
  769   426
  770  3541
  771  1791
  772    61
  773  3167
  774  1447
  775  4541
  776  2810
  777  1072
  778  4172
  779  2404
  780   675
  781  3770
  782  2056
  783   334
  784  3437
  785  1692
  786  4800
  787  3064
  788  1341
  789  4430
  790  2705
  791   958
  792  4028
  793  2331
  794   578
  795  3656
  796  1929
  797   215
  798  3299
  799  1596
  800  4661
  801  2922
  802  1230
  803  4297
  804  2587
  805   826
  806  3911
  807  2179
  808   466
  809  3572
  810  1818
  811    79
  812  3209
  813  1456
  814  4552
  815  2839
  816  1090
  817  4199
  818  2437
  819   722
  820  3828
  821  2065
  822   375
  823  3458
  824  1695
  825  4809
  826  3103
  827  1357
  828  4433
  829  2693
  830   966
  831  4087
  832  2339
  833   594
  834  3699
  835  1973
  836   255
  837  3343
  838  1601
  839  4704
  840  2988
  841  1263
  842  4310
  843  2602
  844   861
  845  3961
  846  2220
  847   476
  848  3590
  849  1877
  850   132
  851  3214
  852  1481
  853  4615
  854  2846
  855  1135
  856  4201
  857  2466
  858   768
  859  3839
  860  2140
  861   396
  862  3492
  863  1741
  864    38
  865  3137
  866  1386
  867  4498
  868  2737
  869  1006
  870  4091
  871  2377
  872   657
  873  3752
  874  2012
  875   272
  876  3375
  877  1632
  878  4738
  879  3006
  880  1289
  881  4385
  882  2643
  883   904
  884  4008
  885  2282
  886   525
  887  3614
  888  1910
  889   179
  890  3234
  891  1540
  892  4603
  893  2900
  894  1147
  895  4247
  896  2514
  897   793
  898  3908
  899  2152
  900   416
  901  3507
  902  1794
  903    68
  904  3169
  905  1396
  906  4505
  907  2771
  908  1045
  909  4150
  910  2410
  911   695
  912  3789
  913  2034
  914   330
  915  3403
  916  1693
  917  4743
  918  3055
  919  1322
  920  4402
  921  2674
  922   946
  923  4058
  924  2317
  925   569
  926  3668
  927  1928
  928   219
  929  3315
  930  1558
  931  4643
  932  2927
  933  1182
  934  4304
  935  2551
  936   822
  937  3914
  938  2183
  939   448
  940  3532
  941  1830
  942    86
  943  3187
  944  1462
  945  4533
  946  2795
  947  1061
  948  4191
  949  2468
  950   731
  951  3825
  952  2090
  953   354
  954  3453
  955  1728
  956  4785
  957  3093
  958  1350
  959  4431
  960  2712
  961   977
  962  4079
  963  2343
  964   587
  965  3716
  966  1945
  967   242
  968  3314
  969  1594
  970  4695
  971  2937
  972  1215
  973  4309
  974  2601
  975   860
  976  3930
  977  2239
  978   469
  979  3591
  980  1864
  981   114
  982  3203
  983  1498
  984  4577
  985  2835
  986  1113
  987  4230
  988  2467
  989   732
  990  3838
  991  2113
  992   370
  993  3448
  994  1742
  995  4827
  996  3095
  997  1374
  998  4472
  999  2747
 1000   988
 1001  4102
 1002  2373
 1003   651
 1004  3735
 1005  1995
 1006   284
 1007  3350
 1008  1634
 1009  4731
 1010  3005
 1011  1258
 1012  4370
 1013  2634
 1014   892
 1015  3981
 1016  2250
 1017   508
 1018  3598
 1019  1876
 1020   162
 1021  3235
 1022  1528
 1023  4622
 1024  2877
 1025  1138
 1026  4250
 1027  2533
 1028   766
 1029  3888
 1030  2162
 1031   385
 1032  3504
 1033  1761
 1034    18
 1035  3134
 1036  1422
 1037  4527
 1038  2784
 1039  1049
 1040  4148
 1041  2376
 1042   689
 1043  3746
 1044  2041
 1045   310
 1046  3400
 1047  1685
 1048  4730
 1049  3012
 1050  1292
 1051  4405
 1052  2669
 1053   931
 1054  4035
 1055  2286
 1056   567
 1057  3625
 1058  1934
 1059   172
 1060  3270
 1061  1526
 1062  4648
 1063  2931
 1064  1198
 1065  4261
 1066  2522
 1067   812
 1068  3905
 1069  2170
 1070   436
 1071  3551
 1072  1803
 1073    94
 1074  3173
 1075  1418
 1076  4544
 1077  2793
 1078  1074
 1079  4181
 1080  2428
 1081   710
 1082  3817
 1083  2050
 1084   352
 1085  3424
 1086  1681
 1087  4812
 1088  3073
 1089  1340
 1090  4445
 1091  2679
 1092   951
 1093  4052
 1094  2313
 1095   580
 1096  3695
 1097  1952
 1098   207
 1099  3308
 1100  1564
 1101  4663
 1102  2964
 1103  1219
 1104  4331
 1105  2570
 1106   831
 1107  3949
 1108  2208
 1109   480
 1110  3550
 1111  1842
 1112    88
 1113  3190
 1114  1485
 1115  4549
 1116  2848
 1117  1084
 1118  4173
 1119  2447
 1120   737
 1121  3823
 1122  2101
 1123   371
 1124  3460
 1125  1734
 1126     4
 1127  3102
 1128  1367
 1129  4454
 1130  2729
 1131   972
 1132  4109
 1133  2358
 1134   618
 1135  3723
 1136  2004
 1137   274
 1138  3336
 1139  1600
 1140  4693
 1141  3001
 1142  1257
 1143  4340
 1144  2591
 1145   898
 1146  3955
 1147  2236
 1148   498
 1149  3616
 1150  1894
 1151   122
 1152  3251
 1153  1489
 1154  4614
 1155  2875
 1156  1153
 1157  4251
 1158  2501
 1159   748
 1160  3881
 1161  2114
 1162   388
 1163  3513
 1164  1768
 1165     3
 1166  3130
 1167  1392
 1168  4502
 1169  2751
 1170  1018
 1171  4126
 1172  2386
 1173   646
 1174  3738
 1175  2019
 1176   302
 1177  3365
 1178  1667
 1179  4756
 1180  3008
 1181  1294
 1182  4400
 1183  2659
 1184   939
 1185  3991
 1186  2277
 1187   547
 1188  3645
 1189  1883
 1190   157
 1191  3288
 1192  1556
 1193  4616
 1194  2891
 1195  1152
 1196  4280
 1197  2521
 1198   803
 1199  3906
 1200  2150
 1201   432
 1202  3515
 1203  1808
 1204    51
 1205  3170
 1206  1446
 1207  4514
 1208  2803
 1209  1053
 1210  4132
 1211  2426
 1212   691
 1213  3763
 1214  2060
 1215   329
 1216  3414
 1217  1684
 1218  4779
 1219  3016
 1220  1306
 1221  4389
 1222  2696
 1223   961
 1224  4027
 1225  2305
 1226   565
 1227  3688
 1228  1937
 1229   234
 1230  3306
 1231  1590
 1232  4664
 1233  2921
 1234  1204
 1235  4284
 1236  2569
 1237   833
 1238  3924
 1239  2195
 1240   459
 1241  3574
 1242  1817
 1243   103
 1244  3197
 1245  1439
 1246  4561
 1247  2808
 1248  1099
 1249  4194
 1250  2441
 1251   720
 1252  3805
 1253  2102
 1254   355
 1255  3467
 1256  1718
 1257  4822
 1258  3096
 1259  1360
 1260  4432
 1261  2715
 1262  1002
 1263  4066
 1264  2349
 1265   608
 1266  3714
 1267  1963
 1268   257
 1269  3341
 1270  1578
 1271  4691
 1272  2974
 1273  1223
 1274  4329
 1275  2613
 1276   855
 1277  3964
 1278  2216
 1279   505
 1280  3579
 1281  1858
 1282   140
 1283  3227
 1284  1496
 1285  4604
 1286  2851
 1287  1132
 1288  4222
 1289  2497
 1290   754
 1291  3849
 1292  2111
 1293   413
 1294  3482
 1295  1745
 1296    33
 1297  3106
 1298  1373
 1299  4477
 1300  2750
 1301  1030
 1302  4100
 1303  2369
 1304   660
 1305  3749
 1306  1992
 1307   258
 1308  3356
 1309  1642
 1310  4714
 1311  3019
 1312  1280
 1313  4345
 1314  2638
 1315   886
 1316  3993
 1317  2267
 1318   531
 1319  3634
 1320  1874
 1321   173
 1322  3240
 1323  1538
 1324  4627
 1325  2888
 1326  1175
 1327  4258
 1328  2539
 1329   811
 1330  3902
 1331  2156
 1332   414
 1333  3528
 1334  1782
 1335    49
 1336  3132
 1337  1411
 1338  4528
 1339  2763
 1340  1047
 1341  4145
 1342  2387
 1343   684
 1344  3771
 1345  2043
 1346   299
 1347  3411
 1348  1688
 1349  4746
 1350  3053
 1351  1299
 1352  4390
 1353  2656
 1354   952
 1355  4030
 1356  2289
 1357   559
 1358  3671
 1359  1926
 1360   188
 1361  3303
 1362  1535
 1363  4651
 1364  2942
 1365  1192
 1366  4300
 1367  2557
 1368   819
 1369  3895
 1370  2168
 1371   474
 1372  3544
 1373  1799
 1374    98
 1375  3179
 1376  1465
 1377  4531
 1378  2814
 1379  1094
 1380  4170
 1381  2429
 1382   700
 1383  3791
 1384  2079
 1385   358
 1386  3451
 1387  1700
 1388  4821
 1389  3076
 1390  1356
 1391  4448
 1392  2682
 1393   973
 1394  4083
 1395  2340
 1396   610
 1397  3705
 1398  1977
 1399   249
 1400  3333
 1401  1606
 1402  4685
 1403  2941
 1404  1214
 1405  4335
 1406  2590
 1407   843
 1408  3943
 1409  2219
 1410   486
 1411  3585
 1412  1866
 1413   112
 1414  3224
 1415  1483
 1416  4559
 1417  2847
 1418  1131
 1419  4198
 1420  2460
 1421   735
 1422  3835
 1423  2084
 1424   353
 1425  3481
 1426  1749
 1427    12
 1428  3105
 1429  1369
 1430  4474
 1431  2742
 1432  1020
 1433  4092
 1434  2351
 1435   613
 1436  3711
 1437  2005
 1438   278
 1439  3354
 1440  1629
 1441  4709
 1442  2998
 1443  1241
 1444  4326
 1445  2605
 1446   899
 1447  3972
 1448  2254
 1449   503
 1450  3619
 1451  1863
 1452   148
 1453  3245
 1454  1500
 1455  4590
 1456  2871
 1457  1142
 1458  4246
 1459  2500
 1460   755
 1461  3869
 1462  2129
 1463   412
 1464  3516
 1465  1752
 1466    21
 1467  3129
 1468  1400
 1469  4507
 1470  2767
 1471  1059
 1472  4118
 1473  2392
 1474   678
 1475  3750
 1476  2036
 1477   289
 1478  3386
 1479  1668
 1480  4739
 1481  3027
 1482  1304
 1483  4398
 1484  2675
 1485   929
 1486  4009
 1487  2274
 1488   545
 1489  3635
 1490  1901
 1491   183
 1492  3265
 1493  1529
 1494  4647
 1495  2906
 1496  1186
 1497  4290
 1498  2536
 1499   830
 1500  3912
 1501  2164
 1502   440
 1503  3548
 1504  1827
 1505    84
 1506  3155
 1507  1432
 1508  4510
 1509  2805
 1510  1067
 1511  4184
 1512  2427
 1513   685
 1514  3804
 1515  2078
 1516   307
 1517  3443
 1518  1691
 1519  4806
 1520  3078
 1521  1338
 1522  4422
 1523  2666
 1524   933
 1525  4060
 1526  2332
 1527   595
 1528  3691
 1529  1953
 1530   203
 1531  3287
 1532  1595
 1533  4694
 1534  2926
 1535  1238
 1536  4295
 1537  2562
 1538   832
 1539  3947
 1540  2233
 1541   465
 1542  3580
 1543  1849
 1544   111
 1545  3204
 1546  1482
 1547  4553
 1548  2845
 1549  1105
 1550  4212
 1551  2476
 1552   746
 1553  3846
 1554  2119
 1555   362
 1556  3464
 1557  1732
 1558  4815
 1559  3092
 1560  1349
 1561  4459
 1562  2702
 1563   983
 1564  4097
 1565  2360
 1566   615
 1567  3702
 1568  1997
 1569   256
 1570  3345
 1571  1618
 1572  4706
 1573  2996
 1574  1262
 1575  4337
 1576  2612
 1577   883
 1578  3988
 1579  2241
 1580   521
 1581  3589
 1582  1882
 1583   124
 1584  3249
 1585  1511
 1586  4599
 1587  2860
 1588  1109
 1589  4218
 1590  2517
 1591   787
 1592  3884
 1593  2110
 1594   421
 1595  3499
 1596  1748
 1597    10
 1598  3099
 1599  1406
 1600  4494
 1601  2755
 1602  1014
 1603  4105
 1604  2374
 1605   677
 1606  3748
 1607  1990
 1608   276
 1609  3358
 1610  1669
 1611  4754
 1612  2989
 1613  1287
 1614  4378
 1615  2617
 1616   902
 1617  4005
 1618  2270
 1619   551
 1620  3643
 1621  1909
 1622   199
 1623  3269
 1624  1506
 1625  4633
 1626  2908
 1627  1146
 1628  4283
 1629  2519
 1630   779
 1631  3894
 1632  2182
 1633   439
 1634  3525
 1635  1770
 1636    45
 1637  3174
 1638  1441
 1639  4543
 1640  2790
 1641  1034
 1642  4141
 1643  2397
 1644   701
 1645  3801
 1646  2061
 1647   327
 1648  3394
 1649  1670
 1650  4758
 1651  3023
 1652  1326
 1653  4403
 1654  2685
 1655   964
 1656  4023
 1657  2285
 1658   550
 1659  3667
 1660  1942
 1661   206
 1662  3322
 1663  1584
 1664  4667
 1665  2919
 1666  1176
 1667  4318
 1668  2549
 1669   842
 1670  3946
 1671  2214
 1672   453
 1673  3582
 1674  1816
 1675    80
 1676  3186
 1677  1470
 1678  4569
 1679  2829
 1680  1069
 1681  4187
 1682  2442
 1683   719
 1684  3830
 1685  2085
 1686   338
 1687  3423
 1688  1738
 1689  4787
 1690  3090
 1691  1364
 1692  4428
 1693  2694
 1694   986
 1695  4051
 1696  2356
 1697   632
 1698  3681
 1699  1955
 1700   259
 1701  3339
 1702  1602
 1703  4677
 1704  2951
 1705  1233
 1706  4353
 1707  2582
 1708   848
 1709  3968
 1710  2211
 1711   477
 1712  3564
 1713  1845
 1714   147
 1715  3199
 1716  1504
 1717  4598
 1718  2853
 1719  1130
 1720  4203
 1721  2489
 1722   733
 1723  3858
 1724  2133
 1725   374
 1726  3477
 1727  1747
 1728    30
 1729  3084
 1730  1361
 1731  4460
 1732  2759
 1733   994
 1734  4115
 1735  2361
 1736   665
 1737  3747
 1738  2013
 1739   293
 1740  3385
 1741  1649
 1742  4728
 1743  2992
 1744  1273
 1745  4350
 1746  2636
 1747   907
 1748  3978
 1749  2245
 1750   537
 1751  3608
 1752  1890
 1753   166
 1754  3243
 1755  1534
 1756  4605
 1757  2874
 1758  1158
 1759  4265
 1760  2504
 1761   774
 1762  3893
 1763  2160
 1764   411
 1765  3508
 1766  1767
 1767    24
 1768  3143
 1769  1389
 1770  4487
 1771  2754
 1772  1051
 1773  4142
 1774  2412
 1775   670
 1776  3751
 1777  2051
 1778   317
 1779  3383
 1780  1683
 1781  4751
 1782  3052
 1783  1278
 1784  4377
 1785  2684
 1786   908
 1787  4048
 1788  2299
 1789   548
 1790  3675
 1791  1924
 1792   220
 1793  3294
 1794  1565
 1795  4657
 1796  2917
 1797  1213
 1798  4293
 1799  2559
 1800   816
 1801  3916
 1802  2205
 1803   458
 1804  3556
 1805  1822
 1806    65
 1807  3172
 1808  1468
 1809  4529
 1810  2796
 1811  1081
 1812  4156
 1813  2438
 1814   724
 1815  3803
 1816  2074
 1817   308
 1818  3446
 1819  1677
 1820  4807
 1821  3057
 1822  1310
 1823  4416
 1824  2699
 1825   962
 1826  4042
 1827  2338
 1828   588
 1829  3692
 1830  1958
 1831   212
 1832  3304
 1833  1572
 1834  4676
 1835  2943
 1836  1211
 1837  4311
 1838  2576
 1839   873
 1840  3951
 1841  2234
 1842   500
 1843  3576
 1844  1823
 1845   108
 1846  3205
 1847  1473
 1848  4586
 1849  2857
 1850  1101
 1851  4214
 1852  2452
 1853   738
 1854  3831
 1855  2115
 1856   391
 1857  3463
 1858  1760
 1859  4820
 1860  3077
 1861  1362
 1862  4479
 1863  2739
 1864   990
 1865  4078
 1866  2380
 1867   626
 1868  3724
 1869  1975
 1870   270
 1871  3357
 1872  1625
 1873  4732
 1874  2983
 1875  1271
 1876  4338
 1877  2623
 1878   870
 1879  3963
 1880  2256
 1881   501
 1882  3601
 1883  1898
 1884   131
 1885  3258
 1886  1517
 1887  4601
 1888  2864
 1889  1145
 1890  4243
 1891  2534
 1892   790
 1893  3853
 1894  2135
 1895   429
 1896  3485
 1897  1792
 1898    25
 1899  3126
 1900  1377
 1901  4497
 1902  2743
 1903  1022
 1904  4134
 1905  2402
 1906   671
 1907  3753
 1908  2033
 1909   311
 1910  3373
 1911  1650
 1912  4749
 1913  3004
 1914  1275
 1915  4388
 1916  2625
 1917   925
 1918  4036
 1919  2259
 1920   532
 1921  3646
 1922  1923
 1923   204
 1924  3252
 1925  1533
 1926  4644
 1927  2932
 1928  1171
 1929  4270
 1930  2541
 1931   796
 1932  3885
 1933  2155
 1934   442
 1935  3543
 1936  1804
 1937    71
 1938  3185
 1939  1444
 1940  4537
 1941  2776
 1942  1060
 1943  4136
 1944  2424
 1945   711
 1946  3794
 1947  2059
 1948   319
 1949  3412
 1950  1706
 1951  4801
 1952  3021
 1953  1335
 1954  4392
 1955  2701
 1956   959
 1957  4065
 1958  2302
 1959   561
 1960  3683
 1961  1956
 1962   202
 1963  3309
 1964  1586
 1965  4672
 1966  2933
 1967  1210
 1968  4305
 1969  2553
 1970   836
 1971  3945
 1972  2209
 1973   454
 1974  3559
 1975  1853
 1976   129
 1977  3216
 1978  1474
 1979  4557
 1980  2843
 1981  1086
 1982  4196
 1983  2458
 1984   705
 1985  3814
 1986  2076
 1987   356
 1988  3465
 1989  1731
 1990     6
 1991  3079
 1992  1327
 1993  4466
 1994  2721
 1995  1000
 1996  4093
 1997  2365
 1998   611
 1999  3726
 2000  1983
 2001   238
 2002  3353
 2003  1591
 2004  4719
 2005  2985
 2006  1265
 2007  4333
 2008  2592
 2009   871
 2010  3967
 2011  2248
 2012   487
 2013  3602
 2014  1875
 2015   128
 2016  3246
 2017  1490
 2018  4587
 2019  2834
 2020  1116
 2021  4238
 2022  2483
 2023   778
 2024  3836
 2025  2106
 2026   390
 2027  3488
 2028  1781
 2029    20
 2030  3121
 2031  1372
 2032  4483
 2033  2757
 2034  1010
 2035  4127
 2036  2362
 2037   658
 2038  3760
 2039  2008
 2040   285
 2041  3401
 2042  1624
 2043  4750
 2044  3010
 2045  1274
 2046  4366
 2047  2626
 2048   924
 2049  4024
 2050  2261
 2051   556
 2052  3639
 2053  1885
 2054   176
 2055  3248
 2056  1515
 2057  4602
 2058  2923
 2059  1187
 2060  4232
 2061  2516
 2062   804
 2063  3883
 2064  2161
 2065   447
 2066  3502
 2067  1783
 2068    31
 2069  3127
 2070  1440
 2071  4515
 2072  2780
 2073  1064
 2074  4153
 2075  2418
 2076   669
 2077  3795
 2078  2068
 2079   324
 2080  3415
 2081  1657
 2082  4788
 2083  3036
 2084  1297
 2085  4419
 2086  2680
 2087   919
 2088  4021
 2089  2306
 2090   584
 2091  3651
 2092  1950
 2093   223
 2094  3292
 2095  1574
 2096  4669
 2097  2913
 2098  1205
 2099  4303
 2100  2579
 2101   852
 2102  3919
 2103  2171
 2104   445
 2105  3529
 2106  1812
 2107   105
 2108  3171
 2109  1449
 2110  4532
 2111  2804
 2112  1080
 2113  4176
 2114  2446
 2115   717
 2116  3806
 2117  2073
 2118   368
 2119  3429
 2120  1705
 2121  4804
 2122  3080
 2123  1311
 2124  4426
 2125  2717
 2126   975
 2127  4077
 2128  2314
 2129   600
 2130  3693
 2131  1946
 2132   218
 2133  3337
 2134  1581
 2135  4717
 2136  2981
 2137  1240
 2138  4320
 2139  2598
 2140   837
 2141  3969
 2142  2207
 2143   507
 2144  3600
 2145  1871
 2146   110
 2147  3220
 2148  1475
 2149  4591
 2150  2858
 2151  1126
 2152  4223
 2153  2473
 2154   762
 2155  3864
 2156  2100
 2157   384
 2158  3468
 2159  1751
 2160    27
 2161  3108
 2162  1393
 2163  4490
 2164  2713
 2165  1015
 2166  4081
 2167  2352
 2168   619
 2169  3743
 2170  1994
 2171   279
 2172  3366
 2173  1654
 2174  4703
 2175  3003
 2176  1267
 2177  4352
 2178  2633
 2179   887
 2180  3962
 2181  2276
 2182   542
 2183  3620
 2184  1903
 2185   159
 2186  3247
 2187  1530
 2188  4628
 2189  2862
 2190  1137
 2191  4219
 2192  2525
 2193   788
 2194  3887
 2195  2163
 2196   407
 2197  3487
 2198  1756
 2199    62
 2200  3152
 2201  1405
 2202  4501
 2203  2791
 2204  1055
 2205  4140
 2206  2388
 2207   659
 2208  3782
 2209  2007
 2210   288
 2211  3397
 2212  1671
 2213  4755
 2214  3049
 2215  1300
 2216  4411
 2217  2665
 2218   917
 2219  4020
 2220  2312
 2221   540
 2222  3677
 2223  1920
 2224   191
 2225  3277
 2226  1552
 2227  4665
 2228  2934
 2229  1172
 2230  4285
 2231  2564
 2232   815
 2233  3896
 2234  2192
 2235   441
 2236  3561
 2237  1788
 2238    77
 2239  3164
 2240  1414
 2241  4525
 2242  2815
 2243  1071
 2244  4185
 2245  2445
 2246   693
 2247  3818
 2248  2067
 2249   314
 2250  3444
 2251  1701
 2252  4797
 2253  3033
 2254  1323
 2255  4438
 2256  2708
 2257   954
 2258  4043
 2259  2336
 2260   612
 2261  3680
 2262  1939
 2263   222
 2264  3321
 2265  1587
 2266  4668
 2267  2946
 2268  1207
 2269  4336
 2270  2565
 2271   853
 2272  3957
 2273  2201
 2274   463
 2275  3567
 2276  1828
 2277   104
 2278  3225
 2279  1460
 2280  4572
 2281  2811
 2282  1120
 2283  4177
 2284  2492
 2285   742
 2286  3827
 2287  2086
 2288   377
 2289  3439
 2290  1717
 2291     1
 2292  3089
 2293  1352
 2294  4439
 2295  2736
 2296  1023
 2297  4114
 2298  2366
 2299   633
 2300  3697
 2301  1987
 2302   262
 2303  3361
 2304  1623
 2305  4710
 2306  2972
 2307  1249
 2308  4349
 2309  2597
 2310   882
 2311  3956
 2312  2260
 2313   499
 2314  3622
 2315  1884
 2316   155
 2317  3217
 2318  1487
 2319  4617
 2320  2855
 2321  1149
 2322  4240
 2323  2503
 2324   775
 2325  3882
 2326  2141
 2327   400
 2328  3500
 2329  1784
 2330    28
 2331  3125
 2332  1401
 2333  4480
 2334  2778
 2335  1031
 2336  4111
 2337  2370
 2338   666
 2339  3757
 2340  2030
 2341   290
 2342  3404
 2343  1630
 2344  4761
 2345  3017
 2346  1288
 2347  4381
 2348  2629
 2349   921
 2350  4010
 2351  2297
 2352   560
 2353  3655
 2354  1893
 2355   163
 2356  3297
 2357  1539
 2358  4640
 2359  2907
 2360  1160
 2361  4252
 2362  2547
 2363   821
 2364  3897
 2365  2146
 2366   444
 2367  3540
 2368  1778
 2369    58
 2370  3166
 2371  1451
 2372  4550
 2373  2789
 2374  1050
 2375  4139
 2376  2422
 2377   686
 2378  3779
 2379  2045
 2380   331
 2381  3432
 2382  1672
 2383  4789
 2384  3025
 2385  1331
 2386  4423
 2387  2686
 2388   945
 2389  4033
 2390  2319
 2391   575
 2392  3673
 2393  1960
 2394   200
 2395  3290
 2396  1569
 2397  4656
 2398  2940
 2399  1226
 2400  4323
 2401  2545
 2402   839
 2403  3942
 2404  2180
 2405   489
 2406  3539
 2407  1819
 2408    96
 2409  3184
 2410  1466
 2411  4558
 2412  2840
 2413  1106
 2414  4188
 2415  2440
 2416   718
 2417  3833
 2418  2092
 2419   346
 2420  3469
 2421  1727
 2422  4816
 2423  3067
 2424  1358
 2425  4434
 2426  2691
 2427   963
 2428  4086
 2429  2368
 2430   606
 2431  3704
 2432  1969
 2433   265
 2434  3363
 2435  1609
 2436  4683
 2437  2978
 2438  1222
 2439  4332
 2440  2614
 2441   859
 2442  3948
 2443  2218
 2444   510
 2445  3612
 2446  1869
 2447   130
 2448  3244
 2449  1512
 2450  4576
 2451  2869
 2452  1125
 2453  4213
 2454  2495
 2455   770
 2456  3842
 2457  2104
 2458   366
 2459  3476
 2460  1762
 2461    32
 2462  3142
 2463  1387
 2464  4475
 2465  2761
 2466  1009
 2467  4106
 2468  2399
 2469   640
 2470  3718
 2471  2029
 2472   254
 2473  3391
 2474  1627
 2475  4747
 2476  2991
 2477  1261
 2478  4348
 2479  2637
 2480   894
 2481  3980
 2482  2253
 2483   558
 2484  3637
 2485  1911
 2486   164
 2487  3280
 2488  1524
 2489  4620
 2490  2886
 2491  1178
 2492  4237
 2493  2513
 2494   781
 2495  3866
 2496  2143
 2497   408
 2498  3518
 2499  1796
 2500    75
 2501  3133
 2502  1437
 2503  4489
 2504  2766
 2505  1046
 2506  4161
 2507  2434
 2508   681
 2509  3787
 2510  2020
 2511   320
 2512  3395
 2513  1689
 2514  4772
 2515  3047
 2516  1312
 2517  4382
 2518  2672
 2519   922
 2520  4018
 2521  2288
 2522   574
 2523  3678
 2524  1914
 2525   189
 2526  3302
 2527  1568
 2528  4671
 2529  2912
 2530  1177
 2531  4292
 2532  2561
 2533   814
 2534  3934
 2535  2186
 2536   438
 2537  3534
 2538  1810
 2539    81
 2540  3161
 2541  1429
 2542  4540
 2543  2819
 2544  1095
 2545  4167
 2546  2448
 2547   714
 2548  3832
 2549  2058
 2550   347
 2551  3440
 2552  1729
 2553  4814
 2554  3074
 2555  1316
 2556  4421
 2557  2695
 2558   960
 2559  4061
 2560  2323
 2561   621
 2562  3709
 2563  1940
 2564   221
 2565  3334
 2566  1603
 2567  4700
 2568  2966
 2569  1245
 2570  4342
 2571  2606
 2572   880
 2573  3976
 2574  2203
 2575   478
 2576  3588
 2577  1852
 2578   118
 2579  3193
 2580  1484
 2581  4582
 2582  2861
 2583  1124
 2584  4204
 2585  2464
 2586   744
 2587  3822
 2588  2124
 2589   350
 2590  3461
 2591  1753
 2592    23
 2593  3085
 2594  1383
 2595  4470
 2596  2724
 2597   980
 2598  4094
 2599  2345
 2600   623
 2601  3739
 2602  2014
 2603   266
 2604  3348
 2605  1614
 2606  4722
 2607  2973
 2608  1256
 2609  4356
 2610  2630
 2611   909
 2612  4001
 2613  2257
 2614   513
 2615  3595
 2616  1868
 2617   153
 2618  3250
 2619  1527
 2620  4606
 2621  2896
 2622  1169
 2623  4228
 2624  2494
 2625   798
 2626  3880
 2627  2123
 2628   405
 2629  3509
 2630  1790
 2631    40
 2632  3157
 2633  1419
 2634  4516
 2635  2787
 2636  1058
 2637  4137
 2638  2415
 2639   644
 2640  3764
 2641  2016
 2642   303
 2643  3407
 2644  1664
 2645  4759
 2646  3045
 2647  1281
 2648  4399
 2649  2651
 2650   930
 2651  4039
 2652  2280
 2653   535
 2654  3628
 2655  1918
 2656   165
 2657  3266
 2658  1525
 2659  4624
 2660  2903
 2661  1188
 2662  4277
 2663  2567
 2664   813
 2665  3918
 2666  2175
 2667   425
 2668  3519
 2669  1813
 2670    89
 2671  3159
 2672  1416
 2673  4522
 2674  2797
 2675  1056
 2676  4164
 2677  2453
 2678   715
 2679  3786
 2680  2057
 2681   316
 2682  3442
 2683  1678
 2684  4783
 2685  3070
 2686  1336
 2687  4404
 2688  2677
 2689   949
 2690  4047
 2691  2334
 2692   589
 2693  3666
 2694  1970
 2695   230
 2696  3295
 2697  1598
 2698  4662
 2699  2949
 2700  1202
 2701  4312
 2702  2599
 2703   834
 2704  3921
 2705  2225
 2706   475
 2707  3562
 2708  1832
 2709   101
 2710  3206
 2711  1493
 2712  4554
 2713  2823
 2714  1096
 2715  4193
 2716  2488
 2717   745
 2718  3826
 2719  2116
 2720   363
 2721  3475
 2722  1725
 2723  4810
 2724  3101
 2725  1348
 2726  4442
 2727  2734
 2728   993
 2729  4098
 2730  2346
 2731   639
 2732  3715
 2733  2000
 2734   252
 2735  3364
 2736  1619
 2737  4686
 2738  2959
 2739  1236
 2740  4357
 2741  2608
 2742   897
 2743  3950
 2744  2263
 2745   497
 2746  3603
 2747  1872
 2748   143
 2749  3222
 2750  1505
 2751  4583
 2752  2844
 2753  1151
 2754  4236
 2755  2479
 2756   764
 2757  3862
 2758  2145
 2759   422
 2760  3514
 2761  1777
 2762    35
 2763  3123
 2764  1379
 2765  4467
 2766  2758
 2767  1036
 2768  4121
 2769  2381
 2770   656
 2771  3761
 2772  2026
 2773   268
 2774  3393
 2775  1659
 2776  4771
 2777  2997
 2778  1296
 2779  4375
 2780  2632
 2781   918
 2782  4037
 2783  2281
 2784   538
 2785  3662
 2786  1912
 2787   175
 2788  3289
 2789  1542
 2790  4638
 2791  2881
 2792  1194
 2793  4282
 2794  2555
 2795   789
 2796  3909
 2797  2142
 2798   449
 2799  3537
 2800  1806
 2801    42
 2802  3151
 2803  1408
 2804  4523
 2805  2801
 2806  1043
 2807  4143
 2808  2421
 2809   712
 2810  3767
 2811  2072
 2812   340
 2813  3405
 2814  1686
 2815  4782
 2816  3030
 2817  1328
 2818  4394
 2819  2676
 2820   923
 2821  4040
 2822  2296
 2823   586
 2824  3665
 2825  1962
 2826   194
 2827  3310
 2828  1560
 2829  4684
 2830  2948
 2831  1195
 2832  4289
 2833  2586
 2834   844
 2835  3939
 2836  2210
 2837   473
 2838  3570
 2839  1824
 2840   120
 2841  3196
 2842  1458
 2843  4562
 2844  2836
 2845  1087
 2846  4169
 2847  2470
 2848   726
 2849  3800
 2850  2107
 2851   341
 2852  3473
 2853  1723
 2854  4794
 2855  3097
 2856  1342
 2857  4441
 2858  2709
 2859   976
 2860  4075
 2861  2318
 2862   605
 2863  3682
 2864  1954
 2865   247
 2866  3317
 2867  1580
 2868  4698
 2869  2971
 2870  1224
 2871  4328
 2872  2593
 2873   845
 2874  3979
 2875  2224
 2876   471
 2877  3583
 2878  1859
 2879   133
 2880  3241
 2881  1491
 2882  4609
 2883  2850
 2884  1136
 2885  4225
 2886  2510
 2887   765
 2888  3845
 2889  2103
 2890   392
 2891  3462
 2892  1743
 2893  4823
 2894  3107
 2895  1398
 2896  4468
 2897  2764
 2898  1007
 2899  4129
 2900  2382
 2901   622
 2902  3725
 2903  2001
 2904   267
 2905  3384
 2906  1633
 2907  4744
 2908  3011
 2909  1247
 2910  4374
 2911  2647
 2912   912
 2913  3997
 2914  2244
 2915   518
 2916  3633
 2917  1886
 2918   154
 2919  3264
 2920  1537
 2921  4642
 2922  2898
 2923  1170
 2924  4241
 2925  2511
 2926   806
 2927  3904
 2928  2174
 2929   418
 2930  3496
 2931  1764
 2932    70
 2933  3139
 2934  1433
 2935  4517
 2936  2800
 2937  1032
 2938  4119
 2939  2403
 2940   694
 2941  3780
 2942  2023
 2943   318
 2944  3416
 2945  1676
 2946  4748
 2947  3056
 2948  1290
 2949  4396
 2950  2664
 2951   928
 2952  4014
 2953  2307
 2954   564
 2955  3658
 2956  1922
 2957   213
 2958  3268
 2959  1563
 2960  4674
 2961  2911
 2962  1206
 2963  4279
 2964  2543
 2965   820
 2966  3910
 2967  2202
 2968   430
 2969  3538
 2970  1805
 2971   106
 2972  3194
 2973  1463
 2974  4547
 2975  2794
 2976  1063
 2977  4163
 2978  2450
 2979   708
 2980  3808
 2981  2094
 2982   332
 2983  3449
 2984  1694
 2985  4781
 2986  3068
 2987  1319
 2988  4417
 2989  2719
 2990   950
 2991  4045
 2992  2335
 2993   593
 2994  3672
 2995  1984
 2996   224
 2997  3331
 2998  1582
 2999  4688
 3000  2944
 3001  1212
 3002  4306
 3003  2575
 3004   872
 3005  3926
 3006  2200
 3007   509
 3008  3573
 3009  1838
 3010   127
 3011  3211
 3012  1501
 3013  4578
 3014  2865
 3015  1123
 3016  4224
 3017  2496
 3018   727
 3019  3829
 3020  2089
 3021   365
 3022  3450
 3023  1758
 3024    19
 3025  3110
 3026  1370
 3027  4455
 3028  2732
 3029  1004
 3030  4112
 3031  2385
 3032   628
 3033  3737
 3034  1996
 3035   253
 3036  3379
 3037  1622
 3038  4736
 3039  2984
 3040  1248
 3041  4358
 3042  2627
 3043   888
 3044  3989
 3045  2240
 3046   520
 3047  3613
 3048  1880
 3049   146
 3050  3254
 3051  1522
 3052  4630
 3053  2885
 3054  1150
 3055  4239
 3056  2512
 3057   767
 3058  3870
 3059  2128
 3060   404
 3061  3489
 3062  1776
 3063    16
 3064  3115
 3065  1395
 3066  4478
 3067  2781
 3068  1012
 3069  4135
 3070  2390
 3071   679
 3072  3741
 3073  2025
 3074   281
 3075  3377
 3076  1658
 3077  4762
 3078  3042
 3079  1302
 3080  4384
 3081  2678
 3082   942
 3083  4004
 3084  2294
 3085   577
 3086  3632
 3087  1917
 3088   192
 3089  3300
 3090  1561
 3091  4636
 3092  2925
 3093  1200
 3094  4269
 3095  2520
 3096   809
 3097  3898
 3098  2165
 3099   452
 3100  3523
 3101  1829
 3102    57
 3103  3153
 3104  1425
 3105  4518
 3106  2816
 3107  1093
 3108  4147
 3109  2414
 3110   680
 3111  3797
 3112  2052
 3113   321
 3114  3438
 3115  1702
 3116  4769
 3117  3050
 3118  1345
 3119  4429
 3120  2687
 3121   944
 3122  4050
 3123  2329
 3124   566
 3125  3700
 3126  1951
 3127   237
 3128  3311
 3129  1566
 3130  4655
 3131  2950
 3132  1199
 3133  4286
 3134  2585
 3135   866
 3136  3925
 3137  2191
 3138   492
 3139  3558
 3140  1835
 3141    99
 3142  3182
 3143  1480
 3144  4580
 3145  2831
 3146  1110
 3147  4207
 3148  2477
 3149   749
 3150  3824
 3151  2087
 3152   349
 3153  3454
 3154  1735
 3155  4826
 3156  3071
 3157  1339
 3158  4443
 3159  2733
 3160   968
 3161  4088
 3162  2325
 3163   597
 3164  3732
 3165  1967
 3166   245
 3167  3367
 3168  1617
 3169  4711
 3170  2994
 3171  1264
 3172  4365
 3173  2584
 3174   863
 3175  3994
 3176  2223
 3177   493
 3178  3577
 3179  1857
 3180   123
 3181  3229
 3182  1478
 3183  4596
 3184  2889
 3185  1155
 3186  4233
 3187  2505
 3188   753
 3189  3847
 3190  2109
 3191   382
 3192  3480
 3193  1771
 3194    39
 3195  3120
 3196  1402
 3197  4503
 3198  2735
 3199  1044
 3200  4096
 3201  2398
 3202   648
 3203  3765
 3204  2024
 3205   292
 3206  3380
 3207  1646
 3208  4726
 3209  3009
 3210  1268
 3211  4368
 3212  2635
 3213   916
 3214  4011
 3215  2268
 3216   527
 3217  3615
 3218  1879
 3219   195
 3220  3279
 3221  1547
 3222  4637
 3223  2909
 3224  1183
 3225  4264
 3226  2515
 3227   810
 3228  3875
 3229  2181
 3230   451
 3231  3533
 3232  1779
 3233    78
 3234  3178
 3235  1413
 3236  4542
 3237  2769
 3238  1037
 3239  4149
 3240  2419
 3241   687
 3242  3799
 3243  2053
 3244   297
 3245  3422
 3246  1696
 3247  4774
 3248  3034
 3249  1324
 3250  4424
 3251  2661
 3252   953
 3253  4046
 3254  2311
 3255   554
 3256  3657
 3257  1919
 3258   185
 3259  3291
 3260  1548
 3261  4666
 3262  2957
 3263  1217
 3264  4301
 3265  2578
 3266   846
 3267  3936
 3268  2184
 3269   462
 3270  3555
 3271  1836
 3272    87
 3273  3210
 3274  1450
 3275  4566
 3276  2833
 3277  1107
 3278  4209
 3279  2449
 3280   730
 3281  3821
 3282  2071
 3283   335
 3284  3421
 3285  1721
 3286  4817
 3287  3086
 3288  1317
 3289  4449
 3290  2726
 3291   989
 3292  4069
 3293  2321
 3294   603
 3295  3707
 3296  1988
 3297   231
 3298  3329
 3299  1597
 3300  4715
 3301  2963
 3302  1227
 3303  4325
 3304  2615
 3305   881
 3306  3960
 3307  2230
 3308   496
 3309  3592
 3310  1851
 3311   137
 3312  3237
 3313  1471
 3314  4595
 3315  2828
 3316  1098
 3317  4200
 3318  2475
 3319   758
 3320  3848
 3321  2098
 3322   367
 3323  3497
 3324  1722
 3325     0
 3326  3128
 3327  1368
 3328  4461
 3329  2768
 3330  1005
 3331  4107
 3332  2371
 3333   649
 3334  3731
 3335  2017
 3336   280
 3337  3378
 3338  1637
 3339  4741
 3340  2993
 3341  1286
 3342  4359
 3343  2604
 3344   884
 3345  4016
 3346  2238
 3347   523
 3348  3629
 3349  1913
 3350   145
 3351  3239
 3352  1550
 3353  4613
 3354  2866
 3355  1164
 3356  4244
 3357  2509
 3358   783
 3359  3891
 3360  2154
 3361   427
 3362  3512
 3363  1775
 3364    64
 3365  3141
 3366  1430
 3367  4491
 3368  2788
 3369  1057
 3370  4124
 3371  2425
 3372   661
 3373  3772
 3374  2027
 3375   315
 3376  3396
 3377  1665
 3378  4784
 3379  3014
 3380  1305
 3381  4408
 3382  2657
 3383   932
 3384  4012
 3385  2290
 3386   546
 3387  3640
 3388  1931
 3389   177
 3390  3282
 3391  1555
 3392  4632
 3393  2905
 3394  1179
 3395  4266
 3396  2574
 3397   827
 3398  3923
 3399  2166
 3400   467
 3401  3542
 3402  1800
 3403    82
 3404  3180
 3405  1445
 3406  4555
 3407  2807
 3408  1075
 3409  4157
 3410  2455
 3411   704
 3412  3783
 3413  2080
 3414   361
 3415  3409
 3416  1716
 3417  4798
 3418  3058
 3419  1325
 3420  4414
 3421  2697
 3422   981
 3423  4070
 3424  2341
 3425   607
 3426  3689
 3427  1976
 3428   227
 3429  3328
 3430  1604
 3431  4673
 3432  2976
 3433  1220
 3434  4327
 3435  2588
 3436   864
 3437  3928
 3438  2198
 3439   479
 3440  3560
 3441  1865
 3442   135
 3443  3226
 3444  1467
 3445  4571
 3446  2813
 3447  1119
 3448  4205
 3449  2486
 3450   757
 3451  3843
 3452  2108
 3453   379
 3454  3441
 3455  1708
 3456    17
 3457  3087
 3458  1355
 3459  4482
 3460  2740
 3461   974
 3462  4073
 3463  2378
 3464   630
 3465  3736
 3466  1971
 3467   241
 3468  3359
 3469  1635
 3470  4712
 3471  2999
 3472  1242
 3473  4360
 3474  2624
 3475   865
 3476  3971
 3477  2269
 3478   528
 3479  3631
 3480  1895
 3481   141
 3482  3259
 3483  1521
 3484  4607
 3485  2870
 3486  1127
 3487  4248
 3488  2487
 3489   782
 3490  3863
 3491  2130
 3492   401
 3493  3510
 3494  1765
 3495    54
 3496  3124
 3497  1410
 3498  4495
 3499  2772
 3500  1016
 3501  4131
 3502  2417
 3503   668
 3504  3774
 3505  2037
 3506   298
 3507  3388
 3508  1651
 3509  4765
 3510  3037
 3511  1284
 3512  4373
 3513  2658
 3514   895
 3515  4029
 3516  2258
 3517   571
 3518  3636
 3519  1915
 3520   167
 3521  3285
 3522  1541
 3523  4646
 3524  2893
 3525  1166
 3526  4263
 3527  2524
 3528   805
 3529  3920
 3530  2149
 3531   435
 3532  3535
 3533  1798
 3534    72
 3535  3148
 3536  1428
 3537  4512
 3538  2798
 3539  1079
 3540  4174
 3541  2423
 3542   699
 3543  3812
 3544  2047
 3545   326
 3546  3436
 3547  1680
 3548  4805
 3549  3022
 3550  1301
 3551  4391
 3552  2704
 3553   936
 3554  4053
 3555  2327
 3556   590
 3557  3690
 3558  1936
 3559   201
 3560  3332
 3561  1577
 3562  4696
 3563  2956
 3564  1197
 3565  4313
 3566  2573
 3567   847
 3568  3933
 3569  2217
 3570   456
 3571  3547
 3572  1837
 3573    95
 3574  3207
 3575  1469
 3576  4565
 3577  2838
 3578  1085
 3579  4168
 3580  2471
 3581   752
 3582  3820
 3583  2117
 3584   339
 3585  3431
 3586  1744
 3587  4803
 3588  3081
 3589  1329
 3590  4447
 3591  2731
 3592   995
 3593  4072
 3594  2355
 3595   604
 3596  3710
 3597  1980
 3598   239
 3599  3316
 3600  1615
 3601  4687
 3602  2979
 3603  1244
 3604  4322
 3605  2603
 3606   877
 3607  3987
 3608  2227
 3609   490
 3610  3604
 3611  1847
 3612   149
 3613  3238
 3614  1499
 3615  4610
 3616  2880
 3617  1103
 3618  4231
 3619  2480
 3620   786
 3621  3872
 3622  2121
 3623   409
 3624  3494
 3625  1763
 3626    44
 3627  3118
 3628  1381
 3629  4492
 3630  2770
 3631  1003
 3632  4116
 3633  2363
 3634   642
 3635  3768
 3636  2021
 3637   269
 3638  3369
 3639  1621
 3640  4733
 3641  2986
 3642  1279
 3643  4361
 3644  2639
 3645   913
 3646  3982
 3647  2255
 3648   549
 3649  3626
 3650  1900
 3651   156
 3652  3271
 3653  1551
 3654  4634
 3655  2882
 3656  1167
 3657  4242
 3658  2527
 3659   776
 3660  3889
 3661  2173
 3662   406
 3663  3531
 3664  1807
 3665    66
 3666  3160
 3667  1426
 3668  4509
 3669  2782
 3670  1077
 3671  4151
 3672  2411
 3673   663
 3674  3788
 3675  2038
 3676   301
 3677  3399
 3678  1666
 3679  4766
 3680  3039
 3681  1320
 3682  4395
 3683  2652
 3684   941
 3685  4054
 3686  2283
 3687   570
 3688  3653
 3689  1925
 3690   184
 3691  3312
 3692  1576
 3693  4649
 3694  2920
 3695  1185
 3696  4267
 3697  2572
 3698   849
 3699  3932
 3700  2212
 3701   450
 3702  3530
 3703  1843
 3704   109
 3705  3177
 3706  1443
 3707  4568
 3708  2832
 3709  1088
 3710  4195
 3711  2433
 3712   740
 3713  3793
 3714  2081
 3715   325
 3716  3426
 3717  1719
 3718  4795
 3719  3075
 3720  1351
 3721  4456
 3722  2700
 3723   956
 3724  4063
 3725  2326
 3726   602
 3727  3684
 3728  1978
 3729   214
 3730  3338
 3731  1616
 3732  4675
 3733  2954
 3734  1232
 3735  4324
 3736  2594
 3737   868
 3738  3941
 3739  2237
 3740   519
 3741  3609
 3742  1846
 3743   139
 3744  3233
 3745  1492
 3746  4581
 3747  2863
 3748  1102
 3749  4217
 3750  2490
 3751   751
 3752  3852
 3753  2095
 3754   393
 3755  3483
 3756  1755
 3757     7
 3758  3098
 3759  1378
 3760  4457
 3761  2716
 3762  1001
 3763  4084
 3764  2357
 3765   634
 3766  3740
 3767  1989
 3768   246
 3769  3368
 3770  1641
 3771  4737
 3772  3013
 3773  1270
 3774  4339
 3775  2607
 3776   900
 3777  3973
 3778  2279
 3779   524
 3780  3627
 3781  1887
 3782   174
 3783  3274
 3784  1503
 3785  4631
 3786  2876
 3787  1156
 3788  4249
 3789  2508
 3790   808
 3791  3878
 3792  2139
 3793   433
 3794  3524
 3795  1789
 3796    55
 3797  3146
 3798  1427
 3799  4519
 3800  2775
 3801  1038
 3802  4133
 3803  2396
 3804   674
 3805  3766
 3806  2032
 3807   313
 3808  3417
 3809  1653
 3810  4764
 3811  3018
 3812  1283
 3813  4376
 3814  2653
 3815   935
 3816  4006
 3817  2308
 3818   583
 3819  3670
 3820  1938
 3821   205
 3822  3298
 3823  1546
 3824  4635
 3825  2901
 3826  1209
 3827  4299
 3828  2554
 3829   835
 3830  3901
 3831  2176
 3832   461
 3833  3546
 3834  1797
 3835    59
 3836  3168
 3837  1415
 3838  4563
 3839  2786
 3840  1089
 3841  4146
 3842  2457
 3843   702
 3844  3809
 3845  2070
 3846   342
 3847  3418
 3848  1687
 3849  4808
 3850  3051
 3851  1330
 3852  4410
 3853  2671
 3854   971
 3855  4055
 3856  2300
 3857   581
 3858  3698
 3859  1966
 3860   229
 3861  3326
 3862  1583
 3863  4660
 3864  2958
 3865  1225
 3866  4298
 3867  2600
 3868   857
 3869  3931
 3870  2196
 3871   511
 3872  3596
 3873  1848
 3874    91
 3875  3198
 3876  1479
 3877  4564
 3878  2817
 3879  1117
 3880  4180
 3881  2472
 3882   736
 3883  3851
 3884  2077
 3885   345
 3886  3484
 3887  1710
 3888    15
 3889  3111
 3890  1347
 3891  4463
 3892  2703
 3893   991
 3894  4090
 3895  2372
 3896   631
 3897  3733
 3898  1998
 3899   277
 3900  3340
 3901  1645
 3902  4727
 3903  2965
 3904  1239
 3905  4364
 3906  2622
 3907   889
 3908  3959
 3909  2249
 3910   533
 3911  3607
 3912  1860
 3913   134
 3914  3263
 3915  1520
 3916  4584
 3917  2859
 3918  1162
 3919  4260
 3920  2502
 3921   747
 3922  3859
 3923  2132
 3924   397
 3925  3490
 3926  1750
 3927    29
 3928  3135
 3929  1388
 3930  4504
 3931  2765
 3932  1021
 3933  4130
 3934  2393
 3935   652
 3936  3756
 3937  2046
 3938   273
 3939  3402
 3940  1648
 3941  4770
 3942  3035
 3943  1303
 3944  4363
 3945  2640
 3946   901
 3947  3995
 3948  2273
 3949   563
 3950  3641
 3951  1908
 3952   196
 3953  3272
 3954  1518
 3955  4653
 3956  2914
 3957  1180
 3958  4256
 3959  2531
 3960   799
 3961  3899
 3962  2187
 3963   417
 3964  3549
 3965  1821
 3966    85
 3967  3181
 3968  1431
 3969  4511
 3970  2774
 3971  1066
 3972  4160
 3973  2431
 3974   672
 3975  3776
 3976  2039
 3977   328
 3978  3435
 3979  1703
 3980  4792
 3981  3061
 3982  1307
 3983  4415
 3984  2668
 3985   926
 3986  4056
 3987  2324
 3988   568
 3989  3676
 3990  1961
 3991   208
 3992  3301
 3993  1593
 3994  4689
 3995  2960
 3996  1193
 3997  4288
 3998  2560
 3999   829
 4000  3944
 4001  2177
 4002   468
 4003  3536
 4004  1839
 4005    92
 4006  3183
 4007  1453
 4008  4546
 4009  2849
 4010  1100
 4011  4186
 4012  2462
 4013   703
 4014  3819
 4015  2088
 4016   373
 4017  3466
 4018  1699
 4019  4819
 4020  3094
 4021  1371
 4022  4452
 4023  2727
 4024   969
 4025  4062
 4026  2337
 4027   617
 4028  3721
 4029  1993
 4030   233
 4031  3320
 4032  1612
 4033  4713
 4034  2967
 4035  1229
 4036  4330
 4037  2621
 4038   891
 4039  3977
 4040  2228
 4041   488
 4042  3578
 4043  1878
 4044   136
 4045  3201
 4046  1514
 4047  4579
 4048  2873
 4049  1108
 4050  4229
 4051  2507
 4052   771
 4053  3860
 4054  2131
 4055   376
 4056  3503
 4057  1754
 4058  4824
 4059  3114
 4060  1403
 4061  4476
 4062  2748
 4063  1011
 4064  4089
 4065  2375
 4066   635
 4067  3719
 4068  2018
 4069   294
 4070  3355
 4071  1652
 4072  4742
 4073  3002
 4074  1291
 4075  4354
 4076  2644
 4077   910
 4078  4013
 4079  2292
 4080   534
 4081  3638
 4082  1921
 4083   171
 4084  3267
 4085  1553
 4086  4629
 4087  2910
 4088  1154
 4089  4272
 4090  2538
 4091   795
 4092  3903
 4093  2167
 4094   410
 4095  3526
 4096  1780
 4097    53
 4098  3145
 4099  1436
 4100  4534
 4101  2792
 4102  1070
 4103  4154
 4104  2406
 4105   688
 4106  3775
 4107  2066
 4108   312
 4109  3410
 4110  1679
 4111  4757
 4112  3044
 4113  1318
 4114  4425
 4115  2683
 4116   915
 4117  4015
 4118  2301
 4119   579
 4120  3642
 4121  1927
 4122   181
 4123  3293
 4124  1567
 4125  4678
 4126  2928
 4127  1208
 4128  4281
 4129  2566
 4130   800
 4131  3929
 4132  2185
 4133   437
 4134  3563
 4135  1802
 4136    76
 4137  3189
 4138  1434
 4139  4570
 4140  2830
 4141  1065
 4142  4183
 4143  2463
 4144   697
 4145  3811
 4146  2099
 4147   364
 4148  3427
 4149  1715
 4150  4818
 4151  3062
 4152  1334
 4153  4413
 4154  2720
 4155   970
 4156  4057
 4157  2328
 4158   599
 4159  3708
 4160  1964
 4161   240
 4162  3347
 4163  1589
 4164  4692
 4165  2947
 4166  1234
 4167  4321
 4168  2571
 4169   854
 4170  3970
 4171  2242
 4172   482
 4173  3571
 4174  1840
 4175   142
 4176  3232
 4177  1472
 4178  4573
 4179  2841
 4180  1112
 4181  4192
 4182  2456
 4183   741
 4184  3855
 4185  2093
 4186   369
 4187  3472
 4188  1736
 4189    13
 4190  3119
 4191  1391
 4192  4451
 4193  2722
 4194   999
 4195  4110
 4196  2344
 4197   614
 4198  3706
 4199  2006
 4200   260
 4201  3360
 4202  1643
 4203  4735
 4204  2995
 4205  1255
 4206  4369
 4207  2619
 4208   876
 4209  3990
 4210  2271
 4211   526
 4212  3624
 4213  1862
 4214   161
 4215  3253
 4216  1508
 4217  4600
 4218  2890
 4219  1148
 4220  4254
 4221  2506
 4222   785
 4223  3865
 4224  2125
 4225   389
 4226  3501
 4227  1757
 4228    47
 4229  3149
 4230  1423
 4231  4493
 4232  2762
 4233  1025
 4234  4144
 4235  2413
 4236   690
 4237  3755
 4238  2035
 4239   306
 4240  3398
 4241  1644
 4242  4740
 4243  3026
 4244  1295
 4245  4387
 4246  2642
 4247   940
 4248  4002
 4249  2291
 4250   572
 4251  3654
 4252  1897
 4253   169
 4254  3262
 4255  1536
 4256  4639
 4257  2899
 4258  1181
 4259  4287
 4260  2540
 4261   792
 4262  3915
 4263  2194
 4264   455
 4265  3552
 4266  1795
 4267    83
 4268  3156
 4269  1452
 4270  4526
 4271  2802
 4272  1054
 4273  4189
 4274  2409
 4275   698
 4276  3785
 4277  2055
 4278   322
 4279  3425
 4280  1704
 4281  4775
 4282  3041
 4283  1333
 4284  4407
 4285  2698
 4286   957
 4287  4038
 4288  2309
 4289   598
 4290  3663
 4291  1957
 4292   232
 4293  3324
 4294  1605
 4295  4697
 4296  2938
 4297  1235
 4298  4317
 4299  2568
 4300   850
 4301  3937
 4302  2193
 4303   481
 4304  3584
 4305  1831
 4306   100
 4307  3219
 4308  1495
 4309  4556
 4310  2821
 4311  1115
 4312  4206
 4313  2459
 4314   721
 4315  3807
 4316  2097
 4317   359
 4318  3478
 4319  1714
 4320    11
 4321  3088
 4322  1376
 4323  4450
 4324  2710
 4325  1013
 4326  4099
 4327  2364
 4328   636
 4329  3730
 4330  1972
 4331   264
 4332  3372
 4333  1599
 4334  4701
 4335  2977
 4336  1231
 4337  4367
 4338  2620
 4339   867
 4340  3998
 4341  2235
 4342   491
 4343  3617
 4344  1873
 4345   126
 4346  3215
 4347  1516
 4348  4608
 4349  2892
 4350  1143
 4351  4215
 4352  2523
 4353   761
 4354  3850
 4355  2134
 4356   394
 4357  3511
 4358  1785
 4359     8
 4360  3147
 4361  1404
 4362  4471
 4363  2756
 4364  1027
 4365  4128
 4366  2367
 4367   641
 4368  3734
 4369  2003
 4370   286
 4371  3370
 4372  1639
 4373  4721
 4374  3031
 4375  1285
 4376  4393
 4377  2618
 4378   911
 4379  4019
 4380  2287
 4381   553
 4382  3644
 4383  1906
 4384   168
 4385  3261
 4386  1554
 4387  4612
 4388  2884
 4389  1191
 4390  4245
 4391  2535
 4392   797
 4393  3873
 4394  2172
 4395   443
 4396  3505
 4397  1787
 4398    50
 4399  3175
 4400  1438
 4401  4506
 4402  2799
 4403  1052
 4404  4138
 4405  2439
 4406   692
 4407  3790
 4408  2028
 4409   333
 4410  3430
 4411  1682
 4412  4778
 4413  3040
 4414  1313
 4415  4437
 4416  2681
 4417   965
 4418  4059
 4419  2322
 4420   591
 4421  3660
 4422  1943
 4423   216
 4424  3318
 4425  1562
 4426  4679
 4427  2916
 4428  1189
 4429  4314
 4430  2546
 4431   858
 4432  3907
 4433  2199
 4434   483
 4435  3581
 4436  1844
 4437    90
 4438  3208
 4439  1442
 4440  4574
 4441  2806
 4442  1078
 4443  4197
 4444  2454
 4445   706
 4446  3816
 4447  2064
 4448   360
 4449  3445
 4450  1709
 4451  4791
 4452  3063
 4453  1363
 4454  4453
 4455  2725
 4456   996
 4457  4095
 4458  2316
 4459   627
 4460  3696
 4461  1959
 4462   226
 4463  3325
 4464  1611
 4465  4690
 4466  2952
 4467  1253
 4468  4341
 4469  2595
 4470   856
 4471  3966
 4472  2231
 4473   485
 4474  3605
 4475  1867
 4476   116
 4477  3213
 4478  1486
 4479  4589
 4480  2867
 4481  1111
 4482  4226
 4483  2481
 4484   760
 4485  3837
 4486  2137
 4487   399
 4488  3474
 4489  1746
 4490  4825
 4491  3113
 4492  1382
 4493  4462
 4494  2728
 4495  1026
 4496  4108
 4497  2389
 4498   629
 4499  3720
 4500  2015
 4501   271
 4502  3390
 4503  1638
 4504  4753
 4505  3015
 4506  1260
 4507  4347
 4508  2649
 4509   905
 4510  3985
 4511  2278
 4512   522
 4513  3649
 4514  1892
 4515   182
 4516  3255
 4517  1502
 4518  4625
 4519  2883
 4520  1141
 4521  4259
 4522  2542
 4523   769
 4524  3868
 4525  2157
 4526   415
 4527  3522
 4528  1809
 4529    37
 4530  3122
 4531  1394
 4532  4499
 4533  2760
 4534  1062
 4535  4158
 4536  2405
 4537   664
 4538  3762
 4539  2049
 4540   323
 4541  3387
 4542  1690
 4543  4745
 4544  3048
 4545  1315
 4546  4397
 4547  2670
 4548   948
 4549  4025
 4550  2275
 4551   544
 4552  3687
 4553  1930
 4554   178
 4555  3313
 4556  1557
 4557  4659
 4558  2935
 4559  1173
 4560  4294
 4561  2556
 4562   807
 4563  3927
 4564  2213
 4565   470
 4566  3545
 4567  1814
 4568    93
 4569  3158
 4570  1421
 4571  4530
 4572  2826
 4573  1091
 4574  4166
 4575  2443
 4576   709
 4577  3781
 4578  2063
 4579   357
 4580  3428
 4581  1711
 4582  4796
 4583  3046
 4584  1309
 4585  4427
 4586  2689
 4587   982
 4588  4049
 4589  2333
 4590   596
 4591  3685
 4592  1949
 4593   225
 4594  3305
 4595  1607
 4596  4705
 4597  2939
 4598  1237
 4599  4319
 4600  2596
 4601   841
 4602  3953
 4603  2204
 4604   506
 4605  3587
 4606  1834
 4607   144
 4608  3230
 4609  1494
 4610  4560
 4611  2822
 4612  1118
 4613  4211
 4614  2469
 4615   734
 4616  3857
 4617  2091
 4618   395
 4619  3457
 4620  1713
 4621    22
 4622  3091
 4623  1359
 4624  4488
 4625  2723
 4626   998
 4627  4085
 4628  2379
 4629   643
 4630  3713
 4631  1982
 4632   275
 4633  3352
 4634  1647
 4635  4734
 4636  2970
 4637  1243
 4638  4351
 4639  2628
 4640   893
 4641  4003
 4642  2265
 4643   530
 4644  3621
 4645  1888
 4646   150
 4647  3231
 4648  1519
 4649  4619
 4650  2856
 4651  1139
 4652  4257
 4653  2498
 4654   759
 4655  3854
 4656  2147
 4657   403
 4658  3517
 4659  1769
 4660    36
 4661  3150
 4662  1417
 4663  4520
 4664  2744
 4665  1048
 4666  4104
 4667  2383
 4668   653
 4669  3745
 4670  2040
 4671   304
 4672  3374
 4673  1674
 4674  4776
 4675  3038
 4676  1272
 4677  4401
 4678  2631
 4679   943
 4680  4000
 4681  2264
 4682   557
 4683  3630
 4684  1905
 4685   186
 4686  3275
 4687  1523
 4688  4641
 4689  2897
 4690  1157
 4691  4273
 4692  2518
 4693   801
 4694  3892
 4695  2158
 4696   446
 4697  3554
 4698  1793
 4699    60
 4700  3188
 4701  1435
 4702  4535
 4703  2818
 4704  1068
 4705  4178
 4706  2420
 4707   696
 4708  3810
 4709  2048
 4710   300
 4711  3433
 4712  1675
 4713  4786
 4714  3029
 4715  1337
 4716  4406
 4717  2673
 4718   947
 4719  4064
 4720  2315
 4721   573
 4722  3679
 4723  1948
 4724   235
 4725  3319
 4726  1585
 4727  4682
 4728  2968
 4729  1190
 4730  4291
 4731  2581
 4732   840
 4733  3940
 4734  2190
 4735   457
 4736  3568
 4737  1854
 4738   113
 4739  3192
 4740  1461
 4741  4548
 4742  2824
 4743  1114
 4744  4182
 4745  2444
 4746   750
 4747  3815
 4748  2122
 4749   372
 4750  3471
 4751  1720
 4752     9
 4753  3112
 4754  1366
 4755  4473
 4756  2718
 4757   979
 4758  4068
 4759  2354
 4760   637
 4761  3727
 4762  1999
 4763   248
 4764  3351
 4765  1608
 4766  4720
 4767  2990
 4768  1269
 4769  4316
 4770  2616
 4771   890
 4772  3986
 4773  2262
 4774   502
 4775  3594
 4776  1889
 4777   119
 4778  3218
 4779  1513
 4780  4585
 4781  2879
 4782  1121
 4783  4221
 4784  2493
 4785   772
 4786  3840
 4787  2136
 4788   387
 4789  3491
 4790  1773
 4791    48
 4792  3100
 4793  1375
 4794  4486
 4795  2745
 4796  1029
 4797  4122
 4798  2394
 4799   676
 4800  3769
 4801  2009
 4802   261
 4803  3382
 4804  1626
 4805  4724
 4806  3028
 4807  1259
 4808  4379
 4809  2654
 4810   920
 4811  3983
 4812  2251
 4813   541
 4814  3648
 4815  1904
 4816   198
 4817  3242
 4818  1531
 4819  4618
 4820  2902
 4821  1159
 4822  4235
 4823  2537
 4824   794
 4825  3900
 4826  2159
 4827   428
