R20T2XH5
Turbo Code Interleaving
User data with 4 flush bits N=4084
NOTE: Q-bit is the bit index after interleaving. Data-bit is the index of user data

Q-bit Data-bit
--------------
    0    39
    1  2653
    2  1155
    3  3794
    4  2348
    5   861
    6  3478
    7  2025
    8   549
    9  3178
   10  1700
   11   251
   12  2843
   13  1404
   14  4018
   15  2560
   16  1060
   17  3705
   18  2240
   19   764
   20  3371
   21  1921
   22   467
   23  3065
   24  1591
   25   127
   26  2775
   27  1310
   28  3936
   29  2436
   30  1000
   31  3618
   32  2140
   33   688
   34  3276
   35  1817
   36   357
   37  2965
   38  1499
   39    45
   40  2667
   41  1190
   42  3835
   43  2356
   44   879
   45  3515
   46  2036
   47   570
   48  3195
   49  1744
   50   246
   51  2892
   52  1406
   53  4050
   54  2586
   55  1116
   56  3751
   57  2249
   58   784
   59  3400
   60  1940
   61   492
   62  3095
   63  1634
   64   184
   65  2787
   66  1346
   67  3951
   68  2482
   69  1014
   70  3614
   71  2153
   72   696
   73  3309
   74  1872
   75   408
   76  3017
   77  1556
   78    90
   79  2707
   80  1228
   81  3838
   82  2398
   83   915
   84  3536
   85  2073
   86   628
   87  3212
   88  1780
   89   296
   90  2925
   91  1457
   92  4069
   93  2606
   94  1127
   95  3755
   96  2273
   97   844
   98  3442
   99  1985
  100   495
  101  3124
  102  1678
  103   193
  104  2810
  105  1362
  106  3980
  107  2519
  108  1033
  109  3644
  110  2181
  111   719
  112  3355
  113  1901
  114   416
  115  3054
  116  1568
  117    98
  118  2709
  119  1249
  120  3863
  121  2430
  122   947
  123  3559
  124  2100
  125   652
  126  3251
  127  1787
  128   336
  129  2948
  130  1455
  131     5
  132  2635
  133  1176
  134  3776
  135  2326
  136   835
  137  3453
  138  1995
  139   539
  140  3166
  141  1699
  142   212
  143  2829
  144  1386
  145  3999
  146  2526
  147  1053
  148  3683
  149  2239
  150   766
  151  3382
  152  1897
  153   437
  154  3042
  155  1608
  156   128
  157  2766
  158  1304
  159  3888
  160  2447
  161   954
  162  3599
  163  2143
  164   669
  165  3277
  166  1814
  167   339
  168  2978
  169  1500
  170    57
  171  2657
  172  1202
  173  3805
  174  2344
  175   873
  176  3518
  177  2030
  178   552
  179  3206
  180  1729
  181   261
  182  2893
  183  1416
  184  4032
  185  2556
  186  1107
  187  3698
  188  2252
  189   794
  190  3411
  191  1953
  192   469
  193  3094
  194  1642
  195   166
  196  2776
  197  1326
  198  3934
  199  2477
  200   991
  201  3632
  202  2157
  203   694
  204  3317
  205  1851
  206   364
  207  3009
  208  1522
  209    62
  210  2673
  211  1231
  212  3849
  213  2376
  214   923
  215  3529
  216  2057
  217   596
  218  3210
  219  1762
  220   285
  221  2902
  222  1435
  223  4041
  224  2593
  225  1138
  226  3759
  227  2290
  228   832
  229  3451
  230  1961
  231   507
  232  3139
  233  1644
  234   178
  235  2797
  236  1343
  237  3974
  238  2489
  239  1040
  240  3638
  241  2183
  242   738
  243  3344
  244  1864
  245   436
  246  3033
  247  1581
  248    81
  249  2718
  250  1229
  251  3880
  252  2414
  253   953
  254  3554
  255  2101
  256   610
  257  3243
  258  1800
  259   325
  260  2919
  261  1470
  262     2
  263  2607
  264  1146
  265  3790
  266  2314
  267   840
  268  3445
  269  1987
  270   530
  271  3147
  272  1679
  273   222
  274  2851
  275  1360
  276  3989
  277  2510
  278  1057
  279  3676
  280  2233
  281   739
  282  3380
  283  1916
  284   432
  285  3039
  286  1569
  287   134
  288  2756
  289  1259
  290  3883
  291  2426
  292   959
  293  3604
  294  2139
  295   644
  296  3272
  297  1795
  298   328
  299  2954
  300  1487
  301    36
  302  2661
  303  1192
  304  3824
  305  2317
  306   869
  307  3489
  308  2042
  309   578
  310  3191
  311  1718
  312   238
  313  2859
  314  1403
  315  4027
  316  2544
  317  1078
  318  3711
  319  2236
  320   757
  321  3396
  322  1938
  323   456
  324  3088
  325  1636
  326   152
  327  2768
  328  1294
  329  3907
  330  2464
  331   986
  332  3613
  333  2141
  334   674
  335  3286
  336  1852
  337   388
  338  2977
  339  1543
  340    55
  341  2676
  342  1223
  343  3817
  344  2354
  345   880
  346  3524
  347  2060
  348   601
  349  3194
  350  1737
  351   284
  352  2886
  353  1444
  354  4031
  355  2580
  356  1111
  357  3728
  358  2251
  359   808
  360  3408
  361  1948
  362   501
  363  3107
  364  1663
  365   162
  366  2815
  367  1317
  368  3940
  369  2472
  370  1016
  371  3643
  372  2162
  373   689
  374  3328
  375  1879
  376   399
  377  3019
  378  1538
  379    85
  380  2686
  381  1248
  382  3844
  383  2386
  384   909
  385  3561
  386  2098
  387   612
  388  3216
  389  1754
  390   291
  391  2914
  392  1461
  393  4057
  394  2590
  395  1145
  396  3752
  397  2296
  398   828
  399  3469
  400  1969
  401   529
  402  3152
  403  1673
  404   211
  405  2831
  406  1376
  407  3991
  408  2503
  409  1058
  410  3673
  411  2189
  412   733
  413  3348
  414  1878
  415   425
  416  3050
  417  1564
  418   105
  419  2735
  420  1277
  421  3868
  422  2402
  423   964
  424  3569
  425  2095
  426   625
  427  3279
  428  1799
  429   322
  430  2959
  431  1469
  432    34
  433  2625
  434  1181
  435  3775
  436  2306
  437   875
  438  3485
  439  2016
  440   553
  441  3175
  442  1684
  443   239
  444  2867
  445  1369
  446  3994
  447  2537
  448  1093
  449  3708
  450  2237
  451   748
  452  3403
  453  1905
  454   475
  455  3085
  456  1603
  457   159
  458  2778
  459  1305
  460  3911
  461  2466
  462   983
  463  3581
  464  2150
  465   663
  466  3269
  467  1820
  468   353
  469  2982
  470  1530
  471    29
  472  2674
  473  1204
  474  3802
  475  2350
  476   882
  477  3513
  478  2061
  479   560
  480  3179
  481  1710
  482   258
  483  2865
  484  1399
  485  4052
  486  2585
  487  1097
  488  3736
  489  2274
  490   795
  491  3417
  492  1947
  493   487
  494  3097
  495  1633
  496   156
  497  2773
  498  1327
  499  3959
  500  2495
  501  1030
  502  3610
  503  2155
  504   695
  505  3330
  506  1857
  507   392
  508  3024
  509  1533
  510    61
  511  2702
  512  1233
  513  3837
  514  2379
  515   906
  516  3521
  517  2080
  518   604
  519  3224
  520  1773
  521   299
  522  2923
  523  1436
  524  4060
  525  2589
  526  1135
  527  3770
  528  2289
  529   833
  530  3447
  531  1984
  532   515
  533  3117
  534  1660
  535   199
  536  2827
  537  1335
  538  3976
  539  2521
  540  1028
  541  3665
  542  2208
  543   742
  544  3362
  545  1883
  546   434
  547  3044
  548  1574
  549    97
  550  2725
  551  1237
  552  3885
  553  2389
  554   928
  555  3565
  556  2091
  557   615
  558  3248
  559  1808
  560   323
  561  2936
  562  1464
  563    21
  564  2648
  565  1170
  566  3780
  567  2323
  568   863
  569  3482
  570  2022
  571   544
  572  3143
  573  1675
  574   206
  575  2833
  576  1384
  577  3981
  578  2515
  579  1077
  580  3690
  581  2207
  582   741
  583  3376
  584  1900
  585   435
  586  3061
  587  1599
  588   117
  589  2730
  590  1275
  591  3900
  592  2442
  593   958
  594  3598
  595  2113
  596   659
  597  3264
  598  1822
  599   358
  600  2956
  601  1494
  602    10
  603  2655
  604  1183
  605  3793
  606  2327
  607   881
  608  3487
  609  2035
  610   546
  611  3164
  612  1727
  613   242
  614  2882
  615  1398
  616  4039
  617  2572
  618  1083
  619  3731
  620  2256
  621   791
  622  3387
  623  1943
  624   453
  625  3102
  626  1619
  627   179
  628  2770
  629  1329
  630  3932
  631  2454
  632   981
  633  3616
  634  2167
  635   709
  636  3290
  637  1842
  638   367
  639  3006
  640  1544
  641    51
  642  2699
  643  1195
  644  3827
  645  2388
  646   914
  647  3533
  648  2055
  649   579
  650  3200
  651  1748
  652   292
  653  2880
  654  1447
  655  4037
  656  2596
  657  1136
  658  3738
  659  2276
  660   818
  661  3420
  662  1980
  663   521
  664  3132
  665  1647
  666   177
  667  2820
  668  1331
  669  3960
  670  2497
  671  1009
  672  3650
  673  2178
  674   699
  675  3343
  676  1888
  677   417
  678  3016
  679  1550
  680   101
  681  2723
  682  1266
  683  3884
  684  2412
  685   935
  686  3544
  687  2083
  688   616
  689  3260
  690  1761
  691   320
  692  2922
  693  1467
  694  4071
  695  2636
  696  1171
  697  3761
  698  2293
  699   853
  700  3439
  701  1990
  702   525
  703  3130
  704  1668
  705   205
  706  2812
  707  1379
  708  3995
  709  2504
  710  1059
  711  3674
  712  2209
  713   727
  714  3363
  715  1886
  716   447
  717  3055
  718  1605
  719   136
  720  2752
  721  1276
  722  3909
  723  2448
  724   966
  725  3574
  726  2107
  727   640
  728  3274
  729  1793
  730   354
  731  2941
  732  1510
  733    42
  734  2630
  735  1167
  736  3812
  737  2320
  738   868
  739  3471
  740  2031
  741   564
  742  3153
  743  1694
  744   250
  745  2854
  746  1405
  747  4024
  748  2564
  749  1069
  750  3697
  751  2244
  752   773
  753  3409
  754  1931
  755   459
  756  3086
  757  1610
  758   143
  759  2753
  760  1306
  761  3927
  762  2476
  763   979
  764  3615
  765  2137
  766   656
  767  3312
  768  1834
  769   360
  770  2996
  771  1514
  772    49
  773  2678
  774  1222
  775  3840
  776  2377
  777   905
  778  3530
  779  2034
  780   572
  781  3188
  782  1738
  783   282
  784  2905
  785  1430
  786  4058
  787  2588
  788  1133
  789  3746
  790  2288
  791   810
  792  3405
  793  1970
  794   489
  795  3091
  796  1631
  797   183
  798  2790
  799  1350
  800  3942
  801  2470
  802  1042
  803  3633
  804  2187
  805   697
  806  3307
  807  1843
  808   394
  809  3021
  810  1536
  811    66
  812  2715
  813  1230
  814  3850
  815  2400
  816   922
  817  3551
  818  2062
  819   609
  820  3237
  821  1745
  822   317
  823  2924
  824  1433
  825  4067
  826  2624
  827  1149
  828  3749
  829  2277
  830   817
  831  3457
  832  1977
  833   503
  834  3128
  835  1667
  836   216
  837  2828
  838  1354
  839  3978
  840  2527
  841  1066
  842  3646
  843  2200
  844   726
  845  3351
  846  1877
  847   403
  848  3036
  849  1587
  850   111
  851  2719
  852  1253
  853  3903
  854  2406
  855   960
  856  3553
  857  2084
  858   649
  859  3247
  860  1810
  861   334
  862  2953
  863  1471
  864    31
  865  2654
  866  1172
  867  3804
  868  2313
  869   851
  870  3461
  871  2011
  872   555
  873  3173
  874  1701
  875   229
  876  2853
  877  1380
  878  4006
  879  2543
  880  1089
  881  3710
  882  2234
  883   765
  884  3388
  885  1929
  886   444
  887  3058
  888  1613
  889   151
  890  2733
  891  1301
  892  3893
  893  2451
  894   969
  895  3592
  896  2127
  897   670
  898  3304
  899  1821
  900   350
  901  2966
  902  1516
  903    56
  904  2680
  905  1180
  906  3810
  907  2342
  908   885
  909  3511
  910  2037
  911   588
  912  3204
  913  1721
  914   279
  915  2877
  916  1431
  917  4010
  918  2581
  919  1117
  920  3723
  921  2261
  922   801
  923  3432
  924  1958
  925   482
  926  3101
  927  1630
  928   186
  929  2804
  930  1316
  931  3925
  932  2475
  933   998
  934  3640
  935  2156
  936   693
  937  3310
  938  1847
  939   378
  940  2987
  941  1548
  942    72
  943  2697
  944  1235
  945  3834
  946  2365
  947   898
  948  3545
  949  2086
  950   618
  951  3234
  952  1769
  953   302
  954  2920
  955  1459
  956  4046
  957  2615
  958  1142
  959  3747
  960  2294
  961   827
  962  3450
  963  1981
  964   497
  965  3142
  966  1645
  967   204
  968  2803
  969  1348
  970  3971
  971  2483
  972  1027
  973  3645
  974  2199
  975   725
  976  3323
  977  1894
  978   397
  979  3037
  980  1576
  981    96
  982  2710
  983  1267
  984  3870
  985  2396
  986   942
  987  3577
  988  2085
  989   619
  990  3246
  991  1788
  992   313
  993  2915
  994  1472
  995  4083
  996  2617
  997  1163
  998  3782
  999  2321
 1000   836
 1001  3470
 1002  2007
 1003   550
 1004  3157
 1005  1688
 1006   240
 1007  2834
 1008  1382
 1009  4001
 1010  2542
 1011  1063
 1012  3696
 1013  2226
 1014   754
 1015  3369
 1016  1904
 1017   428
 1018  3043
 1019  1586
 1020   137
 1021  2734
 1022  1291
 1023  3908
 1024  2435
 1025   963
 1026  3595
 1027  2144
 1028   647
 1029  3288
 1030  1828
 1031   327
 1032  2964
 1033  1489
 1034    14
 1035  2651
 1036  1203
 1037  3829
 1038  2355
 1039   888
 1040  3509
 1041  2010
 1042   584
 1043  3167
 1044  1726
 1045   262
 1046  2874
 1047  1424
 1048  4000
 1049  2549
 1050  1092
 1051  3726
 1052  2258
 1053   788
 1054  3412
 1055  1933
 1056   480
 1057  3066
 1058  1635
 1059   145
 1060  2763
 1061  1289
 1062  3930
 1063  2478
 1064  1011
 1065  3603
 1066  2134
 1067   683
 1068  3302
 1069  1835
 1070   369
 1071  3005
 1072  1523
 1073    78
 1074  2684
 1075  1200
 1076  3843
 1077  2363
 1078   907
 1079  3538
 1080  2053
 1081   598
 1082  3226
 1083  1733
 1084   300
 1085  2897
 1086  1421
 1087  4070
 1088  2597
 1089  1132
 1090  3760
 1091  2266
 1092   804
 1093  3427
 1094  1956
 1095   490
 1096  3125
 1097  1650
 1098   175
 1099  2798
 1100  1321
 1101  3944
 1102  2506
 1103  1031
 1104  3662
 1105  2172
 1106   702
 1107  3340
 1108  1866
 1109   407
 1110  3004
 1111  1557
 1112    74
 1113  2698
 1114  1257
 1115  3847
 1116  2408
 1117   916
 1118  3531
 1119  2069
 1120   623
 1121  3232
 1122  1776
 1123   314
 1124  2926
 1125  1465
 1126     4
 1127  2623
 1128  1156
 1129  3766
 1130  2305
 1131   822
 1132  3475
 1133  1994
 1134   523
 1135  3148
 1136  1695
 1137   231
 1138  2821
 1139  1353
 1140  3969
 1141  2538
 1142  1062
 1143  3671
 1144  2191
 1145   759
 1146  3345
 1147  1891
 1148   420
 1149  3060
 1150  1601
 1151   102
 1152  2749
 1153  1260
 1154  3902
 1155  2433
 1156   974
 1157  3596
 1158  2115
 1159   633
 1160  3281
 1161  1789
 1162   329
 1163  2971
 1164  1496
 1165     3
 1166  2647
 1167  1177
 1168  3807
 1169  2325
 1170   862
 1171  3490
 1172  2018
 1173   545
 1174  3160
 1175  1707
 1176   256
 1177  2846
 1178  1410
 1179  4021
 1180  2545
 1181  1094
 1182  3722
 1183  2248
 1184   796
 1185  3375
 1186  1925
 1187   462
 1188  3083
 1189  1593
 1190   133
 1191  2780
 1192  1315
 1193  3904
 1194  2445
 1195   973
 1196  3620
 1197  2133
 1198   675
 1199  3303
 1200  1819
 1201   365
 1202  2973
 1203  1528
 1204    41
 1205  2681
 1206  1221
 1207  3818
 1208  2371
 1209   891
 1210  3495
 1211  2051
 1212   585
 1213  3182
 1214  1742
 1215   278
 1216  2887
 1217  1423
 1218  4040
 1219  2552
 1220  1105
 1221  3713
 1222  2280
 1223   813
 1224  3404
 1225  1949
 1226   478
 1227  3118
 1228  1638
 1229   198
 1230  2796
 1231  1344
 1232  3945
 1233  2469
 1234  1017
 1235  3623
 1236  2171
 1237   704
 1238  3319
 1239  1855
 1240   387
 1241  3023
 1242  1535
 1243    86
 1244  2704
 1245  1215
 1246  3857
 1247  2375
 1248   930
 1249  3547
 1250  2065
 1251   608
 1252  3219
 1253  1777
 1254   303
 1255  2933
 1256  1450
 1257  4079
 1258  2618
 1259  1151
 1260  3748
 1261  2297
 1262   847
 1263  3438
 1264  1986
 1265   514
 1266  3140
 1267  1659
 1268   218
 1269  2826
 1270  1334
 1271  3968
 1272  2514
 1273  1035
 1274  3660
 1275  2211
 1276   722
 1277  3354
 1278  1873
 1279   426
 1280  3028
 1281  1571
 1282   119
 1283  2729
 1284  1265
 1285  3894
 1286  2411
 1287   957
 1288  3570
 1289  2112
 1290   638
 1291  3256
 1292  1786
 1293   348
 1294  2944
 1295  1475
 1296    28
 1297  2627
 1298  1162
 1299  3786
 1300  2324
 1301   870
 1302  3468
 1303  2003
 1304   558
 1305  3170
 1306  1685
 1307   219
 1308  2838
 1309  1388
 1310  3987
 1311  2555
 1312  1081
 1313  3675
 1314  2230
 1315   749
 1316  3377
 1317  1917
 1318   448
 1319  3074
 1320  1584
 1321   146
 1322  2739
 1323  1299
 1324  3912
 1325  2443
 1326   992
 1327  3601
 1328  2147
 1329   682
 1330  3300
 1331  1825
 1332   349
 1333  2983
 1334  1507
 1335    40
 1336  2649
 1337  1194
 1338  3830
 1339  2334
 1340   887
 1341  3506
 1342  2019
 1343   580
 1344  3189
 1345  1728
 1346   254
 1347  2884
 1348  1427
 1349  4012
 1350  2579
 1351  1098
 1352  3714
 1353  2245
 1354   805
 1355  3407
 1356  1935
 1357   472
 1358  3104
 1359  1629
 1360   157
 1361  2794
 1362  1297
 1363  3933
 1364  2486
 1365  1005
 1366  3636
 1367  2161
 1368   690
 1369  3294
 1370  1833
 1371   401
 1372  2999
 1373  1520
 1374    82
 1375  2689
 1376  1238
 1377  3832
 1378  2381
 1379   925
 1380  3528
 1381  2054
 1382   590
 1383  3205
 1384  1758
 1385   305
 1386  2918
 1387  1438
 1388  4078
 1389  2600
 1390  1148
 1391  3763
 1392  2268
 1393   823
 1394  3454
 1395  1978
 1396   516
 1397  3134
 1398  1671
 1399   210
 1400  2818
 1401  1358
 1402  3963
 1403  2485
 1404  1026
 1405  3666
 1406  2190
 1407   712
 1408  3334
 1409  1876
 1410   409
 1411  3032
 1412  1578
 1413    95
 1414  2726
 1415  1255
 1416  3856
 1417  2407
 1418   956
 1419  3550
 1420  2079
 1421   621
 1422  3244
 1423  1763
 1424   301
 1425  2943
 1426  1478
 1427     9
 1428  2626
 1429  1158
 1430  3783
 1431  2318
 1432   864
 1433  3462
 1434  1988
 1435   519
 1436  3138
 1437  1696
 1438   234
 1439  2836
 1440  1377
 1441  3982
 1442  2535
 1443  1049
 1444  3657
 1445  2203
 1446   760
 1447  3360
 1448  1907
 1449   424
 1450  3062
 1451  1575
 1452   125
 1453  2743
 1454  1269
 1455  3881
 1456  2429
 1457   965
 1458  3591
 1459  2114
 1460   639
 1461  3270
 1462  1802
 1463   347
 1464  2974
 1465  1481
 1466    17
 1467  2646
 1468  1184
 1469  3811
 1470  2338
 1471   896
 1472  3483
 1473  2023
 1474   574
 1475  3171
 1476  1722
 1477   244
 1478  2863
 1479  1411
 1480  4007
 1481  2562
 1482  1103
 1483  3720
 1484  2262
 1485   786
 1486  3389
 1487  1923
 1488   460
 1489  3075
 1490  1607
 1491   153
 1492  2759
 1493  1292
 1494  3929
 1495  2456
 1496  1002
 1497  3628
 1498  2146
 1499   701
 1500  3308
 1501  1830
 1502   372
 1503  3002
 1504  1545
 1505    70
 1506  2668
 1507  1212
 1508  3814
 1509  2373
 1510   902
 1511  3539
 1512  2052
 1513   581
 1514  3218
 1515  1757
 1516   259
 1517  2911
 1518  1429
 1519  4064
 1520  2602
 1521  1130
 1522  3740
 1523  2255
 1524   790
 1525  3433
 1526  1971
 1527   504
 1528  3121
 1529  1651
 1530   171
 1531  2779
 1532  1349
 1533  3970
 1534  2474
 1535  1046
 1536  3631
 1537  2166
 1538   703
 1539  3338
 1540  1889
 1541   393
 1542  3029
 1543  1563
 1544    94
 1545  2711
 1546  1254
 1547  3851
 1548  2405
 1549   936
 1550  3562
 1551  2093
 1552   631
 1553  3253
 1554  1794
 1555   307
 1556  2930
 1557  1463
 1558  4073
 1559  2614
 1560  1141
 1561  3771
 1562  2285
 1563   831
 1564  3466
 1565  1996
 1566   520
 1567  3131
 1568  1690
 1569   217
 1570  2830
 1571  1367
 1572  3979
 1573  2533
 1574  1065
 1575  3668
 1576  2210
 1577   746
 1578  3373
 1579  1896
 1580   441
 1581  3035
 1582  1592
 1583   104
 1584  2747
 1585  1278
 1586  3890
 1587  2419
 1588   940
 1589  3567
 1590  2130
 1591   665
 1592  3284
 1593  1785
 1594   355
 1595  2960
 1596  1477
 1597     8
 1598  2621
 1599  1189
 1600  3800
 1601  2329
 1602   858
 1603  3472
 1604  2008
 1605   573
 1606  3169
 1607  1683
 1608   232
 1609  2840
 1610  1412
 1611  4019
 1612  2528
 1613  1087
 1614  3704
 1615  2214
 1616   763
 1617  3385
 1618  1920
 1619   466
 1620  3082
 1621  1612
 1622   167
 1623  2762
 1624  1274
 1625  3917
 1626  2458
 1627   968
 1628  3622
 1629  2131
 1630   658
 1631  3293
 1632  1846
 1633   371
 1634  2981
 1635  1497
 1636    38
 1637  2685
 1638  1217
 1639  3842
 1640  2361
 1641   874
 1642  3503
 1643  2027
 1644   591
 1645  3215
 1646  1743
 1647   276
 1648  2869
 1649  1413
 1650  4022
 1651  2559
 1652  1121
 1653  3724
 1654  2270
 1655   816
 1656  3401
 1657  1932
 1658   465
 1659  3100
 1660  1643
 1661   174
 1662  2809
 1663  1340
 1664  3948
 1665  2467
 1666   993
 1667  3651
 1668  2154
 1669   711
 1670  3337
 1671  1871
 1672   383
 1673  3030
 1674  1534
 1675    67
 1676  2696
 1677  1243
 1678  3865
 1679  2391
 1680   903
 1681  3542
 1682  2066
 1683   607
 1684  3239
 1685  1764
 1686   286
 1687  2896
 1688  1468
 1689  4047
 1690  2613
 1691  1154
 1692  3744
 1693  2278
 1694   834
 1695  3426
 1696  1992
 1697   535
 1698  3113
 1699  1653
 1700   220
 1701  2824
 1702  1355
 1703  3958
 1704  2494
 1705  1044
 1706  3681
 1707  2182
 1708   717
 1709  3357
 1710  1869
 1711   404
 1712  3015
 1713  1559
 1714   124
 1715  2706
 1716  1272
 1717  3889
 1718  2413
 1719   955
 1720  3555
 1721  2105
 1722   620
 1723  3261
 1724  1806
 1725   316
 1726  2940
 1727  1476
 1728    25
 1729  2608
 1730  1152
 1731  3772
 1732  2332
 1733   842
 1734  3480
 1735  1997
 1736   562
 1737  3168
 1738  1702
 1739   248
 1740  2862
 1741  1392
 1742  3998
 1743  2530
 1744  1074
 1745  3679
 1746  2228
 1747   767
 1748  3366
 1749  1899
 1750   454
 1751  3052
 1752  1598
 1753   141
 1754  2741
 1755  1296
 1756  3895
 1757  2432
 1758   977
 1759  3607
 1760  2118
 1761   653
 1762  3292
 1763  1826
 1764   346
 1765  2967
 1766  1495
 1767    19
 1768  2660
 1769  1175
 1770  3795
 1771  2328
 1772   890
 1773  3504
 1774  2039
 1775   567
 1776  3172
 1777  1734
 1778   268
 1779  2860
 1780  1422
 1781  4017
 1782  2578
 1783  1079
 1784  3703
 1785  2269
 1786   768
 1787  3424
 1788  1944
 1789   463
 1790  3108
 1791  1627
 1792   187
 1793  2785
 1794  1322
 1795  3939
 1796  2465
 1797  1025
 1798  3630
 1799  2163
 1800   687
 1801  3311
 1802  1863
 1803   386
 1804  3008
 1805  1540
 1806    53
 1807  2683
 1808  1241
 1809  3831
 1810  2366
 1811   913
 1812  3516
 1813  2063
 1814   611
 1815  3217
 1816  1753
 1817   260
 1818  2913
 1819  1418
 1820  4065
 1821  2583
 1822  1108
 1823  3734
 1824  2282
 1825   814
 1826  3418
 1827  1976
 1828   498
 1829  3122
 1830  1655
 1831   180
 1832  2795
 1833  1328
 1834  3957
 1835  2487
 1836  1023
 1837  3647
 1838  2177
 1839   737
 1840  3342
 1841  1890
 1842   422
 1843  3025
 1844  1541
 1845    91
 1846  2712
 1847  1245
 1848  3878
 1849  2416
 1850   932
 1851  3564
 1852  2074
 1853   624
 1854  3240
 1855  1790
 1856   331
 1857  2929
 1858  1488
 1859  4077
 1860  2601
 1861  1153
 1862  3788
 1863  2315
 1864   838
 1865  3449
 1866  2013
 1867   531
 1868  3149
 1869  1669
 1870   228
 1871  2839
 1872  1374
 1873  4002
 1874  2522
 1875  1073
 1876  3669
 1877  2217
 1878   734
 1879  3353
 1880  1909
 1881   423
 1882  3046
 1883  1604
 1884   110
 1885  2754
 1886  1282
 1887  3891
 1888  2423
 1889   967
 1890  3589
 1891  2145
 1892   668
 1893  3259
 1894  1807
 1895   362
 1896  2947
 1897  1515
 1898    20
 1899  2643
 1900  1164
 1901  3803
 1902  2319
 1903   866
 1904  3497
 1905  2032
 1906   568
 1907  3174
 1908  1720
 1909   263
 1910  2852
 1911  1393
 1912  4015
 1913  2541
 1914  1076
 1915  3712
 1916  2219
 1917   782
 1918  3413
 1919  1912
 1920   449
 1921  3084
 1922  1626
 1923   172
 1924  2750
 1925  1295
 1926  3926
 1927  2479
 1928   989
 1929  3612
 1930  2148
 1931   671
 1932  3285
 1933  1824
 1934   374
 1935  2998
 1936  1524
 1937    59
 1938  2695
 1939  1219
 1940  3836
 1941  2347
 1942   897
 1943  3499
 1944  2049
 1945   599
 1946  3208
 1947  1741
 1948   270
 1949  2885
 1950  1443
 1951  4059
 1952  2557
 1953  1128
 1954  3716
 1955  2284
 1956   811
 1957  3437
 1958  1946
 1959   474
 1960  3115
 1961  1654
 1962   170
 1963  2799
 1964  1341
 1965  3953
 1966  2480
 1967  1022
 1968  3641
 1969  2158
 1970   707
 1971  3336
 1972  1867
 1973   384
 1974  3011
 1975  1567
 1976   108
 1977  2720
 1978  1246
 1979  3854
 1980  2403
 1981   918
 1982  3549
 1983  2078
 1984   595
 1985  3225
 1986  1755
 1987   304
 1988  2931
 1989  1462
 1990     6
 1991  2603
 1992  1122
 1993  3777
 1994  2301
 1995   845
 1996  3463
 1997  2000
 1998   517
 1999  3151
 2000  1676
 2001   201
 2002  2835
 2003  1345
 2004  3992
 2005  2524
 2006  1068
 2007  3664
 2008  2192
 2009   735
 2010  3356
 2011  1902
 2012   410
 2013  3047
 2014  1585
 2015   107
 2016  2744
 2017  1261
 2018  3879
 2019  2395
 2020   943
 2021  3584
 2022  2099
 2023   657
 2024  3245
 2025  1781
 2026   330
 2027  2950
 2028  1506
 2029    16
 2030  2639
 2031  1161
 2032  3792
 2033  2330
 2034   855
 2035  3491
 2036  1998
 2037   556
 2038  3180
 2039  1698
 2040   241
 2041  2875
 2042  1373
 2043  4016
 2044  2547
 2045  1075
 2046  3694
 2047  2220
 2048   781
 2049  3402
 2050  1914
 2051   470
 2052  3079
 2053  1595
 2054   149
 2055  2746
 2056  1281
 2057  3892
 2058  2471
 2059  1003
 2060  3579
 2061  2129
 2062   676
 2063  3283
 2064  1827
 2065   377
 2066  2962
 2067  1508
 2068    26
 2069  2644
 2070  1216
 2071  3819
 2072  2351
 2073   900
 2074  3514
 2075  2044
 2076   566
 2077  3209
 2078  1747
 2079   273
 2080  2888
 2081  1400
 2082  4048
 2083  2568
 2084  1096
 2085  3737
 2086  2267
 2087   777
 2088  3399
 2089  1950
 2090   494
 2091  3087
 2092  1648
 2093   190
 2094  2784
 2095  1330
 2096  3950
 2097  2462
 2098  1018
 2099  3639
 2100  2180
 2101   720
 2102  3314
 2103  1836
 2104   376
 2105  2984
 2106  1531
 2107    88
 2108  2682
 2109  1224
 2110  3833
 2111  2372
 2112   912
 2113  3534
 2114  2068
 2115   605
 2116  3220
 2117  1752
 2118   312
 2119  2899
 2120  1442
 2121  4062
 2122  2604
 2123  1109
 2124  3743
 2125  2299
 2126   825
 2127  3448
 2128  1957
 2129   506
 2130  3123
 2131  1646
 2132   185
 2133  2822
 2134  1337
 2135  3990
 2136  2520
 2137  1048
 2138  3652
 2139  2196
 2140   708
 2141  3358
 2142  1865
 2143   427
 2144  3045
 2145  1582
 2146    93
 2147  2722
 2148  1247
 2149  3882
 2150  2417
 2151   951
 2152  3571
 2153  2090
 2154   643
 2155  3267
 2156  1775
 2157   326
 2158  2934
 2159  1480
 2160    22
 2161  2629
 2162  1178
 2163  3797
 2164  2295
 2165   859
 2166  3452
 2167  1989
 2168   524
 2169  3165
 2170  1687
 2171   235
 2172  2847
 2173  1397
 2174  3977
 2175  2540
 2176  1070
 2177  3680
 2178  2225
 2179   750
 2180  3352
 2181  1924
 2182   458
 2183  3063
 2184  1609
 2185   135
 2186  2745
 2187  1293
 2188  3913
 2189  2421
 2190   962
 2191  3568
 2192  2136
 2193   666
 2194  3287
 2195  1829
 2196   343
 2197  2949
 2198  1485
 2199    50
 2200  2665
 2201  1188
 2202  3806
 2203  2362
 2204   892
 2205  3502
 2206  2020
 2207   557
 2208  3198
 2209  1697
 2210   243
 2211  2872
 2212  1414
 2213  4020
 2214  2575
 2215  1099
 2216  3730
 2217  2254
 2218   775
 2219  3398
 2220  1955
 2221   457
 2222  3110
 2223  1623
 2224   160
 2225  2769
 2226  1313
 2227  3946
 2228  2481
 2229   990
 2230  3624
 2231  2168
 2232   686
 2233  3295
 2234  1854
 2235   373
 2236  3013
 2237  1511
 2238    64
 2239  2675
 2240  1197
 2241  3828
 2242  2382
 2243   904
 2244  3540
 2245  2067
 2246   586
 2247  3227
 2248  1746
 2249   265
 2250  2912
 2251  1439
 2252  4055
 2253  2565
 2254  1118
 2255  3753
 2256  2291
 2257   807
 2258  3419
 2259  1974
 2260   518
 2261  3112
 2262  1640
 2263   189
 2264  2808
 2265  1342
 2266  3949
 2267  2490
 2268  1020
 2269  3667
 2270  2169
 2271   721
 2272  3347
 2273  1860
 2274   391
 2275  3018
 2276  1546
 2277    87
 2278  2727
 2279  1234
 2280  3867
 2281  2378
 2282   946
 2283  3535
 2284  2108
 2285   627
 2286  3236
 2287  1765
 2288   319
 2289  2907
 2290  1449
 2291     1
 2292  2612
 2293  1144
 2294  3754
 2295  2312
 2296   867
 2297  3479
 2298  2001
 2299   536
 2300  3126
 2301  1680
 2302   221
 2303  2842
 2304  1372
 2305  3983
 2306  2512
 2307  1056
 2308  3678
 2309  2195
 2310   745
 2311  3346
 2312  1913
 2313   421
 2314  3064
 2315  1594
 2316   131
 2317  2721
 2318  1258
 2319  3905
 2320  2415
 2321   970
 2322  3586
 2323  2117
 2324   654
 2325  3282
 2326  1811
 2327   337
 2328  2961
 2329  1509
 2330    23
 2331  2642
 2332  1185
 2333  3789
 2334  2349
 2335   871
 2336  3476
 2337  2004
 2338   563
 2339  3177
 2340  1717
 2341   245
 2342  2878
 2343  1378
 2344  4025
 2345  2553
 2346  1088
 2347  3706
 2348  2222
 2349   778
 2350  3390
 2351  1942
 2352   473
 2353  3090
 2354  1600
 2355   138
 2356  2788
 2357  1300
 2358  3923
 2359  2457
 2360   978
 2361  3597
 2362  2152
 2363   692
 2364  3296
 2365  1816
 2366   375
 2367  2995
 2368  1504
 2369    47
 2370  2677
 2371  1226
 2372  3848
 2373  2360
 2374   889
 2375  3501
 2376  2047
 2377   582
 2378  3196
 2379  1730
 2380   280
 2381  2901
 2382  1415
 2383  4049
 2384  2561
 2385  1126
 2386  3741
 2387  2271
 2388   800
 2389  3410
 2390  1960
 2391   486
 2392  3106
 2393  1656
 2394   168
 2395  2782
 2396  1325
 2397  3938
 2398  2484
 2399  1038
 2400  3654
 2401  2151
 2402   710
 2403  3333
 2404  1844
 2405   412
 2406  2994
 2407  1537
 2408    80
 2409  2694
 2410  1239
 2411  3855
 2412  2401
 2413   937
 2414  3543
 2415  2064
 2416   606
 2417  3242
 2418  1770
 2419   294
 2420  2935
 2421  1458
 2422  4074
 2423  2591
 2424  1150
 2425  3750
 2426  2275
 2427   815
 2428  3456
 2429  2002
 2430   512
 2431  3133
 2432  1664
 2433   223
 2434  2844
 2435  1359
 2436  3961
 2437  2517
 2438  1034
 2439  3663
 2440  2212
 2441   724
 2442  3339
 2443  1875
 2444   430
 2445  3056
 2446  1580
 2447   109
 2448  2742
 2449  1279
 2450  3869
 2451  2427
 2452   950
 2453  3563
 2454  2110
 2455   650
 2456  3249
 2457  1779
 2458   310
 2459  2939
 2460  1490
 2461    27
 2462  2659
 2463  1173
 2464  3784
 2465  2333
 2466   854
 2467  3473
 2468  2029
 2469   541
 2470  3144
 2471  1716
 2472   215
 2473  2866
 2474  1375
 2475  4013
 2476  2529
 2477  1064
 2478  3677
 2479  2229
 2480   755
 2481  3368
 2482  1906
 2483   471
 2484  3077
 2485  1614
 2486   139
 2487  2772
 2488  1287
 2489  3906
 2490  2441
 2491   995
 2492  3583
 2493  2126
 2494   660
 2495  3268
 2496  1813
 2497   344
 2498  2975
 2499  1517
 2500    63
 2501  2650
 2502  1214
 2503  3796
 2504  2337
 2505   886
 2506  3520
 2507  2059
 2508   577
 2509  3202
 2510  1708
 2511   271
 2512  2870
 2513  1428
 2514  4036
 2515  2574
 2516  1110
 2517  3707
 2518  2260
 2519   779
 2520  3397
 2521  1934
 2522   485
 2523  3111
 2524  1617
 2525   158
 2526  2793
 2527  1324
 2528  3952
 2529  2461
 2530   994
 2531  3629
 2532  2165
 2533   685
 2534  3327
 2535  1849
 2536   370
 2537  2989
 2538  1529
 2539    68
 2540  2672
 2541  1209
 2542  3839
 2543  2385
 2544   926
 2545  3525
 2546  2070
 2547   602
 2548  3241
 2549  1740
 2550   295
 2551  2908
 2552  1460
 2553  4072
 2554  2598
 2555  1112
 2556  3739
 2557  2279
 2558   812
 2559  3434
 2560  1963
 2561   526
 2562  3136
 2563  1641
 2564   188
 2565  2819
 2566  1356
 2567  3975
 2568  2508
 2569  1052
 2570  3672
 2571  2204
 2572   743
 2573  3364
 2574  1862
 2575   405
 2576  3034
 2577  1566
 2578    99
 2579  2700
 2580  1256
 2581  3875
 2582  2420
 2583   949
 2584  3556
 2585  2082
 2586   629
 2587  3231
 2588  1798
 2589   298
 2590  2927
 2591  1482
 2592    18
 2593  2609
 2594  1169
 2595  3781
 2596  2302
 2597   829
 2598  3464
 2599  1982
 2600   528
 2601  3161
 2602  1703
 2603   224
 2604  2832
 2605  1363
 2606  3993
 2607  2513
 2608  1061
 2609  3684
 2610  2223
 2611   769
 2612  3383
 2613  1910
 2614   433
 2615  3040
 2616  1579
 2617   129
 2618  2748
 2619  1290
 2620  3896
 2621  2449
 2622   987
 2623  3575
 2624  2109
 2625   672
 2626  3280
 2627  1797
 2628   341
 2629  2968
 2630  1513
 2631    33
 2632  2669
 2633  1201
 2634  3820
 2635  2358
 2636   895
 2637  3500
 2638  2041
 2639   543
 2640  3183
 2641  1704
 2642   257
 2643  2881
 2644  1407
 2645  4023
 2646  2573
 2647  1082
 2648  3721
 2649  2241
 2650   787
 2651  3415
 2652  1927
 2653   452
 2654  3069
 2655  1621
 2656   140
 2657  2760
 2658  1288
 2659  3910
 2660  2453
 2661  1004
 2662  3617
 2663  2170
 2664   684
 2665  3313
 2666  1839
 2667   359
 2668  2976
 2669  1532
 2670    75
 2671  2670
 2672  1199
 2673  3825
 2674  2367
 2675   893
 2676  3523
 2677  2075
 2678   603
 2679  3201
 2680  1739
 2681   267
 2682  2910
 2683  1419
 2684  4044
 2685  2594
 2686  1129
 2687  3725
 2688  2264
 2689   802
 2690  3423
 2691  1972
 2692   499
 2693  3099
 2694  1665
 2695   195
 2696  2786
 2697  1352
 2698  3943
 2699  2492
 2700  1015
 2701  3648
 2702  2197
 2703   705
 2704  3316
 2705  1882
 2706   402
 2707  3014
 2708  1549
 2709    84
 2710  2713
 2711  1264
 2712  3852
 2713  2387
 2714   927
 2715  3546
 2716  2104
 2717   630
 2718  3235
 2719  1791
 2720   308
 2721  2938
 2722  1456
 2723  4068
 2724  2622
 2725  1140
 2726  3757
 2727  2310
 2728   841
 2729  3467
 2730  1983
 2731   540
 2732  3141
 2733  1692
 2734   213
 2735  2845
 2736  1368
 2737  3964
 2738  2501
 2739  1045
 2740  3685
 2741  2206
 2742   758
 2743  3341
 2744  1915
 2745   419
 2746  3048
 2747  1583
 2748   121
 2749  2724
 2750  1273
 2751  3876
 2752  2404
 2753   972
 2754  3582
 2755  2096
 2756   645
 2757  3265
 2758  1815
 2759   356
 2760  2972
 2761  1503
 2762    30
 2763  2640
 2764  1166
 2765  3778
 2766  2331
 2767   876
 2768  3486
 2769  2014
 2770   554
 2771  3181
 2772  1714
 2773   226
 2774  2868
 2775  1402
 2776  4035
 2777  2534
 2778  1095
 2779  3701
 2780  2224
 2781   776
 2782  3414
 2783  1928
 2784   455
 2785  3096
 2786  1615
 2787   148
 2788  2781
 2789  1303
 2790  3922
 2791  2438
 2792  1007
 2793  3621
 2794  2160
 2795   667
 2796  3305
 2797  1812
 2798   379
 2799  2992
 2800  1526
 2801    35
 2802  2664
 2803  1191
 2804  3826
 2805  2370
 2806   883
 2807  3505
 2808  2046
 2809   600
 2810  3186
 2811  1751
 2812   288
 2813  2879
 2814  1425
 2815  4043
 2816  2563
 2817  1123
 2818  3717
 2819  2263
 2820   780
 2821  3416
 2822  1941
 2823   496
 2824  3098
 2825  1658
 2826   163
 2827  2800
 2828  1318
 2829  3962
 2830  2491
 2831  1008
 2832  3627
 2833  2186
 2834   713
 2835  3331
 2836  1868
 2837   400
 2838  3020
 2839  1542
 2840   100
 2841  2703
 2842  1232
 2843  3858
 2844  2397
 2845   919
 2846  3527
 2847  2087
 2848   613
 2849  3214
 2850  1782
 2851   289
 2852  2937
 2853  1454
 2854  4053
 2855  2619
 2856  1134
 2857  3756
 2858  2292
 2859   826
 2860  3446
 2861  1959
 2862   511
 2863  3114
 2864  1652
 2865   209
 2866  2806
 2867  1336
 2868  3973
 2869  2511
 2870  1036
 2871  3659
 2872  2193
 2873   714
 2874  3367
 2875  1881
 2876   398
 2877  3031
 2878  1572
 2879   112
 2880  2740
 2881  1262
 2882  3898
 2883  2410
 2884   961
 2885  3573
 2886  2123
 2887   646
 2888  3252
 2889  1778
 2890   332
 2891  2928
 2892  1473
 2893  4080
 2894  2628
 2895  1182
 2896  3779
 2897  2335
 2898   852
 2899  3492
 2900  2015
 2901   527
 2902  3150
 2903  1693
 2904   225
 2905  2861
 2906  1381
 2907  4011
 2908  2548
 2909  1054
 2910  3700
 2911  2238
 2912   771
 2913  3381
 2914  1898
 2915   438
 2916  3073
 2917  1596
 2918   130
 2919  2758
 2920  1298
 2921  3924
 2922  2450
 2923   988
 2924  3587
 2925  2124
 2926   678
 2927  3301
 2928  1838
 2929   352
 2930  2957
 2931  1492
 2932    58
 2933  2656
 2934  1213
 2935  3821
 2936  2369
 2937   872
 2938  3484
 2939  2033
 2940   587
 2941  3197
 2942  1711
 2943   269
 2944  2889
 2945  1417
 2946  4014
 2947  2582
 2948  1090
 2949  3719
 2950  2253
 2951   785
 2952  3394
 2953  1951
 2954   477
 2955  3093
 2956  1625
 2957   181
 2958  2761
 2959  1320
 2960  3955
 2961  2460
 2962  1019
 2963  3619
 2964  2149
 2965   691
 2966  3306
 2967  1861
 2968   363
 2969  2993
 2970  1525
 2971    89
 2972  2701
 2973  1236
 2974  3846
 2975  2364
 2976   899
 2977  3522
 2978  2072
 2979   597
 2980  3221
 2981  1771
 2982   281
 2983  2916
 2984  1432
 2985  4042
 2986  2592
 2987  1114
 2988  3735
 2989  2300
 2990   803
 2991  3421
 2992  1973
 2993   502
 2994  3105
 2995  1677
 2996   191
 2997  2816
 2998  1338
 2999  3966
 3000  2488
 3001  1024
 3002  3642
 3003  2176
 3004   736
 3005  3321
 3006  1859
 3007   429
 3008  3022
 3009  1554
 3010   106
 3011  2717
 3012  1270
 3013  3871
 3014  2424
 3015   948
 3016  3572
 3017  2111
 3018   614
 3019  3238
 3020  1768
 3021   309
 3022  2917
 3023  1486
 3024    15
 3025  2631
 3026  1159
 3027  3767
 3028  2308
 3029   849
 3030  3477
 3031  2017
 3032   532
 3033  3159
 3034  1689
 3035   214
 3036  2857
 3037  1371
 3038  4004
 3039  2523
 3040  1055
 3041  3686
 3042  2221
 3043   751
 3044  3374
 3045  1895
 3046   440
 3047  3057
 3048  1590
 3049   123
 3050  2751
 3051  1286
 3052  3914
 3053  2440
 3054   971
 3055  3585
 3056  2125
 3057   648
 3058  3271
 3059  1801
 3060   340
 3061  2951
 3062  1502
 3063    12
 3064  2634
 3065  1179
 3066  3787
 3067  2352
 3068   857
 3069  3498
 3070  2021
 3071   575
 3072  3163
 3073  1713
 3074   237
 3075  2855
 3076  1401
 3077  4026
 3078  2571
 3079  1101
 3080  3709
 3081  2265
 3082   798
 3083  3384
 3084  1939
 3085   488
 3086  3072
 3087  1620
 3088   161
 3089  2791
 3090  1319
 3091  3920
 3092  2473
 3093  1013
 3094  3611
 3095  2132
 3096   680
 3097  3297
 3098  1831
 3099   382
 3100  2979
 3101  1547
 3102    46
 3103  2666
 3104  1205
 3105  3822
 3106  2383
 3107   924
 3108  3508
 3109  2040
 3110   576
 3111  3211
 3112  1735
 3113   272
 3114  2906
 3115  1440
 3116  4033
 3117  2576
 3118  1137
 3119  3745
 3120  2272
 3121   799
 3122  3425
 3123  1968
 3124   479
 3125  3129
 3126  1649
 3127   200
 3128  2801
 3129  1323
 3130  3937
 3131  2493
 3132  1012
 3133  3625
 3134  2185
 3135   731
 3136  3320
 3137  1853
 3138   414
 3139  3010
 3140  1551
 3141    83
 3142  2692
 3143  1252
 3144  3873
 3145  2392
 3146   941
 3147  3558
 3148  2094
 3149   634
 3150  3233
 3151  1766
 3152   297
 3153  2921
 3154  1466
 3155  4082
 3156  2595
 3157  1131
 3158  3758
 3159  2309
 3160   819
 3161  3458
 3162  1965
 3163   505
 3164  3155
 3165  1662
 3166   207
 3167  2848
 3168  1366
 3169  3984
 3170  2532
 3171  1067
 3172  3693
 3173  2184
 3174   728
 3175  3378
 3176  1880
 3177   415
 3178  3026
 3179  1570
 3180   103
 3181  2731
 3182  1250
 3183  3887
 3184  2444
 3185   975
 3186  3580
 3187  2119
 3188   637
 3189  3254
 3190  1784
 3191   324
 3192  2942
 3193  1498
 3194    32
 3195  2638
 3196  1186
 3197  3808
 3198  2311
 3199   884
 3200  3465
 3201  2028
 3202   547
 3203  3184
 3204  1712
 3205   247
 3206  2858
 3207  1390
 3208  3996
 3209  2546
 3210  1071
 3211  3695
 3212  2227
 3213   774
 3214  3391
 3215  1918
 3216   445
 3217  3059
 3218  1589
 3219   164
 3220  2771
 3221  1308
 3222  3921
 3223  2459
 3224   999
 3225  3606
 3226  2128
 3227   681
 3228  3275
 3229  1845
 3230   381
 3231  2988
 3232  1505
 3233    65
 3234  2688
 3235  1196
 3236  3841
 3237  2340
 3238   877
 3239  3510
 3240  2045
 3241   583
 3242  3213
 3243  1736
 3244   252
 3245  2895
 3246  1434
 3247  4038
 3248  2566
 3249  1119
 3250  3742
 3251  2250
 3252   806
 3253  3422
 3254  1954
 3255   468
 3256  3092
 3257  1622
 3258   155
 3259  2783
 3260  1309
 3261  3947
 3262  2499
 3263  1029
 3264  3637
 3265  2179
 3266   715
 3267  3329
 3268  1848
 3269   390
 3270  3007
 3271  1552
 3272    73
 3273  2716
 3274  1225
 3275  3862
 3276  2394
 3277   938
 3278  3560
 3279  2071
 3280   617
 3281  3230
 3282  1750
 3283   283
 3284  2894
 3285  1452
 3286  4075
 3287  2610
 3288  1113
 3289  3764
 3290  2303
 3291   837
 3292  3440
 3293  1962
 3294   509
 3295  3135
 3296  1681
 3297   196
 3298  2814
 3299  1351
 3300  3988
 3301  2505
 3302  1039
 3303  3656
 3304  2213
 3305   744
 3306  3350
 3307  1887
 3308   418
 3309  3038
 3310  1565
 3311   116
 3312  2736
 3313  1244
 3314  3886
 3315  2390
 3316   929
 3317  3552
 3318  2092
 3319   642
 3320  3255
 3321  1774
 3322   311
 3323  2958
 3324  1453
 3325     0
 3326  2645
 3327  1157
 3328  3773
 3329  2339
 3330   850
 3331  3474
 3332  2005
 3333   548
 3334  3154
 3335  1705
 3336   236
 3337  2856
 3338  1385
 3339  4008
 3340  2531
 3341  1086
 3342  3687
 3343  2202
 3344   747
 3345  3395
 3346  1893
 3347   442
 3348  3070
 3349  1616
 3350   122
 3351  2738
 3352  1311
 3353  3901
 3354  2425
 3355   982
 3356  3590
 3357  2122
 3358   662
 3359  3291
 3360  1823
 3361   361
 3362  2970
 3363  1501
 3364    52
 3365  2658
 3366  1210
 3367  3798
 3368  2359
 3369   894
 3370  3488
 3371  2050
 3372   559
 3373  3190
 3374  1715
 3375   266
 3376  2871
 3377  1408
 3378  4045
 3379  2551
 3380  1104
 3381  3727
 3382  2246
 3383   789
 3384  3392
 3385  1936
 3386   461
 3387  3080
 3388  1632
 3389   150
 3390  2774
 3391  1314
 3392  3916
 3393  2455
 3394   996
 3395  3608
 3396  2175
 3397   698
 3398  3318
 3399  1832
 3400   395
 3401  2997
 3402  1521
 3403    69
 3404  2690
 3405  1220
 3406  3853
 3407  2374
 3408   908
 3409  3517
 3410  2076
 3411   594
 3412  3199
 3413  1759
 3414   306
 3415  2883
 3416  1448
 3417  4056
 3418  2584
 3419  1120
 3420  3732
 3421  2281
 3422   830
 3423  3441
 3424  1979
 3425   513
 3426  3119
 3427  1670
 3428   192
 3429  2813
 3430  1357
 3431  3954
 3432  2516
 3433  1032
 3434  3658
 3435  2188
 3436   729
 3437  3322
 3438  1858
 3439   406
 3440  3012
 3441  1577
 3442   114
 3443  2728
 3444  1240
 3445  3866
 3446  2380
 3447   945
 3448  3557
 3449  2102
 3450   641
 3451  3250
 3452  1783
 3453   321
 3454  2909
 3455  1445
 3456    13
 3457  2611
 3458  1147
 3459  3791
 3460  2316
 3461   824
 3462  3444
 3463  2012
 3464   533
 3465  3158
 3466  1666
 3467   203
 3468  2841
 3469  1383
 3470  3985
 3471  2536
 3472  1050
 3473  3688
 3474  2218
 3475   730
 3476  3359
 3477  1919
 3478   446
 3479  3071
 3480  1602
 3481   120
 3482  2755
 3483  1285
 3484  3897
 3485  2428
 3486   952
 3487  3593
 3488  2103
 3489   661
 3490  3266
 3491  1803
 3492   338
 3493  2969
 3494  1493
 3495    43
 3496  2641
 3497  1193
 3498  3801
 3499  2343
 3500   860
 3501  3494
 3502  2043
 3503   565
 3504  3192
 3505  1723
 3506   253
 3507  2864
 3508  1394
 3509  4029
 3510  2569
 3511  1085
 3512  3699
 3513  2247
 3514   756
 3515  3406
 3516  1911
 3517   484
 3518  3076
 3519  1618
 3520   142
 3521  2777
 3522  1302
 3523  3928
 3524  2446
 3525   984
 3526  3605
 3527  2135
 3528   677
 3529  3315
 3530  1818
 3531   368
 3532  2990
 3533  1519
 3534    60
 3535  2663
 3536  1208
 3537  3816
 3538  2368
 3539   911
 3540  3532
 3541  2048
 3542   589
 3543  3223
 3544  1732
 3545   275
 3546  2904
 3547  1420
 3548  4063
 3549  2558
 3550  1100
 3551  3715
 3552  2287
 3553   793
 3554  3428
 3555  1967
 3556   500
 3557  3120
 3558  1637
 3559   169
 3560  2817
 3561  1333
 3562  3972
 3563  2498
 3564  1010
 3565  3649
 3566  2174
 3567   716
 3568  3326
 3569  1874
 3570   385
 3571  3001
 3572  1553
 3573    79
 3574  2714
 3575  1242
 3576  3861
 3577  2399
 3578   917
 3579  3526
 3580  2088
 3581   636
 3582  3229
 3583  1792
 3584   287
 3585  2900
 3586  1474
 3587  4061
 3588  2605
 3589  1124
 3590  3762
 3591  2307
 3592   843
 3593  3443
 3594  1991
 3595   510
 3596  3137
 3597  1674
 3598   202
 3599  2805
 3600  1364
 3601  3965
 3602  2518
 3603  1051
 3604  3653
 3605  2201
 3606   740
 3607  3372
 3608  1884
 3609   413
 3610  3049
 3611  1561
 3612   126
 3613  2737
 3614  1268
 3615  3899
 3616  2437
 3617   934
 3618  3578
 3619  2097
 3620   664
 3621  3273
 3622  1796
 3623   345
 3624  2955
 3625  1491
 3626    37
 3627  2637
 3628  1168
 3629  3799
 3630  2341
 3631   848
 3632  3481
 3633  1999
 3634   542
 3635  3187
 3636  1709
 3637   227
 3638  2850
 3639  1370
 3640  4003
 3641  2525
 3642  1080
 3643  3689
 3644  2231
 3645   772
 3646  3370
 3647  1908
 3648   464
 3649  3067
 3650  1606
 3651   132
 3652  2764
 3653  1312
 3654  3918
 3655  2439
 3656   985
 3657  3588
 3658  2138
 3659   655
 3660  3289
 3661  1837
 3662   342
 3663  2986
 3664  1527
 3665    54
 3666  2671
 3667  1206
 3668  3813
 3669  2353
 3670   910
 3671  3512
 3672  2038
 3673   561
 3674  3203
 3675  1724
 3676   255
 3677  2873
 3678  1409
 3679  4030
 3680  2570
 3681  1115
 3682  3718
 3683  2242
 3684   797
 3685  3429
 3686  1930
 3687   483
 3688  3089
 3689  1628
 3690   154
 3691  2802
 3692  1332
 3693  3931
 3694  2468
 3695  1001
 3696  3609
 3697  2173
 3698   718
 3699  3325
 3700  1870
 3701   380
 3702  2985
 3703  1558
 3704    92
 3705  2687
 3706  1218
 3707  3864
 3708  2393
 3709   920
 3710  3548
 3711  2058
 3712   626
 3713  3207
 3714  1760
 3715   274
 3716  2898
 3717  1451
 3718  4054
 3719  2599
 3720  1143
 3721  3768
 3722  2283
 3723   809
 3724  3436
 3725  1966
 3726   508
 3727  3116
 3728  1672
 3729   182
 3730  2823
 3731  1365
 3732  3956
 3733  2496
 3734  1043
 3735  3655
 3736  2194
 3737   732
 3738  3332
 3739  1892
 3740   439
 3741  3053
 3742  1560
 3743   118
 3744  2732
 3745  1263
 3746  3874
 3747  2422
 3748   933
 3749  3566
 3750  2106
 3751   635
 3752  3258
 3753  1772
 3754   333
 3755  2945
 3756  1484
 3757     7
 3758  2620
 3759  1165
 3760  3769
 3761  2298
 3762   846
 3763  3455
 3764  1993
 3765   537
 3766  3162
 3767  1682
 3768   208
 3769  2849
 3770  1387
 3771  4005
 3772  2550
 3773  1072
 3774  3670
 3775  2205
 3776   761
 3777  3361
 3778  1926
 3779   443
 3780  3068
 3781  1597
 3782   147
 3783  2767
 3784  1271
 3785  3915
 3786  2434
 3787   976
 3788  3594
 3789  2121
 3790   679
 3791  3278
 3792  1809
 3793   366
 3794  2980
 3795  1512
 3796    44
 3797  2662
 3798  1207
 3799  3823
 3800  2346
 3801   878
 3802  3496
 3803  2026
 3804   571
 3805  3185
 3806  1719
 3807   264
 3808  2890
 3809  1396
 3810  4028
 3811  2554
 3812  1084
 3813  3702
 3814  2243
 3815   792
 3816  3386
 3817  1952
 3818   493
 3819  3103
 3820  1639
 3821   173
 3822  2789
 3823  1307
 3824  3919
 3825  2452
 3826  1021
 3827  3635
 3828  2159
 3829   706
 3830  3299
 3831  1840
 3832   389
 3833  3000
 3834  1518
 3835    48
 3836  2679
 3837  1198
 3838  3859
 3839  2357
 3840   921
 3841  3507
 3842  2077
 3843   592
 3844  3222
 3845  1749
 3846   290
 3847  2891
 3848  1426
 3849  4066
 3850  2577
 3851  1125
 3852  3729
 3853  2259
 3854   821
 3855  3430
 3856  1945
 3857   491
 3858  3127
 3859  1661
 3860   194
 3861  2811
 3862  1339
 3863  3941
 3864  2500
 3865  1037
 3866  3634
 3867  2198
 3868   723
 3869  3324
 3870  1856
 3871   431
 3872  3041
 3873  1562
 3874    76
 3875  2705
 3876  1251
 3877  3860
 3878  2384
 3879   944
 3880  3537
 3881  2089
 3882   622
 3883  3257
 3884  1756
 3885   293
 3886  2946
 3887  1446
 3888    11
 3889  2632
 3890  1139
 3891  3774
 3892  2286
 3893   839
 3894  3460
 3895  2006
 3896   534
 3897  3156
 3898  1691
 3899   233
 3900  2825
 3901  1389
 3902  3997
 3903  2507
 3904  1047
 3905  3692
 3906  2216
 3907   752
 3908  3349
 3909  1903
 3910   450
 3911  3051
 3912  1573
 3913   113
 3914  2757
 3915  1284
 3916  3877
 3917  2418
 3918   980
 3919  3602
 3920  2116
 3921   632
 3922  3262
 3923  1805
 3924   335
 3925  2952
 3926  1479
 3927    24
 3928  2652
 3929  1174
 3930  3809
 3931  2336
 3932   865
 3933  3493
 3934  2024
 3935   551
 3936  3176
 3937  1731
 3938   230
 3939  2876
 3940  1391
 3941  4034
 3942  2567
 3943  1102
 3944  3691
 3945  2232
 3946   762
 3947  3379
 3948  1922
 3949   476
 3950  3081
 3951  1611
 3952   165
 3953  2765
 3954  1283
 3955  3935
 3956  2463
 3957   997
 3958  3600
 3959  2142
 3960   673
 3961  3298
 3962  1850
 3963   351
 3964  3003
 3965  1539
 3966    71
 3967  2691
 3968  1211
 3969  3815
 3970  2345
 3971   901
 3972  3519
 3973  2056
 3974   569
 3975  3193
 3976  1725
 3977   277
 3978  2903
 3979  1441
 3980  4051
 3981  2587
 3982  1106
 3983  3733
 3984  2257
 3985   783
 3986  3431
 3987  1964
 3988   481
 3989  3109
 3990  1657
 3991   176
 3992  2792
 3993  1347
 3994  3967
 3995  2502
 3996  1006
 3997  3626
 3998  2164
 3999   700
 4000  3335
 4001  1841
 4002   396
 4003  2991
 4004  1555
 4005    77
 4006  2693
 4007  1227
 4008  3845
 4009  2409
 4010   931
 4011  3541
 4012  2081
 4013   593
 4014  3228
 4015  1767
 4016   315
 4017  2932
 4018  1437
 4019  4076
 4020  2616
 4021  1160
 4022  3765
 4023  2304
 4024   820
 4025  3435
 4026  1975
 4027   522
 4028  3146
 4029  1686
 4030   197
 4031  2807
 4032  1361
 4033  3986
 4034  2509
 4035  1041
 4036  3661
 4037  2215
 4038   753
 4039  3365
 4040  1885
 4041   411
 4042  3027
 4043  1588
 4044   115
 4045  2708
 4046  1280
 4047  3872
 4048  2431
 4049   939
 4050  3576
 4051  2120
 4052   651
 4053  3263
 4054  1804
 4055   318
 4056  2963
 4057  1483
 4058  4081
 4059  2633
 4060  1187
 4061  3785
 4062  2322
 4063   856
 4064  3459
 4065  2009
 4066   538
 4067  3145
 4068  1706
 4069   249
 4070  2837
 4071  1395
 4072  4009
 4073  2539
 4074  1091
 4075  3682
 4076  2235
 4077   770
 4078  3393
 4079  1937
 4080   451
 4081  3078
 4082  1624
 4083   144
