R20T2QL2
Turbo Code Interleaving
User data with 4 flush bits N=1980
NOTE: Q-bit is the bit index after interleaving. Data-bit is the index of user data

Q-bit Data-bit
--------------
    0    19
    1  1284
    2   559
    3  1837
    4  1139
    5   414
    6  1685
    7   981
    8   263
    9  1543
   10   825
   11   121
   12  1381
   13   678
   14  1949
   15  1241
   16   512
   17  1793
   18  1084
   19   370
   20  1633
   21   931
   22   228
   23  1487
   24   770
   25    61
   26  1345
   27   635
   28  1908
   29  1180
   30   485
   31  1752
   32  1034
   33   332
   34  1586
   35   878
   36   172
   37  1436
   38   728
   39    23
   40  1290
   41   577
   42  1858
   43  1143
   44   425
   45  1702
   46   988
   47   274
   48  1550
   49   845
   50   118
   51  1402
   52   680
   53  1963
   54  1251
   55   538
   56  1817
   57  1088
   58   377
   59  1645
   60   940
   61   239
   62  1499
   63   791
   64    90
   65  1351
   66   652
   67  1915
   68  1204
   69   490
   70  1749
   71  1043
   72   338
   73  1604
   74   905
   75   198
   76  1460
   77   753
   78    43
   79  1311
   80   592
   81  1861
   82  1160
   83   445
   84  1712
   85  1006
   86   307
   87  1557
   88   860
   89   141
   90  1418
   91   704
   92  1972
   93  1261
   94   541
   95  1819
   96  1100
   97   409
   98  1667
   99   960
  100   240
  101  1513
  102   814
  103    93
  104  1362
  105   661
  106  1930
  107  1219
  108   501
  109  1766
  110  1058
  111   350
  112  1626
  113   922
  114   200
  115  1481
  116   759
  117    49
  118  1312
  119   605
  120  1873
  121  1176
  122   457
  123  1724
  124  1018
  125   316
  126  1575
  127   863
  128   162
  129  1429
  130   703
  131     3
  132  1276
  133   570
  134  1829
  135  1129
  136   404
  137  1673
  138   967
  139   259
  140  1533
  141   824
  142   101
  143  1372
  144   671
  145  1939
  146  1222
  147   508
  148  1786
  149  1083
  150   372
  151  1639
  152   919
  153   213
  154  1475
  155   780
  156    62
  157  1341
  158   632
  159  1883
  160  1184
  161   459
  162  1741
  163  1036
  164   324
  165  1587
  166   877
  167   163
  168  1443
  169   729
  170    29
  171  1287
  172   582
  173  1843
  174  1137
  175   422
  176  1704
  177   983
  178   265
  179  1554
  180   837
  181   127
  182  1403
  183   685
  184  1956
  185  1238
  186   535
  187  1790
  188  1090
  189   382
  190  1653
  191   947
  192   229
  193  1498
  194   795
  195    78
  196  1346
  197   641
  198  1907
  199  1200
  200   481
  201  1759
  202  1047
  203   336
  204  1608
  205   895
  206   176
  207  1456
  208   736
  209    32
  210  1292
  211   595
  212  1867
  213  1151
  214   448
  215  1708
  216   998
  217   287
  218  1556
  219   853
  220   137
  221  1406
  222   696
  223  1960
  224  1255
  225   548
  226  1820
  227  1111
  228   401
  229  1672
  230   950
  231   246
  232  1521
  233   797
  234    86
  235  1356
  236   650
  237  1926
  238  1209
  239   503
  240  1762
  241  1060
  242   358
  243  1620
  244   900
  245   212
  246  1470
  247   766
  248    39
  249  1317
  250   593
  251  1878
  252  1170
  253   458
  254  1722
  255  1019
  256   295
  257  1570
  258   871
  259   156
  260  1413
  261   713
  262     0
  263  1262
  264   552
  265  1835
  266  1119
  267   407
  268  1668
  269   962
  270   256
  271  1525
  272   815
  273   107
  274  1383
  275   660
  276  1934
  277  1216
  278   509
  279  1783
  280  1079
  281   359
  282  1638
  283   928
  284   209
  285  1474
  286   760
  287    64
  288  1337
  289   610
  290  1880
  291  1174
  292   464
  293  1744
  294  1033
  295   313
  296  1584
  297   869
  298   158
  299  1431
  300   721
  301    17
  302  1289
  303   578
  304  1851
  305  1121
  306   420
  307  1691
  308   991
  309   278
  310  1548
  311   830
  312   113
  313  1387
  314   677
  315  1954
  316  1233
  317   522
  318  1796
  319  1081
  320   366
  321  1644
  322   939
  323   221
  324  1496
  325   793
  326    72
  327  1342
  328   626
  329  1894
  330  1190
  331   479
  332  1748
  333  1035
  334   327
  335  1592
  336   896
  337   188
  338  1442
  339   748
  340    27
  341  1294
  342   591
  343  1849
  344  1141
  345   426
  346  1706
  347   999
  348   290
  349  1549
  350   840
  351   136
  352  1400
  353   700
  354  1955
  355  1247
  356   537
  357  1806
  358  1089
  359   388
  360  1651
  361   945
  362   243
  363  1505
  364   807
  365    77
  366  1364
  367   638
  368  1910
  369  1196
  370   491
  371  1765
  372  1050
  373   333
  374  1611
  375   910
  376   193
  377  1461
  378   745
  379    41
  380  1301
  381   604
  382  1865
  383  1155
  384   442
  385  1725
  386  1017
  387   297
  388  1559
  389   849
  390   139
  391  1410
  392   706
  393  1965
  394  1254
  395   551
  396  1818
  397  1114
  398   399
  399  1680
  400   951
  401   255
  402  1528
  403   812
  404   100
  405  1374
  406   665
  407  1935
  408  1213
  409   510
  410  1780
  411  1062
  412   355
  413  1622
  414   909
  415   206
  416  1479
  417   757
  418    53
  419  1327
  420   620
  421  1875
  422  1162
  423   467
  424  1730
  425  1016
  426   306
  427  1588
  428   870
  429   154
  430  1433
  431   712
  432    16
  433  1272
  434   573
  435  1828
  436  1117
  437   424
  438  1689
  439   976
  440   266
  441  1542
  442   817
  443   114
  444  1392
  445   663
  446  1936
  447  1228
  448   529
  449  1794
  450  1082
  451   363
  452  1647
  453   924
  454   232
  455  1494
  456   776
  457    76
  458  1347
  459   633
  460  1897
  461  1192
  462   478
  463  1734
  464  1042
  465   321
  466  1582
  467   880
  468   169
  469  1445
  470   740
  471    14
  472  1293
  473   584
  474  1840
  475  1140
  476   428
  477  1701
  478  1000
  479   269
  480  1544
  481   829
  482   124
  483  1391
  484   676
  485  1964
  486  1250
  487   531
  488  1809
  489  1101
  490   383
  491  1656
  492   944
  493   236
  494  1500
  495   790
  496    74
  497  1344
  498   642
  499  1919
  500  1211
  501   499
  502  1746
  503  1045
  504   337
  505  1612
  506   898
  507   189
  508  1464
  509   741
  510    31
  511  1308
  512   596
  513  1860
  514  1153
  515   440
  516  1705
  517  1009
  518   291
  519  1563
  520   857
  521   142
  522  1416
  523   697
  524  1968
  525  1253
  526   546
  527  1825
  528  1110
  529   402
  530  1669
  531   959
  532   248
  533  1509
  534   806
  535    95
  536  1370
  537   647
  538  1927
  539  1220
  540   498
  541  1775
  542  1069
  543   361
  544  1629
  545   911
  546   210
  547  1477
  548   762
  549    48
  550  1321
  551   598
  552  1882
  553  1157
  554   450
  555  1728
  556  1014
  557   298
  558  1574
  559   875
  560   155
  561  1423
  562   708
  563    11
  564  1281
  565   566
  566  1830
  567  1126
  568   416
  569  1687
  570   979
  571   260
  572  1524
  573   813
  574    98
  575  1375
  576   670
  577  1931
  578  1218
  579   521
  580  1787
  581  1068
  582   360
  583  1636
  584   921
  585   211
  586  1485
  587   774
  588    57
  589  1324
  590   618
  591  1890
  592  1181
  593   463
  594  1740
  595  1023
  596   320
  597  1581
  598   882
  599   173
  600  1432
  601   724
  602     6
  603  1286
  604   574
  605  1836
  606  1130
  607   427
  608  1690
  609   987
  610   262
  611  1532
  612   835
  613   116
  614  1397
  615   675
  616  1958
  617  1244
  618   525
  619  1807
  620  1092
  621   381
  622  1641
  623   941
  624   219
  625  1503
  626   784
  627    87
  628  1343
  629   644
  630  1905
  631  1187
  632   477
  633  1751
  634  1053
  635   346
  636  1594
  637   891
  638   178
  639  1454
  640   749
  641    25
  642  1307
  643   580
  644  1852
  645  1156
  646   444
  647  1711
  648   997
  649   279
  650  1551
  651   847
  652   140
  653  1396
  654   701
  655  1957
  656  1256
  657   547
  658  1810
  659  1102
  660   395
  661  1658
  662   957
  663   252
  664  1518
  665   799
  666    85
  667  1366
  668   645
  669  1920
  670  1212
  671   488
  672  1770
  673  1057
  674   340
  675  1619
  676   913
  677   201
  678  1459
  679   752
  680    50
  681  1320
  682   613
  683  1881
  684  1168
  685   453
  686  1716
  687  1010
  688   299
  689  1579
  690   852
  691   153
  692  1415
  693   710
  694  1974
  695  1277
  696   567
  697  1822
  698  1112
  699   412
  700  1666
  701   964
  702   254
  703  1516
  704   809
  705    97
  706  1363
  707   667
  708  1937
  709  1214
  710   511
  711  1781
  712  1070
  713   354
  714  1630
  715   912
  716   216
  717  1482
  718   778
  719    65
  720  1334
  721   619
  722  1896
  723  1185
  724   469
  725  1732
  726  1021
  727   312
  728  1585
  729   867
  730   170
  731  1425
  732   731
  733    22
  734  1275
  735   565
  736  1847
  737  1124
  738   419
  739  1682
  740   984
  741   271
  742  1529
  743   821
  744   120
  745  1386
  746   679
  747  1953
  748  1243
  749   517
  750  1789
  751  1085
  752   375
  753  1652
  754   935
  755   222
  756  1495
  757   781
  758    68
  759  1335
  760   634
  761  1902
  762  1199
  763   476
  764  1750
  765  1032
  766   318
  767  1607
  768   889
  769   174
  770  1448
  771   732
  772    24
  773  1295
  774   590
  775  1862
  776  1152
  777   439
  778  1709
  779   986
  780   275
  781  1546
  782   841
  783   135
  784  1407
  785   693
  786  1966
  787  1252
  788   545
  789  1813
  790  1109
  791   389
  792  1649
  793   952
  794   237
  795  1497
  796   789
  797    89
  798  1352
  799   655
  800  1911
  801  1195
  802   504
  803  1760
  804  1061
  805   339
  806  1602
  807   892
  808   191
  809  1462
  810   744
  811    33
  812  1316
  813   594
  814  1868
  815  1161
  816   447
  817  1720
  818  1001
  819   294
  820  1567
  821   846
  822   152
  823  1417
  824   695
  825  1971
  826  1271
  827   554
  828  1816
  829  1103
  830   394
  831  1675
  832   955
  833   244
  834  1515
  835   808
  836   102
  837  1371
  838   657
  839  1928
  840  1223
  841   516
  842  1768
  843  1066
  844   353
  845  1623
  846   908
  847   195
  848  1472
  849   769
  850    56
  851  1318
  852   606
  853  1892
  854  1164
  855   465
  856  1721
  857  1011
  858   315
  859  1573
  860   876
  861   161
  862  1430
  863   714
  864    15
  865  1285
  866   568
  867  1842
  868  1118
  869   411
  870  1676
  871   974
  872   267
  873  1540
  874   826
  875   109
  876  1385
  877   668
  878  1943
  879  1232
  880   527
  881  1795
  882  1080
  883   371
  884  1642
  885   934
  886   215
  887  1483
  888   783
  889    71
  890  1325
  891   631
  892  1887
  893  1186
  894   472
  895  1737
  896  1027
  897   325
  898  1601
  899   881
  900   168
  901  1437
  902   734
  903    28
  904  1296
  905   572
  906  1845
  907  1136
  908   429
  909  1700
  910   989
  911   284
  912  1552
  913   832
  914   134
  915  1395
  916   694
  917  1945
  918  1248
  919   539
  920  1803
  921  1094
  922   385
  923  1662
  924   949
  925   235
  926  1502
  927   788
  928    91
  929  1360
  930   637
  931  1900
  932  1198
  933   484
  934  1763
  935  1046
  936   335
  937  1605
  938   894
  939   183
  940  1447
  941   751
  942    36
  943  1305
  944   597
  945  1857
  946  1146
  947   436
  948  1717
  949  1013
  950   300
  951  1566
  952   856
  953   145
  954  1414
  955   705
  956  1961
  957  1266
  958   550
  959  1814
  960  1113
  961   398
  962  1671
  963   958
  964   241
  965  1523
  966   798
  967    96
  968  1359
  969   653
  970  1925
  971  1205
  972   497
  973  1767
  974  1065
  975   352
  976  1610
  977   917
  978   192
  979  1473
  980   764
  981    47
  982  1313
  983   614
  984  1876
  985  1159
  986   456
  987  1733
  988  1012
  989   301
  990  1572
  991   864
  992   149
  993  1411
  994   715
  995  1979
  996  1267
  997   563
  998  1831
  999  1125
 1000   405
 1001  1681
 1002   971
 1003   264
 1004  1530
 1005   819
 1006   115
 1007  1376
 1008   669
 1009  1941
 1010  1231
 1011   514
 1012  1788
 1013  1076
 1014   365
 1015  1632
 1016   923
 1017   208
 1018  1476
 1019   768
 1020    66
 1021  1326
 1022   624
 1023  1895
 1024  1179
 1025   466
 1026  1738
 1027  1037
 1028   314
 1029  1593
 1030   886
 1031   157
 1032  1435
 1033   723
 1034     7
 1035  1283
 1036   583
 1037  1853
 1038  1142
 1039   431
 1040  1699
 1041   973
 1042   282
 1043  1534
 1044   834
 1045   128
 1046  1394
 1047   690
 1048  1940
 1049  1235
 1050   528
 1051  1805
 1052  1093
 1053   379
 1054  1654
 1055   937
 1056   234
 1057  1488
 1058   792
 1059    69
 1060  1340
 1061   623
 1062  1904
 1063  1201
 1064   489
 1065  1743
 1066  1031
 1067   330
 1068  1599
 1069   890
 1070   179
 1071  1453
 1072   737
 1073    38
 1074  1299
 1075   581
 1076  1864
 1077  1145
 1078   441
 1079  1713
 1080   995
 1081   288
 1082  1564
 1083   838
 1084   143
 1085  1405
 1086   687
 1087  1973
 1088  1257
 1089   544
 1090  1821
 1091  1096
 1092   386
 1093  1661
 1094   948
 1095   238
 1096  1514
 1097   800
 1098    84
 1099  1357
 1100   639
 1101  1912
 1102  1215
 1103   500
 1104  1774
 1105  1055
 1106   342
 1107  1617
 1108   901
 1109   197
 1110  1452
 1111   754
 1112    37
 1113  1306
 1114   609
 1115  1866
 1116  1166
 1117   446
 1118  1710
 1119  1005
 1120   304
 1121  1565
 1122   858
 1123   150
 1124  1419
 1125   709
 1126     2
 1127  1270
 1128   560
 1129  1824
 1130  1116
 1131   396
 1132  1684
 1133   966
 1134   253
 1135  1526
 1136   822
 1137   110
 1138  1367
 1139   656
 1140  1923
 1141  1229
 1142   513
 1143  1779
 1144  1064
 1145   367
 1146  1621
 1147   916
 1148   202
 1149  1484
 1150   775
 1151    51
 1152  1332
 1153   611
 1154  1891
 1155  1178
 1156   474
 1157  1739
 1158  1025
 1159   309
 1160  1589
 1161   865
 1162   159
 1163  1439
 1164   726
 1165     1
 1166  1280
 1167   571
 1168  1844
 1169  1128
 1170   415
 1171  1692
 1172   977
 1173   261
 1174  1531
 1175   828
 1176   123
 1177  1382
 1178   681
 1179  1951
 1180  1234
 1181   530
 1182  1802
 1183  1087
 1184   384
 1185  1635
 1186   933
 1187   224
 1188  1492
 1189   772
 1190    63
 1191  1349
 1192   636
 1193  1893
 1194  1183
 1195   473
 1196  1753
 1197  1030
 1198   328
 1199  1600
 1200   879
 1201   177
 1202  1440
 1203   739
 1204    21
 1205  1297
 1206   589
 1207  1850
 1208  1148
 1209   433
 1210  1693
 1211   993
 1212   283
 1213  1545
 1214   843
 1215   133
 1216  1401
 1217   689
 1218  1959
 1219  1236
 1220   534
 1221  1798
 1222  1105
 1223   391
 1224  1648
 1225   946
 1226   233
 1227  1510
 1228   794
 1229    94
 1230  1355
 1231   651
 1232  1913
 1233  1194
 1234   492
 1235  1755
 1236  1054
 1237   344
 1238  1609
 1239   897
 1240   187
 1241  1463
 1242   743
 1243    42
 1244  1309
 1245   586
 1246  1872
 1247  1150
 1248   451
 1249  1718
 1250  1003
 1251   293
 1252  1562
 1253   859
 1254   146
 1255  1422
 1256   702
 1257  1978
 1258  1268
 1259   555
 1260  1815
 1261  1115
 1262   410
 1263  1665
 1264   961
 1265   247
 1266  1522
 1267   805
 1268   104
 1269  1369
 1270   646
 1271  1922
 1272  1217
 1273   502
 1274  1773
 1275  1072
 1276   351
 1277  1625
 1278   906
 1279   207
 1280  1466
 1281   761
 1282    58
 1283  1323
 1284   612
 1285  1888
 1286  1167
 1287   462
 1288  1731
 1289  1022
 1290   310
 1291  1577
 1292   862
 1293   166
 1294  1427
 1295   716
 1296    13
 1297  1274
 1298   562
 1299  1833
 1300  1127
 1301   421
 1302  1679
 1303   970
 1304   268
 1305  1537
 1306   818
 1307   105
 1308  1378
 1309   672
 1310  1933
 1311  1237
 1312   524
 1313  1782
 1314  1078
 1315   364
 1316  1637
 1317   929
 1318   217
 1319  1489
 1320   767
 1321    70
 1322  1328
 1323   630
 1324  1898
 1325  1182
 1326   482
 1327  1742
 1328  1040
 1329   329
 1330  1598
 1331   884
 1332   167
 1333  1446
 1334   730
 1335    20
 1336  1282
 1337   579
 1338  1854
 1339  1134
 1340   430
 1341  1698
 1342   978
 1343   280
 1344  1547
 1345   836
 1346   122
 1347  1398
 1348   691
 1349  1946
 1350  1246
 1351   532
 1352  1799
 1353  1086
 1354   387
 1355  1650
 1356   938
 1357   230
 1358  1504
 1359   787
 1360    75
 1361  1353
 1362   629
 1363  1906
 1364  1207
 1365   487
 1366  1761
 1367  1049
 1368   334
 1369  1597
 1370   888
 1371   194
 1372  1450
 1373   735
 1374    40
 1375  1302
 1376   599
 1377  1856
 1378  1154
 1379   449
 1380  1707
 1381   996
 1382   285
 1383  1553
 1384   851
 1385   147
 1386  1412
 1387   698
 1388  1977
 1389  1258
 1390   553
 1391  1823
 1392  1097
 1393   397
 1394  1674
 1395   956
 1396   249
 1397  1519
 1398   811
 1399    99
 1400  1365
 1401   659
 1402  1921
 1403  1206
 1404   496
 1405  1776
 1406  1063
 1407   348
 1408  1613
 1409   907
 1410   199
 1411  1469
 1412   765
 1413    46
 1414  1322
 1415   608
 1416  1871
 1417  1165
 1418   461
 1419  1719
 1420  1008
 1421   303
 1422  1571
 1423   854
 1424   144
 1425  1426
 1426   719
 1427     5
 1428  1273
 1429   561
 1430  1832
 1431  1122
 1432   417
 1433  1677
 1434   963
 1435   250
 1436  1520
 1437   823
 1438   112
 1439  1377
 1440   666
 1441  1932
 1442  1227
 1443   507
 1444  1772
 1445  1067
 1446   368
 1447  1628
 1448   925
 1449   205
 1450  1486
 1451   763
 1452    60
 1453  1330
 1454   615
 1455  1879
 1456  1175
 1457   468
 1458  1736
 1459  1024
 1460   311
 1461  1583
 1462   872
 1463   165
 1464  1441
 1465   720
 1466     8
 1467  1279
 1468   575
 1469  1846
 1470  1135
 1471   434
 1472  1688
 1473   980
 1474   277
 1475  1538
 1476   833
 1477   117
 1478  1390
 1479   682
 1480  1944
 1481  1242
 1482   533
 1483  1801
 1484  1095
 1485   378
 1486  1643
 1487   932
 1488   223
 1489  1490
 1490   779
 1491    73
 1492  1338
 1493   625
 1494  1903
 1495  1188
 1496   486
 1497  1756
 1498  1039
 1499   341
 1500  1603
 1501   887
 1502   181
 1503  1451
 1504   750
 1505    35
 1506  1291
 1507   585
 1508  1848
 1509  1149
 1510   437
 1511  1714
 1512   994
 1513   281
 1514  1561
 1515   850
 1516   125
 1517  1408
 1518   692
 1519  1969
 1520  1260
 1521   543
 1522  1811
 1523  1091
 1524   380
 1525  1663
 1526   953
 1527   245
 1528  1511
 1529   801
 1530    81
 1531  1348
 1532   654
 1533  1924
 1534  1197
 1535   506
 1536  1758
 1537  1052
 1538   343
 1539  1616
 1540   914
 1541   190
 1542  1467
 1543   756
 1544    45
 1545  1314
 1546   607
 1547  1869
 1548  1163
 1549   454
 1550  1726
 1551  1015
 1552   308
 1553  1576
 1554   868
 1555   148
 1556  1421
 1557   707
 1558  1975
 1559  1265
 1560   549
 1561  1826
 1562  1108
 1563   400
 1564  1678
 1565   968
 1566   251
 1567  1517
 1568   820
 1569   103
 1570  1373
 1571   662
 1572  1929
 1573  1226
 1574   515
 1575  1777
 1576  1071
 1577   362
 1578  1634
 1579   918
 1580   214
 1581  1471
 1582   771
 1583    52
 1584  1331
 1585   621
 1586  1885
 1587  1172
 1588   455
 1589  1729
 1590  1028
 1591   322
 1592  1590
 1593   861
 1594   171
 1595  1434
 1596   718
 1597     4
 1598  1269
 1599   576
 1600  1839
 1601  1132
 1602   413
 1603  1683
 1604   972
 1605   276
 1606  1536
 1607   816
 1608   111
 1609  1380
 1610   683
 1611  1950
 1612  1224
 1613   526
 1614  1792
 1615  1073
 1616   369
 1617  1640
 1618   930
 1619   227
 1620  1491
 1621   782
 1622    79
 1623  1339
 1624   617
 1625  1899
 1626  1189
 1627   471
 1628  1754
 1629  1029
 1630   319
 1631  1596
 1632   893
 1633   180
 1634  1444
 1635   727
 1636    18
 1637  1300
 1638   587
 1639  1863
 1640  1144
 1641   423
 1642  1696
 1643   982
 1644   286
 1645  1558
 1646   844
 1647   132
 1648  1393
 1649   684
 1650  1952
 1651  1240
 1652   540
 1653  1804
 1654  1099
 1655   393
 1656  1646
 1657   936
 1658   226
 1659  1501
 1660   796
 1661    83
 1662  1361
 1663   648
 1664  1914
 1665  1193
 1666   483
 1667  1771
 1668  1044
 1669   347
 1670  1615
 1671   904
 1672   184
 1673  1468
 1674   742
 1675    34
 1676  1304
 1677   601
 1678  1874
 1679  1158
 1680   438
 1681  1715
 1682  1004
 1683   292
 1684  1568
 1685   855
 1686   138
 1687  1404
 1688   711
 1689  1962
 1690  1264
 1691   558
 1692  1812
 1693  1104
 1694   403
 1695  1660
 1696   965
 1697   258
 1698  1507
 1699   802
 1700   106
 1701  1368
 1702   658
 1703  1918
 1704  1210
 1705   505
 1706  1785
 1707  1059
 1708   349
 1709  1627
 1710   903
 1711   196
 1712  1458
 1713   755
 1714    59
 1715  1310
 1716   616
 1717  1884
 1718  1169
 1719   460
 1720  1723
 1721  1020
 1722   302
 1723  1580
 1724   873
 1725   151
 1726  1424
 1727   717
 1728    12
 1729  1263
 1730   556
 1731  1827
 1732  1133
 1733   408
 1734  1686
 1735   969
 1736   270
 1737  1535
 1738   827
 1739   119
 1740  1389
 1741   673
 1742  1938
 1743  1225
 1744   519
 1745  1784
 1746  1077
 1747   373
 1748  1631
 1749   920
 1750   220
 1751  1480
 1752   773
 1753    67
 1754  1329
 1755   628
 1756  1889
 1757  1177
 1758   475
 1759  1745
 1760  1026
 1761   317
 1762  1595
 1763   885
 1764   164
 1765  1438
 1766   725
 1767     9
 1768  1288
 1769   569
 1770  1838
 1771  1131
 1772   432
 1773  1697
 1774   990
 1775   272
 1776  1539
 1777   839
 1778   130
 1779  1388
 1780   688
 1781  1948
 1782  1245
 1783   523
 1784  1791
 1785  1098
 1786   374
 1787  1659
 1788   942
 1789   225
 1790  1506
 1791   786
 1792    92
 1793  1350
 1794   640
 1795  1909
 1796  1191
 1797   495
 1798  1757
 1799  1051
 1800   331
 1801  1606
 1802   899
 1803   186
 1804  1455
 1805   746
 1806    26
 1807  1298
 1808   600
 1809  1855
 1810  1147
 1811   443
 1812  1703
 1813  1002
 1814   296
 1815  1560
 1816   848
 1817   126
 1818  1409
 1819   686
 1820  1970
 1821  1249
 1822   536
 1823  1808
 1824  1106
 1825   392
 1826  1657
 1827   954
 1828   242
 1829  1512
 1830   804
 1831    88
 1832  1354
 1833   643
 1834  1917
 1835  1208
 1836   494
 1837  1769
 1838  1056
 1839   357
 1840  1618
 1841   915
 1842   203
 1843  1465
 1844   747
 1845    44
 1846  1315
 1847   602
 1848  1877
 1849  1171
 1850   452
 1851  1727
 1852  1007
 1853   305
 1854  1569
 1855   866
 1856   160
 1857  1420
 1858   722
 1859  1976
 1860  1259
 1861   557
 1862  1834
 1863  1120
 1864   406
 1865  1670
 1866   975
 1867   257
 1868  1527
 1869   810
 1870   108
 1871  1379
 1872   664
 1873  1942
 1874  1221
 1875   518
 1876  1778
 1877  1074
 1878   356
 1879  1624
 1880   926
 1881   204
 1882  1478
 1883   777
 1884    55
 1885  1336
 1886   622
 1887  1886
 1888  1173
 1889   470
 1890  1735
 1891  1038
 1892   323
 1893  1578
 1894   874
 1895   175
 1896  1428
 1897   733
 1898    10
 1899  1278
 1900   564
 1901  1841
 1902  1123
 1903   418
 1904  1694
 1905   985
 1906   273
 1907  1541
 1908   831
 1909   129
 1910  1384
 1911   674
 1912  1947
 1913  1230
 1914   520
 1915  1797
 1916  1075
 1917   376
 1918  1655
 1919   927
 1920   218
 1921  1493
 1922   785
 1923    82
 1924  1333
 1925   627
 1926  1901
 1927  1202
 1928   480
 1929  1747
 1930  1041
 1931   326
 1932  1591
 1933   883
 1934   182
 1935  1449
 1936   738
 1937    30
 1938  1303
 1939   588
 1940  1859
 1941  1138
 1942   435
 1943  1695
 1944   992
 1945   289
 1946  1555
 1947   842
 1948   131
 1949  1399
 1950   699
 1951  1967
 1952  1239
 1953   542
 1954  1800
 1955  1107
 1956   390
 1957  1664
 1958   943
 1959   231
 1960  1508
 1961   803
 1962    80
 1963  1358
 1964   649
 1965  1916
 1966  1203
 1967   493
 1968  1764
 1969  1048
 1970   345
 1971  1614
 1972   902
 1973   185
 1974  1457
 1975   758
 1976    54
 1977  1319
 1978   603
 1979  1870
