R5T1XH1
Turbo Code Interleaving
User data with 4 flush bits N=252
NOTE: Q-bit is the bit index after interleaving. Data-bit is the index of user data

Q-bit Data-bit
--------------
    0     1
    1   162
    2    71
    3   233
    4   144
    5    53
    6   214
    7   124
    8    34
    9   195
   10   105
   11    16
   12   176
   13    86
   14   247
   15   157
   16    66
   17   228
   18   137
   19    46
   20   207
   21   118
   22    28
   23   189
   24    98
   25     8
   26   170
   27    80
   28   242
   29   149
   30    61
   31   222
   32   130
   33    41
   34   201
   35   112
   36    22
   37   182
   38    92
   39     2
   40   164
   41    73
   42   235
   43   145
   44    55
   45   215
   46   126
   47    36
   48   196
   49   107
   50    15
   51   177
   52    87
   53   250
   54   158
   55    68
   56   229
   57   138
   58    48
   59   209
   60   119
   61    30
   62   191
   63   100
   64    12
   65   172
   66    83
   67   243
   68   152
   69    62
   70   221
   71   132
   72    43
   73   203
   74   115
   75    24
   76   185
   77    95
   78     6
   79   166
   80    75
   81   236
   82   147
   83    56
   84   218
   85   128
   86    38
   87   199
   88   109
   89    19
   90   180
   91    91
   92   251
   93   160
   94    69
   95   230
   96   140
   97    52
   98   211
   99   122
  100    31
  101   192
  102   103
  103    13
  104   174
  105    84
  106   245
  107   154
  108    63
  109   225
  110   134
  111    44
  112   206
  113   117
  114    25
  115   188
  116    96
  117     7
  118   167
  119    78
  120   238
  121   148
  122    58
  123   219
  124   129
  125    39
  126   200
  127   110
  128    20
  129   181
  130    90
  131     0
  132   161
  133    72
  134   232
  135   142
  136    51
  137   213
  138   123
  139    33
  140   194
  141   104
  142    14
  143   175
  144    85
  145   246
  146   155
  147    65
  148   226
  149   136
  150    47
  151   208
  152   116
  153    27
  154   187
  155    99
  156     9
  157   169
  158    79
  159   240
  160   150
  161    59
  162   220
  163   131
  164    40
  165   202
  166   111
  167    21
  168   183
  169    93
  170     3
  171   163
  172    74
  173   234
  174   143
  175    54
  176   216
  177   125
  178    35
  179   197
  180   106
  181    17
  182   178
  183    88
  184   248
  185   156
  186    67
  187   227
  188   139
  189    49
  190   210
  191   120
  192    29
  193   190
  194   101
  195    10
  196   171
  197    81
  198   241
  199   151
  200    60
  201   223
  202   133
  203    42
  204   204
  205   113
  206    23
  207   184
  208    94
  209     4
  210   165
  211    77
  212   237
  213   146
  214    57
  215   217
  216   127
  217    37
  218   198
  219   108
  220    18
  221   179
  222    89
  223   249
  224   159
  225    70
  226   231
  227   141
  228    50
  229   212
  230   121
  231    32
  232   193
  233   102
  234    11
  235   173
  236    82
  237   244
  238   153
  239    64
  240   224
  241   135
  242    45
  243   205
  244   114
  245    26
  246   186
  247    97
  248     5
  249   168
  250    76
  251   239
