R5T2XH3
Turbo Code Interleaving
User data with 4 flush bits N=708
NOTE: Q-bit is the bit index after interleaving. Data-bit is the index of user data

Q-bit Data-bit
--------------
    0     7
    1   458
    2   200
    3   659
    4   407
    5   148
    6   602
    7   350
    8    96
    9   551
   10   296
   11    45
   12   494
   13   245
   14   695
   15   443
   16   185
   17   641
   18   388
   19   133
   20   583
   21   333
   22    80
   23   532
   24   276
   25    22
   26   481
   27   226
   28   682
   29   422
   30   174
   31   629
   32   369
   33   118
   34   569
   35   315
   36    62
   37   515
   38   261
   39     8
   40   462
   41   206
   42   665
   43   410
   44   153
   45   608
   46   353
   47   100
   48   555
   49   302
   50    44
   51   502
   52   246
   53   702
   54   447
   55   193
   56   648
   57   389
   58   135
   59   589
   60   335
   61    84
   62   536
   63   282
   64    33
   65   484
   66   234
   67   684
   68   430
   69   176
   70   627
   71   373
   72   122
   73   574
   74   323
   75    69
   76   522
   77   270
   78    16
   79   469
   80   212
   81   667
   82   416
   83   160
   84   614
   85   359
   86   111
   87   559
   88   308
   89    52
   90   509
   91   253
   92   706
   93   452
   94   194
   95   650
   96   393
   97   146
   98   596
   99   344
  100    85
  101   541
  102   292
  103    34
  104   486
  105   236
  106   689
  107   437
  108   180
  109   633
  110   379
  111   125
  112   581
  113   330
  114    70
  115   530
  116   272
  117    18
  118   470
  119   218
  120   670
  121   421
  122   164
  123   617
  124   365
  125   113
  126   564
  127   309
  128    59
  129   511
  130   252
  131     1
  132   455
  133   203
  134   655
  135   404
  136   144
  137   600
  138   347
  139    93
  140   549
  141   295
  142    39
  143   491
  144   241
  145   694
  146   439
  147   182
  148   638
  149   387
  150   134
  151   586
  152   328
  153    77
  154   527
  155   279
  156    23
  157   477
  158   224
  159   676
  160   424
  161   166
  162   623
  163   371
  164   116
  165   570
  166   314
  167    60
  168   517
  169   262
  170    11
  171   460
  172   209
  173   661
  174   406
  175   151
  176   609
  177   351
  178    97
  179   557
  180   300
  181    47
  182   503
  183   247
  184   698
  185   442
  186   191
  187   640
  188   391
  189   137
  190   592
  191   339
  192    81
  193   535
  194   284
  195    29
  196   482
  197   228
  198   681
  199   429
  200   173
  201   630
  202   375
  203   120
  204   575
  205   319
  206    64
  207   520
  208   263
  209    13
  210   463
  211   214
  212   669
  213   411
  214   161
  215   612
  216   356
  217   103
  218   558
  219   306
  220    49
  221   504
  222   248
  223   701
  224   450
  225   197
  226   651
  227   397
  228   142
  229   599
  230   340
  231    87
  232   544
  233   285
  234    31
  235   485
  236   233
  237   687
  238   431
  239   181
  240   631
  241   380
  242   127
  243   579
  244   322
  245    76
  246   525
  247   275
  248    14
  249   471
  250   213
  251   672
  252   419
  253   165
  254   616
  255   366
  256   106
  257   562
  258   312
  259    57
  260   506
  261   258
  262     0
  263   453
  264   199
  265   657
  266   401
  267   145
  268   597
  269   345
  270    92
  271   546
  272   293
  273    40
  274   495
  275   235
  276   691
  277   435
  278   183
  279   637
  280   384
  281   128
  282   585
  283   332
  284    73
  285   526
  286   273
  287    24
  288   476
  289   219
  290   673
  291   420
  292   168
  293   624
  294   368
  295   112
  296   568
  297   310
  298    58
  299   512
  300   259
  301     6
  302   461
  303   207
  304   663
  305   402
  306   150
  307   606
  308   354
  309   101
  310   553
  311   298
  312    41
  313   496
  314   244
  315   696
  316   441
  317   187
  318   643
  319   385
  320   132
  321   588
  322   334
  323    79
  324   534
  325   283
  326    25
  327   478
  328   223
  329   678
  330   426
  331   172
  332   626
  333   370
  334   117
  335   572
  336   320
  337    66
  338   516
  339   267
  340    10
  341   465
  342   211
  343   662
  344   409
  345   154
  346   611
  347   357
  348   104
  349   554
  350   301
  351    48
  352   501
  353   250
  354   697
  355   445
  356   192
  357   644
  358   390
  359   139
  360   591
  361   338
  362    86
  363   539
  364   288
  365    28
  366   488
  367   227
  368   683
  369   428
  370   177
  371   632
  372   376
  373   119
  374   576
  375   325
  376    68
  377   523
  378   266
  379    15
  380   466
  381   217
  382   668
  383   413
  384   158
  385   618
  386   364
  387   107
  388   560
  389   304
  390    50
  391   505
  392   254
  393   704
  394   449
  395   198
  396   649
  397   399
  398   141
  399   601
  400   341
  401    91
  402   547
  403   290
  404    38
  405   492
  406   238
  407   692
  408   434
  409   184
  410   636
  411   381
  412   126
  413   580
  414   324
  415    72
  416   529
  417   271
  418    20
  419   475
  420   222
  421   671
  422   417
  423   169
  424   620
  425   363
  426   110
  427   571
  428   311
  429    55
  430   514
  431   257
  432     5
  433   454
  434   204
  435   654
  436   400
  437   152
  438   604
  439   348
  440    98
  441   550
  442   294
  443    42
  444   498
  445   237
  446   693
  447   440
  448   189
  449   642
  450   386
  451   131
  452   590
  453   331
  454    82
  455   533
  456   278
  457    27
  458   483
  459   225
  460   679
  461   427
  462   171
  463   621
  464   372
  465   115
  466   567
  467   316
  468    61
  469   518
  470   264
  471     4
  472   464
  473   210
  474   660
  475   408
  476   156
  477   607
  478   358
  479    99
  480   552
  481   297
  482    46
  483   497
  484   243
  485   703
  486   446
  487   190
  488   646
  489   394
  490   138
  491   593
  492   337
  493    83
  494   537
  495   281
  496    26
  497   480
  498   229
  499   685
  500   432
  501   179
  502   625
  503   374
  504   121
  505   577
  506   321
  507    67
  508   524
  509   265
  510    12
  511   468
  512   215
  513   666
  514   412
  515   157
  516   610
  517   360
  518   105
  519   561
  520   307
  521    53
  522   508
  523   249
  524   705
  525   448
  526   195
  527   653
  528   396
  529   143
  530   598
  531   343
  532    88
  533   540
  534   287
  535    35
  536   490
  537   232
  538   688
  539   438
  540   178
  541   635
  542   383
  543   130
  544   582
  545   326
  546    74
  547   528
  548   274
  549    17
  550   473
  551   216
  552   675
  553   415
  554   162
  555   619
  556   362
  557   108
  558   563
  559   313
  560    56
  561   510
  562   255
  563     3
  564   457
  565   201
  566   656
  567   403
  568   149
  569   603
  570   349
  571    94
  572   545
  573   291
  574    37
  575   493
  576   240
  577   690
  578   436
  579   186
  580   639
  581   382
  582   129
  583   584
  584   329
  585    75
  586   531
  587   277
  588    21
  589   474
  590   221
  591   677
  592   423
  593   167
  594   622
  595   367
  596   114
  597   566
  598   317
  599    63
  600   513
  601   260
  602     2
  603   459
  604   205
  605   658
  606   405
  607   155
  608   605
  609   352
  610    95
  611   548
  612   299
  613    43
  614   500
  615   242
  616   700
  617   444
  618   188
  619   645
  620   392
  621   136
  622   587
  623   336
  624    78
  625   538
  626   280
  627    32
  628   479
  629   230
  630   680
  631   425
  632   170
  633   628
  634   377
  635   124
  636   573
  637   318
  638    65
  639   519
  640   268
  641     9
  642   467
  643   208
  644   664
  645   414
  646   159
  647   613
  648   355
  649   102
  650   556
  651   303
  652    51
  653   499
  654   251
  655   699
  656   451
  657   196
  658   647
  659   395
  660   140
  661   594
  662   342
  663    89
  664   543
  665   286
  666    30
  667   489
  668   231
  669   686
  670   433
  671   175
  672   634
  673   378
  674   123
  675   578
  676   327
  677    71
  678   521
  679   269
  680    19
  681   472
  682   220
  683   674
  684   418
  685   163
  686   615
  687   361
  688   109
  689   565
  690   305
  691    54
  692   507
  693   256
  694   707
  695   456
  696   202
  697   652
  698   398
  699   147
  700   595
  701   346
  702    90
  703   542
  704   289
  705    36
  706   487
  707   239
