R5T2XL2
Turbo Code Interleaving
User data with 4 flush bits N=372
NOTE: Q-bit is the bit index after interleaving. Data-bit is the index of user data

Q-bit Data-bit
--------------
    0     3
    1   240
    2   106
    3   345
    4   213
    5    78
    6   316
    7   183
    8    50
    9   288
   10   155
   11    24
   12   259
   13   128
   14   365
   15   233
   16    98
   17   337
   18   203
   19    69
   20   305
   21   174
   22    42
   23   279
   24   145
   25    11
   26   252
   27   119
   28   358
   29   221
   30    91
   31   329
   32   193
   33    62
   34   298
   35   166
   36    33
   37   270
   38   137
   39     4
   40   243
   41   108
   42   349
   43   215
   44    81
   45   318
   46   185
   47    52
   48   291
   49   159
   50    23
   51   263
   52   129
   53   370
   54   235
   55   102
   56   340
   57   204
   58    71
   59   309
   60   176
   61    44
   62   282
   63   147
   64    18
   65   254
   66   123
   67   360
   68   226
   69    92
   70   328
   71   196
   72    64
   73   301
   74   170
   75    36
   76   274
   77   141
   78     9
   79   246
   80   112
   81   350
   82   217
   83    83
   84   322
   85   189
   86    57
   87   294
   88   161
   89    28
   90   267
   91   134
   92   371
   93   237
   94   103
   95   341
   96   207
   97    77
   98   312
   99   180
  100    45
  101   284
  102   152
  103    19
  104   256
  105   125
  106   362
  107   229
  108    94
  109   333
  110   198
  111    65
  112   304
  113   172
  114    37
  115   278
  116   142
  117    10
  118   247
  119   115
  120   352
  121   220
  122    85
  123   324
  124   190
  125    59
  126   296
  127   162
  128    31
  129   268
  130   133
  131     1
  132   239
  133   107
  134   343
  135   211
  136    75
  137   315
  138   182
  139    49
  140   287
  141   154
  142    20
  143   258
  144   126
  145   364
  146   230
  147    96
  148   335
  149   202
  150    70
  151   307
  152   171
  153    40
  154   277
  155   146
  156    12
  157   250
  158   118
  159   355
  160   222
  161    87
  162   325
  163   195
  164    60
  165   299
  166   165
  167    32
  168   272
  169   138
  170     6
  171   241
  172   110
  173   346
  174   212
  175    80
  176   319
  177   184
  178    51
  179   292
  180   157
  181    25
  182   264
  183   130
  184   368
  185   232
  186   100
  187   336
  188   206
  189    72
  190   311
  191   178
  192    43
  193   281
  194   149
  195    16
  196   253
  197   121
  198   357
  199   225
  200    90
  201   330
  202   197
  203    63
  204   302
  205   167
  206    34
  207   273
  208   139
  209     7
  210   244
  211   114
  212   351
  213   216
  214    84
  215   321
  216   187
  217    54
  218   293
  219   160
  220    27
  221   265
  222   131
  223   369
  224   236
  225   104
  226   342
  227   208
  228    74
  229   314
  230   179
  231    47
  232   285
  233   150
  234    17
  235   255
  236   122
  237   361
  238   227
  239    95
  240   331
  241   199
  242    66
  243   303
  244   169
  245    39
  246   275
  247   144
  248     8
  249   248
  250   113
  251   353
  252   218
  253    86
  254   323
  255   191
  256    56
  257   295
  258   164
  259    29
  260   266
  261   135
  262     0
  263   238
  264   105
  265   344
  266   209
  267    76
  268   313
  269   181
  270    48
  271   286
  272   153
  273    21
  274   260
  275   124
  276   363
  277   228
  278    97
  279   334
  280   200
  281    67
  282   306
  283   173
  284    38
  285   276
  286   143
  287    13
  288   249
  289   116
  290   354
  291   219
  292    88
  293   326
  294   192
  295    58
  296   297
  297   163
  298    30
  299   269
  300   136
  301     2
  302   242
  303   109
  304   348
  305   210
  306    79
  307   317
  308   186
  309    53
  310   289
  311   156
  312    22
  313   261
  314   127
  315   366
  316   231
  317    99
  318   338
  319   201
  320    68
  321   308
  322   175
  323    41
  324   280
  325   148
  326    14
  327   251
  328   117
  329   356
  330   223
  331    89
  332   327
  333   194
  334    61
  335   300
  336   168
  337    35
  338   271
  339   140
  340     5
  341   245
  342   111
  343   347
  344   214
  345    82
  346   320
  347   188
  348    55
  349   290
  350   158
  351    26
  352   262
  353   132
  354   367
  355   234
  356   101
  357   339
  358   205
  359    73
  360   310
  361   177
  362    46
  363   283
  364   151
  365    15
  366   257
  367   120
  368   359
  369   224
  370    93
  371   332
