R5T2QL5
Turbo Code Interleaving
User data with 4 flush bits N=308
NOTE: Q-bit is the bit index after interleaving. Data-bit is the index of user data

Q-bit Data-bit
--------------
    0     3
    1   199
    2    88
    3   286
    4   177
    5    65
    6   262
    7   152
    8    42
    9   239
   10   129
   11    20
   12   215
   13   106
   14   303
   15   193
   16    82
   17   280
   18   168
   19    57
   20   253
   21   145
   22    35
   23   232
   24   121
   25    10
   26   209
   27    99
   28   297
   29   184
   30    76
   31   273
   32   160
   33    51
   34   247
   35   138
   36    28
   37   224
   38   114
   39     4
   40   202
   41    90
   42   289
   43   178
   44    68
   45   264
   46   154
   47    44
   48   240
   49   131
   50    19
   51   217
   52   107
   53   306
   54   194
   55    84
   56   281
   57   169
   58    59
   59   256
   60   146
   61    37
   62   234
   63   123
   64    15
   65   211
   66   102
   67   298
   68   187
   69    77
   70   272
   71   162
   72    53
   73   249
   74   141
   75    30
   76   227
   77   117
   78     8
   79   204
   80    93
   81   290
   82   180
   83    69
   84   267
   85   156
   86    47
   87   243
   88   133
   89    23
   90   221
   91   111
   92   307
   93   196
   94    85
   95   282
   96   171
   97    64
   98   258
   99   149
  100    38
  101   235
  102   126
  103    16
  104   213
  105   104
  106   300
  107   190
  108    78
  109   276
  110   164
  111    54
  112   252
  113   143
  114    31
  115   231
  116   118
  117     9
  118   205
  119    96
  120   292
  121   183
  122    71
  123   269
  124   157
  125    49
  126   245
  127   134
  128    26
  129   222
  130   110
  131     1
  132   198
  133    89
  134   284
  135   175
  136    62
  137   261
  138   151
  139    41
  140   238
  141   128
  142    17
  143   214
  144   105
  145   302
  146   191
  147    80
  148   278
  149   167
  150    58
  151   255
  152   142
  153    34
  154   230
  155   122
  156    11
  157   208
  158    98
  159   295
  160   185
  161    73
  162   270
  163   161
  164    50
  165   248
  166   137
  167    27
  168   225
  169   115
  170     5
  171   200
  172    92
  173   287
  174   176
  175    67
  176   265
  177   153
  178    43
  179   241
  180   130
  181    21
  182   218
  183   108
  184   304
  185   192
  186    83
  187   279
  188   170
  189    60
  190   257
  191   147
  192    36
  193   233
  194   124
  195    13
  196   210
  197   100
  198   296
  199   186
  200    75
  201   274
  202   163
  203    52
  204   250
  205   139
  206    29
  207   226
  208   116
  209     6
  210   203
  211    95
  212   291
  213   179
  214    70
  215   266
  216   155
  217    45
  218   242
  219   132
  220    22
  221   219
  222   109
  223   305
  224   195
  225    86
  226   283
  227   172
  228    61
  229   260
  230   148
  231    39
  232   236
  233   125
  234    14
  235   212
  236   101
  237   299
  238   188
  239    79
  240   275
  241   165
  242    55
  243   251
  244   140
  245    33
  246   228
  247   120
  248     7
  249   206
  250    94
  251   293
  252   181
  253    72
  254   268
  255   158
  256    46
  257   244
  258   136
  259    24
  260   220
  261   112
  262     0
  263   197
  264    87
  265   285
  266   173
  267    63
  268   259
  269   150
  270    40
  271   237
  272   127
  273    18
  274   216
  275   103
  276   301
  277   189
  278    81
  279   277
  280   166
  281    56
  282   254
  283   144
  284    32
  285   229
  286   119
  287    12
  288   207
  289    97
  290   294
  291   182
  292    74
  293   271
  294   159
  295    48
  296   246
  297   135
  298    25
  299   223
  300   113
  301     2
  302   201
  303    91
  304   288
  305   174
  306    66
  307   263
