R5T45QL4
Turbo Code Interleaving
User data with 4 flush bits N=772
NOTE: Q-bit is the bit index after interleaving. Data-bit is the index of user data

Q-bit Data-bit
--------------
    0     7
    1   500
    2   218
    3   718
    4   444
    5   161
    6   657
    7   381
    8   104
    9   601
   10   323
   11    49
   12   538
   13   266
   14   758
   15   483
   16   202
   17   700
   18   423
   19   145
   20   636
   21   363
   22    88
   23   580
   24   300
   25    23
   26   525
   27   247
   28   744
   29   459
   30   190
   31   686
   32   403
   33   129
   34   620
   35   343
   36    67
   37   561
   38   283
   39     9
   40   504
   41   225
   42   725
   43   447
   44   167
   45   663
   46   385
   47   109
   48   605
   49   329
   50    47
   51   547
   52   268
   53   766
   54   488
   55   211
   56   707
   57   425
   58   148
   59   642
   60   366
   61    92
   62   585
   63   308
   64    36
   65   528
   66   255
   67   746
   68   469
   69   192
   70   683
   71   407
   72   133
   73   625
   74   352
   75    75
   76   569
   77   294
   78    17
   79   511
   80   231
   81   727
   82   453
   83   174
   84   669
   85   391
   86   120
   87   609
   88   335
   89    56
   90   554
   91   275
   92   770
   93   493
   94   212
   95   709
   96   429
   97   159
   98   650
   99   375
  100    93
  101   590
  102   318
  103    37
  104   530
  105   257
  106   751
  107   477
  108   196
  109   690
  110   413
  111   136
  112   633
  113   360
  114    76
  115   577
  116   296
  117    19
  118   512
  119   237
  120   730
  121   458
  122   178
  123   672
  124   397
  125   123
  126   614
  127   336
  128    63
  129   557
  130   274
  131     1
  132   497
  133   222
  134   714
  135   441
  136   157
  137   654
  138   378
  139   101
  140   599
  141   322
  142    42
  143   535
  144   262
  145   757
  146   479
  147   198
  148   696
  149   422
  150   146
  151   639
  152   358
  153    83
  154   574
  155   304
  156    24
  157   521
  158   244
  159   736
  160   461
  161   180
  162   679
  163   405
  164   127
  165   621
  166   342
  167    64
  168   563
  169   284
  170    12
  171   502
  172   228
  173   720
  174   443
  175   165
  176   664
  177   382
  178   105
  179   607
  180   327
  181    51
  182   548
  183   269
  184   762
  185   482
  186   209
  187   699
  188   427
  189   150
  190   646
  191   370
  192    89
  193   584
  194   310
  195    32
  196   526
  197   249
  198   743
  199   468
  200   189
  201   687
  202   409
  203   131
  204   627
  205   348
  206    70
  207   567
  208   287
  209    14
  210   505
  211   233
  212   729
  213   448
  214   175
  215   667
  216   388
  217   112
  218   608
  219   333
  220    53
  221   549
  222   270
  223   765
  224   491
  225   215
  226   710
  227   433
  228   155
  229   653
  230   371
  231    95
  232   593
  233   311
  234    34
  235   529
  236   254
  237   749
  238   470
  239   197
  240   688
  241   414
  242   139
  243   631
  244   351
  245    82
  246   572
  247   299
  248    15
  249   513
  250   232
  251   732
  252   456
  253   179
  254   671
  255   398
  256   115
  257   612
  258   340
  259    61
  260   551
  261   280
  262     0
  263   494
  264   217
  265   716
  266   437
  267   158
  268   651
  269   376
  270   100
  271   595
  272   319
  273    43
  274   539
  275   256
  276   753
  277   475
  278   199
  279   695
  280   419
  281   140
  282   638
  283   362
  284    79
  285   573
  286   297
  287    25
  288   520
  289   238
  290   733
  291   457
  292   182
  293   680
  294   402
  295   122
  296   618
  297   338
  298    62
  299   558
  300   281
  301     6
  302   503
  303   226
  304   723
  305   438
  306   164
  307   661
  308   386
  309   110
  310   603
  311   325
  312    44
  313   541
  314   265
  315   760
  316   481
  317   205
  318   702
  319   420
  320   144
  321   641
  322   365
  323    86
  324   583
  325   309
  326    28
  327   522
  328   243
  329   738
  330   464
  331   188
  332   682
  333   404
  334   128
  335   623
  336   349
  337    72
  338   562
  339   291
  340    11
  341   507
  342   230
  343   722
  344   446
  345   168
  346   666
  347   389
  348   113
  349   604
  350   328
  351    52
  352   546
  353   272
  354   761
  355   486
  356   210
  357   703
  358   426
  359   152
  360   644
  361   369
  362    94
  363   588
  364   314
  365    31
  366   532
  367   248
  368   745
  369   466
  370   193
  371   689
  372   410
  373   130
  374   628
  375   354
  376    74
  377   570
  378   290
  379    16
  380   508
  381   236
  382   728
  383   450
  384   172
  385   673
  386   396
  387   116
  388   610
  389   331
  390    54
  391   550
  392   276
  393   768
  394   490
  395   216
  396   708
  397   435
  398   154
  399   655
  400   372
  401    99
  402   596
  403   316
  404    41
  405   536
  406   259
  407   754
  408   473
  409   200
  410   693
  411   415
  412   138
  413   632
  414   353
  415    78
  416   576
  417   295
  418    21
  419   517
  420   242
  421   731
  422   454
  423   183
  424   675
  425   395
  426   119
  427   622
  428   339
  429    59
  430   560
  431   279
  432     5
  433   495
  434   223
  435   713
  436   436
  437   166
  438   659
  439   379
  440   106
  441   600
  442   320
  443    45
  444   543
  445   258
  446   755
  447   480
  448   207
  449   701
  450   421
  451   143
  452   643
  453   361
  454    90
  455   581
  456   302
  457    30
  458   527
  459   245
  460   740
  461   465
  462   187
  463   677
  464   406
  465   126
  466   617
  467   344
  468    65
  469   564
  470   288
  471     4
  472   506
  473   229
  474   719
  475   445
  476   170
  477   662
  478   390
  479   107
  480   602
  481   324
  482    50
  483   542
  484   264
  485   767
  486   487
  487   208
  488   705
  489   430
  490   151
  491   647
  492   368
  493    91
  494   586
  495   307
  496    29
  497   524
  498   250
  499   747
  500   471
  501   195
  502   681
  503   408
  504   132
  505   629
  506   350
  507    73
  508   571
  509   289
  510    13
  511   510
  512   234
  513   726
  514   449
  515   171
  516   665
  517   392
  518   114
  519   611
  520   334
  521    57
  522   553
  523   271
  524   769
  525   489
  526   213
  527   712
  528   432
  529   156
  530   652
  531   374
  532    96
  533   589
  534   313
  535    38
  536   534
  537   253
  538   750
  539   478
  540   194
  541   692
  542   417
  543   142
  544   634
  545   355
  546    80
  547   575
  548   298
  549    18
  550   515
  551   235
  552   735
  553   452
  554   176
  555   674
  556   394
  557   117
  558   613
  559   341
  560    60
  561   555
  562   277
  563     3
  564   499
  565   220
  566   715
  567   440
  568   162
  569   658
  570   380
  571   102
  572   594
  573   317
  574    40
  575   537
  576   261
  577   752
  578   476
  579   204
  580   697
  581   416
  582   141
  583   637
  584   359
  585    81
  586   579
  587   301
  588    22
  589   516
  590   240
  591   737
  592   460
  593   181
  594   678
  595   400
  596   125
  597   616
  598   345
  599    68
  600   559
  601   282
  602     2
  603   501
  604   224
  605   717
  606   442
  607   169
  608   660
  609   384
  610   103
  611   598
  612   326
  613    46
  614   545
  615   263
  616   764
  617   485
  618   206
  619   704
  620   428
  621   149
  622   640
  623   367
  624    85
  625   587
  626   306
  627    35
  628   523
  629   251
  630   742
  631   463
  632   186
  633   685
  634   411
  635   135
  636   624
  637   347
  638    71
  639   566
  640   292
  641    10
  642   509
  643   227
  644   724
  645   451
  646   173
  647   668
  648   387
  649   111
  650   606
  651   330
  652    55
  653   544
  654   273
  655   763
  656   492
  657   214
  658   706
  659   431
  660   153
  661   648
  662   373
  663    97
  664   592
  665   312
  666    33
  667   533
  668   252
  669   748
  670   472
  671   191
  672   691
  673   412
  674   134
  675   630
  676   357
  677    77
  678   568
  679   293
  680    20
  681   514
  682   239
  683   734
  684   455
  685   177
  686   670
  687   393
  688   118
  689   615
  690   332
  691    58
  692   552
  693   278
  694   771
  695   498
  696   221
  697   711
  698   434
  699   160
  700   649
  701   377
  702    98
  703   591
  704   315
  705    39
  706   531
  707   260
  708   756
  709   474
  710   201
  711   694
  712   418
  713   137
  714   635
  715   356
  716    84
  717   578
  718   303
  719    26
  720   518
  721   241
  722   739
  723   462
  724   184
  725   676
  726   399
  727   121
  728   619
  729   337
  730    66
  731   556
  732   285
  733     8
  734   496
  735   219
  736   721
  737   439
  738   163
  739   656
  740   383
  741   108
  742   597
  743   321
  744    48
  745   540
  746   267
  747   759
  748   484
  749   203
  750   698
  751   424
  752   147
  753   645
  754   364
  755    87
  756   582
  757   305
  758    27
  759   519
  760   246
  761   741
  762   467
  763   185
  764   684
  765   401
  766   124
  767   626
  768   346
  769    69
  770   565
  771   286
