R5T45QL5
Turbo Code Interleaving
User data with 4 flush bits N=660
NOTE: Q-bit is the bit index after interleaving. Data-bit is the index of user data

Q-bit Data-bit
--------------
    0     7
    1   427
    2   187
    3   614
    4   379
    5   137
    6   560
    7   325
    8    89
    9   513
   10   275
   11    42
   12   460
   13   228
   14   648
   15   413
   16   172
   17   597
   18   361
   19   124
   20   543
   21   310
   22    75
   23   496
   24   257
   25    21
   26   449
   27   211
   28   636
   29   393
   30   162
   31   586
   32   343
   33   110
   34   530
   35   293
   36    58
   37   480
   38   243
   39     8
   40   431
   41   192
   42   620
   43   382
   44   142
   45   566
   46   328
   47    93
   48   517
   49   281
   50    41
   51   468
   52   229
   53   655
   54   417
   55   180
   56   604
   57   362
   58   126
   59   549
   60   312
   61    79
   62   500
   63   263
   64    31
   65   452
   66   218
   67   638
   68   401
   69   163
   70   584
   71   347
   72   114
   73   535
   74   301
   75    65
   76   486
   77   251
   78    16
   79   438
   80   198
   81   622
   82   388
   83   149
   84   572
   85   334
   86   103
   87   521
   88   286
   89    49
   90   474
   91   236
   92   659
   93   422
   94   181
   95   606
   96   366
   97   136
   98   554
   99   320
  100    80
  101   505
  102   271
  103    32
  104   454
  105   220
  106   642
  107   407
  108   167
  109   590
  110   352
  111   116
  112   541
  113   307
  114    66
  115   494
  116   253
  117    18
  118   439
  119   204
  120   625
  121   392
  122   152
  123   574
  124   339
  125   105
  126   526
  127   287
  128    55
  129   476
  130   235
  131     1
  132   425
  133   189
  134   610
  135   376
  136   134
  137   558
  138   322
  139    86
  140   511
  141   274
  142    36
  143   457
  144   224
  145   647
  146   409
  147   169
  148   594
  149   360
  150   125
  151   546
  152   305
  153    72
  154   491
  155   260
  156    22
  157   445
  158   209
  159   630
  160   395
  161   154
  162   580
  163   345
  164   108
  165   531
  166   292
  167    56
  168   482
  169   244
  170    11
  171   429
  172   195
  173   616
  174   378
  175   140
  176   567
  177   326
  178    90
  179   519
  180   279
  181    44
  182   469
  183   230
  184   651
  185   412
  186   178
  187   596
  188   364
  189   128
  190   552
  191   316
  192    76
  193   499
  194   265
  195    28
  196   450
  197   213
  198   635
  199   400
  200   161
  201   587
  202   349
  203   112
  204   536
  205   297
  206    60
  207   485
  208   245
  209    13
  210   432
  211   200
  212   624
  213   383
  214   150
  215   570
  216   331
  217    96
  218   520
  219   284
  220    46
  221   470
  222   231
  223   654
  224   420
  225   184
  226   607
  227   370
  228   132
  229   557
  230   317
  231    82
  232   506
  233   266
  234    29
  235   453
  236   217
  237   640
  238   402
  239   168
  240   588
  241   353
  242   118
  243   539
  244   300
  245    71
  246   489
  247   256
  248    14
  249   440
  250   199
  251   627
  252   390
  253   153
  254   573
  255   340
  256    99
  257   524
  258   290
  259    53
  260   472
  261   240
  262     0
  263   423
  264   186
  265   612
  266   373
  267   135
  268   555
  269   321
  270    85
  271   508
  272   272
  273    37
  274   461
  275   219
  276   644
  277   405
  278   170
  279   593
  280   357
  281   119
  282   545
  283   309
  284    68
  285   490
  286   254
  287    23
  288   444
  289   205
  290   628
  291   391
  292   156
  293   581
  294   342
  295   104
  296   529
  297   288
  298    54
  299   477
  300   241
  301     6
  302   430
  303   193
  304   618
  305   374
  306   139
  307   564
  308   329
  309    94
  310   515
  311   277
  312    38
  313   462
  314   227
  315   649
  316   411
  317   174
  318   599
  319   358
  320   123
  321   548
  322   311
  323    74
  324   498
  325   264
  326    24
  327   446
  328   208
  329   632
  330   397
  331   160
  332   583
  333   344
  334   109
  335   533
  336   298
  337    62
  338   481
  339   249
  340    10
  341   434
  342   197
  343   617
  344   381
  345   143
  346   569
  347   332
  348    97
  349   516
  350   280
  351    45
  352   467
  353   233
  354   650
  355   415
  356   179
  357   600
  358   363
  359   130
  360   551
  361   315
  362    81
  363   503
  364   268
  365    27
  366   455
  367   212
  368   637
  369   399
  370   164
  371   589
  372   350
  373   111
  374   537
  375   303
  376    64
  377   487
  378   248
  379    15
  380   435
  381   203
  382   623
  383   385
  384   147
  385   575
  386   338
  387   100
  388   522
  389   283
  390    47
  391   471
  392   237
  393   657
  394   419
  395   185
  396   605
  397   371
  398   131
  399   559
  400   318
  401    84
  402   509
  403   269
  404    35
  405   458
  406   222
  407   645
  408   404
  409   171
  410   592
  411   354
  412   117
  413   540
  414   302
  415    67
  416   493
  417   252
  418    19
  419   443
  420   207
  421   626
  422   389
  423   157
  424   577
  425   337
  426   102
  427   532
  428   289
  429    51
  430   479
  431   239
  432     5
  433   424
  434   190
  435   609
  436   372
  437   141
  438   562
  439   323
  440    91
  441   512
  442   273
  443    39
  444   464
  445   221
  446   646
  447   410
  448   176
  449   598
  450   359
  451   122
  452   550
  453   308
  454    77
  455   497
  456   259
  457    26
  458   451
  459   210
  460   633
  461   398
  462   159
  463   578
  464   346
  465   107
  466   528
  467   294
  468    57
  469   483
  470   246
  471     4
  472   433
  473   196
  474   615
  475   380
  476   145
  477   565
  478   333
  479    92
  480   514
  481   276
  482    43
  483   463
  484   226
  485   656
  486   416
  487   177
  488   602
  489   367
  490   129
  491   553
  492   314
  493    78
  494   501
  495   262
  496    25
  497   448
  498   214
  499   639
  500   403
  501   166
  502   582
  503   348
  504   113
  505   538
  506   299
  507    63
  508   488
  509   247
  510    12
  511   437
  512   201
  513   621
  514   384
  515   146
  516   568
  517   335
  518    98
  519   523
  520   285
  521    50
  522   473
  523   232
  524   658
  525   418
  526   182
  527   608
  528   369
  529   133
  530   556
  531   319
  532    83
  533   504
  534   267
  535    33
  536   456
  537   216
  538   641
  539   408
  540   165
  541   591
  542   356
  543   121
  544   542
  545   304
  546    69
  547   492
  548   255
  549    17
  550   441
  551   202
  552   629
  553   387
  554   151
  555   576
  556   336
  557   101
  558   525
  559   291
  560    52
  561   475
  562   238
  563     3
  564   426
  565   188
  566   611
  567   375
  568   138
  569   561
  570   324
  571    87
  572   507
  573   270
  574    34
  575   459
  576   223
  577   643
  578   406
  579   173
  580   595
  581   355
  582   120
  583   544
  584   306
  585    70
  586   495
  587   258
  588    20
  589   442
  590   206
  591   631
  592   394
  593   155
  594   579
  595   341
  596   106
  597   527
  598   295
  599    59
  600   478
  601   242
  602     2
  603   428
  604   191
  605   613
  606   377
  607   144
  608   563
  609   327
  610    88
  611   510
  612   278
  613    40
  614   466
  615   225
  616   653
  617   414
  618   175
  619   601
  620   365
  621   127
  622   547
  623   313
  624    73
  625   502
  626   261
  627    30
  628   447
  629   215
  630   634
  631   396
  632   158
  633   585
  634   351
  635   115
  636   534
  637   296
  638    61
  639   484
  640   250
  641     9
  642   436
  643   194
  644   619
  645   386
  646   148
  647   571
  648   330
  649    95
  650   518
  651   282
  652    48
  653   465
  654   234
  655   652
  656   421
  657   183
  658   603
  659   368
