R5T45XH4
Turbo Code Interleaving
User data with 4 flush bits N=1972
NOTE: Q-bit is the bit index after interleaving. Data-bit is the index of user data

Q-bit Data-bit
--------------
    0    19
    1  1279
    2   557
    3  1830
    4  1134
    5   412
    6  1678
    7   976
    8   261
    9  1536
   10   821
   11   120
   12  1375
   13   675
   14  1941
   15  1236
   16   510
   17  1786
   18  1079
   19   368
   20  1626
   21   926
   22   226
   23  1480
   24   766
   25    60
   26  1339
   27   632
   28  1900
   29  1175
   30   483
   31  1745
   32  1029
   33   330
   34  1579
   35   874
   36   171
   37  1430
   38   725
   39    23
   40  1285
   41   575
   42  1851
   43  1138
   44   423
   45  1695
   46   983
   47   272
   48  1543
   49   841
   50   117
   51  1396
   52   677
   53  1955
   54  1246
   55   536
   56  1810
   57  1083
   58   375
   59  1638
   60   935
   61   237
   62  1492
   63   787
   64    89
   65  1345
   66   649
   67  1907
   68  1199
   69   488
   70  1742
   71  1038
   72   336
   73  1597
   74   900
   75   196
   76  1453
   77   750
   78    43
   79  1306
   80   590
   81  1854
   82  1155
   83   443
   84  1705
   85  1001
   86   305
   87  1550
   88   856
   89   140
   90  1412
   91   701
   92  1964
   93  1256
   94   539
   95  1812
   96  1095
   97   407
   98  1660
   99   955
  100   238
  101  1506
  102   810
  103    92
  104  1356
  105   658
  106  1922
  107  1214
  108   499
  109  1759
  110  1053
  111   348
  112  1619
  113   917
  114   198
  115  1474
  116   755
  117    49
  118  1307
  119   602
  120  1865
  121  1171
  122   455
  123  1717
  124  1013
  125   314
  126  1568
  127   859
  128   161
  129  1423
  130   700
  131     3
  132  1271
  133   568
  134  1822
  135  1124
  136   402
  137  1666
  138   962
  139   257
  140  1526
  141   820
  142   100
  143  1366
  144   668
  145  1931
  146  1217
  147   506
  148  1779
  149  1078
  150   370
  151  1632
  152   914
  153   211
  154  1468
  155   776
  156    61
  157  1335
  158   629
  159  1875
  160  1179
  161   457
  162  1734
  163  1031
  164   322
  165  1580
  166   873
  167   162
  168  1437
  169   726
  170    29
  171  1282
  172   580
  173  1836
  174  1132
  175   420
  176  1697
  177   978
  178   263
  179  1547
  180   833
  181   126
  182  1397
  183   682
  184  1948
  185  1233
  186   533
  187  1783
  188  1085
  189   380
  190  1646
  191   942
  192   227
  193  1491
  194   791
  195    77
  196  1340
  197   638
  198  1899
  199  1195
  200   479
  201  1752
  202  1042
  203   334
  204  1601
  205   891
  206   175
  207  1450
  208   733
  209    32
  210  1287
  211   593
  212  1860
  213  1146
  214   446
  215  1701
  216   993
  217   285
  218  1549
  219   849
  220   136
  221  1400
  222   693
  223  1952
  224  1250
  225   546
  226  1813
  227  1106
  228   399
  229  1665
  230   945
  231   244
  232  1514
  233   793
  234    85
  235  1350
  236   647
  237  1918
  238  1204
  239   501
  240  1755
  241  1055
  242   356
  243  1613
  244   896
  245   210
  246  1463
  247   762
  248    39
  249  1312
  250   591
  251  1870
  252  1165
  253   456
  254  1715
  255  1014
  256   293
  257  1563
  258   867
  259   155
  260  1407
  261   710
  262     0
  263  1257
  264   550
  265  1828
  266  1114
  267   405
  268  1661
  269   957
  270   254
  271  1518
  272   811
  273   106
  274  1377
  275   657
  276  1926
  277  1211
  278   507
  279  1776
  280  1074
  281   357
  282  1631
  283   923
  284   207
  285  1467
  286   756
  287    63
  288  1331
  289   607
  290  1872
  291  1169
  292   462
  293  1737
  294  1028
  295   311
  296  1577
  297   865
  298   157
  299  1425
  300   718
  301    17
  302  1284
  303   576
  304  1844
  305  1116
  306   418
  307  1684
  308   986
  309   276
  310  1541
  311   826
  312   112
  313  1381
  314   674
  315  1946
  316  1228
  317   520
  318  1789
  319  1076
  320   364
  321  1637
  322   934
  323   219
  324  1489
  325   789
  326    71
  327  1336
  328   623
  329  1886
  330  1185
  331   477
  332  1741
  333  1030
  334   325
  335  1585
  336   892
  337   186
  338  1436
  339   745
  340    27
  341  1289
  342   589
  343  1842
  344  1136
  345   424
  346  1699
  347   994
  348   288
  349  1542
  350   836
  351   135
  352  1394
  353   697
  354  1947
  355  1242
  356   535
  357  1799
  358  1084
  359   386
  360  1644
  361   940
  362   241
  363  1498
  364   803
  365    76
  366  1358
  367   635
  368  1902
  369  1191
  370   489
  371  1758
  372  1045
  373   331
  374  1604
  375   905
  376   191
  377  1454
  378   742
  379    41
  380  1296
  381   601
  382  1858
  383  1150
  384   440
  385  1718
  386  1012
  387   295
  388  1552
  389   845
  390   138
  391  1404
  392   703
  393  1957
  394  1249
  395   549
  396  1811
  397  1109
  398   397
  399  1673
  400   946
  401   253
  402  1521
  403   808
  404    99
  405  1368
  406   662
  407  1927
  408  1208
  409   508
  410  1773
  411  1057
  412   353
  413  1615
  414   904
  415   204
  416  1472
  417   754
  418    53
  419  1321
  420   617
  421  1867
  422  1157
  423   465
  424  1723
  425  1011
  426   304
  427  1581
  428   866
  429   153
  430  1427
  431   709
  432    16
  433  1267
  434   571
  435  1821
  436  1112
  437   422
  438  1682
  439   971
  440   264
  441  1535
  442   813
  443   113
  444  1386
  445   660
  446  1928
  447  1223
  448   527
  449  1787
  450  1077
  451   361
  452  1640
  453   919
  454   230
  455  1487
  456   772
  457    75
  458  1341
  459   630
  460  1889
  461  1187
  462   476
  463  1727
  464  1037
  465   319
  466  1575
  467   876
  468   168
  469  1439
  470   737
  471    14
  472  1288
  473   582
  474  1833
  475  1135
  476   426
  477  1694
  478   995
  479   267
  480  1537
  481   825
  482   123
  483  1385
  484   673
  485  1956
  486  1245
  487   529
  488  1802
  489  1096
  490   381
  491  1649
  492   939
  493   234
  494  1493
  495   786
  496    73
  497  1338
  498   639
  499  1911
  500  1206
  501   497
  502  1739
  503  1040
  504   335
  505  1605
  506   894
  507   187
  508  1457
  509   738
  510    31
  511  1303
  512   594
  513  1853
  514  1148
  515   438
  516  1698
  517  1004
  518   289
  519  1556
  520   853
  521   141
  522  1410
  523   694
  524  1960
  525  1248
  526   544
  527  1818
  528  1105
  529   400
  530  1662
  531   954
  532   246
  533  1502
  534   802
  535    94
  536  1364
  537   644
  538  1919
  539  1215
  540   496
  541  1768
  542  1064
  543   359
  544  1622
  545   906
  546   208
  547  1470
  548   758
  549    48
  550  1315
  551   596
  552  1874
  553  1152
  554   448
  555  1721
  556  1009
  557   296
  558  1567
  559   871
  560   154
  561  1417
  562   705
  563    11
  564  1276
  565   564
  566  1823
  567  1121
  568   414
  569  1680
  570   974
  571   258
  572  1517
  573   809
  574    97
  575  1369
  576   667
  577  1923
  578  1213
  579   519
  580  1780
  581  1063
  582   358
  583  1629
  584   916
  585   209
  586  1478
  587   770
  588    56
  589  1318
  590   615
  591  1882
  592  1176
  593   461
  594  1733
  595  1018
  596   318
  597  1574
  598   878
  599   172
  600  1426
  601   721
  602     6
  603  1281
  604   572
  605  1829
  606  1125
  607   425
  608  1683
  609   982
  610   260
  611  1525
  612   831
  613   115
  614  1391
  615   672
  616  1950
  617  1239
  618   523
  619  1800
  620  1087
  621   379
  622  1634
  623   936
  624   217
  625  1496
  626   780
  627    86
  628  1337
  629   641
  630  1897
  631  1182
  632   475
  633  1744
  634  1048
  635   344
  636  1587
  637   887
  638   177
  639  1448
  640   746
  641    25
  642  1302
  643   578
  644  1845
  645  1151
  646   442
  647  1704
  648   992
  649   277
  650  1544
  651   843
  652   139
  653  1390
  654   698
  655  1949
  656  1251
  657   545
  658  1803
  659  1097
  660   393
  661  1651
  662   952
  663   250
  664  1511
  665   795
  666    84
  667  1360
  668   642
  669  1912
  670  1207
  671   486
  672  1763
  673  1052
  674   338
  675  1612
  676   908
  677   199
  678  1452
  679   749
  680    50
  681  1314
  682   610
  683  1873
  684  1163
  685   451
  686  1709
  687  1005
  688   297
  689  1572
  690   848
  691   152
  692  1409
  693   707
  694  1966
  695  1272
  696   565
  697  1815
  698  1107
  699   410
  700  1659
  701   959
  702   252
  703  1509
  704   805
  705    96
  706  1357
  707   664
  708  1929
  709  1209
  710   509
  711  1774
  712  1065
  713   352
  714  1623
  715   907
  716   214
  717  1475
  718   774
  719    64
  720  1328
  721   616
  722  1888
  723  1180
  724   467
  725  1725
  726  1016
  727   310
  728  1578
  729   863
  730   169
  731  1419
  732   728
  733    22
  734  1270
  735   563
  736  1840
  737  1119
  738   417
  739  1675
  740   979
  741   269
  742  1522
  743   817
  744   119
  745  1380
  746   676
  747  1945
  748  1238
  749   515
  750  1782
  751  1080
  752   373
  753  1645
  754   930
  755   220
  756  1488
  757   777
  758    67
  759  1329
  760   631
  761  1894
  762  1194
  763   474
  764  1743
  765  1027
  766   316
  767  1600
  768   885
  769   173
  770  1442
  771   729
  772    24
  773  1290
  774   588
  775  1855
  776  1147
  777   437
  778  1702
  779   981
  780   273
  781  1539
  782   837
  783   134
  784  1401
  785   690
  786  1958
  787  1247
  788   543
  789  1806
  790  1104
  791   387
  792  1642
  793   947
  794   235
  795  1490
  796   785
  797    88
  798  1346
  799   652
  800  1903
  801  1190
  802   502
  803  1753
  804  1056
  805   337
  806  1595
  807   888
  808   189
  809  1455
  810   741
  811    33
  812  1311
  813   592
  814  1861
  815  1156
  816   445
  817  1713
  818   996
  819   292
  820  1560
  821   842
  822   151
  823  1411
  824   692
  825  1963
  826  1266
  827   552
  828  1809
  829  1098
  830   392
  831  1668
  832   950
  833   242
  834  1508
  835   804
  836   101
  837  1365
  838   654
  839  1920
  840  1218
  841   514
  842  1761
  843  1061
  844   351
  845  1616
  846   903
  847   193
  848  1465
  849   765
  850    55
  851  1313
  852   603
  853  1884
  854  1159
  855   463
  856  1714
  857  1006
  858   313
  859  1566
  860   872
  861   160
  862  1424
  863   711
  864    15
  865  1280
  866   566
  867  1835
  868  1113
  869   409
  870  1669
  871   969
  872   265
  873  1533
  874   822
  875   108
  876  1379
  877   665
  878  1935
  879  1227
  880   525
  881  1788
  882  1075
  883   369
  884  1635
  885   929
  886   213
  887  1476
  888   779
  889    70
  890  1319
  891   628
  892  1879
  893  1181
  894   470
  895  1730
  896  1022
  897   323
  898  1594
  899   877
  900   167
  901  1431
  902   731
  903    28
  904  1291
  905   570
  906  1838
  907  1131
  908   427
  909  1693
  910   984
  911   282
  912  1545
  913   828
  914   133
  915  1389
  916   691
  917  1937
  918  1243
  919   537
  920  1796
  921  1089
  922   383
  923  1655
  924   944
  925   233
  926  1495
  927   784
  928    90
  929  1354
  930   634
  931  1892
  932  1193
  933   482
  934  1756
  935  1041
  936   333
  937  1598
  938   890
  939   182
  940  1441
  941   748
  942    36
  943  1300
  944   595
  945  1850
  946  1141
  947   434
  948  1710
  949  1008
  950   298
  951  1559
  952   852
  953   144
  954  1408
  955   702
  956  1953
  957  1261
  958   548
  959  1807
  960  1108
  961   396
  962  1664
  963   953
  964   239
  965  1516
  966   794
  967    95
  968  1353
  969   650
  970  1917
  971  1200
  972   495
  973  1760
  974  1060
  975   350
  976  1603
  977   912
  978   190
  979  1466
  980   760
  981    47
  982  1308
  983   611
  984  1868
  985  1154
  986   454
  987  1726
  988  1007
  989   299
  990  1565
  991   860
  992   148
  993  1405
  994   712
  995  1971
  996  1262
  997   561
  998  1824
  999  1120
 1000   403
 1001  1674
 1002   966
 1003   262
 1004  1523
 1005   815
 1006   114
 1007  1370
 1008   666
 1009  1933
 1010  1226
 1011   512
 1012  1781
 1013  1071
 1014   363
 1015  1625
 1016   918
 1017   206
 1018  1469
 1019   764
 1020    65
 1021  1320
 1022   621
 1023  1887
 1024  1174
 1025   464
 1026  1731
 1027  1032
 1028   312
 1029  1586
 1030   882
 1031   156
 1032  1429
 1033   720
 1034     7
 1035  1278
 1036   581
 1037  1846
 1038  1137
 1039   429
 1040  1692
 1041   968
 1042   280
 1043  1527
 1044   830
 1045   127
 1046  1388
 1047   687
 1048  1932
 1049  1230
 1050   526
 1051  1798
 1052  1088
 1053   377
 1054  1647
 1055   932
 1056   232
 1057  1481
 1058   788
 1059    68
 1060  1334
 1061   620
 1062  1896
 1063  1196
 1064   487
 1065  1736
 1066  1026
 1067   328
 1068  1592
 1069   886
 1070   178
 1071  1447
 1072   734
 1073    38
 1074  1294
 1075   579
 1076  1857
 1077  1140
 1078   439
 1079  1706
 1080   990
 1081   286
 1082  1557
 1083   834
 1084   142
 1085  1399
 1086   684
 1087  1965
 1088  1252
 1089   542
 1090  1814
 1091  1091
 1092   384
 1093  1654
 1094   943
 1095   236
 1096  1507
 1097   796
 1098    83
 1099  1351
 1100   636
 1101  1904
 1102  1210
 1103   498
 1104  1767
 1105  1050
 1106   340
 1107  1610
 1108   897
 1109   195
 1110  1446
 1111   751
 1112    37
 1113  1301
 1114   606
 1115  1859
 1116  1161
 1117   444
 1118  1703
 1119  1000
 1120   302
 1121  1558
 1122   854
 1123   149
 1124  1413
 1125   706
 1126     2
 1127  1265
 1128   558
 1129  1817
 1130  1111
 1131   394
 1132  1677
 1133   961
 1134   251
 1135  1519
 1136   818
 1137   109
 1138  1361
 1139   653
 1140  1915
 1141  1224
 1142   511
 1143  1772
 1144  1059
 1145   365
 1146  1614
 1147   911
 1148   200
 1149  1477
 1150   771
 1151    51
 1152  1326
 1153   608
 1154  1883
 1155  1173
 1156   472
 1157  1732
 1158  1020
 1159   307
 1160  1582
 1161   861
 1162   158
 1163  1433
 1164   723
 1165     1
 1166  1275
 1167   569
 1168  1837
 1169  1123
 1170   413
 1171  1685
 1172   972
 1173   259
 1174  1524
 1175   824
 1176   122
 1177  1376
 1178   678
 1179  1943
 1180  1229
 1181   528
 1182  1795
 1183  1082
 1184   382
 1185  1628
 1186   928
 1187   222
 1188  1485
 1189   768
 1190    62
 1191  1343
 1192   633
 1193  1885
 1194  1178
 1195   471
 1196  1746
 1197  1025
 1198   326
 1199  1593
 1200   875
 1201   176
 1202  1434
 1203   736
 1204    21
 1205  1292
 1206   587
 1207  1843
 1208  1143
 1209   431
 1210  1686
 1211   988
 1212   281
 1213  1538
 1214   839
 1215   132
 1216  1395
 1217   686
 1218  1951
 1219  1231
 1220   532
 1221  1791
 1222  1100
 1223   389
 1224  1641
 1225   941
 1226   231
 1227  1503
 1228   790
 1229    93
 1230  1349
 1231   648
 1232  1905
 1233  1189
 1234   490
 1235  1748
 1236  1049
 1237   342
 1238  1602
 1239   893
 1240   185
 1241  1456
 1242   740
 1243    42
 1244  1304
 1245   584
 1246  1864
 1247  1145
 1248   449
 1249  1711
 1250   998
 1251   291
 1252  1555
 1253   855
 1254   145
 1255  1416
 1256   699
 1257  1970
 1258  1263
 1259   553
 1260  1808
 1261  1110
 1262   408
 1263  1658
 1264   956
 1265   245
 1266  1515
 1267   801
 1268   103
 1269  1363
 1270   643
 1271  1914
 1272  1212
 1273   500
 1274  1766
 1275  1067
 1276   349
 1277  1618
 1278   901
 1279   205
 1280  1459
 1281   757
 1282    57
 1283  1317
 1284   609
 1285  1880
 1286  1162
 1287   460
 1288  1724
 1289  1017
 1290   308
 1291  1570
 1292   858
 1293   165
 1294  1421
 1295   713
 1296    13
 1297  1269
 1298   560
 1299  1826
 1300  1122
 1301   419
 1302  1672
 1303   965
 1304   266
 1305  1530
 1306   814
 1307   104
 1308  1372
 1309   669
 1310  1925
 1311  1232
 1312   522
 1313  1775
 1314  1073
 1315   362
 1316  1630
 1317   924
 1318   215
 1319  1482
 1320   763
 1321    69
 1322  1322
 1323   627
 1324  1890
 1325  1177
 1326   480
 1327  1735
 1328  1035
 1329   327
 1330  1591
 1331   880
 1332   166
 1333  1440
 1334   727
 1335    20
 1336  1277
 1337   577
 1338  1847
 1339  1129
 1340   428
 1341  1691
 1342   973
 1343   278
 1344  1540
 1345   832
 1346   121
 1347  1392
 1348   688
 1349  1938
 1350  1241
 1351   530
 1352  1792
 1353  1081
 1354   385
 1355  1643
 1356   933
 1357   228
 1358  1497
 1359   783
 1360    74
 1361  1347
 1362   626
 1363  1898
 1364  1202
 1365   485
 1366  1754
 1367  1044
 1368   332
 1369  1590
 1370   884
 1371   192
 1372  1444
 1373   732
 1374    40
 1375  1297
 1376   597
 1377  1849
 1378  1149
 1379   447
 1380  1700
 1381   991
 1382   283
 1383  1546
 1384   847
 1385   146
 1386  1406
 1387   695
 1388  1969
 1389  1253
 1390   551
 1391  1816
 1392  1092
 1393   395
 1394  1667
 1395   951
 1396   247
 1397  1512
 1398   807
 1399    98
 1400  1359
 1401   656
 1402  1913
 1403  1201
 1404   494
 1405  1769
 1406  1058
 1407   346
 1408  1606
 1409   902
 1410   197
 1411  1462
 1412   761
 1413    46
 1414  1316
 1415   605
 1416  1863
 1417  1160
 1418   459
 1419  1712
 1420  1003
 1421   301
 1422  1564
 1423   850
 1424   143
 1425  1420
 1426   716
 1427     5
 1428  1268
 1429   559
 1430  1825
 1431  1117
 1432   415
 1433  1670
 1434   958
 1435   248
 1436  1513
 1437   819
 1438   111
 1439  1371
 1440   663
 1441  1924
 1442  1222
 1443   505
 1444  1765
 1445  1062
 1446   366
 1447  1621
 1448   920
 1449   203
 1450  1479
 1451   759
 1452    59
 1453  1324
 1454   612
 1455  1871
 1456  1170
 1457   466
 1458  1729
 1459  1019
 1460   309
 1461  1576
 1462   868
 1463   164
 1464  1435
 1465   717
 1466     8
 1467  1274
 1468   573
 1469  1839
 1470  1130
 1471   432
 1472  1681
 1473   975
 1474   275
 1475  1531
 1476   829
 1477   116
 1478  1384
 1479   679
 1480  1936
 1481  1237
 1482   531
 1483  1794
 1484  1090
 1485   376
 1486  1636
 1487   927
 1488   221
 1489  1483
 1490   775
 1491    72
 1492  1332
 1493   622
 1494  1895
 1495  1183
 1496   484
 1497  1749
 1498  1034
 1499   339
 1500  1596
 1501   883
 1502   180
 1503  1445
 1504   747
 1505    35
 1506  1286
 1507   583
 1508  1841
 1509  1144
 1510   435
 1511  1707
 1512   989
 1513   279
 1514  1554
 1515   846
 1516   124
 1517  1402
 1518   689
 1519  1961
 1520  1255
 1521   541
 1522  1804
 1523  1086
 1524   378
 1525  1656
 1526   948
 1527   243
 1528  1504
 1529   797
 1530    80
 1531  1342
 1532   651
 1533  1916
 1534  1192
 1535   504
 1536  1751
 1537  1047
 1538   341
 1539  1609
 1540   909
 1541   188
 1542  1460
 1543   753
 1544    45
 1545  1309
 1546   604
 1547  1862
 1548  1158
 1549   452
 1550  1719
 1551  1010
 1552   306
 1553  1569
 1554   864
 1555   147
 1556  1415
 1557   704
 1558  1967
 1559  1260
 1560   547
 1561  1819
 1562  1103
 1563   398
 1564  1671
 1565   963
 1566   249
 1567  1510
 1568   816
 1569   102
 1570  1367
 1571   659
 1572  1921
 1573  1221
 1574   513
 1575  1770
 1576  1066
 1577   360
 1578  1627
 1579   913
 1580   212
 1581  1464
 1582   767
 1583    52
 1584  1325
 1585   618
 1586  1877
 1587  1167
 1588   453
 1589  1722
 1590  1023
 1591   320
 1592  1583
 1593   857
 1594   170
 1595  1428
 1596   715
 1597     4
 1598  1264
 1599   574
 1600  1832
 1601  1127
 1602   411
 1603  1676
 1604   967
 1605   274
 1606  1529
 1607   812
 1608   110
 1609  1374
 1610   680
 1611  1942
 1612  1219
 1613   524
 1614  1785
 1615  1068
 1616   367
 1617  1633
 1618   925
 1619   225
 1620  1484
 1621   778
 1622    78
 1623  1333
 1624   614
 1625  1891
 1626  1184
 1627   469
 1628  1747
 1629  1024
 1630   317
 1631  1589
 1632   889
 1633   179
 1634  1438
 1635   724
 1636    18
 1637  1295
 1638   585
 1639  1856
 1640  1139
 1641   421
 1642  1689
 1643   977
 1644   284
 1645  1551
 1646   840
 1647   131
 1648  1387
 1649   681
 1650  1944
 1651  1235
 1652   538
 1653  1797
 1654  1094
 1655   391
 1656  1639
 1657   931
 1658   224
 1659  1494
 1660   792
 1661    82
 1662  1355
 1663   645
 1664  1906
 1665  1188
 1666   481
 1667  1764
 1668  1039
 1669   345
 1670  1608
 1671   899
 1672   183
 1673  1461
 1674   739
 1675    34
 1676  1299
 1677   599
 1678  1866
 1679  1153
 1680   436
 1681  1708
 1682   999
 1683   290
 1684  1561
 1685   851
 1686   137
 1687  1398
 1688   708
 1689  1954
 1690  1259
 1691   556
 1692  1805
 1693  1099
 1694   401
 1695  1653
 1696   960
 1697   256
 1698  1500
 1699   798
 1700   105
 1701  1362
 1702   655
 1703  1910
 1704  1205
 1705   503
 1706  1778
 1707  1054
 1708   347
 1709  1620
 1710   898
 1711   194
 1712  1451
 1713   752
 1714    58
 1715  1305
 1716   613
 1717  1876
 1718  1164
 1719   458
 1720  1716
 1721  1015
 1722   300
 1723  1573
 1724   869
 1725   150
 1726  1418
 1727   714
 1728    12
 1729  1258
 1730   554
 1731  1820
 1732  1128
 1733   406
 1734  1679
 1735   964
 1736   268
 1737  1528
 1738   823
 1739   118
 1740  1383
 1741   670
 1742  1930
 1743  1220
 1744   517
 1745  1777
 1746  1072
 1747   371
 1748  1624
 1749   915
 1750   218
 1751  1473
 1752   769
 1753    66
 1754  1323
 1755   625
 1756  1881
 1757  1172
 1758   473
 1759  1738
 1760  1021
 1761   315
 1762  1588
 1763   881
 1764   163
 1765  1432
 1766   722
 1767     9
 1768  1283
 1769   567
 1770  1831
 1771  1126
 1772   430
 1773  1690
 1774   985
 1775   270
 1776  1532
 1777   835
 1778   129
 1779  1382
 1780   685
 1781  1940
 1782  1240
 1783   521
 1784  1784
 1785  1093
 1786   372
 1787  1652
 1788   937
 1789   223
 1790  1499
 1791   782
 1792    91
 1793  1344
 1794   637
 1795  1901
 1796  1186
 1797   493
 1798  1750
 1799  1046
 1800   329
 1801  1599
 1802   895
 1803   184
 1804  1449
 1805   743
 1806    26
 1807  1293
 1808   598
 1809  1848
 1810  1142
 1811   441
 1812  1696
 1813   997
 1814   294
 1815  1553
 1816   844
 1817   125
 1818  1403
 1819   683
 1820  1962
 1821  1244
 1822   534
 1823  1801
 1824  1101
 1825   390
 1826  1650
 1827   949
 1828   240
 1829  1505
 1830   800
 1831    87
 1832  1348
 1833   640
 1834  1909
 1835  1203
 1836   492
 1837  1762
 1838  1051
 1839   355
 1840  1611
 1841   910
 1842   201
 1843  1458
 1844   744
 1845    44
 1846  1310
 1847   600
 1848  1869
 1849  1166
 1850   450
 1851  1720
 1852  1002
 1853   303
 1854  1562
 1855   862
 1856   159
 1857  1414
 1858   719
 1859  1968
 1860  1254
 1861   555
 1862  1827
 1863  1115
 1864   404
 1865  1663
 1866   970
 1867   255
 1868  1520
 1869   806
 1870   107
 1871  1373
 1872   661
 1873  1934
 1874  1216
 1875   516
 1876  1771
 1877  1069
 1878   354
 1879  1617
 1880   921
 1881   202
 1882  1471
 1883   773
 1884    54
 1885  1330
 1886   619
 1887  1878
 1888  1168
 1889   468
 1890  1728
 1891  1033
 1892   321
 1893  1571
 1894   870
 1895   174
 1896  1422
 1897   730
 1898    10
 1899  1273
 1900   562
 1901  1834
 1902  1118
 1903   416
 1904  1687
 1905   980
 1906   271
 1907  1534
 1908   827
 1909   128
 1910  1378
 1911   671
 1912  1939
 1913  1225
 1914   518
 1915  1790
 1916  1070
 1917   374
 1918  1648
 1919   922
 1920   216
 1921  1486
 1922   781
 1923    81
 1924  1327
 1925   624
 1926  1893
 1927  1197
 1928   478
 1929  1740
 1930  1036
 1931   324
 1932  1584
 1933   879
 1934   181
 1935  1443
 1936   735
 1937    30
 1938  1298
 1939   586
 1940  1852
 1941  1133
 1942   433
 1943  1688
 1944   987
 1945   287
 1946  1548
 1947   838
 1948   130
 1949  1393
 1950   696
 1951  1959
 1952  1234
 1953   540
 1954  1793
 1955  1102
 1956   388
 1957  1657
 1958   938
 1959   229
 1960  1501
 1961   799
 1962    79
 1963  1352
 1964   646
 1965  1908
 1966  1198
 1967   491
 1968  1757
 1969  1043
 1970   343
 1971  1607
