R5T45QL7
Turbo Code Interleaving
User data with 4 flush bits N=492
NOTE: Q-bit is the bit index after interleaving. Data-bit is the index of user data

Q-bit Data-bit
--------------
    0     5
    1   318
    2   140
    3   457
    4   282
    5   103
    6   418
    7   242
    8    65
    9   381
   10   205
   11    31
   12   342
   13   170
   14   483
   15   308
   16   129
   17   445
   18   269
   19    92
   20   404
   21   231
   22    55
   23   369
   24   192
   25    15
   26   333
   27   158
   28   474
   29   293
   30   121
   31   436
   32   255
   33    82
   34   394
   35   219
   36    44
   37   357
   38   181
   39     6
   40   321
   41   143
   42   462
   43   285
   44   107
   45   422
   46   244
   47    69
   48   385
   49   210
   50    30
   51   348
   52   171
   53   488
   54   311
   55   135
   56   450
   57   270
   58    94
   59   408
   60   233
   61    58
   62   373
   63   195
   64    23
   65   336
   66   162
   67   476
   68   299
   69   122
   70   435
   71   259
   72    85
   73   398
   74   224
   75    48
   76   362
   77   187
   78    12
   79   326
   80   148
   81   463
   82   288
   83   111
   84   426
   85   249
   86    76
   87   388
   88   213
   89    37
   90   353
   91   176
   92   491
   93   314
   94   136
   95   452
   96   273
   97   102
   98   413
   99   238
  100    59
  101   375
  102   201
  103    24
  104   338
  105   164
  106   478
  107   303
  108   124
  109   440
  110   262
  111    86
  112   403
  113   228
  114    49
  115   368
  116   189
  117    13
  118   327
  119   152
  120   466
  121   292
  122   113
  123   428
  124   252
  125    78
  126   391
  127   214
  128    41
  129   354
  130   175
  131     1
  132   317
  133   141
  134   455
  135   280
  136   100
  137   416
  138   240
  139    64
  140   379
  141   204
  142    26
  143   340
  144   167
  145   482
  146   304
  147   126
  148   443
  149   268
  150    93
  151   406
  152   227
  153    53
  154   366
  155   194
  156    16
  157   331
  158   156
  159   470
  160   294
  161   115
  162   432
  163   257
  164    80
  165   395
  166   218
  167    42
  168   359
  169   182
  170     8
  171   319
  172   145
  173   459
  174   281
  175   105
  176   423
  177   243
  178    66
  179   386
  180   208
  181    33
  182   349
  183   172
  184   486
  185   307
  186   133
  187   444
  188   272
  189    95
  190   411
  191   235
  192    56
  193   372
  194   197
  195    21
  196   334
  197   160
  198   473
  199   298
  200   120
  201   437
  202   260
  203    84
  204   399
  205   221
  206    45
  207   361
  208   183
  209     9
  210   322
  211   150
  212   465
  213   286
  214   112
  215   425
  216   246
  217    71
  218   387
  219   212
  220    35
  221   350
  222   173
  223   487
  224   313
  225   137
  226   453
  227   275
  228    99
  229   415
  230   236
  231    61
  232   376
  233   198
  234    22
  235   337
  236   161
  237   477
  238   300
  239   125
  240   438
  241   263
  242    88
  243   401
  244   223
  245    52
  246   364
  247   191
  248    10
  249   328
  250   149
  251   468
  252   290
  253   114
  254   427
  255   253
  256    73
  257   390
  258   217
  259    39
  260   352
  261   179
  262     0
  263   315
  264   139
  265   456
  266   278
  267   101
  268   414
  269   239
  270    63
  271   377
  272   202
  273    27
  274   343
  275   163
  276   479
  277   302
  278   127
  279   442
  280   265
  281    89
  282   405
  283   230
  284    51
  285   365
  286   190
  287    17
  288   330
  289   153
  290   469
  291   291
  292   116
  293   433
  294   254
  295    77
  296   393
  297   215
  298    40
  299   355
  300   180
  301     4
  302   320
  303   144
  304   461
  305   279
  306   104
  307   420
  308   245
  309    70
  310   383
  311   207
  312    28
  313   344
  314   169
  315   484
  316   306
  317   130
  318   447
  319   266
  320    91
  321   407
  322   232
  323    54
  324   371
  325   196
  326    18
  327   332
  328   155
  329   471
  330   295
  331   119
  332   434
  333   256
  334    81
  335   397
  336   222
  337    46
  338   358
  339   186
  340     7
  341   324
  342   147
  343   460
  344   284
  345   108
  346   424
  347   247
  348    72
  349   384
  350   209
  351    34
  352   347
  353   174
  354   485
  355   309
  356   134
  357   448
  358   271
  359    97
  360   410
  361   234
  362    60
  363   374
  364   199
  365    20
  366   339
  367   159
  368   475
  369   297
  370   123
  371   439
  372   261
  373    83
  374   400
  375   226
  376    47
  377   363
  378   185
  379    11
  380   325
  381   151
  382   464
  383   287
  384   110
  385   429
  386   251
  387    74
  388   389
  389   211
  390    36
  391   351
  392   177
  393   490
  394   312
  395   138
  396   451
  397   276
  398    98
  399   417
  400   237
  401    62
  402   378
  403   200
  404    25
  405   341
  406   166
  407   480
  408   301
  409   128
  410   441
  411   264
  412    87
  413   402
  414   225
  415    50
  416   367
  417   188
  418    14
  419   329
  420   154
  421   467
  422   289
  423   117
  424   430
  425   250
  426    75
  427   396
  428   216
  429    38
  430   356
  431   178
  432     3
  433   316
  434   142
  435   454
  436   277
  437   106
  438   419
  439   241
  440    67
  441   380
  442   203
  443    29
  444   346
  445   165
  446   481
  447   305
  448   131
  449   446
  450   267
  451    90
  452   409
  453   229
  454    57
  455   370
  456   193
  457    19
  458   335
  459   157
  460   472
  461   296
  462   118
  463   431
  464   258
  465    79
  466   392
  467   220
  468    43
  469   360
  470   184
  471     2
  472   323
  473   146
  474   458
  475   283
  476   109
  477   421
  478   248
  479    68
  480   382
  481   206
  482    32
  483   345
  484   168
  485   489
  486   310
  487   132
  488   449
  489   274
  490    96
  491   412
