R5T45XL2
Turbo Code Interleaving
User data with 4 flush bits N=1004
NOTE: Q-bit is the bit index after interleaving. Data-bit is the index of user data

Q-bit Data-bit
--------------
    0     8
    1   649
    2   283
    3   932
    4   577
    5   210
    6   854
    7   495
    8   133
    9   780
   10   418
   11    62
   12   699
   13   345
   14   986
   15   627
   16   261
   17   908
   18   549
   19   187
   20   826
   21   470
   22   113
   23   754
   24   390
   25    30
   26   682
   27   321
   28   967
   29   597
   30   247
   31   890
   32   524
   33   167
   34   805
   35   445
   36    87
   37   729
   38   368
   39    10
   40   654
   41   293
   42   942
   43   580
   44   216
   45   861
   46   500
   47   140
   48   785
   49   427
   50    60
   51   710
   52   347
   53   995
   54   633
   55   272
   56   920
   57   551
   58   191
   59   833
   60   474
   61   119
   62   760
   63   401
   64    45
   65   685
   66   330
   67   970
   68   610
   69   249
   70   887
   71   528
   72   172
   73   812
   74   457
   75    99
   76   739
   77   382
   78    22
   79   664
   80   300
   81   944
   82   589
   83   226
   84   868
   85   508
   86   156
   87   790
   88   435
   89    71
   90   721
   91   357
   92  1001
   93   639
   94   274
   95   922
   96   556
   97   207
   98   843
   99   487
  100   120
  101   766
  102   413
  103    47
  104   690
  105   335
  106   977
  107   619
  108   254
  109   896
  110   535
  111   176
  112   823
  113   467
  114   100
  115   750
  116   384
  117    25
  118   665
  119   308
  120   949
  121   596
  122   232
  123   874
  124   517
  125   160
  126   799
  127   436
  128    82
  129   724
  130   356
  131     1
  132   646
  133   289
  134   927
  135   573
  136   204
  137   848
  138   490
  139   130
  140   777
  141   417
  142    53
  143   696
  144   341
  145   983
  146   621
  147   257
  148   904
  149   548
  150   189
  151   829
  152   465
  153   107
  154   747
  155   394
  156    31
  157   678
  158   318
  159   956
  160   599
  161   234
  162   883
  163   526
  164   164
  165   806
  166   444
  167    83
  168   732
  169   369
  170    15
  171   652
  172   296
  173   935
  174   576
  175   214
  176   862
  177   496
  178   135
  179   788
  180   424
  181    64
  182   711
  183   348
  184   990
  185   626
  186   270
  187   907
  188   553
  189   193
  190   838
  191   478
  192   114
  193   759
  194   403
  195    40
  196   683
  197   324
  198   966
  199   609
  200   245
  201   891
  202   531
  203   170
  204   815
  205   453
  206    90
  207   737
  208   373
  209    17
  210   655
  211   303
  212   947
  213   582
  214   228
  215   865
  216   504
  217   145
  218   789
  219   432
  220    68
  221   712
  222   352
  223   993
  224   637
  225   278
  226   923
  227   562
  228   202
  229   847
  230   480
  231   124
  232   770
  233   404
  234    42
  235   687
  236   329
  237   974
  238   612
  239   255
  240   893
  241   536
  242   181
  243   820
  244   456
  245   106
  246   743
  247   388
  248    20
  249   668
  250   301
  251   952
  252   594
  253   233
  254   873
  255   518
  256   149
  257   795
  258   441
  259    79
  260   716
  261   363
  262     0
  263   640
  264   281
  265   930
  266   568
  267   206
  268   844
  269   488
  270   129
  271   773
  272   414
  273    55
  274   700
  275   334
  276   979
  277   617
  278   258
  279   903
  280   544
  281   182
  282   828
  283   469
  284   103
  285   746
  286   385
  287    32
  288   677
  289   310
  290   953
  291   595
  292   236
  293   884
  294   523
  295   158
  296   803
  297   439
  298    80
  299   726
  300   366
  301     7
  302   653
  303   294
  304   939
  305   569
  306   213
  307   858
  308   502
  309   142
  310   783
  311   421
  312    57
  313   703
  314   344
  315   988
  316   625
  317   265
  318   911
  319   546
  320   186
  321   832
  322   473
  323   111
  324   757
  325   402
  326    36
  327   679
  328   316
  329   960
  330   603
  331   244
  332   886
  333   525
  334   166
  335   808
  336   454
  337    93
  338   731
  339   378
  340    13
  341   657
  342   299
  343   938
  344   579
  345   217
  346   864
  347   505
  348   146
  349   784
  350   425
  351    67
  352   709
  353   354
  354   989
  355   630
  356   271
  357   913
  358   552
  359   196
  360   836
  361   477
  362   122
  363   764
  364   408
  365    39
  366   692
  367   323
  368   968
  369   606
  370   250
  371   895
  372   532
  373   168
  374   817
  375   460
  376    97
  377   740
  378   377
  379    21
  380   660
  381   307
  382   946
  383   585
  384   224
  385   875
  386   516
  387   150
  388   791
  389   430
  390    69
  391   714
  392   359
  393   997
  394   636
  395   280
  396   921
  397   565
  398   201
  399   851
  400   481
  401   128
  402   774
  403   411
  404    52
  405   697
  406   337
  407   980
  408   615
  409   259
  410   901
  411   538
  412   180
  413   821
  414   459
  415   102
  416   749
  417   383
  418    27
  419   674
  420   315
  421   950
  422   591
  423   238
  424   877
  425   515
  426   155
  427   807
  428   440
  429    77
  430   728
  431   362
  432     6
  433   644
  434   291
  435   926
  436   566
  437   215
  438   856
  439   493
  440   136
  441   779
  442   415
  443    58
  444   705
  445   336
  446   981
  447   623
  448   268
  449   909
  450   547
  451   185
  452   834
  453   468
  454   115
  455   755
  456   392
  457    38
  458   684
  459   319
  460   962
  461   604
  462   243
  463   880
  464   527
  465   163
  466   802
  467   446
  468    85
  469   733
  470   374
  471     4
  472   656
  473   297
  474   933
  475   578
  476   219
  477   860
  478   506
  479   138
  480   781
  481   420
  482    63
  483   704
  484   343
  485   996
  486   632
  487   269
  488   915
  489   557
  490   194
  491   839
  492   476
  493   117
  494   761
  495   400
  496    37
  497   681
  498   325
  499   971
  500   613
  501   253
  502   885
  503   529
  504   171
  505   818
  506   455
  507    94
  508   742
  509   375
  510    16
  511   663
  512   304
  513   943
  514   584
  515   223
  516   863
  517   509
  518   147
  519   792
  520   434
  521    72
  522   719
  523   353
  524   999
  525   635
  526   276
  527   925
  528   561
  529   203
  530   845
  531   486
  532   125
  533   765
  534   407
  535    48
  536   694
  537   328
  538   975
  539   620
  540   252
  541   900
  542   542
  543   184
  544   824
  545   461
  546   104
  547   748
  548   386
  549    24
  550   671
  551   306
  552   955
  553   587
  554   229
  555   876
  556   514
  557   151
  558   798
  559   442
  560    78
  561   722
  562   360
  563     3
  564   648
  565   286
  566   928
  567   572
  568   211
  569   855
  570   494
  571   131
  572   772
  573   412
  574    51
  575   698
  576   340
  577   978
  578   618
  579   264
  580   905
  581   541
  582   183
  583   827
  584   466
  585   105
  586   753
  587   391
  588    29
  589   672
  590   313
  591   958
  592   598
  593   235
  594   882
  595   520
  596   162
  597   801
  598   448
  599    88
  600   727
  601   367
  602     2
  603   651
  604   292
  605   931
  606   574
  607   218
  608   857
  609   499
  610   132
  611   776
  612   423
  613    59
  614   708
  615   342
  616   992
  617   629
  618   266
  619   914
  620   554
  621   192
  622   830
  623   475
  624   110
  625   763
  626   397
  627    43
  628   680
  629   326
  630   965
  631   602
  632   242
  633   889
  634   533
  635   175
  636   809
  637   450
  638    91
  639   736
  640   379
  641    12
  642   662
  643   295
  644   940
  645   586
  646   225
  647   867
  648   503
  649   143
  650   786
  651   429
  652    70
  653   707
  654   355
  655   991
  656   638
  657   277
  658   916
  659   558
  660   199
  661   840
  662   484
  663   126
  664   769
  665   406
  666    41
  667   693
  668   327
  669   972
  670   614
  671   248
  672   899
  673   534
  674   174
  675   819
  676   463
  677   101
  678   738
  679   381
  680    26
  681   670
  682   311
  683   954
  684   593
  685   230
  686   869
  687   510
  688   152
  689   800
  690   431
  691    76
  692   718
  693   361
  694  1002
  695   647
  696   287
  697   924
  698   563
  699   209
  700   842
  701   489
  702   127
  703   768
  704   410
  705    50
  706   691
  707   338
  708   982
  709   616
  710   260
  711   902
  712   543
  713   179
  714   825
  715   462
  716   109
  717   751
  718   393
  719    33
  720   675
  721   314
  722   961
  723   600
  724   239
  725   878
  726   519
  727   157
  728   804
  729   438
  730    86
  731   723
  732   370
  733     9
  734   645
  735   285
  736   937
  737   570
  738   212
  739   853
  740   497
  741   139
  742   775
  743   416
  744    61
  745   702
  746   346
  747   987
  748   628
  749   263
  750   906
  751   550
  752   190
  753   837
  754   472
  755   112
  756   756
  757   395
  758    34
  759   676
  760   320
  761   964
  762   608
  763   241
  764   888
  765   522
  766   161
  767   814
  768   449
  769    89
  770   735
  771   371
  772    11
  773   658
  774   298
  775   945
  776   583
  777   222
  778   866
  779   498
  780   141
  781   782
  782   426
  783    66
  784   713
  785   349
  786   998
  787   634
  788   275
  789   917
  790   560
  791   197
  792   835
  793   482
  794   118
  795   758
  796   399
  797    44
  798   686
  799   332
  800   969
  801   605
  802   256
  803   892
  804   537
  805   173
  806   811
  807   451
  808    95
  809   741
  810   376
  811    18
  812   667
  813   302
  814   948
  815   590
  816   227
  817   871
  818   507
  819   148
  820   794
  821   428
  822    75
  823   720
  824   351
  825  1000
  826   643
  827   282
  828   919
  829   559
  830   198
  831   849
  832   483
  833   123
  834   767
  835   409
  836    54
  837   695
  838   333
  839   976
  840   622
  841   262
  842   898
  843   540
  844   178
  845   822
  846   458
  847    98
  848   744
  849   389
  850    28
  851   669
  852   309
  853   959
  854   592
  855   237
  856   872
  857   511
  858   159
  859   797
  860   443
  861    81
  862   725
  863   364
  864     5
  865   650
  866   288
  867   934
  868   567
  869   208
  870   850
  871   492
  872   137
  873   778
  874   419
  875    56
  876   701
  877   339
  878   984
  879   624
  880   267
  881   910
  882   545
  883   188
  884   831
  885   471
  886   108
  887   752
  888   396
  889    35
  890   673
  891   317
  892   957
  893   601
  894   240
  895   881
  896   521
  897   165
  898   810
  899   447
  900    84
  901   730
  902   372
  903    14
  904   659
  905   290
  906   936
  907   575
  908   220
  909   859
  910   501
  911   144
  912   787
  913   422
  914    65
  915   706
  916   350
  917   985
  918   631
  919   273
  920   912
  921   555
  922   195
  923   841
  924   479
  925   116
  926   762
  927   398
  928    46
  929   689
  930   322
  931   963
  932   607
  933   246
  934   894
  935   530
  936   169
  937   813
  938   452
  939    92
  940   734
  941   380
  942    19
  943   661
  944   305
  945   941
  946   581
  947   221
  948   870
  949   513
  950   153
  951   793
  952   433
  953    73
  954   717
  955   358
  956   994
  957   641
  958   279
  959   918
  960   564
  961   200
  962   846
  963   485
  964   121
  965   771
  966   405
  967    49
  968   688
  969   331
  970   973
  971   611
  972   251
  973   897
  974   539
  975   177
  976   816
  977   464
  978    96
  979   745
  980   387
  981    23
  982   666
  983   312
  984   951
  985   588
  986   231
  987   879
  988   512
  989   154
  990   796
  991   437
  992    74
  993   715
  994   365
  995  1003
  996   642
  997   284
  998   929
  999   571
 1000   205
 1001   852
 1002   491
 1003   134
