R80T1QL2
Turbo Code Interleaving
User data with 4 flush bits = 3060
NOTE: S-bit is the bit index after interleaving. Data-bit is the index of user data
S-bit Data-bit
    0    31
    1  1984
    2   864
    3  2839
    4  1755
    5   641
    6  2601
    7  1515
    8   409
    9  2379
   10  1274
   11   188
   12  2128
   13  1049
   14  3008
   15  1915
   16   793
   17  2770
   18  1675
   19   570
   20  2522
   21  1437
   22   350
   23  2295
   24  1190
   25    94
   26  2077
   27   981
   28  2944
   29  1822
   30   748
   31  2705
   32  1598
   33   514
   34  2449
   35  1359
   36   267
   37  2219
   38  1122
   39    35
   40  1994
   41   891
   42  2870
   43  1761
   44   656
   45  2628
   46  1524
   47   425
   48  2390
   49  1304
   50   185
   51  2164
   52  1051
   53  3032
   54  1933
   55   834
   56  2807
   57  1680
   58   586
   59  2542
   60  1450
   61   367
   62  2314
   63  1222
   64   137
   65  2087
   66  1009
   67  2956
   68  1858
   69   757
   70  2701
   71  1610
   72   522
   73  2476
   74  1400
   75   306
   76  2255
   77  1165
   78    67
   79  2025
   80   916
   81  2873
   82  1792
   83   686
   84  2645
   85  1552
   86   472
   87  2403
   88  1331
   89   220
   90  2188
   91  1088
   92  3045
   93  1949
   94   841
   95  2811
   96  1699
   97   630
   98  2573
   99  1484
  100   369
  101  2338
  102  1256
  103   145
  104  2103
  105  1021
  106  2980
  107  1884
  108   773
  109  2726
  110  1632
  111   539
  112  2510
  113  1422
  114   310
  115  2285
  116  1172
  117    74
  118  2026
  119   934
  120  2891
  121  1818
  122   705
  123  2662
  124  1571
  125   487
  126  2434
  127  1336
  128   251
  129  2207
  130  1086
  131     4
  132  1971
  133   880
  134  2824
  135  1740
  136   624
  137  2582
  138  1492
  139   402
  140  2368
  141  1273
  142   156
  143  2116
  144  1039
  145  2993
  146  1890
  147   786
  148  2757
  149  1674
  150   572
  151  2530
  152  1418
  153   329
  154  2276
  155  1204
  156    95
  157  2071
  158   978
  159  2908
  160  1829
  161   711
  162  2693
  163  1600
  164   500
  165  2450
  166  1356
  167   253
  168  2230
  169  1123
  170    43
  171  1988
  172   900
  173  2847
  174  1753
  175   652
  176  2630
  177  1518
  178   411
  179  2399
  180  1293
  181   195
  182  2165
  183  1059
  184  3018
  185  1912
  186   827
  187  2765
  188  1682
  189   593
  190  2552
  191  1461
  192   351
  193  2313
  194  1228
  195   123
  196  2078
  197   992
  198  2943
  199  1853
  200   742
  201  2717
  202  1614
  203   520
  204  2483
  205  1383
  206   273
  207  2249
  208  1138
  209    47
  210  1999
  211   919
  212  2882
  213  1777
  214   691
  215  2639
  216  1538
  217   443
  218  2402
  219  1317
  220   212
  221  2170
  222  1075
  223  3024
  224  1939
  225   850
  226  2814
  227  1712
  228   621
  229  2580
  230  1468
  231   379
  232  2349
  233  1230
  234   132
  235  2094
  236  1006
  237  2974
  238  1865
  239   778
  240  2720
  241  1634
  242   552
  243  2501
  244  1393
  245   328
  246  2269
  247  1182
  248    59
  249  2033
  250   917
  251  2902
  252  1806
  253   710
  254  2659
  255  1572
  256   457
  257  2427
  258  1347
  259   242
  260  2183
  261  1100
  262     1
  263  1950
  264   856
  265  2836
  266  1730
  267   627
  268  2574
  269  1486
  270   397
  271  2355
  272  1257
  273   166
  274  2133
  275  1020
  276  2985
  277  1877
  278   790
  279  2751
  280  1669
  281   553
  282  2528
  283  1434
  284   324
  285  2274
  286  1173
  287   100
  288  2064
  289   941
  290  2905
  291  1815
  292   716
  293  2696
  294  1597
  295   481
  296  2447
  297  1343
  298   245
  299  2211
  300  1113
  301    29
  302  1991
  303   893
  304  2859
  305  1732
  306   648
  307  2610
  308  1528
  309   430
  310  2388
  311  1286
  312   177
  313  2138
  314  1048
  315  3016
  316  1904
  317   808
  318  2775
  319  1671
  320   565
  321  2538
  322  1449
  323   341
  324  2309
  325  1224
  326   114
  327  2072
  328   969
  329  2924
  330  1842
  331   737
  332  2700
  333  1599
  334   504
  335  2458
  336  1384
  337   291
  338  2229
  339  1157
  340    41
  341  2002
  342   913
  343  2854
  344  1759
  345   657
  346  2635
  347  1540
  348   448
  349  2389
  350  1297
  351   211
  352  2160
  353  1081
  354  3017
  355  1928
  356   831
  357  2789
  358  1681
  359   603
  360  2549
  361  1457
  362   374
  363  2325
  364  1245
  365   121
  366  2105
  367   985
  368  2947
  369  1849
  370   759
  371  2725
  372  1618
  373   515
  374  2488
  375  1406
  376   298
  377  2257
  378  1153
  379    62
  380  2011
  381   933
  382  2878
  383  1784
  384   682
  385  2663
  386  1569
  387   459
  388  2406
  389  1312
  390   216
  391  2178
  392  1092
  393  3036
  394  1936
  395   855
  396  2808
  397  1718
  398   618
  399  2593
  400  1470
  401   396
  402  2360
  403  1252
  404   155
  405  2118
  406  1031
  407  2987
  408  1873
  409   791
  410  2748
  411  1637
  412   547
  413  2505
  414  1405
  415   318
  416  2283
  417  1169
  418    80
  419  2047
  420   956
  421  2894
  422  1795
  423   721
  424  2670
  425  1567
  426   470
  427  2451
  428  1346
  429   240
  430  2214
  431  1099
  432    27
  433  1964
  434   884
  435  2823
  436  1725
  437   654
  438  2607
  439  1508
  440   412
  441  2377
  442  1260
  443   178
  444  2145
  445  1025
  446  2990
  447  1898
  448   818
  449  2773
  450  1672
  451   559
  452  2545
  453  1425
  454   357
  455  2306
  456  1200
  457   119
  458  2079
  459   979
  460  2928
  461  1844
  462   736
  463  2679
  464  1607
  465   495
  466  2445
  467  1361
  468   263
  469  2232
  470  1145
  471    23
  472  2000
  473   902
  474  2844
  475  1757
  476   659
  477  2626
  478  1541
  479   418
  480  2380
  481  1281
  482   192
  483  2143
  484  1045
  485  3033
  486  1932
  487   822
  488  2794
  489  1700
  490   594
  491  2558
  492  1456
  493   364
  494  2316
  495  1221
  496   116
  497  2076
  498   993
  499  2962
  500  1870
  501   771
  502  2698
  503  1612
  504   521
  505  2489
  506  1387
  507   293
  508  2262
  509  1148
  510    46
  511  2021
  512   921
  513  2872
  514  1780
  515   680
  516  2632
  517  1557
  518   451
  519  2412
  520  1325
  521   222
  522  2186
  523  1076
  524  3039
  525  1935
  526   848
  527  2820
  528  1711
  529   622
  530  2576
  531  1483
  532   383
  533  2333
  534  1244
  535   148
  536  2114
  537   999
  538  2976
  539  1886
  540   770
  541  2741
  542  1651
  543   555
  544  2515
  545  1409
  546   326
  547  2278
  548  1176
  549    73
  550  2040
  551   925
  552  2907
  553  1787
  554   695
  555  2667
  556  1565
  557   462
  558  2432
  559  1351
  560   241
  561  2198
  562  1095
  563    16
  564  1980
  565   875
  566  2828
  567  1737
  568   643
  569  2604
  570  1513
  571   406
  572  2353
  573  1253
  574   152
  575  2120
  576  1038
  577  2981
  578  1882
  579   807
  580  2761
  581  1650
  582   554
  583  2526
  584  1421
  585   327
  586  2291
  587  1197
  588    88
  589  2044
  590   954
  591  2918
  592  1826
  593   715
  594  2692
  595  1581
  596   493
  597  2441
  598  1363
  599   268
  600  2212
  601  1118
  602     8
  603  1986
  604   886
  605  2838
  606  1741
  607   658
  608  2609
  609  1523
  610   408
  611  2366
  612  1291
  613   181
  614  2157
  615  1044
  616  3022
  617  1922
  618   812
  619  2791
  620  1686
  621   592
  622  2533
  623  1453
  624   338
  625  2321
  626  1212
  627   133
  628  2074
  629   995
  630  2941
  631  1835
  632   735
  633  2703
  634  1622
  635   532
  636  2461
  637  1377
  638   275
  639  2247
  640  1158
  641    39
  642  2018
  643   895
  644  2862
  645  1786
  646   685
  647  2642
  648  1537
  649   431
  650  2394
  651  1308
  652   217
  653  2155
  654  1082
  655  3021
  656  1941
  657   849
  658  2796
  659  1702
  660   612
  661  2561
  662  1479
  663   389
  664  2344
  665  1233
  666   131
  667  2109
  668   997
  669  2963
  670  1871
  671   755
  672  2731
  673  1630
  674   524
  675  2500
  676  1411
  677   311
  678  2254
  679  1163
  680    77
  681  2038
  682   947
  683  2906
  684  1804
  685   698
  686  2651
  687  1559
  688   463
  689  2439
  690  1316
  691   239
  692  2185
  693  1097
  694  3047
  695  1972
  696   876
  697  2816
  698  1715
  699   636
  700  2572
  701  1489
  702   392
  703  2342
  704  1249
  705   151
  706  2104
  707  1034
  708  2991
  709  1874
  710   792
  711  2749
  712  1652
  713   546
  714  2516
  715  1410
  716   334
  717  2286
  718  1202
  719   102
  720  2061
  721   955
  722  2926
  723  1830
  724   723
  725  2675
  726  1575
  727   479
  728  2448
  729  1341
  730   264
  731  2203
  732  1130
  733    34
  734  1969
  735   873
  736  2852
  737  1735
  738   647
  739  2595
  740  1519
  741   421
  742  2361
  743  1268
  744   187
  745  2136
  746  1050
  747  3014
  748  1919
  749   801
  750  2764
  751  1677
  752   577
  753  2550
  754  1444
  755   344
  756  2307
  757  1206
  758   108
  759  2062
  760   980
  761  2938
  762  1852
  763   734
  764  2702
  765  1596
  766   490
  767  2479
  768  1372
  769   270
  770  2241
  771  1133
  772    37
  773  2004
  774   912
  775  2875
  776  1778
  777   679
  778  2640
  779  1522
  780   426
  781  2386
  782  1298
  783   210
  784  2171
  785  1071
  786  3037
  787  1934
  788   846
  789  2802
  790  1710
  791   604
  792  2547
  793  1471
  794   365
  795  2311
  796  1220
  797   136
  798  2089
  799  1012
  800  2948
  801  1847
  802   779
  803  2718
  804  1636
  805   523
  806  2474
  807  1378
  808   295
  809  2259
  810  1151
  811    50
  812  2031
  813   918
  814  2883
  815  1793
  816   690
  817  2657
  818  1542
  819   456
  820  2421
  821  1305
  822   237
  823  2187
  824  1074
  825  3043
  826  1963
  827   858
  828  2805
  829  1703
  830   611
  831  2585
  832  1477
  833   376
  834  2341
  835  1248
  836   160
  837  2115
  838  1015
  839  2978
  840  1891
  841   799
  842  2728
  843  1646
  844   545
  845  2506
  846  1404
  847   302
  848  2272
  849  1188
  850    86
  851  2034
  852   935
  853  2920
  854  1799
  855   717
  856  2658
  857  1560
  858   485
  859  2431
  860  1352
  861   250
  862  2210
  863  1101
  864    25
  865  1985
  866   877
  867  2846
  868  1729
  869   634
  870  2586
  871  1504
  872   414
  873  2375
  874  1275
  875   172
  876  2135
  877  1035
  878  2998
  879  1903
  880   815
  881  2774
  882  1670
  883   571
  884  2534
  885  1443
  886   333
  887  2289
  888  1208
  889   113
  890  2045
  891   976
  892  2913
  893  1833
  894   726
  895  2688
  896  1589
  897   501
  898  2471
  899  1362
  900   261
  901  2220
  902  1135
  903    42
  904  2005
  905   883
  906  2850
  907  1752
  908   661
  909  2625
  910  1525
  911   439
  912  2397
  913  1288
  914   207
  915  2152
  916  1072
  917  3000
  918  1929
  919   835
  920  2785
  921  1689
  922   597
  923  2567
  924  1465
  925   361
  926  2320
  927  1219
  928   139
  929  2099
  930   984
  931  2936
  932  1851
  933   747
  934  2722
  935  1613
  936   519
  937  2477
  938  1381
  939   285
  940  2235
  941  1161
  942    54
  943  2016
  944   923
  945  2869
  946  1768
  947   673
  948  2652
  949  1562
  950   464
  951  2418
  952  1322
  953   225
  954  2184
  955  1090
  956  3028
  957  1956
  958   853
  959  2803
  960  1716
  961   617
  962  2579
  963  1480
  964   371
  965  2352
  966  1231
  967   150
  968  2098
  969  1010
  970  2972
  971  1859
  972   769
  973  2727
  974  1645
  975   544
  976  2486
  977  1415
  978   296
  979  2273
  980  1178
  981    72
  982  2027
  983   948
  984  2896
  985  1790
  986   702
  987  2677
  988  1561
  989   465
  990  2430
  991  1337
  992   234
  993  2179
  994  1102
  995  3055
  996  1957
  997   870
  998  2830
  999  1736
 1000   625
 1001  2594
 1002  1501
 1003   410
 1004  2362
 1005  1263
 1006   179
 1007  2121
 1008  1037
 1009  2995
 1010  1902
 1011   796
 1012  2763
 1013  1665
 1014   563
 1015  2521
 1016  1424
 1017   321
 1018  2277
 1019  1187
 1020   103
 1021  2046
 1022   966
 1023  2925
 1024  1821
 1025   720
 1026  2689
 1027  1601
 1028   484
 1029  2460
 1030  1368
 1031   244
 1032  2218
 1033  1115
 1034     9
 1035  1983
 1036   901
 1037  2864
 1038  1760
 1039   664
 1040  2624
 1041  1503
 1042   435
 1043  2369
 1044  1290
 1045   196
 1046  2150
 1047  1066
 1048  2994
 1049  1908
 1050   817
 1051  2788
 1052  1687
 1053   590
 1054  2553
 1055  1446
 1056   360
 1057  2296
 1058  1223
 1059   109
 1060  2070
 1061   964
 1062  2940
 1063  1854
 1064   756
 1065  2695
 1066  1594
 1067   509
 1068  2469
 1069  1373
 1070   276
 1071  2246
 1072  1139
 1073    57
 1074  2009
 1075   898
 1076  2877
 1077  1766
 1078   681
 1079  2646
 1080  1535
 1081   445
 1082  2414
 1083  1295
 1084   223
 1085  2167
 1086  1063
 1087  3046
 1088  1942
 1089   845
 1090  2815
 1091  1693
 1092   600
 1093  2566
 1094  1463
 1095   366
 1096  2339
 1097  1235
 1098   130
 1099  2095
 1100   988
 1101  2950
 1102  1875
 1103   772
 1104  2738
 1105  1627
 1106   526
 1107  2497
 1108  1395
 1109   305
 1110  2245
 1111  1166
 1112    55
 1113  2017
 1114   939
 1115  2880
 1116  1801
 1117   687
 1118  2641
 1119  1549
 1120   468
 1121  2417
 1122  1327
 1123   235
 1124  2189
 1125  1096
 1126     3
 1127  1962
 1128   865
 1129  2818
 1130  1724
 1131   613
 1132  2598
 1133  1491
 1134   390
 1135  2356
 1136  1269
 1137   173
 1138  2110
 1139  1014
 1140  2970
 1141  1899
 1142   795
 1143  2746
 1144  1639
 1145   567
 1146  2502
 1147  1414
 1148   313
 1149  2290
 1150  1199
 1151    78
 1152  2058
 1153   942
 1154  2919
 1155  1820
 1156   731
 1157  2690
 1158  1583
 1159   476
 1160  2453
 1161  1338
 1162   246
 1163  2223
 1164  1120
 1165     2
 1166  1979
 1167   881
 1168  2849
 1169  1739
 1170   642
 1171  2611
 1172  1510
 1173   407
 1174  2364
 1175  1279
 1176   190
 1177  2131
 1178  1053
 1179  3011
 1180  1905
 1181   819
 1182  2784
 1183  1679
 1184   595
 1185  2525
 1186  1440
 1187   346
 1188  2304
 1189  1192
 1190    99
 1191  2081
 1192   983
 1193  2921
 1194  1828
 1195   730
 1196  2707
 1197  1593
 1198   505
 1199  2470
 1200  1360
 1201   274
 1202  2225
 1203  1143
 1204    33
 1205  2006
 1206   911
 1207  2855
 1208  1773
 1209   667
 1210  2614
 1211  1533
 1212   436
 1213  2383
 1214  1302
 1215   206
 1216  2161
 1217  1065
 1218  3023
 1219  1909
 1220   826
 1221  2777
 1222  1706
 1223   607
 1224  2546
 1225  1458
 1226   359
 1227  2334
 1228  1225
 1229   147
 1230  2093
 1231  1007
 1232  2951
 1233  1846
 1234   760
 1235  2710
 1236  1626
 1237   528
 1238  2484
 1239  1386
 1240   290
 1241  2261
 1242  1150
 1243    63
 1244  2023
 1245   907
 1246  2889
 1247  1776
 1248   696
 1249  2654
 1250  1545
 1251   455
 1252  2409
 1253  1328
 1254   226
 1255  2195
 1256  1084
 1257  3053
 1258  1958
 1259   860
 1260  2804
 1261  1719
 1262   632
 1263  2571
 1264  1485
 1265   382
 1266  2350
 1267  1243
 1268   162
 1269  2113
 1270   998
 1271  2969
 1272  1881
 1273   775
 1274  2737
 1275  1654
 1276   542
 1277  2509
 1278  1401
 1279   319
 1280  2264
 1281  1174
 1282    89
 1283  2043
 1284   946
 1285  2914
 1286  1803
 1287   714
 1288  2671
 1289  1580
 1290   477
 1291  2437
 1292  1335
 1293   259
 1294  2205
 1295  1104
 1296    22
 1297  1966
 1298   869
 1299  2833
 1300  1738
 1301   649
 1302  2592
 1303  1499
 1304   417
 1305  2372
 1306  1261
 1307   163
 1308  2124
 1309  1040
 1310  2984
 1311  1911
 1312   810
 1313  2750
 1314  1668
 1315   560
 1316  2527
 1317  1435
 1318   335
 1319  2299
 1320  1185
 1321   110
 1322  2048
 1323   974
 1324  2929
 1325  1827
 1326   743
 1327  2694
 1328  1604
 1329   508
 1330  2467
 1331  1365
 1332   260
 1333  2233
 1334  1127
 1335    32
 1336  1981
 1337   894
 1338  2865
 1339  1748
 1340   663
 1341  2623
 1342  1511
 1343   432
 1344  2387
 1345  1292
 1346   189
 1347  2158
 1348  1068
 1349  3002
 1350  1927
 1351   823
 1352  2778
 1353  1678
 1354   601
 1355  2548
 1356  1448
 1357   354
 1358  2322
 1359  1218
 1360   117
 1361  2091
 1362   972
 1363  2942
 1364  1862
 1365   752
 1366  2719
 1367  1617
 1368   516
 1369  2464
 1370  1371
 1371   300
 1372  2243
 1373  1137
 1374    60
 1375  2012
 1376   926
 1377  2867
 1378  1781
 1379   692
 1380  2638
 1381  1536
 1382   440
 1383  2398
 1384  1315
 1385   228
 1386  2182
 1387  1077
 1388  3052
 1389  1944
 1390   857
 1391  2817
 1392  1695
 1393   614
 1394  2583
 1395  1478
 1396   384
 1397  2346
 1398  1251
 1399   154
 1400  2107
 1401  1018
 1402  2966
 1403  1861
 1404   768
 1405  2742
 1406  1638
 1407   535
 1408  2492
 1409  1403
 1410   307
 1411  2268
 1412  1179
 1413    71
 1414  2041
 1415   937
 1416  2888
 1417  1800
 1418   713
 1419  2656
 1420  1556
 1421   467
 1422  2428
 1423  1318
 1424   224
 1425  2204
 1426  1107
 1427     7
 1428  1965
 1429   866
 1430  2831
 1431  1733
 1432   644
 1433  2587
 1434  1487
 1435   387
 1436  2348
 1437  1270
 1438   175
 1439  2123
 1440  1032
 1441  2982
 1442  1897
 1443   784
 1444  2735
 1445  1647
 1446   568
 1447  2514
 1448  1427
 1449   317
 1450  2292
 1451  1177
 1452    93
 1453  2052
 1454   949
 1455  2903
 1456  1817
 1457   722
 1458  2687
 1459  1582
 1460   478
 1461  2446
 1462  1348
 1463   258
 1464  2226
 1465  1109
 1466    12
 1467  1978
 1468   887
 1469  2851
 1470  1751
 1471   671
 1472  2605
 1473  1514
 1474   428
 1475  2373
 1476  1289
 1477   183
 1478  2142
 1479  1054
 1480  2999
 1481  1917
 1482   825
 1483  2782
 1484  1690
 1485   588
 1486  2535
 1487  1438
 1488   345
 1489  2300
 1490  1203
 1491   115
 1492  2066
 1493   967
 1494  2939
 1495  1836
 1496   749
 1497  2713
 1498  1603
 1499   525
 1500  2475
 1501  1370
 1502   279
 1503  2244
 1504  1159
 1505    53
 1506  1995
 1507   904
 1508  2853
 1509  1775
 1510   676
 1511  2647
 1512  1534
 1513   433
 1514  2408
 1515  1314
 1516   193
 1517  2175
 1518  1070
 1519  3041
 1520  1946
 1521   844
 1522  2798
 1523  1685
 1524   591
 1525  2568
 1526  1472
 1527   377
 1528  2335
 1529  1236
 1530   127
 1531  2080
 1532  1011
 1533  2971
 1534  1850
 1535   782
 1536  2716
 1537  1621
 1538   527
 1539  2495
 1540  1412
 1541   294
 1542  2265
 1543  1168
 1544    70
 1545  2028
 1546   936
 1547  2884
 1548  1798
 1549   699
 1550  2664
 1551  1566
 1552   475
 1553  2436
 1554  1342
 1555   229
 1556  2193
 1557  1094
 1558  3049
 1559  1955
 1560   852
 1561  2821
 1562  1709
 1563   620
 1564  2590
 1565  1493
 1566   388
 1567  2343
 1568  1265
 1569   161
 1570  2117
 1571  1023
 1572  2979
 1573  1895
 1574   798
 1575  2744
 1576  1653
 1577   558
 1578  2523
 1579  1417
 1580   332
 1581  2271
 1582  1191
 1583    79
 1584  2056
 1585   957
 1586  2910
 1587  1810
 1588   701
 1589  2668
 1590  1591
 1591   496
 1592  2456
 1593  1334
 1594   265
 1595  2215
 1596  1106
 1597     6
 1598  1960
 1599   890
 1600  2843
 1601  1743
 1602   639
 1603  2596
 1604  1502
 1605   427
 1606  2371
 1607  1259
 1608   174
 1609  2126
 1610  1055
 1611  3009
 1612  1892
 1613   813
 1614  2769
 1615  1656
 1616   569
 1617  2532
 1618  1436
 1619   349
 1620  2303
 1621  1207
 1622   124
 1623  2069
 1624   953
 1625  2932
 1626  1838
 1627   725
 1628  2709
 1629  1592
 1630   492
 1631  2463
 1632  1380
 1633   278
 1634  2231
 1635  1121
 1636    30
 1637  2010
 1638   909
 1639  2876
 1640  1764
 1641   653
 1642  2620
 1643  1516
 1644   441
 1645  2405
 1646  1303
 1647   205
 1648  2147
 1649  1056
 1650  3012
 1651  1914
 1652   837
 1653  2786
 1654  1697
 1655   610
 1656  2543
 1657  1445
 1658   348
 1659  2319
 1660  1229
 1661   129
 1662  2102
 1663  1003
 1664  2953
 1665  1845
 1666   744
 1667  2732
 1668  1611
 1669   534
 1670  2494
 1671  1399
 1672   287
 1673  2266
 1674  1149
 1675    51
 1676  2015
 1677   929
 1678  2892
 1679  1788
 1680   677
 1681  2649
 1682  1546
 1683   454
 1684  2423
 1685  1319
 1686   213
 1687  2166
 1688  1098
 1689  3029
 1690  1954
 1691   863
 1692  2801
 1693  1704
 1694   623
 1695  2565
 1696  1490
 1697   400
 1698  2330
 1699  1238
 1700   164
 1701  2112
 1702  1016
 1703  2961
 1704  1869
 1705   780
 1706  2756
 1707  1633
 1708   538
 1709  2512
 1710  1398
 1711   303
 1712  2253
 1713  1167
 1714    92
 1715  2024
 1716   951
 1717  2909
 1718  1805
 1719   712
 1720  2660
 1721  1574
 1722   466
 1723  2440
 1724  1349
 1725   236
 1726  2202
 1727  1105
 1728    19
 1729  1951
 1730   861
 1731  2822
 1732  1746
 1733   629
 1734  2603
 1735  1494
 1736   419
 1737  2370
 1738  1276
 1739   186
 1740  2141
 1741  1041
 1742  2992
 1743  1894
 1744   804
 1745  2754
 1746  1666
 1747   573
 1748  2518
 1749  1420
 1750   339
 1751  2284
 1752  1196
 1753   107
 1754  2050
 1755   971
 1756  2915
 1757  1819
 1758   732
 1759  2697
 1760  1585
 1761   488
 1762  2462
 1763  1366
 1764   257
 1765  2221
 1766  1119
 1767    14
 1768  1990
 1769   879
 1770  2840
 1771  1742
 1772   666
 1773  2621
 1774  1526
 1775   423
 1776  2374
 1777  1296
 1778   200
 1779  2139
 1780  1064
 1781  3007
 1782  1926
 1783   809
 1784  2768
 1785  1696
 1786   574
 1787  2564
 1788  1454
 1789   347
 1790  2326
 1791  1217
 1792   140
 1793  2085
 1794   989
 1795  2946
 1796  1843
 1797   767
 1798  2715
 1799  1619
 1800   513
 1801  2478
 1802  1392
 1803   289
 1804  2248
 1805  1154
 1806    40
 1807  2008
 1808   928
 1809  2866
 1810  1769
 1811   684
 1812  2629
 1813  1543
 1814   458
 1815  2407
 1816  1311
 1817   194
 1818  2177
 1819  1061
 1820  3042
 1821  1931
 1822   828
 1823  2792
 1824  1707
 1825   608
 1826  2559
 1827  1476
 1828   372
 1829  2336
 1830  1240
 1831   134
 1832  2092
 1833   994
 1834  2960
 1835  1863
 1836   765
 1837  2729
 1838  1629
 1839   551
 1840  2499
 1841  1413
 1842   315
 1843  2263
 1844  1155
 1845    68
 1846  2029
 1847   930
 1848  2900
 1849  1808
 1850   697
 1851  2666
 1852  1553
 1853   469
 1854  2424
 1855  1339
 1856   248
 1857  2192
 1858  1114
 1859  3051
 1860  1945
 1861   862
 1862  2834
 1863  1731
 1864   626
 1865  2578
 1866  1505
 1867   398
 1868  2357
 1869  1250
 1870   171
 1871  2125
 1872  1029
 1873  2996
 1874  1887
 1875   803
 1876  2745
 1877  1657
 1878   548
 1879  2508
 1880  1428
 1881   316
 1882  2280
 1883  1201
 1884    85
 1885  2063
 1886   960
 1887  2911
 1888  1813
 1889   724
 1890  2686
 1891  1602
 1892   499
 1893  2438
 1894  1350
 1895   271
 1896  2206
 1897  1134
 1898    15
 1899  1976
 1900   871
 1901  2845
 1902  1734
 1903   645
 1904  2615
 1905  1520
 1906   424
 1907  2376
 1908  1287
 1909   197
 1910  2134
 1911  1042
 1912  3005
 1913  1901
 1914   806
 1915  2776
 1916  1658
 1917   585
 1918  2554
 1919  1430
 1920   336
 1921  2305
 1922  1216
 1923   128
 1924  2059
 1925   970
 1926  2937
 1927  1855
 1928   740
 1929  2699
 1930  1605
 1931   502
 1932  2457
 1933  1364
 1934   281
 1935  2242
 1936  1140
 1937    45
 1938  2014
 1939   910
 1940  2871
 1941  1754
 1942   672
 1943  2616
 1944  1532
 1945   446
 1946  2400
 1947  1301
 1948   202
 1949  2159
 1950  1080
 1951  3038
 1952  1913
 1953   842
 1954  2779
 1955  1708
 1956   605
 1957  2570
 1958  1455
 1959   356
 1960  2332
 1961  1239
 1962   126
 1963  2096
 1964  1004
 1965  2958
 1966  1856
 1967   764
 1968  2723
 1969  1615
 1970   530
 1971  2493
 1972  1396
 1973   288
 1974  2250
 1975  1171
 1976    83
 1977  2035
 1978   931
 1979  2886
 1980  1796
 1981   688
 1982  2655
 1983  1555
 1984   442
 1985  2413
 1986  1313
 1987   227
 1988  2194
 1989  1093
 1990     5
 1991  1947
 1992   838
 1993  2825
 1994  1722
 1995   631
 1996  2588
 1997  1496
 1998   385
 1999  2359
 2000  1254
 2001   149
 2002  2122
 2003  1008
 2004  2988
 2005  1889
 2006   800
 2007  2740
 2008  1640
 2009   549
 2010  2511
 2011  1423
 2012   308
 2013  2281
 2014  1186
 2015    82
 2016  2053
 2017   943
 2018  2901
 2019  1789
 2020   703
 2021  2682
 2022  1570
 2023   491
 2024  2429
 2025  1332
 2026   247
 2027  2209
 2028  1126
 2029    11
 2030  1973
 2031   868
 2032  2837
 2033  1744
 2034   638
 2035  2612
 2036  1495
 2037   415
 2038  2381
 2039  1272
 2040   180
 2041  2151
 2042  1028
 2043  3006
 2044  1906
 2045   805
 2046  2762
 2047  1659
 2048   584
 2049  2544
 2050  1432
 2051   352
 2052  2302
 2053  1194
 2054   112
 2055  2055
 2056   959
 2057  2912
 2058  1848
 2059   750
 2060  2678
 2061  1590
 2062   506
 2063  2455
 2064  1367
 2065   284
 2066  2217
 2067  1128
 2068    20
 2069  1977
 2070   908
 2071  2856
 2072  1758
 2073   675
 2074  2627
 2075  1529
 2076   422
 2077  2401
 2078  1307
 2079   204
 2080  2162
 2081  1046
 2082  3030
 2083  1921
 2084   821
 2085  2795
 2086  1694
 2087   580
 2088  2541
 2089  1459
 2090   368
 2091  2308
 2092  1234
 2093   143
 2094  2084
 2095   996
 2096  2955
 2097  1841
 2098   761
 2099  2721
 2100  1631
 2101   540
 2102  2481
 2103  1374
 2104   283
 2105  2234
 2106  1146
 2107    65
 2108  2007
 2109   914
 2110  2868
 2111  1774
 2112   683
 2113  2643
 2114  1548
 2115   452
 2116  2410
 2117  1310
 2118   233
 2119  2168
 2120  1079
 2121  3040
 2122  1948
 2123   829
 2124  2800
 2125  1720
 2126   615
 2127  2577
 2128  1464
 2129   378
 2130  2337
 2131  1232
 2132   138
 2133  2111
 2134  1001
 2135  2986
 2136  1885
 2137   783
 2138  2733
 2139  1643
 2140   531
 2141  2513
 2142  1394
 2143   320
 2144  2279
 2145  1183
 2146    69
 2147  2037
 2148   932
 2149  2904
 2150  1809
 2151   709
 2152  2672
 2153  1564
 2154   480
 2155  2443
 2156  1326
 2157   243
 2158  2196
 2159  1108
 2160    17
 2161  1968
 2162   882
 2163  2842
 2164  1717
 2165   640
 2166  2581
 2167  1488
 2168   391
 2169  2367
 2170  1262
 2171   176
 2172  2132
 2173  1043
 2174  2977
 2175  1900
 2176   802
 2177  2755
 2178  1664
 2179   561
 2180  2507
 2181  1439
 2182   343
 2183  2293
 2184  1205
 2185   101
 2186  2054
 2187   968
 2188  2930
 2189  1812
 2190   719
 2191  2669
 2192  1595
 2193   497
 2194  2459
 2195  1369
 2196   255
 2197  2208
 2198  1111
 2199    38
 2200  1993
 2201   889
 2202  2848
 2203  1765
 2204   668
 2205  2619
 2206  1512
 2207   416
 2208  2393
 2209  1271
 2210   182
 2211  2149
 2212  1057
 2213  3010
 2214  1925
 2215   824
 2216  2790
 2217  1684
 2218   578
 2219  2540
 2220  1462
 2221   342
 2222  2327
 2223  1214
 2224   120
 2225  2073
 2226   982
 2227  2952
 2228  1857
 2229   741
 2230  2711
 2231  1623
 2232   512
 2233  2465
 2234  1385
 2235   280
 2236  2251
 2237  1131
 2238    49
 2239  2001
 2240   896
 2241  2863
 2242  1782
 2243   678
 2244  2648
 2245  1547
 2246   437
 2247  2415
 2248  1306
 2249   198
 2250  2176
 2251  1078
 2252  3035
 2253  1920
 2254   836
 2255  2809
 2256  1713
 2257   602
 2258  2560
 2259  1475
 2260   386
 2261  2329
 2262  1226
 2263   142
 2264  2101
 2265  1005
 2266  2954
 2267  1866
 2268   763
 2269  2743
 2270  1624
 2271   541
 2272  2504
 2273  1389
 2274   292
 2275  2256
 2276  1160
 2277    64
 2278  2042
 2279   922
 2280  2893
 2281  1779
 2282   704
 2283  2644
 2284  1576
 2285   471
 2286  2420
 2287  1320
 2288   238
 2289  2172
 2290  1083
 2291     0
 2292  1953
 2293   854
 2294  2810
 2295  1728
 2296   646
 2297  2602
 2298  1497
 2299   401
 2300  2340
 2301  1258
 2302   165
 2303  2127
 2304  1027
 2305  2983
 2306  1879
 2307   789
 2308  2753
 2309  1642
 2310   557
 2311  2503
 2312  1431
 2313   314
 2314  2294
 2315  1193
 2316    98
 2317  2036
 2318   940
 2319  2922
 2320  1807
 2321   727
 2322  2684
 2323  1584
 2324   489
 2325  2454
 2326  1353
 2327   252
 2328  2216
 2329  1129
 2330    18
 2331  1975
 2332   888
 2333  2835
 2334  1756
 2335   650
 2336  2599
 2337  1500
 2338   420
 2339  2378
 2340  1285
 2341   184
 2342  2153
 2343  1033
 2344  3015
 2345  1910
 2346   814
 2347  2771
 2348  1661
 2349   581
 2350  2536
 2351  1452
 2352   355
 2353  2310
 2354  1198
 2355   104
 2356  2088
 2357   975
 2358  2934
 2359  1837
 2360   733
 2361  2691
 2362  1609
 2363   518
 2364  2466
 2365  1358
 2366   282
 2367  2240
 2368  1125
 2369    36
 2370  2003
 2371   915
 2372  2881
 2373  1763
 2374   665
 2375  2618
 2376  1531
 2377   434
 2378  2391
 2379  1294
 2380   208
 2381  2169
 2382  1058
 2383  3031
 2384  1916
 2385   840
 2386  2799
 2387  1698
 2388   596
 2389  2551
 2390  1467
 2391   363
 2392  2324
 2393  1241
 2394   125
 2395  2083
 2396   991
 2397  2945
 2398  1860
 2399   777
 2400  2734
 2401  1608
 2402   533
 2403  2491
 2404  1379
 2405   309
 2406  2239
 2407  1152
 2408    58
 2409  2013
 2410   927
 2411  2887
 2412  1794
 2413   700
 2414  2650
 2415  1544
 2416   453
 2417  2426
 2418  1323
 2419   218
 2420  2197
 2421  1089
 2422  3050
 2423  1937
 2424   859
 2425  2806
 2426  1701
 2427   609
 2428  2584
 2429  1498
 2430   381
 2431  2345
 2432  1246
 2433   167
 2434  2129
 2435  1019
 2436  2964
 2437  1883
 2438   774
 2439  2739
 2440  1655
 2441   543
 2442  2496
 2443  1402
 2444   323
 2445  2287
 2446  1181
 2447    84
 2448  2051
 2449   958
 2450  2895
 2451  1816
 2452   708
 2453  2665
 2454  1578
 2455   486
 2456  2433
 2457  1330
 2458   232
 2459  2201
 2460  1116
 2461    21
 2462  1989
 2463   878
 2464  2832
 2465  1747
 2466   637
 2467  2597
 2468  1517
 2469   404
 2470  2354
 2471  1284
 2472   159
 2473  2144
 2474  1030
 2475  3003
 2476  1893
 2477   797
 2478  2752
 2479  1667
 2480   564
 2481  2520
 2482  1426
 2483   353
 2484  2301
 2485  1209
 2486   105
 2487  2075
 2488   962
 2489  2923
 2490  1825
 2491   746
 2492  2681
 2493  1588
 2494   494
 2495  2444
 2496  1355
 2497   256
 2498  2227
 2499  1136
 2500    48
 2501  1982
 2502   906
 2503  2841
 2504  1750
 2505   662
 2506  2631
 2507  1539
 2508   429
 2509  2396
 2510  1280
 2511   203
 2512  2148
 2513  1069
 2514  3020
 2515  1924
 2516   830
 2517  2772
 2518  1688
 2519   582
 2520  2539
 2521  1447
 2522   362
 2523  2328
 2524  1211
 2525   118
 2526  2090
 2527   990
 2528  2957
 2529  1840
 2530   745
 2531  2714
 2532  1620
 2533   511
 2534  2487
 2535  1382
 2536   277
 2537  2236
 2538  1144
 2539    52
 2540  1998
 2541   903
 2542  2874
 2543  1783
 2544   693
 2545  2636
 2546  1550
 2547   449
 2548  2425
 2549  1300
 2550   219
 2551  2173
 2552  1091
 2553  3048
 2554  1943
 2555   832
 2556  2797
 2557  1705
 2558   606
 2559  2569
 2560  1469
 2561   393
 2562  2347
 2563  1227
 2564   141
 2565  2108
 2566  1017
 2567  2975
 2568  1876
 2569   785
 2570  2747
 2571  1648
 2572   556
 2573  2517
 2574  1391
 2575   304
 2576  2270
 2577  1170
 2578    75
 2579  2019
 2580   938
 2581  2898
 2582  1811
 2583   707
 2584  2661
 2585  1558
 2586   473
 2587  2416
 2588  1345
 2589   221
 2590  2190
 2591  1110
 2592    13
 2593  1952
 2594   874
 2595  2829
 2596  1723
 2597   619
 2598  2589
 2599  1481
 2600   395
 2601  2365
 2602  1277
 2603   168
 2604  2119
 2605  1022
 2606  2989
 2607  1880
 2608   794
 2609  2758
 2610  1662
 2611   575
 2612  2531
 2613  1429
 2614   325
 2615  2275
 2616  1180
 2617    96
 2618  2057
 2619   965
 2620  2916
 2621  1831
 2622   738
 2623  2676
 2624  1577
 2625   503
 2626  2452
 2627  1344
 2628   254
 2629  2222
 2630  1132
 2631    26
 2632  1996
 2633   899
 2634  2857
 2635  1762
 2636   670
 2637  2617
 2638  1527
 2639   405
 2640  2384
 2641  1278
 2642   191
 2643  2156
 2644  1052
 2645  3013
 2646  1923
 2647   811
 2648  2783
 2649  1676
 2650   589
 2651  2556
 2652  1441
 2653   337
 2654  2297
 2655  1213
 2656   106
 2657  2067
 2658   963
 2659  2927
 2660  1834
 2661   751
 2662  2704
 2663  1625
 2664   510
 2665  2480
 2666  1376
 2667   269
 2668  2228
 2669  1147
 2670    56
 2671  1997
 2672   897
 2673  2860
 2674  1770
 2675   669
 2676  2634
 2677  1554
 2678   450
 2679  2395
 2680  1299
 2681   199
 2682  2174
 2683  1062
 2684  3027
 2685  1940
 2686   843
 2687  2787
 2688  1692
 2689   598
 2690  2563
 2691  1473
 2692   373
 2693  2318
 2694  1247
 2695   146
 2696  2086
 2697  1013
 2698  2949
 2699  1868
 2700   758
 2701  2730
 2702  1644
 2703   529
 2704  2482
 2705  1408
 2706   301
 2707  2252
 2708  1162
 2709    61
 2710  2030
 2711   945
 2712  2885
 2713  1785
 2714   694
 2715  2653
 2716  1573
 2717   474
 2718  2419
 2719  1340
 2720   230
 2721  2200
 2722  1087
 2723  3044
 2724  1961
 2725   851
 2726  2813
 2727  1727
 2728   628
 2729  2591
 2730  1482
 2731   403
 2732  2351
 2733  1266
 2734   157
 2735  2130
 2736  1024
 2737  2967
 2738  1872
 2739   781
 2740  2759
 2741  1649
 2742   566
 2743  2498
 2744  1433
 2745   312
 2746  2282
 2747  1184
 2748    90
 2749  2039
 2750   952
 2751  2899
 2752  1797
 2753   729
 2754  2680
 2755  1568
 2756   482
 2757  2442
 2758  1357
 2759   266
 2760  2224
 2761  1124
 2762    24
 2763  1974
 2764   872
 2765  2826
 2766  1745
 2767   655
 2768  2608
 2769  1506
 2770   413
 2771  2382
 2772  1283
 2773   170
 2774  2146
 2775  1047
 2776  3019
 2777  1896
 2778   820
 2779  2767
 2780  1663
 2781   579
 2782  2555
 2783  1442
 2784   340
 2785  2315
 2786  1210
 2787   111
 2788  2082
 2789   977
 2790  2933
 2791  1823
 2792   753
 2793  2708
 2794  1616
 2795   498
 2796  2472
 2797  1354
 2798   286
 2799  2237
 2800  1142
 2801    28
 2802  1992
 2803   892
 2804  2861
 2805  1772
 2806   660
 2807  2622
 2808  1530
 2809   447
 2810  2385
 2811  1309
 2812   214
 2813  2154
 2814  1067
 2815  3026
 2816  1918
 2817   839
 2818  2780
 2819  1691
 2820   583
 2821  2557
 2822  1451
 2823   370
 2824  2317
 2825  1242
 2826   122
 2827  2097
 2828   986
 2829  2965
 2830  1867
 2831   754
 2832  2712
 2833  1635
 2834   536
 2835  2490
 2836  1397
 2837   299
 2838  2258
 2839  1156
 2840    76
 2841  2022
 2842   920
 2843  2890
 2844  1791
 2845   689
 2846  2637
 2847  1563
 2848   460
 2849  2404
 2850  1333
 2851   215
 2852  2199
 2853  1085
 2854  3034
 2855  1959
 2856   847
 2857  2812
 2858  1714
 2859   616
 2860  2575
 2861  1466
 2862   380
 2863  2331
 2864  1237
 2865   153
 2866  2100
 2867  1000
 2868  2973
 2869  1878
 2870   776
 2871  2736
 2872  1641
 2873   537
 2874  2519
 2875  1407
 2876   297
 2877  2267
 2878  1175
 2879    87
 2880  2049
 2881   944
 2882  2917
 2883  1802
 2884   718
 2885  2674
 2886  1586
 2887   483
 2888  2435
 2889  1329
 2890   249
 2891  2191
 2892  1103
 2893  3054
 2894  1967
 2895   885
 2896  2827
 2897  1749
 2898   635
 2899  2613
 2900  1507
 2901   394
 2902  2358
 2903  1267
 2904   169
 2905  2140
 2906  1036
 2907  3001
 2908  1907
 2909   787
 2910  2766
 2911  1673
 2912   576
 2913  2529
 2914  1419
 2915   330
 2916  2298
 2917  1195
 2918    97
 2919  2065
 2920   973
 2921  2935
 2922  1832
 2923   739
 2924  2685
 2925  1587
 2926   507
 2927  2468
 2928  1375
 2929   262
 2930  2213
 2931  1117
 2932    44
 2933  1987
 2934   905
 2935  2858
 2936  1771
 2937   651
 2938  2606
 2939  1521
 2940   438
 2941  2392
 2942  1282
 2943   201
 2944  2163
 2945  1060
 2946  3004
 2947  1930
 2948   816
 2949  2781
 2950  1683
 2951   587
 2952  2537
 2953  1460
 2954   358
 2955  2312
 2956  1215
 2957   135
 2958  2068
 2959   987
 2960  2959
 2961  1839
 2962   762
 2963  2706
 2964  1606
 2965   517
 2966  2473
 2967  1390
 2968   272
 2969  2238
 2970  1141
 2971    66
 2972  2020
 2973   924
 2974  2879
 2975  1767
 2976   674
 2977  2633
 2978  1551
 2979   444
 2980  2411
 2981  1324
 2982   209
 2983  2180
 2984  1073
 2985  3025
 2986  1938
 2987   833
 2988  2793
 2989  1721
 2990   599
 2991  2562
 2992  1474
 2993   375
 2994  2323
 2995  1255
 2996   144
 2997  2106
 2998  1002
 2999  2968
 3000  1864
 3001   766
 3002  2724
 3003  1628
 3004   550
 3005  2485
 3006  1388
 3007   322
 3008  2260
 3009  1164
 3010    81
 3011  2032
 3012   950
 3013  2897
 3014  1814
 3015   706
 3016  2673
 3017  1579
 3018   461
 3019  2422
 3020  1321
 3021   231
 3022  2181
 3023  1112
 3024    10
 3025  1970
 3026   867
 3027  2819
 3028  1726
 3029   633
 3030  2600
 3031  1509
 3032   399
 3033  2363
 3034  1264
 3035   158
 3036  2137
 3037  1026
 3038  2997
 3039  1888
 3040   788
 3041  2760
 3042  1660
 3043   562
 3044  2524
 3045  1416
 3046   331
 3047  2288
 3048  1189
 3049    91
 3050  2060
 3051   961
 3052  2931
 3053  1824
 3054   728
 3055  2683
 3056  3056
 3057  3057
 3058  3058
 3059  3059
