R80T1QL9
Turbo Code Interleaving
User data with 4 flush bits = 980
NOTE: S-bit is the bit index after interleaving. Data-bit is the index of user data
S-bit Data-bit
    0     8
    1   631
    2   276
    3   906
    4   561
    5   204
    6   830
    7   481
    8   130
    9   759
   10   407
   11    61
   12   680
   13   336
   14   959
   15   610
   16   254
   17   883
   18   534
   19   182
   20   803
   21   457
   22   110
   23   733
   24   379
   25    29
   26   663
   27   312
   28   940
   29   580
   30   240
   31   865
   32   509
   33   162
   34   783
   35   433
   36    85
   37   709
   38   358
   39    10
   40   636
   41   285
   42   916
   43   564
   44   210
   45   837
   46   486
   47   136
   48   764
   49   416
   50    59
   51   691
   52   338
   53   968
   54   616
   55   265
   56   895
   57   536
   58   186
   59   810
   60   461
   61   116
   62   739
   63   390
   64    44
   65   666
   66   321
   67   943
   68   593
   69   242
   70   862
   71   513
   72   167
   73   790
   74   445
   75    96
   76   719
   77   372
   78    22
   79   646
   80   292
   81   918
   82   572
   83   220
   84   844
   85   494
   86   151
   87   769
   88   424
   89    70
   90   701
   91   348
   92   974
   93   622
   94   267
   95   897
   96   541
   97   201
   98   820
   99   474
  100   117
  101   745
  102   402
  103    46
  104   671
  105   326
  106   950
  107   602
  108   247
  109   871
  110   520
  111   171
  112   800
  113   454
  114    97
  115   729
  116   374
  117    24
  118   647
  119   300
  120   923
  121   579
  122   225
  123   850
  124   502
  125   155
  126   777
  127   425
  128    80
  129   704
  130   347
  131     1
  132   628
  133   281
  134   902
  135   557
  136   199
  137   825
  138   477
  139   127
  140   756
  141   406
  142    52
  143   677
  144   332
  145   956
  146   604
  147   250
  148   879
  149   533
  150   184
  151   806
  152   452
  153   104
  154   726
  155   383
  156    30
  157   659
  158   309
  159   929
  160   582
  161   227
  162   858
  163   511
  164   159
  165   784
  166   432
  167    81
  168   712
  169   359
  170    15
  171   634
  172   288
  173   909
  174   560
  175   208
  176   838
  177   482
  178   131
  179   767
  180   413
  181    63
  182   692
  183   339
  184   963
  185   609
  186   263
  187   882
  188   538
  189   188
  190   815
  191   465
  192   111
  193   738
  194   392
  195    39
  196   664
  197   315
  198   939
  199   592
  200   238
  201   866
  202   516
  203   165
  204   793
  205   441
  206    88
  207   717
  208   363
  209    17
  210   637
  211   295
  212   921
  213   566
  214   222
  215   841
  216   490
  217   141
  218   768
  219   421
  220    67
  221   693
  222   343
  223   966
  224   620
  225   271
  226   898
  227   547
  228   197
  229   824
  230   467
  231   121
  232   749
  233   393
  234    41
  235   668
  236   320
  237   947
  238   595
  239   248
  240   868
  241   521
  242   176
  243   797
  244   444
  245   103
  246   723
  247   377
  248    20
  249   649
  250   293
  251   925
  252   577
  253   226
  254   849
  255   503
  256   145
  257   774
  258   429
  259    77
  260   696
  261   354
  262     0
  263   623
  264   274
  265   904
  266   553
  267   200
  268   821
  269   475
  270   126
  271   752
  272   403
  273    54
  274   681
  275   325
  276   952
  277   600
  278   251
  279   878
  280   529
  281   177
  282   805
  283   456
  284   100
  285   725
  286   375
  287    31
  288   658
  289   302
  290   926
  291   578
  292   229
  293   859
  294   508
  295   153
  296   781
  297   427
  298    78
  299   706
  300   356
  301     7
  302   635
  303   286
  304   913
  305   554
  306   207
  307   834
  308   488
  309   138
  310   762
  311   410
  312    56
  313   684
  314   335
  315   961
  316   608
  317   258
  318   886
  319   531
  320   181
  321   809
  322   460
  323   108
  324   736
  325   391
  326    35
  327   660
  328   307
  329   933
  330   586
  331   237
  332   861
  333   510
  334   161
  335   786
  336   442
  337    91
  338   711
  339   368
  340    13
  341   639
  342   291
  343   912
  344   563
  345   211
  346   840
  347   491
  348   142
  349   763
  350   414
  351    66
  352   690
  353   345
  354   962
  355   613
  356   264
  357   888
  358   537
  359   191
  360   813
  361   464
  362   119
  363   743
  364   397
  365    38
  366   673
  367   314
  368   941
  369   589
  370   243
  371   870
  372   517
  373   163
  374   794
  375   448
  376    94
  377   720
  378   367
  379    21
  380   642
  381   299
  382   920
  383   569
  384   218
  385   851
  386   501
  387   146
  388   770
  389   419
  390    68
  391   695
  392   350
  393   970
  394   619
  395   273
  396   896
  397   550
  398   196
  399   828
  400   468
  401   125
  402   753
  403   400
  404    51
  405   678
  406   328
  407   953
  408   598
  409   252
  410   876
  411   523
  412   175
  413   798
  414   447
  415    99
  416   728
  417   373
  418    26
  419   655
  420   306
  421   924
  422   574
  423   231
  424   853
  425   500
  426   150
  427   785
  428   428
  429    75
  430   708
  431   353
  432     6
  433   626
  434   283
  435   901
  436   551
  437   209
  438   832
  439   479
  440   132
  441   758
  442   404
  443    57
  444   686
  445   327
  446   954
  447   606
  448   261
  449   884
  450   532
  451   180
  452   811
  453   455
  454   112
  455   734
  456   381
  457    37
  458   665
  459   310
  460   935
  461   587
  462   236
  463   855
  464   512
  465   158
  466   780
  467   434
  468    83
  469   713
  470   364
  471     4
  472   638
  473   289
  474   907
  475   562
  476   213
  477   836
  478   492
  479   134
  480   760
  481   409
  482    62
  483   685
  484   334
  485   969
  486   615
  487   262
  488   890
  489   542
  490   189
  491   816
  492   463
  493   114
  494   740
  495   389
  496    36
  497   662
  498   316
  499   944
  500   596
  501   246
  502   860
  503   514
  504   166
  505   795
  506   443
  507    92
  508   722
  509   365
  510    16
  511   645
  512   296
  513   917
  514   568
  515   217
  516   839
  517   495
  518   143
  519   771
  520   423
  521    71
  522   699
  523   344
  524   972
  525   618
  526   269
  527   900
  528   546
  529   198
  530   822
  531   473
  532   122
  533   744
  534   396
  535    47
  536   675
  537   319
  538   948
  539   603
  540   245
  541   875
  542   527
  543   179
  544   801
  545   449
  546   101
  547   727
  548   376
  549    23
  550   652
  551   298
  552   928
  553   571
  554   223
  555   852
  556   499
  557   147
  558   776
  559   430
  560    76
  561   702
  562   351
  563     3
  564   630
  565   278
  566   903
  567   556
  568   205
  569   831
  570   480
  571   128
  572   751
  573   401
  574    50
  575   679
  576   331
  577   951
  578   601
  579   257
  580   880
  581   526
  582   178
  583   804
  584   453
  585   102
  586   732
  587   380
  588    28
  589   653
  590   304
  591   931
  592   581
  593   228
  594   857
  595   505
  596   157
  597   779
  598   436
  599    86
  600   707
  601   357
  602     2
  603   633
  604   284
  605   905
  606   558
  607   212
  608   833
  609   485
  610   129
  611   755
  612   412
  613    58
  614   689
  615   333
  616   965
  617   612
  618   259
  619   889
  620   539
  621   187
  622   807
  623   462
  624   107
  625   742
  626   386
  627    42
  628   661
  629   317
  630   938
  631   585
  632   235
  633   864
  634   518
  635   170
  636   787
  637   438
  638    89
  639   716
  640   369
  641    12
  642   644
  643   287
  644   914
  645   570
  646   219
  647   843
  648   489
  649   139
  650   765
  651   418
  652    69
  653   688
  654   346
  655   964
  656   621
  657   270
  658   891
  659   543
  660   194
  661   817
  662   471
  663   123
  664   748
  665   395
  666    40
  667   674
  668   318
  669   945
  670   597
  671   241
  672   874
  673   519
  674   169
  675   796
  676   451
  677    98
  678   718
  679   371
  680    25
  681   651
  682   303
  683   927
  684   576
  685   224
  686   845
  687   496
  688   148
  689   778
  690   420
  691    74
  692   698
  693   352
  694   975
  695   629
  696   279
  697   899
  698   548
  699   203
  700   819
  701   476
  702   124
  703   747
  704   399
  705    49
  706   672
  707   329
  708   955
  709   599
  710   253
  711   877
  712   528
  713   174
  714   802
  715   450
  716   106
  717   730
  718   382
  719    32
  720   656
  721   305
  722   934
  723   583
  724   232
  725   854
  726   504
  727   152
  728   782
  729   426
  730    84
  731   703
  732   360
  733     9
  734   627
  735   277
  736   911
  737   555
  738   206
  739   829
  740   483
  741   135
  742   754
  743   405
  744    60
  745   683
  746   337
  747   960
  748   611
  749   256
  750   881
  751   535
  752   185
  753   814
  754   459
  755   109
  756   735
  757   384
  758    33
  759   657
  760   311
  761   937
  762   591
  763   234
  764   863
  765   507
  766   156
  767   792
  768   437
  769    87
  770   715
  771   361
  772    11
  773   640
  774   290
  775   919
  776   567
  777   216
  778   842
  779   484
  780   137
  781   761
  782   415
  783    65
  784   694
  785   340
  786   971
  787   617
  788   268
  789   892
  790   545
  791   192
  792   812
  793   469
  794   115
  795   737
  796   388
  797    43
  798   667
  799   323
  800   942
  801   588
  802   249
  803   867
  804   522
  805   168
  806   789
  807   439
  808    93
  809   721
  810   366
  811    18
  812   648
  813   294
  814   922
  815   573
  816   221
  817   847
  818   493
  819   144
  820   773
  821   417
  822    73
  823   700
  824   342
  825   973
  826   625
  827   275
  828   894
  829   544
  830   193
  831   826
  832   470
  833   120
  834   746
  835   398
  836    53
  837   676
  838   324
  839   949
  840   605
  841   255
  842   873
  843   525
  844   173
  845   799
  846   446
  847    95
  848   724
  849   378
  850    27
  851   650
  852   301
  853   932
  854   575
  855   230
  856   848
  857   497
  858   154
  859   775
  860   431
  861    79
  862   705
  863   355
  864     5
  865   632
  866   280
  867   908
  868   552
  869   202
  870   827
  871   478
  872   133
  873   757
  874   408
  875    55
  876   682
  877   330
  878   957
  879   607
  880   260
  881   885
  882   530
  883   183
  884   808
  885   458
  886   105
  887   731
  888   385
  889    34
  890   654
  891   308
  892   930
  893   584
  894   233
  895   856
  896   506
  897   160
  898   788
  899   435
  900    82
  901   710
  902   362
  903    14
  904   641
  905   282
  906   910
  907   559
  908   214
  909   835
  910   487
  911   140
  912   766
  913   411
  914    64
  915   687
  916   341
  917   958
  918   614
  919   266
  920   887
  921   540
  922   190
  923   818
  924   466
  925   113
  926   741
  927   387
  928    45
  929   670
  930   313
  931   936
  932   590
  933   239
  934   869
  935   515
  936   164
  937   791
  938   440
  939    90
  940   714
  941   370
  942    19
  943   643
  944   297
  945   915
  946   565
  947   215
  948   846
  949   498
  950   149
  951   772
  952   422
  953    72
  954   697
  955   349
  956   967
  957   624
  958   272
  959   893
  960   549
  961   195
  962   823
  963   472
  964   118
  965   750
  966   394
  967    48
  968   669
  969   322
  970   946
  971   594
  972   244
  973   872
  974   524
  975   172
  976   976
  977   977
  978   978
  979   979
