R80T05QH1
Turbo Code Interleaving
User data with 4 flush bits = 2324
NOTE: S-bit is the bit index after interleaving. Data-bit is the index of user data
S-bit Data-bit
    0    24
    1  1507
    2   657
    3  2154
    4  1335
    5   487
    6  1975
    7  1152
    8   310
    9  1808
   10   970
   11   144
   12  1619
   13   797
   14  2285
   15  1455
   16   601
   17  2103
   18  1272
   19   435
   20  1916
   21  1092
   22   268
   23  1744
   24   903
   25    72
   26  1578
   27   745
   28  2236
   29  1385
   30   569
   31  2054
   32  1214
   33   391
   34  1860
   35  1030
   36   203
   37  1686
   38   854
   39    28
   40  1514
   41   678
   42  2180
   43  1340
   44   499
   45  1996
   46  1159
   47   324
   48  1816
   49   990
   50   141
   51  1644
   52   799
   53  2301
   54  1468
   55   633
   56  2130
   57  1276
   58   445
   59  1930
   60  1102
   61   280
   62  1758
   63   928
   64   105
   65  1585
   66   767
   67  2246
   68  1412
   69   575
   70  2051
   71  1223
   72   397
   73  1881
   74  1063
   75   233
   76  1712
   77   884
   78    52
   79  1537
   80   696
   81  2183
   82  1362
   83   523
   84  2008
   85  1180
   86   361
   87  1825
   88  1011
   89   166
   90  1663
   91   827
   92  2312
   93  1480
   94   638
   95  2134
   96  1290
   97   479
   98  1954
   99  1126
  100   282
  101  1775
  102   955
  103   111
  104  1597
  105   776
  106  2262
  107  1429
  108   588
  109  2070
  110  1241
  111   410
  112  1907
  113  1080
  114   236
  115  1736
  116   890
  117    59
  118  1538
  119   711
  120  2195
  121  1381
  122   538
  123  2022
  124  1195
  125   371
  126  1848
  127  1015
  128   192
  129  1676
  130   826
  131     4
  132  1497
  133   669
  134  2144
  135  1324
  136   474
  137  1962
  138  1134
  139   306
  140  1798
  141   969
  142   120
  143  1608
  144   788
  145  2274
  146  1434
  147   596
  148  2095
  149  1271
  150   437
  151  1922
  152  1077
  153   251
  154  1728
  155   915
  156    73
  157  1573
  158   742
  159  2208
  160  1389
  161   541
  162  2043
  163  1216
  164   381
  165  1861
  166  1029
  167   193
  168  1693
  169   855
  170    35
  171  1510
  172   684
  173  2161
  174  1333
  175   496
  176  1998
  177  1154
  178   312
  179  1821
  180   982
  181   150
  182  1645
  183   805
  184  2293
  185  1452
  186   629
  187  2100
  188  1278
  189   450
  190  1939
  191  1110
  192   269
  193  1757
  194   933
  195    93
  196  1579
  197   752
  198  2235
  199  1407
  200   565
  201  2062
  202  1227
  203   395
  204  1886
  205  1050
  206   207
  207  1707
  208   865
  209    38
  210  1516
  211   699
  212  2189
  213  1350
  214   527
  215  2002
  216  1170
  217   339
  218  1824
  219  1002
  220   162
  221  1649
  222   816
  223  2297
  224  1472
  225   645
  226  2135
  227  1301
  228   471
  229  1960
  230  1115
  231   289
  232  1784
  233   935
  234   101
  235  1590
  236   764
  237  2257
  238  1417
  239   590
  240  2065
  241  1243
  242   421
  243  1898
  244  1057
  245   250
  246  1723
  247   897
  248    46
  249  1543
  250   697
  251  2202
  252  1373
  253   540
  254  2020
  255  1196
  256   348
  257  1842
  258  1023
  259   184
  260  1658
  261   837
  262     1
  263  1481
  264   650
  265  2151
  266  1314
  267   477
  268  1955
  269  1128
  270   302
  271  1788
  272   956
  273   127
  274  1622
  275   775
  276  2267
  277  1425
  278   598
  279  2090
  280  1267
  281   422
  282  1921
  283  1089
  284   247
  285  1727
  286   891
  287    76
  288  1569
  289   717
  290  2205
  291  1379
  292   546
  293  2046
  294  1213
  295   368
  296  1858
  297  1021
  298   187
  299  1680
  300   847
  301    22
  302  1512
  303   679
  304  2171
  305  1316
  306   494
  307  1982
  308  1162
  309   328
  310  1814
  311   975
  312   134
  313  1626
  314   796
  315  2291
  316  1446
  317   614
  318  2106
  319  1269
  320   431
  321  1927
  322  1101
  323   259
  324  1755
  325   930
  326    86
  327  1574
  328   736
  329  2221
  330  1396
  331   562
  332  2050
  333  1215
  334   384
  335  1867
  336  1051
  337   222
  338  1692
  339   878
  340    33
  341  1519
  342   694
  343  2168
  344  1338
  345   500
  346  2000
  347  1171
  348   342
  349  1815
  350   985
  351   161
  352  1641
  353   822
  354  2292
  355  1464
  356   632
  357  2116
  358  1277
  359   457
  360  1937
  361  1107
  362   285
  363  1764
  364   947
  365    92
  366  1599
  367   749
  368  2238
  369  1403
  370   576
  371  2069
  372  1230
  373   392
  374  1889
  375  1068
  376   228
  377  1714
  378   875
  379    48
  380  1527
  381   710
  382  2187
  383  1356
  384   519
  385  2023
  386  1193
  387   350
  388  1827
  389   997
  390   164
  391  1655
  392   829
  393  2304
  394  1471
  395   649
  396  2131
  397  1306
  398   469
  399  1970
  400  1116
  401   301
  402  1792
  403   952
  404   119
  405  1610
  406   782
  407  2269
  408  1422
  409   599
  410  2087
  411  1245
  412   417
  413  1902
  414  1067
  415   243
  416  1734
  417   888
  418    63
  419  1556
  420   728
  421  2198
  422  1364
  423   550
  424  2029
  425  1192
  426   359
  427  1862
  428  1022
  429   182
  430  1682
  431   836
  432    21
  433  1492
  434   673
  435  2143
  436  1311
  437   498
  438  1980
  439  1146
  440   313
  441  1807
  442   959
  443   135
  444  1631
  445   778
  446  2271
  447  1440
  448   621
  449  2104
  450  1270
  451   427
  452  1933
  453  1083
  454   273
  455  1752
  456   911
  457    90
  458  1580
  459   743
  460  2224
  461  1398
  462   561
  463  2035
  464  1222
  465   377
  466  1856
  467  1032
  468   200
  469  1695
  470   869
  471    19
  472  1517
  473   686
  474  2158
  475  1336
  476   502
  477  1994
  478  1172
  479   318
  480  1809
  481   974
  482   147
  483  1630
  484   794
  485  2302
  486  1467
  487   624
  488  2120
  489  1291
  490   451
  491  1942
  492  1106
  493   277
  494  1759
  495   927
  496    88
  497  1577
  498   753
  499  2250
  500  1420
  501   586
  502  2048
  503  1225
  504   396
  505  1890
  506  1054
  507   224
  508  1717
  509   871
  510    37
  511  1534
  512   700
  513  2182
  514  1353
  515   517
  516  1999
  517  1184
  518   343
  519  1832
  520  1007
  521   167
  522  1661
  523   817
  524  2307
  525  1470
  526   643
  527  2140
  528  1300
  529   472
  530  1956
  531  1125
  532   291
  533  1770
  534   946
  535   113
  536  1606
  537   759
  538  2258
  539  1431
  540   585
  541  2081
  542  1255
  543   424
  544  1912
  545  1069
  546   248
  547  1730
  548   893
  549    58
  550  1549
  551   703
  552  2207
  553  1358
  554   529
  555  2026
  556  1190
  557   351
  558  1847
  559  1027
  560   183
  561  1670
  562   832
  563    14
  564  1504
  565   665
  566  2146
  567  1321
  568   489
  569  1978
  570  1150
  571   307
  572  1787
  573   953
  574   117
  575  1611
  576   787
  577  2263
  578  1428
  579   613
  580  2096
  581  1254
  582   423
  583  1919
  584  1079
  585   249
  586  1740
  587   909
  588    68
  589  1553
  590   726
  591  2216
  592  1386
  593   545
  594  2042
  595  1201
  596   376
  597  1854
  598  1034
  599   204
  600  1681
  601   850
  602     8
  603  1509
  604   674
  605  2153
  606  1325
  607   501
  608  1981
  609  1158
  610   309
  611  1796
  612   980
  613   138
  614  1638
  615   793
  616  2295
  617  1460
  618   617
  619  2118
  620  1281
  621   449
  622  1924
  623  1103
  624   257
  625  1762
  626   920
  627   102
  628  1576
  629   755
  630  2233
  631  1392
  632   560
  633  2053
  634  1233
  635   406
  636  1870
  637  1046
  638   209
  639  1705
  640   879
  641    31
  642  1533
  643   681
  644  2172
  645  1357
  646   522
  647  2005
  648  1169
  649   329
  650  1818
  651   994
  652   165
  653  1637
  654   823
  655  2294
  656  1473
  657   644
  658  2122
  659  1292
  660   464
  661  1945
  662  1123
  663   297
  664  1781
  665   938
  666   100
  667  1601
  668   757
  669  2251
  670  1421
  671   573
  672  2074
  673  1239
  674   399
  675  1897
  676  1071
  677   237
  678  1711
  679   883
  680    60
  681  1548
  682   721
  683  2206
  684  1371
  685   532
  686  2013
  687  1185
  688   352
  689  1852
  690  1001
  691   181
  692  1660
  693   834
  694  2314
  695  1498
  696   666
  697  2137
  698  1303
  699   483
  700  1953
  701  1131
  702   300
  703  1779
  704   949
  705   116
  706  1598
  707   784
  708  2272
  709  1423
  710   600
  711  2088
  712  1256
  713   416
  714  1913
  715  1070
  716   254
  717  1737
  718   913
  719    78
  720  1566
  721   727
  722  2223
  723  1390
  724   552
  725  2032
  726  1198
  727   366
  728  1859
  729  1019
  730   201
  731  1672
  732   859
  733    27
  734  1496
  735   664
  736  2166
  737  1319
  738   493
  739  1972
  740  1155
  741   320
  742  1793
  743   964
  744   143
  745  1625
  746   798
  747  2290
  748  1457
  749   607
  750  2099
  751  1273
  752   440
  753  1938
  754  1097
  755   262
  756  1753
  757   917
  758    81
  759  1567
  760   744
  761  2230
  762  1406
  763   559
  764  2052
  765  1212
  766   373
  767  1884
  768  1043
  769   205
  770  1699
  771   861
  772    29
  773  1520
  774   693
  775  2184
  776  1351
  777   516
  778  2003
  779  1157
  780   325
  781  1812
  782   986
  783   160
  784  1650
  785   813
  786  2305
  787  1469
  788   642
  789  2126
  790  1299
  791   458
  792  1935
  793  1117
  794   278
  795  1756
  796   926
  797   104
  798  1586
  799   770
  800  2239
  801  1401
  802   591
  803  2063
  804  1244
  805   398
  806  1879
  807  1047
  808   226
  809  1715
  810   874
  811    40
  812  1542
  813   698
  814  2190
  815  1363
  816   526
  817  2018
  818  1173
  819   347
  820  1839
  821   991
  822   179
  823  1662
  824   815
  825  2311
  826  1491
  827   652
  828  2129
  829  1293
  830   463
  831  1964
  832  1121
  833   286
  834  1778
  835   948
  836   121
  837  1607
  838   772
  839  2260
  840  1435
  841   605
  842  2072
  843  1252
  844   415
  845  1903
  846  1066
  847   230
  848  1725
  849   902
  850    67
  851  1544
  852   712
  853  2218
  854  1367
  855   547
  856  2019
  857  1186
  858   370
  859  1846
  860  1028
  861   191
  862  1679
  863   838
  864    20
  865  1508
  866   667
  867  2160
  868  1313
  869   482
  870  1965
  871  1144
  872   314
  873  1805
  874   971
  875   129
  876  1624
  877   785
  878  2278
  879  1445
  880   619
  881  2105
  882  1268
  883   436
  884  1925
  885  1096
  886   253
  887  1738
  888   919
  889    85
  890  1554
  891   741
  892  2213
  893  1391
  894   555
  895  2039
  896  1205
  897   382
  898  1878
  899  1033
  900   199
  901  1687
  902   863
  903    34
  904  1521
  905   672
  906  2164
  907  1332
  908   503
  909  1993
  910  1160
  911   335
  912  1819
  913   977
  914   159
  915  1636
  916   814
  917  2280
  918  1465
  919   634
  920  2113
  921  1283
  922   453
  923  1949
  924  1114
  925   276
  926  1761
  927   925
  928   107
  929  1594
  930   748
  931  2228
  932  1405
  933   568
  934  2067
  935  1226
  936   394
  937  1882
  938  1049
  939   217
  940  1698
  941   882
  942    43
  943  1531
  944   702
  945  2179
  946  1344
  947   511
  948  2014
  949  1188
  950   353
  951  1837
  952  1006
  953   170
  954  1659
  955   828
  956  2298
  957  1486
  958   647
  959  2127
  960  1304
  961   468
  962  1959
  963  1124
  964   283
  965  1786
  966   936
  967   115
  968  1593
  969   768
  970  2256
  971  1413
  972   584
  973  2071
  974  1251
  975   414
  976  1888
  977  1075
  978   227
  979  1726
  980   895
  981    57
  982  1539
  983   722
  984  2199
  985  1361
  986   535
  987  2033
  988  1187
  989   354
  990  1845
  991  1016
  992   176
  993  1656
  994   839
  995  2319
  996  1487
  997   662
  998  2147
  999  1320
 1000   475
 1001  1971
 1002  1141
 1003   311
 1004  1794
 1005   962
 1006   136
 1007  1612
 1008   786
 1009  2276
 1010  1444
 1011   603
 1012  2098
 1013  1264
 1014   430
 1015  1915
 1016  1082
 1017   246
 1018  1729
 1019   901
 1020    79
 1021  1555
 1022   733
 1023  2222
 1024  1384
 1025   549
 1026  2040
 1027  1217
 1028   369
 1029  1869
 1030  1039
 1031   186
 1032  1685
 1033   849
 1034     9
 1035  1506
 1036   685
 1037  2174
 1038  1339
 1039   505
 1040  1992
 1041  1143
 1042   332
 1043  1799
 1044   979
 1045   151
 1046  1634
 1047   810
 1048  2275
 1049  1449
 1050   620
 1051  2115
 1052  1282
 1053   447
 1054  1940
 1055  1099
 1056   275
 1057  1745
 1058   929
 1059    82
 1060  1572
 1061   732
 1062  2232
 1063  1408
 1064   574
 1065  2045
 1066  1210
 1067   388
 1068  1876
 1069  1044
 1070   210
 1071  1704
 1072   866
 1073    45
 1074  1525
 1075   683
 1076  2186
 1077  1343
 1078   518
 1079  2009
 1080  1167
 1081   340
 1082  1834
 1083   983
 1084   168
 1085  1647
 1086   807
 1087  2313
 1088  1474
 1089   641
 1090  2136
 1091  1285
 1092   454
 1093  1948
 1094  1112
 1095   279
 1096  1776
 1097   940
 1098    99
 1099  1591
 1100   750
 1101  2240
 1102  1424
 1103   587
 1104  2079
 1105  1237
 1106   401
 1107  1895
 1108  1059
 1109   232
 1110  1703
 1111   885
 1112    44
 1113  1532
 1114   715
 1115  2188
 1116  1369
 1117   524
 1118  2004
 1119  1179
 1120   357
 1121  1836
 1122  1009
 1123   177
 1124  1664
 1125   833
 1126     3
 1127  1490
 1128   658
 1129  2139
 1130  1310
 1131   465
 1132  1974
 1133  1133
 1134   298
 1135  1789
 1136   965
 1137   130
 1138  1602
 1139   771
 1140  2254
 1141  1441
 1142   602
 1143  2086
 1144  1247
 1145   432
 1146  1899
 1147  1074
 1148   238
 1149  1739
 1150   910
 1151    61
 1152  1564
 1153   718
 1154  2217
 1155  1383
 1156   557
 1157  2041
 1158  1203
 1159   363
 1160  1863
 1161  1017
 1162   188
 1163  1689
 1164   852
 1165     2
 1166  1503
 1167   670
 1168  2163
 1169  1323
 1170   488
 1171  1983
 1172  1147
 1173   308
 1174  1795
 1175   973
 1176   146
 1177  1620
 1178   800
 1179  2288
 1180  1447
 1181   622
 1182  2112
 1183  1275
 1184   452
 1185  1918
 1186  1095
 1187   264
 1188  1750
 1189   905
 1190    75
 1191  1582
 1192   747
 1193  2219
 1194  1388
 1195   556
 1196  2055
 1197  1209
 1198   385
 1199  1877
 1200  1031
 1201   208
 1202  1690
 1203   868
 1204    26
 1205  1522
 1206   692
 1207  2169
 1208  1346
 1209   507
 1210  1985
 1211  1165
 1212   333
 1213  1811
 1214   988
 1215   158
 1216  1642
 1217   809
 1218  2296
 1219  1450
 1220   628
 1221  2108
 1222  1295
 1223   460
 1224  1934
 1225  1108
 1226   274
 1227  1771
 1228   931
 1229   112
 1230  1589
 1231   765
 1232  2241
 1233  1400
 1234   577
 1235  2057
 1236  1236
 1237   403
 1238  1887
 1239  1053
 1240   221
 1241  1716
 1242   873
 1243    49
 1244  1535
 1245   688
 1246  2194
 1247  1349
 1248   530
 1249  2015
 1250  1175
 1251   346
 1252  1830
 1253  1010
 1254   171
 1255  1668
 1256   825
 1257  2318
 1258  1488
 1259   653
 1260  2128
 1261  1307
 1262   481
 1263  1952
 1264  1127
 1265   290
 1266  1785
 1267   945
 1268   123
 1269  1605
 1270   758
 1271  2253
 1272  1427
 1273   589
 1274  2078
 1275  1258
 1276   413
 1277  1906
 1278  1064
 1279   244
 1280  1719
 1281   892
 1282    69
 1283  1552
 1284   720
 1285  2214
 1286  1370
 1287   544
 1288  2030
 1289  1200
 1290   364
 1291  1850
 1292  1014
 1293   197
 1294  1674
 1295   840
 1296    18
 1297  1494
 1298   661
 1299  2149
 1300  1322
 1301   495
 1302  1969
 1303  1140
 1304   317
 1305  1802
 1306   960
 1307   124
 1308  1615
 1309   789
 1310  2266
 1311  1451
 1312   616
 1313  2089
 1314  1266
 1315   428
 1316  1920
 1317  1090
 1318   255
 1319  1746
 1320   899
 1321    83
 1322  1557
 1323   740
 1324  2225
 1325  1387
 1326   566
 1327  2044
 1328  1220
 1329   387
 1330  1875
 1331  1036
 1332   198
 1333  1696
 1334   857
 1335    25
 1336  1505
 1337   680
 1338  2175
 1339  1330
 1340   504
 1341  1991
 1342  1148
 1343   330
 1344  1813
 1345   981
 1346   145
 1347  1639
 1348   811
 1349  2281
 1350  1463
 1351   625
 1352  2109
 1353  1274
 1354   455
 1355  1936
 1356  1100
 1357   271
 1358  1763
 1359   924
 1360    89
 1361  1587
 1362   739
 1363  2234
 1364  1415
 1365   572
 1366  2064
 1367  1229
 1368   393
 1369  1873
 1370  1042
 1371   229
 1372  1701
 1373   864
 1374    47
 1375  1528
 1376   704
 1377  2177
 1378  1354
 1379   528
 1380  2001
 1381  1168
 1382   336
 1383  1820
 1384  1000
 1385   173
 1386  1657
 1387   818
 1388  2317
 1389  1475
 1390   651
 1391  2138
 1392  1287
 1393   466
 1394  1963
 1395  1122
 1396   292
 1397  1782
 1398   951
 1399   118
 1400  1600
 1401   774
 1402  2252
 1403  1414
 1404   583
 1405  2082
 1406  1246
 1407   408
 1408  1891
 1409  1065
 1410   234
 1411  1722
 1412   896
 1413    56
 1414  1550
 1415   714
 1416  2193
 1417  1368
 1418   543
 1419  2017
 1420  1183
 1421   356
 1422  1843
 1423  1003
 1424   169
 1425  1673
 1426   843
 1427     7
 1428  1493
 1429   659
 1430  2148
 1431  1317
 1432   490
 1433  1966
 1434  1129
 1435   295
 1436  1783
 1437   966
 1438   132
 1439  1614
 1440   783
 1441  2264
 1442  1439
 1443   595
 1444  2077
 1445  1253
 1446   433
 1447  1911
 1448  1084
 1449   242
 1450  1741
 1451   894
 1452    71
 1453  1559
 1454   723
 1455  2203
 1456  1380
 1457   551
 1458  2038
 1459  1202
 1460   365
 1461  1857
 1462  1024
 1463   196
 1464  1691
 1465   845
 1466    11
 1467  1502
 1468   675
 1469  2165
 1470  1331
 1471   509
 1472  1979
 1473  1151
 1474   327
 1475  1803
 1476   978
 1477   140
 1478  1629
 1479   801
 1480  2279
 1481  1456
 1482   627
 1483  2111
 1484  1284
 1485   446
 1486  1926
 1487  1093
 1488   263
 1489  1747
 1490   914
 1491    87
 1492  1570
 1493   734
 1494  2231
 1495  1393
 1496   570
 1497  2059
 1498  1219
 1499   400
 1500  1880
 1501  1041
 1502   212
 1503  1702
 1504   880
 1505    42
 1506  1515
 1507   687
 1508  2167
 1509  1348
 1510   513
 1511  2010
 1512  1166
 1513   331
 1514  1829
 1515   999
 1516   148
 1517  1652
 1518   812
 1519  2309
 1520  1477
 1521   640
 1522  2123
 1523  1280
 1524   448
 1525  1950
 1526  1118
 1527   287
 1528  1772
 1529   941
 1530    96
 1531  1581
 1532   769
 1533  2255
 1534  1404
 1535   593
 1536  2061
 1537  1232
 1538   402
 1539  1894
 1540  1072
 1541   225
 1542  1720
 1543   887
 1544    55
 1545  1540
 1546   713
 1547  2191
 1548  1366
 1549   533
 1550  2024
 1551  1191
 1552   362
 1553  1849
 1554  1020
 1555   174
 1556  1666
 1557   831
 1558  2315
 1559  1485
 1560   646
 1561  2141
 1562  1298
 1563   470
 1564  1968
 1565  1135
 1566   296
 1567  1780
 1568   963
 1569   122
 1570  1609
 1571   777
 1572  2261
 1573  1438
 1574   604
 1575  2084
 1576  1257
 1577   426
 1578  1917
 1579  1076
 1580   252
 1581  1724
 1582   904
 1583    62
 1584  1563
 1585   729
 1586  2210
 1587  1376
 1588   534
 1589  2027
 1590  1207
 1591   378
 1592  1865
 1593  1013
 1594   202
 1595  1683
 1596   842
 1597     6
 1598  1489
 1599   677
 1600  2157
 1601  1327
 1602   485
 1603  1973
 1604  1142
 1605   326
 1606  1801
 1607   958
 1608   131
 1609  1617
 1610   802
 1611  2286
 1612  1436
 1613   618
 1614  2102
 1615  1259
 1616   434
 1617  1923
 1618  1091
 1619   267
 1620  1749
 1621   918
 1622    94
 1623  1571
 1624   725
 1625  2227
 1626  1394
 1627   554
 1628  2056
 1629  1208
 1630   375
 1631  1872
 1632  1048
 1633   211
 1634  1694
 1635   853
 1636    23
 1637  1526
 1638   690
 1639  2185
 1640  1341
 1641   497
 1642  1989
 1643  1153
 1644   337
 1645  1826
 1646   989
 1647   157
 1648  1632
 1649   803
 1650  2289
 1651  1454
 1652   636
 1653  2114
 1654  1289
 1655   462
 1656  1931
 1657  1098
 1658   266
 1659  1760
 1660   934
 1661    98
 1662  1596
 1663   761
 1664  2243
 1665  1399
 1666   567
 1667  2075
 1668  1224
 1669   407
 1670  1893
 1671  1062
 1672   218
 1673  1721
 1674   872
 1675    41
 1676  1530
 1677   706
 1678  2196
 1679  1359
 1680   514
 1681  2012
 1682  1176
 1683   345
 1684  1840
 1685  1004
 1686   163
 1687  1646
 1688   835
 1689  2299
 1690  1484
 1691   656
 1692  2125
 1693  1294
 1694   473
 1695  1947
 1696  1132
 1697   304
 1698  1768
 1699   942
 1700   125
 1701  1604
 1702   773
 1703  2249
 1704  1419
 1705   592
 1706  2094
 1707  1242
 1708   409
 1709  1909
 1710  1061
 1711   231
 1712  1710
 1713   886
 1714    70
 1715  1536
 1716   724
 1717  2209
 1718  1372
 1719   542
 1720  2021
 1721  1197
 1722   355
 1723  1853
 1724  1025
 1725   178
 1726  1671
 1727   841
 1728    16
 1729  1482
 1730   654
 1731  2142
 1732  1329
 1733   478
 1734  1977
 1735  1136
 1736   319
 1737  1800
 1738   972
 1739   142
 1740  1628
 1741   790
 1742  2273
 1743  1437
 1744   610
 1745  2092
 1746  1265
 1747   438
 1748  1914
 1749  1078
 1750   258
 1751  1735
 1752   908
 1753    80
 1754  1558
 1755   738
 1756  2215
 1757  1382
 1758   558
 1759  2047
 1760  1204
 1761   372
 1762  1871
 1763  1037
 1764   195
 1765  1688
 1766   851
 1767    12
 1768  1511
 1769   668
 1770  2155
 1771  1326
 1772   506
 1773  1990
 1774  1161
 1775   322
 1776  1804
 1777   984
 1778   154
 1779  1627
 1780   808
 1781  2284
 1782  1462
 1783   615
 1784  2101
 1785  1288
 1786   439
 1787  1946
 1788  1104
 1789   265
 1790  1765
 1791   923
 1792   108
 1793  1584
 1794   751
 1795  2237
 1796  1397
 1797   582
 1798  2060
 1799  1231
 1800   390
 1801  1883
 1802  1056
 1803   220
 1804  1706
 1805   876
 1806    32
 1807  1524
 1808   705
 1809  2176
 1810  1345
 1811   521
 1812  1997
 1813  1174
 1814   349
 1815  1828
 1816   996
 1817   149
 1818  1654
 1819   806
 1820  2310
 1821  1466
 1822   630
 1823  2119
 1824  1296
 1825   461
 1826  1943
 1827  1120
 1828   284
 1829  1773
 1830   944
 1831   103
 1832  1588
 1833   754
 1834  2248
 1835  1416
 1836   581
 1837  2073
 1838  1238
 1839   420
 1840  1896
 1841  1073
 1842   240
 1843  1718
 1844   877
 1845    53
 1846  1541
 1847   707
 1848  2200
 1849  1374
 1850   531
 1851  2025
 1852  1181
 1853   358
 1854  1841
 1855  1018
 1856   190
 1857  1665
 1858   848
 1859  2316
 1860  1476
 1861   655
 1862  2150
 1863  1315
 1864   476
 1865  1958
 1866  1145
 1867   303
 1868  1790
 1869   950
 1870   128
 1871  1616
 1872   781
 1873  2277
 1874  1432
 1875   609
 1876  2085
 1877  1260
 1878   418
 1879  1905
 1880  1085
 1881   241
 1882  1732
 1883   912
 1884    66
 1885  1568
 1886   731
 1887  2211
 1888  1378
 1889   553
 1890  2037
 1891  1218
 1892   380
 1893  1851
 1894  1026
 1895   206
 1896  1675
 1897   862
 1898    13
 1899  1500
 1900   663
 1901  2159
 1902  1318
 1903   491
 1904  1986
 1905  1156
 1906   323
 1907  1806
 1908   976
 1909   152
 1910  1623
 1911   791
 1912  2282
 1913  1443
 1914   612
 1915  2107
 1916  1261
 1917   444
 1918  1941
 1919  1086
 1920   256
 1921  1751
 1922   922
 1923    97
 1924  1565
 1925   737
 1926  2229
 1927  1409
 1928   563
 1929  2049
 1930  1221
 1931   383
 1932  1866
 1933  1035
 1934   214
 1935  1700
 1936   867
 1937    36
 1938  1529
 1939   691
 1940  2181
 1941  1334
 1942   510
 1943  1987
 1944  1164
 1945   341
 1946  1822
 1947   987
 1948   155
 1949  1640
 1950   821
 1951  2306
 1952  1453
 1953   639
 1954  2110
 1955  1297
 1956   459
 1957  1951
 1958  1105
 1959   272
 1960  1769
 1961   943
 1962    95
 1963  1592
 1964   762
 1965  2247
 1966  1410
 1967   580
 1968  2068
 1969  1228
 1970   404
 1971  1892
 1972  1060
 1973   219
 1974  1708
 1975   889
 1976    65
 1977  1545
 1978   708
 1979  2192
 1980  1365
 1981   525
 1982  2016
 1983  1182
 1984   338
 1985  1833
 1986   998
 1987   172
 1988  1667
 1989   830
 1990     5
 1991  1478
 1992   637
 1993  2145
 1994  1309
 1995   480
 1996  1967
 1997  1138
 1998   293
 1999  1791
 2000   954
 2001   114
 2002  1613
 2003   766
 2004  2270
 2005  1433
 2006   606
 2007  2080
 2008  1248
 2009   419
 2010  1908
 2011  1081
 2012   235
 2013  1733
 2014   900
 2015    64
 2016  1560
 2017   719
 2018  2201
 2019  1360
 2020   536
 2021  2036
 2022  1194
 2023   374
 2024  1844
 2025  1012
 2026   189
 2027  1678
 2028   856
 2029    10
 2030  1499
 2031   660
 2032  2152
 2033  1328
 2034   484
 2035  1984
 2036  1137
 2037   315
 2038  1810
 2039   968
 2040   137
 2041  1635
 2042   780
 2043  2283
 2044  1448
 2045   611
 2046  2097
 2047  1262
 2048   443
 2049  1932
 2050  1088
 2051   270
 2052  1748
 2053   907
 2054    84
 2055  1562
 2056   730
 2057  2212
 2058  1402
 2059   571
 2060  2034
 2061  1206
 2062   386
 2063  1864
 2064  1038
 2065   216
 2066  1684
 2067   858
 2068    17
 2069  1501
 2070   689
 2071  2170
 2072  1337
 2073   512
 2074  1995
 2075  1163
 2076   321
 2077  1823
 2078   993
 2079   156
 2080  1643
 2081   795
 2082  2300
 2083  1459
 2084   623
 2085  2121
 2086  1286
 2087   442
 2088  1929
 2089  1109
 2090   281
 2091  1754
 2092   939
 2093   110
 2094  1583
 2095   756
 2096  2245
 2097  1395
 2098   578
 2099  2066
 2100  1240
 2101   411
 2102  1885
 2103  1045
 2104   215
 2105  1697
 2106   870
 2107    51
 2108  1523
 2109   695
 2110  2178
 2111  1347
 2112   520
 2113  2006
 2114  1178
 2115   344
 2116  1831
 2117   995
 2118   175
 2119  1648
 2120   820
 2121  2308
 2122  1479
 2123   631
 2124  2124
 2125  1308
 2126   467
 2127  1957
 2128  1113
 2129   288
 2130  1774
 2131   937
 2132   106
 2133  1603
 2134   760
 2135  2268
 2136  1430
 2137   594
 2138  2076
 2139  1250
 2140   405
 2141  1910
 2142  1058
 2143   245
 2144  1731
 2145   898
 2146    54
 2147  1547
 2148   709
 2149  2204
 2150  1375
 2151   539
 2152  2031
 2153  1189
 2154   367
 2155  1855
 2156  1008
 2157   185
 2158  1669
 2159   844
 2160    15
 2161  1495
 2162   671
 2163  2156
 2164  1305
 2165   486
 2166  1961
 2167  1130
 2168   299
 2169  1797
 2170   961
 2171   133
 2172  1621
 2173   792
 2174  2259
 2175  1442
 2176   608
 2177  2093
 2178  1263
 2179   429
 2180  1904
 2181  1094
 2182   261
 2183  1742
 2184   916
 2185    77
 2186  1561
 2187   735
 2188  2226
 2189  1377
 2190   548
 2191  2028
 2192  1211
 2193   379
 2194  1868
 2195  1040
 2196   194
 2197  1677
 2198   846
 2199    30
 2200  1513
 2201   676
 2202  2162
 2203  1342
 2204   508
 2205  1988
 2206  1149
 2207   316
 2208  1817
 2209   967
 2210   139
 2211  1633
 2212   804
 2213  2287
 2214  1461
 2215   626
 2216  2117
 2217  1279
 2218   441
 2219  1928
 2220  1111
 2221   260
 2222  1766
 2223   921
 2224    91
 2225  1575
 2226   746
 2227  2242
 2228  1411
 2229   564
 2230  2058
 2231  1234
 2232   389
 2233  1874
 2234  1052
 2235   213
 2236  1709
 2237   860
 2238    39
 2239  1518
 2240   682
 2241  2173
 2242  1355
 2243   515
 2244  2011
 2245  1177
 2246   334
 2247  1835
 2248   992
 2249   153
 2250  1653
 2251   819
 2252  2303
 2253  1458
 2254   635
 2255  2132
 2256  1302
 2257   456
 2258  1944
 2259  1119
 2260   294
 2261  1767
 2262   932
 2263   109
 2264  1595
 2265   763
 2266  2244
 2267  1418
 2268   579
 2269  2083
 2270  1235
 2271   412
 2272  1901
 2273  1055
 2274   223
 2275  1713
 2276   881
 2277    50
 2278  1551
 2279   701
 2280  2197
 2281  1352
 2282   537
 2283  2007
 2284  1199
 2285   360
 2286  1838
 2287  1005
 2288   180
 2289  1651
 2290   824
 2291     0
 2292  1483
 2293   648
 2294  2133
 2295  1312
 2296   492
 2297  1976
 2298  1139
 2299   305
 2300  1777
 2301   957
 2302   126
 2303  1618
 2304   779
 2305  2265
 2306  1426
 2307   597
 2308  2091
 2309  1249
 2310   425
 2311  1900
 2312  1087
 2313   239
 2314  1743
 2315   906
 2316    74
 2317  1546
 2318   716
 2319  2220
 2320  2320
 2321  2321
 2322  2322
 2323  2323
