R80T1QL4
Turbo Code Interleaving
User data with 4 flush bits = 2260
NOTE: S-bit is the bit index after interleaving. Data-bit is the index of user data
S-bit Data-bit
    0    23
    1  1465
    2   638
    3  2094
    4  1297
    5   473
    6  1920
    7  1119
    8   300
    9  1757
   10   942
   11   139
   12  1573
   13   774
   14  2221
   15  1414
   16   583
   17  2044
   18  1236
   19   422
   20  1862
   21  1061
   22   260
   23  1695
   24   878
   25    70
   26  1534
   27   724
   28  2174
   29  1346
   30   553
   31  1997
   32  1180
   33   380
   34  1808
   35  1001
   36   197
   37  1639
   38   830
   39    27
   40  1472
   41   659
   42  2120
   43  1302
   44   484
   45  1940
   46  1126
   47   314
   48  1765
   49   962
   50   136
   51  1598
   52   776
   53  2237
   54  1427
   55   615
   56  2071
   57  1240
   58   432
   59  1876
   60  1071
   61   272
   62  1709
   63   902
   64   102
   65  1541
   66   745
   67  2183
   68  1373
   69   559
   70  1994
   71  1189
   72   386
   73  1829
   74  1033
   75   226
   76  1665
   77   859
   78    50
   79  1495
   80   677
   81  2123
   82  1323
   83   508
   84  1951
   85  1147
   86   350
   87  1774
   88   982
   89   161
   90  1616
   91   803
   92  2248
   93  1439
   94   620
   95  2074
   96  1254
   97   465
   98  1899
   99  1094
  100   274
  101  1725
  102   928
  103   107
  104  1552
  105   754
  106  2199
  107  1388
  108   571
  109  2013
  110  1206
  111   399
  112  1853
  113  1050
  114   229
  115  1688
  116   865
  117    57
  118  1496
  119   691
  120  2135
  121  1342
  122   522
  123  1965
  124  1162
  125   360
  126  1796
  127   986
  128   186
  129  1629
  130   802
  131     3
  132  1455
  133   650
  134  2084
  135  1286
  136   460
  137  1907
  138  1102
  139   296
  140  1747
  141   941
  142   116
  143  1563
  144   765
  145  2210
  146  1393
  147   579
  148  2036
  149  1235
  150   424
  151  1868
  152  1047
  153   243
  154  1680
  155   889
  156    71
  157  1529
  158   721
  159  2147
  160  1350
  161   525
  162  1986
  163  1182
  164   370
  165  1809
  166  1000
  167   187
  168  1646
  169   831
  170    34
  171  1468
  172   665
  173  2101
  174  1295
  175   481
  176  1942
  177  1121
  178   302
  179  1770
  180   954
  181   145
  182  1599
  183   782
  184  2229
  185  1411
  186   611
  187  2041
  188  1242
  189   437
  190  1885
  191  1079
  192   261
  193  1708
  194   906
  195    90
  196  1535
  197   731
  198  2173
  199  1368
  200   549
  201  2005
  202  1193
  203   384
  204  1834
  205  1021
  206   201
  207  1660
  208   841
  209    37
  210  1474
  211   680
  212  2129
  213  1312
  214   512
  215  1946
  216  1137
  217   329
  218  1773
  219   974
  220   157
  221  1603
  222   793
  223  2233
  224  1431
  225   627
  226  2075
  227  1265
  228   457
  229  1905
  230  1084
  231   281
  232  1733
  233   908
  234    98
  235  1546
  236   742
  237  2194
  238  1378
  239   573
  240  2008
  241  1208
  242   409
  243  1846
  244  1027
  245   242
  246  1675
  247   872
  248    45
  249  1501
  250   678
  251  2141
  252  1334
  253   524
  254  1963
  255  1163
  256   338
  257  1790
  258   994
  259   178
  260  1611
  261   813
  262     0
  263  1440
  264   631
  265  2091
  266  1276
  267   463
  268  1900
  269  1096
  270   293
  271  1737
  272   929
  273   122
  274  1576
  275   753
  276  2203
  277  1385
  278   580
  279  2032
  280  1231
  281   410
  282  1867
  283  1058
  284   239
  285  1679
  286   866
  287    73
  288  1525
  289   696
  290  2144
  291  1340
  292   530
  293  1989
  294  1179
  295   357
  296  1806
  297   992
  298   181
  299  1633
  300   823
  301    21
  302  1470
  303   660
  304  2111
  305  1278
  306   479
  307  1926
  308  1129
  309   318
  310  1763
  311   947
  312   129
  313  1580
  314   773
  315  2227
  316  1405
  317   596
  318  2047
  319  1233
  320   418
  321  1873
  322  1070
  323   251
  324  1706
  325   904
  326    83
  327  1530
  328   715
  329  2159
  330  1357
  331   546
  332  1993
  333  1181
  334   373
  335  1815
  336  1022
  337   216
  338  1645
  339   854
  340    32
  341  1477
  342   675
  343  2108
  344  1300
  345   485
  346  1944
  347  1138
  348   332
  349  1764
  350   957
  351   156
  352  1595
  353   799
  354  2228
  355  1423
  356   614
  357  2057
  358  1241
  359   443
  360  1883
  361  1076
  362   277
  363  1715
  364   920
  365    89
  366  1554
  367   728
  368  2176
  369  1364
  370   560
  371  2012
  372  1196
  373   381
  374  1837
  375  1038
  376   221
  377  1666
  378   851
  379    47
  380  1485
  381   690
  382  2127
  383  1317
  384   504
  385  1966
  386  1160
  387   340
  388  1776
  389   969
  390   159
  391  1608
  392   805
  393  2240
  394  1430
  395   630
  396  2072
  397  1269
  398   455
  399  1915
  400  1085
  401   292
  402  1741
  403   925
  404   115
  405  1565
  406   759
  407  2205
  408  1382
  409   581
  410  2029
  411  1210
  412   405
  413  1848
  414  1037
  415   235
  416  1686
  417   863
  418    61
  419  1512
  420   707
  421  2137
  422  1325
  423   534
  424  1972
  425  1159
  426   349
  427  1810
  428   993
  429   176
  430  1635
  431   812
  432    20
  433  1450
  434   654
  435  2083
  436  1274
  437   483
  438  1924
  439  1113
  440   303
  441  1756
  442   931
  443   130
  444  1585
  445   756
  446  2207
  447  1399
  448   603
  449  2045
  450  1234
  451   414
  452  1879
  453  1053
  454   265
  455  1703
  456   885
  457    87
  458  1536
  459   722
  460  2162
  461  1359
  462   545
  463  1978
  464  1188
  465   366
  466  1804
  467  1003
  468   194
  469  1648
  470   845
  471    18
  472  1475
  473   667
  474  2098
  475  1298
  476   487
  477  1938
  478  1139
  479   308
  480  1758
  481   946
  482   142
  483  1584
  484   771
  485  2238
  486  1426
  487   606
  488  2061
  489  1255
  490   438
  491  1888
  492  1075
  493   269
  494  1710
  495   901
  496    85
  497  1533
  498   732
  499  2187
  500  1380
  501   569
  502  1991
  503  1191
  504   385
  505  1838
  506  1025
  507   217
  508  1669
  509   847
  510    36
  511  1492
  512   681
  513  2122
  514  1314
  515   502
  516  1943
  517  1151
  518   333
  519  1781
  520   978
  521   162
  522  1614
  523   794
  524  2243
  525  1429
  526   625
  527  2080
  528  1264
  529   458
  530  1901
  531  1093
  532   283
  533  1720
  534   919
  535   109
  536  1561
  537   738
  538  2195
  539  1390
  540   568
  541  2024
  542  1219
  543   412
  544  1858
  545  1039
  546   240
  547  1682
  548   868
  549    56
  550  1506
  551   683
  552  2146
  553  1319
  554   514
  555  1969
  556  1157
  557   341
  558  1795
  559   998
  560   177
  561  1623
  562   808
  563    13
  564  1462
  565   646
  566  2086
  567  1283
  568   475
  569  1922
  570  1117
  571   297
  572  1736
  573   926
  574   113
  575  1566
  576   764
  577  2200
  578  1387
  579   595
  580  2037
  581  1218
  582   411
  583  1865
  584  1049
  585   241
  586  1692
  587   883
  588    66
  589  1509
  590   705
  591  2155
  592  1347
  593   529
  594  1985
  595  1167
  596   365
  597  1802
  598  1005
  599   198
  600  1634
  601   826
  602     7
  603  1467
  604   655
  605  2093
  606  1287
  607   486
  608  1925
  609  1125
  610   299
  611  1745
  612   952
  613   133
  614  1592
  615   770
  616  2231
  617  1419
  618   599
  619  2059
  620  1245
  621   436
  622  1870
  623  1072
  624   249
  625  1713
  626   894
  627    99
  628  1532
  629   734
  630  2171
  631  1353
  632   544
  633  1996
  634  1199
  635   395
  636  1818
  637  1017
  638   203
  639  1658
  640   855
  641    30
  642  1491
  643   662
  644  2112
  645  1318
  646   507
  647  1949
  648  1136
  649   319
  650  1767
  651   966
  652   160
  653  1591
  654   800
  655  2230
  656  1432
  657   626
  658  2063
  659  1256
  660   450
  661  1890
  662  1091
  663   288
  664  1730
  665   911
  666    97
  667  1556
  668   736
  669  2188
  670  1381
  671   557
  672  2017
  673  1204
  674   388
  675  1845
  676  1041
  677   230
  678  1664
  679   858
  680    58
  681  1505
  682   700
  683  2145
  684  1332
  685   517
  686  1956
  687  1152
  688   342
  689  1800
  690   973
  691   175
  692  1613
  693   810
  694  2250
  695  1456
  696   647
  697  2077
  698  1266
  699   469
  700  1898
  701  1099
  702   291
  703  1728
  704   922
  705   112
  706  1553
  707   761
  708  2208
  709  1383
  710   582
  711  2030
  712  1220
  713   404
  714  1859
  715  1040
  716   246
  717  1689
  718   887
  719    75
  720  1522
  721   706
  722  2161
  723  1351
  724   536
  725  1975
  726  1165
  727   355
  728  1807
  729   990
  730   195
  731  1625
  732   835
  733    26
  734  1454
  735   645
  736  2106
  737  1281
  738   478
  739  1917
  740  1122
  741   310
  742  1742
  743   936
  744   138
  745  1579
  746   775
  747  2226
  748  1416
  749   589
  750  2040
  751  1237
  752   427
  753  1884
  754  1066
  755   254
  756  1704
  757   891
  758    78
  759  1523
  760   723
  761  2168
  762  1367
  763   543
  764  1995
  765  1178
  766   362
  767  1832
  768  1014
  769   199
  770  1652
  771   837
  772    28
  773  1478
  774   674
  775  2124
  776  1313
  777   501
  778  1947
  779  1124
  780   315
  781  1761
  782   958
  783   155
  784  1604
  785   790
  786  2241
  787  1428
  788   624
  789  2067
  790  1263
  791   444
  792  1881
  793  1086
  794   270
  795  1707
  796   900
  797   101
  798  1542
  799   748
  800  2177
  801  1362
  802   574
  803  2006
  804  1209
  805   387
  806  1827
  807  1018
  808   219
  809  1667
  810   850
  811    39
  812  1500
  813   679
  814  2130
  815  1324
  816   511
  817  1961
  818  1140
  819   337
  820  1787
  821   963
  822   174
  823  1615
  824   792
  825  2247
  826  1449
  827   633
  828  2070
  829  1257
  830   449
  831  1909
  832  1089
  833   278
  834  1727
  835   921
  836   117
  837  1562
  838   750
  839  2197
  840  1394
  841   587
  842  2015
  843  1216
  844   403
  845  1849
  846  1036
  847   223
  848  1677
  849   877
  850    65
  851  1502
  852   692
  853  2157
  854  1328
  855   531
  856  1962
  857  1153
  858   359
  859  1794
  860   999
  861   185
  862  1632
  863   814
  864    19
  865  1466
  866   648
  867  2100
  868  1275
  869   468
  870  1910
  871  1111
  872   304
  873  1754
  874   943
  875   124
  876  1578
  877   762
  878  2214
  879  1404
  880   601
  881  2046
  882  1232
  883   423
  884  1871
  885  1065
  886   245
  887  1690
  888   893
  889    82
  890  1510
  891   720
  892  2152
  893  1352
  894   539
  895  1982
  896  1171
  897   371
  898  1826
  899  1004
  900   193
  901  1640
  902   839
  903    33
  904  1479
  905   653
  906  2104
  907  1294
  908   488
  909  1937
  910  1127
  911   325
  912  1768
  913   949
  914   154
  915  1590
  916   791
  917  2216
  918  1424
  919   616
  920  2054
  921  1247
  922   440
  923  1894
  924  1083
  925   268
  926  1712
  927   899
  928   104
  929  1550
  930   727
  931  2166
  932  1366
  933   552
  934  2010
  935  1192
  936   383
  937  1830
  938  1020
  939   211
  940  1651
  941   857
  942    42
  943  1489
  944   682
  945  2119
  946  1306
  947   496
  948  1957
  949  1155
  950   343
  951  1786
  952   977
  953   165
  954  1612
  955   804
  956  2234
  957  1444
  958   629
  959  2068
  960  1267
  961   454
  962  1904
  963  1092
  964   275
  965  1735
  966   909
  967   111
  968  1549
  969   746
  970  2193
  971  1374
  972   567
  973  2014
  974  1215
  975   402
  976  1836
  977  1045
  978   220
  979  1678
  980   870
  981    55
  982  1497
  983   701
  984  2138
  985  1322
  986   520
  987  1976
  988  1154
  989   344
  990  1793
  991   987
  992   171
  993  1609
  994   815
  995  2255
  996  1445
  997   643
  998  2087
  999  1282
 1000   461
 1001  1916
 1002  1108
 1003   301
 1004  1743
 1005   934
 1006   131
 1007  1567
 1008   763
 1009  2212
 1010  1403
 1011   585
 1012  2039
 1013  1228
 1014   417
 1015  1861
 1016  1052
 1017   238
 1018  1681
 1019   876
 1020    76
 1021  1511
 1022   712
 1023  2160
 1024  1345
 1025   533
 1026  1983
 1027  1183
 1028   358
 1029  1817
 1030  1010
 1031   180
 1032  1638
 1033   825
 1034     8
 1035  1464
 1036   666
 1037  2114
 1038  1301
 1039   490
 1040  1936
 1041  1110
 1042   322
 1043  1748
 1044   951
 1045   146
 1046  1588
 1047   787
 1048  2211
 1049  1408
 1050   602
 1051  2056
 1052  1246
 1053   434
 1054  1886
 1055  1068
 1056   267
 1057  1696
 1058   903
 1059    79
 1060  1528
 1061   711
 1062  2170
 1063  1369
 1064   558
 1065  1988
 1066  1176
 1067   377
 1068  1824
 1069  1015
 1070   204
 1071  1657
 1072   842
 1073    44
 1074  1483
 1075   664
 1076  2126
 1077  1305
 1078   503
 1079  1952
 1080  1134
 1081   330
 1082  1783
 1083   955
 1084   163
 1085  1601
 1086   784
 1087  2249
 1088  1433
 1089   623
 1090  2076
 1091  1249
 1092   441
 1093  1893
 1094  1081
 1095   271
 1096  1726
 1097   913
 1098    96
 1099  1547
 1100   729
 1101  2178
 1102  1384
 1103   570
 1104  2022
 1105  1202
 1106   390
 1107  1843
 1108  1029
 1109   225
 1110  1656
 1111   860
 1112    43
 1113  1490
 1114   695
 1115  2128
 1116  1330
 1117   509
 1118  1948
 1119  1146
 1120   347
 1121  1785
 1122   980
 1123   172
 1124  1617
 1125   809
 1126     2
 1127  1448
 1128   639
 1129  2079
 1130  1273
 1131   451
 1132  1919
 1133  1101
 1134   289
 1135  1738
 1136   937
 1137   125
 1138  1557
 1139   749
 1140  2191
 1141  1400
 1142   584
 1143  2028
 1144  1212
 1145   419
 1146  1847
 1147  1044
 1148   231
 1149  1691
 1150   884
 1151    59
 1152  1520
 1153   697
 1154  2156
 1155  1344
 1156   541
 1157  1984
 1158  1169
 1159   352
 1160  1811
 1161   988
 1162   182
 1163  1642
 1164   828
 1165     1
 1166  1461
 1167   651
 1168  2103
 1169  1285
 1170   474
 1171  1927
 1172  1114
 1173   298
 1174  1744
 1175   945
 1176   141
 1177  1574
 1178   777
 1179  2224
 1180  1406
 1181   604
 1182  2053
 1183  1239
 1184   439
 1185  1864
 1186  1064
 1187   256
 1188  1701
 1189   880
 1190    72
 1191  1538
 1192   726
 1193  2158
 1194  1349
 1195   540
 1196  1998
 1197  1175
 1198   374
 1199  1825
 1200  1002
 1201   202
 1202  1643
 1203   844
 1204    25
 1205  1480
 1206   673
 1207  2109
 1208  1308
 1209   492
 1210  1929
 1211  1132
 1212   323
 1213  1760
 1214   960
 1215   153
 1216  1596
 1217   786
 1218  2232
 1219  1409
 1220   610
 1221  2049
 1222  1259
 1223   446
 1224  1880
 1225  1077
 1226   266
 1227  1721
 1228   905
 1229   108
 1230  1545
 1231   743
 1232  2179
 1233  1361
 1234   561
 1235  2000
 1236  1201
 1237   392
 1238  1835
 1239  1024
 1240   215
 1241  1668
 1242   849
 1243    48
 1244  1493
 1245   669
 1246  2134
 1247  1311
 1248   515
 1249  1958
 1250  1142
 1251   336
 1252  1779
 1253   981
 1254   166
 1255  1621
 1256   801
 1257  2254
 1258  1446
 1259   634
 1260  2069
 1261  1270
 1262   467
 1263  1897
 1264  1095
 1265   282
 1266  1734
 1267   918
 1268   119
 1269  1560
 1270   737
 1271  2190
 1272  1386
 1273   572
 1274  2021
 1275  1222
 1276   401
 1277  1852
 1278  1034
 1279   236
 1280  1671
 1281   867
 1282    67
 1283  1508
 1284   699
 1285  2153
 1286  1331
 1287   528
 1288  1973
 1289  1166
 1290   353
 1291  1798
 1292   985
 1293   191
 1294  1627
 1295   816
 1296    17
 1297  1452
 1298   642
 1299  2089
 1300  1284
 1301   480
 1302  1914
 1303  1107
 1304   307
 1305  1751
 1306   932
 1307   120
 1308  1570
 1309   766
 1310  2202
 1311  1410
 1312   598
 1313  2031
 1314  1230
 1315   415
 1316  1866
 1317  1059
 1318   247
 1319  1697
 1320   874
 1321    80
 1322  1513
 1323   719
 1324  2163
 1325  1348
 1326   550
 1327  1987
 1328  1186
 1329   376
 1330  1823
 1331  1007
 1332   192
 1333  1649
 1334   833
 1335    24
 1336  1463
 1337   661
 1338  2115
 1339  1292
 1340   489
 1341  1935
 1342  1115
 1343   320
 1344  1762
 1345   953
 1346   140
 1347  1593
 1348   788
 1349  2217
 1350  1422
 1351   607
 1352  2050
 1353  1238
 1354   442
 1355  1882
 1356  1069
 1357   263
 1358  1714
 1359   898
 1360    86
 1361  1543
 1362   718
 1363  2172
 1364  1376
 1365   556
 1366  2007
 1367  1195
 1368   382
 1369  1821
 1370  1013
 1371   222
 1372  1654
 1373   840
 1374    46
 1375  1486
 1376   684
 1377  2117
 1378  1315
 1379   513
 1380  1945
 1381  1135
 1382   326
 1383  1769
 1384   972
 1385   168
 1386  1610
 1387   795
 1388  2253
 1389  1434
 1390   632
 1391  2078
 1392  1251
 1393   452
 1394  1908
 1395  1090
 1396   284
 1397  1731
 1398   924
 1399   114
 1400  1555
 1401   752
 1402  2189
 1403  1375
 1404   566
 1405  2025
 1406  1211
 1407   397
 1408  1839
 1409  1035
 1410   227
 1411  1674
 1412   871
 1413    54
 1414  1507
 1415   694
 1416  2133
 1417  1329
 1418   527
 1419  1960
 1420  1150
 1421   346
 1422  1791
 1423   975
 1424   164
 1425  1626
 1426   819
 1427     6
 1428  1451
 1429   640
 1430  2088
 1431  1279
 1432   476
 1433  1911
 1434  1097
 1435   286
 1436  1732
 1437   938
 1438   127
 1439  1569
 1440   760
 1441  2201
 1442  1398
 1443   578
 1444  2020
 1445  1217
 1446   420
 1447  1857
 1448  1054
 1449   234
 1450  1693
 1451   869
 1452    69
 1453  1515
 1454   702
 1455  2142
 1456  1341
 1457   535
 1458  1981
 1459  1168
 1460   354
 1461  1805
 1462   995
 1463   190
 1464  1644
 1465   821
 1466    10
 1467  1460
 1468   656
 1469  2105
 1470  1293
 1471   494
 1472  1923
 1473  1118
 1474   317
 1475  1752
 1476   950
 1477   135
 1478  1583
 1479   778
 1480  2215
 1481  1415
 1482   609
 1483  2052
 1484  1248
 1485   433
 1486  1872
 1487  1062
 1488   255
 1489  1698
 1490   888
 1491    84
 1492  1526
 1493   713
 1494  2169
 1495  1354
 1496   554
 1497  2002
 1498  1185
 1499   389
 1500  1828
 1501  1012
 1502   206
 1503  1655
 1504   856
 1505    41
 1506  1473
 1507   668
 1508  2107
 1509  1310
 1510   498
 1511  1953
 1512  1133
 1513   321
 1514  1778
 1515   971
 1516   143
 1517  1605
 1518   789
 1519  2245
 1520  1436
 1521   622
 1522  2064
 1523  1244
 1524   435
 1525  1895
 1526  1087
 1527   279
 1528  1722
 1529   914
 1530    93
 1531  1537
 1532   747
 1533  2192
 1534  1365
 1535   576
 1536  2004
 1537  1198
 1538   391
 1539  1842
 1540  1042
 1541   218
 1542  1672
 1543   862
 1544    53
 1545  1498
 1546   693
 1547  2131
 1548  1327
 1549   518
 1550  1967
 1551  1158
 1552   351
 1553  1797
 1554   991
 1555   169
 1556  1619
 1557   807
 1558  2251
 1559  1443
 1560   628
 1561  2081
 1562  1262
 1563   456
 1564  1913
 1565  1103
 1566   287
 1567  1729
 1568   935
 1569   118
 1570  1564
 1571   755
 1572  2198
 1573  1397
 1574   586
 1575  2026
 1576  1221
 1577   413
 1578  1863
 1579  1046
 1580   244
 1581  1676
 1582   879
 1583    60
 1584  1519
 1585   708
 1586  2149
 1587  1337
 1588   519
 1589  1970
 1590  1173
 1591   367
 1592  1813
 1593   984
 1594   196
 1595  1636
 1596   818
 1597     5
 1598  1447
 1599   658
 1600  2097
 1601  1289
 1602   471
 1603  1918
 1604  1109
 1605   316
 1606  1750
 1607   930
 1608   126
 1609  1572
 1610   779
 1611  2222
 1612  1395
 1613   600
 1614  2043
 1615  1223
 1616   421
 1617  1869
 1618  1060
 1619   259
 1620  1700
 1621   892
 1622    91
 1623  1527
 1624   704
 1625  2165
 1626  1355
 1627   538
 1628  1999
 1629  1174
 1630   364
 1631  1820
 1632  1019
 1633   205
 1634  1647
 1635   829
 1636    22
 1637  1484
 1638   671
 1639  2125
 1640  1303
 1641   482
 1642  1933
 1643  1120
 1644   327
 1645  1775
 1646   961
 1647   152
 1648  1586
 1649   780
 1650  2225
 1651  1413
 1652   618
 1653  2055
 1654  1253
 1655   448
 1656  1877
 1657  1067
 1658   258
 1659  1711
 1660   907
 1661    95
 1662  1551
 1663   740
 1664  2181
 1665  1360
 1666   551
 1667  2018
 1668  1190
 1669   396
 1670  1841
 1671  1032
 1672   212
 1673  1673
 1674   848
 1675    40
 1676  1488
 1677   686
 1678  2136
 1679  1320
 1680   499
 1681  1955
 1682  1143
 1683   335
 1684  1788
 1685   976
 1686   158
 1687  1600
 1688   811
 1689  2235
 1690  1442
 1691   637
 1692  2066
 1693  1258
 1694   459
 1695  1892
 1696  1100
 1697   295
 1698  1718
 1699   915
 1700   121
 1701  1559
 1702   751
 1703  2186
 1704  1379
 1705   575
 1706  2035
 1707  1207
 1708   398
 1709  1855
 1710  1031
 1711   224
 1712  1663
 1713   861
 1714    68
 1715  1494
 1716   703
 1717  2148
 1718  1333
 1719   526
 1720  1964
 1721  1164
 1722   345
 1723  1801
 1724   996
 1725   173
 1726  1624
 1727   817
 1728    15
 1729  1441
 1730   635
 1731  2082
 1732  1291
 1733   464
 1734  1921
 1735  1104
 1736   309
 1737  1749
 1738   944
 1739   137
 1740  1582
 1741   767
 1742  2209
 1743  1396
 1744   592
 1745  2033
 1746  1229
 1747   425
 1748  1860
 1749  1048
 1750   250
 1751  1687
 1752   882
 1753    77
 1754  1514
 1755   717
 1756  2154
 1757  1343
 1758   542
 1759  1990
 1760  1170
 1761   361
 1762  1819
 1763  1008
 1764   189
 1765  1641
 1766   827
 1767    11
 1768  1469
 1769   649
 1770  2095
 1771  1288
 1772   491
 1773  1934
 1774  1128
 1775   312
 1776  1753
 1777   956
 1778   149
 1779  1581
 1780   785
 1781  2220
 1782  1421
 1783   597
 1784  2042
 1785  1252
 1786   426
 1787  1891
 1788  1073
 1789   257
 1790  1716
 1791   897
 1792   105
 1793  1540
 1794   730
 1795  2175
 1796  1358
 1797   565
 1798  2003
 1799  1197
 1800   379
 1801  1831
 1802  1026
 1803   214
 1804  1659
 1805   852
 1806    31
 1807  1482
 1808   685
 1809  2116
 1810  1307
 1811   506
 1812  1941
 1813  1141
 1814   339
 1815  1777
 1816   968
 1817   144
 1818  1607
 1819   783
 1820  2246
 1821  1425
 1822   612
 1823  2060
 1824  1260
 1825   447
 1826  1889
 1827  1088
 1828   276
 1829  1723
 1830   917
 1831   100
 1832  1544
 1833   733
 1834  2185
 1835  1377
 1836   564
 1837  2016
 1838  1203
 1839   408
 1840  1844
 1841  1043
 1842   232
 1843  1670
 1844   853
 1845    51
 1846  1499
 1847   687
 1848  2139
 1849  1335
 1850   516
 1851  1968
 1852  1148
 1853   348
 1854  1789
 1855   989
 1856   184
 1857  1618
 1858   824
 1859  2252
 1860  1435
 1861   636
 1862  2090
 1863  1277
 1864   462
 1865  1903
 1866  1112
 1867   294
 1868  1739
 1869   923
 1870   123
 1871  1571
 1872   758
 1873  2213
 1874  1391
 1875   591
 1876  2027
 1877  1224
 1878   406
 1879  1851
 1880  1055
 1881   233
 1882  1684
 1883   886
 1884    64
 1885  1524
 1886   710
 1887  2150
 1888  1339
 1889   537
 1890  1980
 1891  1184
 1892   369
 1893  1799
 1894   997
 1895   200
 1896  1628
 1897   838
 1898    12
 1899  1458
 1900   644
 1901  2099
 1902  1280
 1903   477
 1904  1930
 1905  1123
 1906   313
 1907  1755
 1908   948
 1909   147
 1910  1577
 1911   768
 1912  2218
 1913  1402
 1914   594
 1915  2048
 1916  1225
 1917   431
 1918  1887
 1919  1056
 1920   248
 1921  1702
 1922   896
 1923    94
 1924  1521
 1925   716
 1926  2167
 1927  1370
 1928   547
 1929  1992
 1930  1187
 1931   372
 1932  1814
 1933  1006
 1934   208
 1935  1653
 1936   843
 1937    35
 1938  1487
 1939   672
 1940  2121
 1941  1296
 1942   495
 1943  1931
 1944  1131
 1945   331
 1946  1771
 1947   959
 1948   150
 1949  1594
 1950   798
 1951  2242
 1952  1412
 1953   621
 1954  2051
 1955  1261
 1956   445
 1957  1896
 1958  1074
 1959   264
 1960  1719
 1961   916
 1962    92
 1963  1548
 1964   741
 1965  2184
 1966  1371
 1967   563
 1968  2011
 1969  1194
 1970   393
 1971  1840
 1972  1030
 1973   213
 1974  1661
 1975   864
 1976    63
 1977  1503
 1978   688
 1979  2132
 1980  1326
 1981   510
 1982  1959
 1983  1149
 1984   328
 1985  1782
 1986   970
 1987   167
 1988  1620
 1989   806
 1990     4
 1991  1437
 1992   619
 1993  2085
 1994  1272
 1995   466
 1996  1912
 1997  1106
 1998   285
 1999  1740
 2000   927
 2001   110
 2002  1568
 2003   744
 2004  2206
 2005  1392
 2006   588
 2007  2023
 2008  1213
 2009   407
 2010  1854
 2011  1051
 2012   228
 2013  1685
 2014   875
 2015    62
 2016  1516
 2017   698
 2018  2140
 2019  1321
 2020   521
 2021  1979
 2022  1161
 2023   363
 2024  1792
 2025   983
 2026   183
 2027  1631
 2028   832
 2029     9
 2030  1457
 2031   641
 2032  2092
 2033  1290
 2034   470
 2035  1928
 2036  1105
 2037   305
 2038  1759
 2039   940
 2040   132
 2041  1589
 2042   757
 2043  2219
 2044  1407
 2045   593
 2046  2038
 2047  1226
 2048   430
 2049  1878
 2050  1057
 2051   262
 2052  1699
 2053   881
 2054    81
 2055  1518
 2056   709
 2057  2151
 2058  1363
 2059   555
 2060  1977
 2061  1172
 2062   375
 2063  1812
 2064  1009
 2065   210
 2066  1637
 2067   834
 2068    16
 2069  1459
 2070   670
 2071  2110
 2072  1299
 2073   497
 2074  1939
 2075  1130
 2076   311
 2077  1772
 2078   965
 2079   151
 2080  1597
 2081   772
 2082  2236
 2083  1418
 2084   605
 2085  2062
 2086  1250
 2087   429
 2088  1875
 2089  1078
 2090   273
 2091  1705
 2092   912
 2093   106
 2094  1539
 2095   735
 2096  2182
 2097  1356
 2098   562
 2099  2009
 2100  1205
 2101   400
 2102  1833
 2103  1016
 2104   209
 2105  1650
 2106   846
 2107    49
 2108  1481
 2109   676
 2110  2118
 2111  1309
 2112   505
 2113  1950
 2114  1145
 2115   334
 2116  1780
 2117   967
 2118   170
 2119  1602
 2120   797
 2121  2244
 2122  1438
 2123   613
 2124  2065
 2125  1271
 2126   453
 2127  1902
 2128  1082
 2129   280
 2130  1724
 2131   910
 2132   103
 2133  1558
 2134   739
 2135  2204
 2136  1389
 2137   577
 2138  2019
 2139  1214
 2140   394
 2141  1856
 2142  1028
 2143   237
 2144  1683
 2145   873
 2146    52
 2147  1504
 2148   689
 2149  2143
 2150  1336
 2151   523
 2152  1974
 2153  1156
 2154   356
 2155  1803
 2156   979
 2157   179
 2158  1622
 2159   820
 2160    14
 2161  1453
 2162   652
 2163  2096
 2164  1268
 2165   472
 2166  1906
 2167  1098
 2168   290
 2169  1746
 2170   933
 2171   128
 2172  1575
 2173   769
 2174  2196
 2175  1401
 2176   590
 2177  2034
 2178  1227
 2179   416
 2180  1850
 2181  1063
 2182   253
 2183  1694
 2184   890
 2185    74
 2186  1517
 2187   714
 2188  2164
 2189  1338
 2190   532
 2191  1971
 2192  1177
 2193   368
 2194  1816
 2195  1011
 2196   188
 2197  1630
 2198   822
 2199    29
 2200  1471
 2201   657
 2202  2102
 2203  1304
 2204   493
 2205  1932
 2206  1116
 2207   306
 2208  1766
 2209   939
 2210   134
 2211  1587
 2212   781
 2213  2223
 2214  1420
 2215   608
 2216  2058
 2217  1243
 2218   428
 2219  1874
 2220  1080
 2221   252
 2222  1717
 2223   895
 2224    88
 2225  1531
 2226   725
 2227  2180
 2228  1372
 2229   548
 2230  2001
 2231  1200
 2232   378
 2233  1822
 2234  1023
 2235   207
 2236  1662
 2237   836
 2238    38
 2239  1476
 2240   663
 2241  2113
 2242  1316
 2243   500
 2244  1954
 2245  1144
 2246   324
 2247  1784
 2248   964
 2249   148
 2250  1606
 2251   796
 2252  2239
 2253  1417
 2254   617
 2255  2073
 2256  2256
 2257  2257
 2258  2258
 2259  2259
