R80T05QRE
Turbo Code Interleaving
User data with 4 flush bits = 2068
NOTE: S-bit is the bit index after interleaving. Data-bit is the index of user data
S-bit Data-bit
    0    21
    1  1340
    2   584
    3  1917
    4  1188
    5   433
    6  1757
    7  1023
    8   274
    9  1608
   10   861
   11   127
   12  1440
   13   708
   14  2033
   15  1295
   16   534
   17  1871
   18  1131
   19   386
   20  1703
   21   971
   22   237
   23  1550
   24   803
   25    64
   26  1403
   27   663
   28  1990
   29  1231
   30   506
   31  1828
   32  1079
   33   347
   34  1654
   35   916
   36   180
   37  1498
   38   759
   39    25
   40  1346
   41   603
   42  1938
   43  1192
   44   444
   45  1775
   46  1030
   47   286
   48  1616
   49   881
   50   124
   51  1462
   52   710
   53  2047
   54  1305
   55   562
   56  1895
   57  1135
   58   394
   59  1715
   60   980
   61   249
   62  1563
   63   825
   64    94
   65  1409
   66   681
   67  1997
   68  1256
   69   512
   70  1825
   71  1088
   72   353
   73  1673
   74   943
   75   206
   76  1522
   77   785
   78    45
   79  1367
   80   618
   81  1941
   82  1210
   83   464
   84  1785
   85  1048
   86   320
   87  1623
   88   897
   89   147
   90  1478
   91   734
   92  2056
   93  1316
   94   566
   95  1897
   96  1147
   97   426
   98  1738
   99  1000
  100   250
  101  1577
  102   849
  103    97
  104  1420
  105   690
  106  2012
  107  1271
  108   523
  109  1842
  110  1103
  111   365
  112  1695
  113   960
  114   209
  115  1544
  116   791
  117    51
  118  1368
  119   631
  120  1953
  121  1227
  122   478
  123  1798
  124  1062
  125   329
  126  1643
  127   901
  128   170
  129  1490
  130   733
  131     3
  132  1331
  133   596
  134  1907
  135  1177
  136   421
  137  1744
  138  1007
  139   270
  140  1598
  141   860
  142   106
  143  1430
  144   701
  145  2022
  146  1275
  147   530
  148  1863
  149  1130
  150   388
  151  1709
  152   957
  153   222
  154  1537
  155   814
  156    65
  157  1399
  158   660
  159  1964
  160  1235
  161   480
  162  1817
  163  1081
  164   338
  165  1655
  166   915
  167   171
  168  1505
  169   760
  170    31
  171  1343
  172   608
  173  1923
  174  1186
  175   441
  176  1777
  177  1025
  178   276
  179  1620
  180   873
  181   133
  182  1463
  183   715
  184  2040
  185  1292
  186   559
  187  1868
  188  1137
  189   399
  190  1724
  191   987
  192   238
  193  1562
  194   829
  195    82
  196  1404
  197   669
  198  1989
  199  1252
  200   502
  201  1835
  202  1092
  203   351
  204  1677
  205   933
  206   184
  207  1518
  208   768
  209    34
  210  1348
  211   621
  212  1947
  213  1200
  214   468
  215  1781
  216  1040
  217   300
  218  1622
  219   890
  220   143
  221  1466
  222   726
  223  2044
  224  1309
  225   573
  226  1898
  227  1158
  228   418
  229  1743
  230   990
  231   256
  232  1585
  233   831
  234    90
  235  1414
  236   678
  237  2008
  238  1261
  239   525
  240  1838
  241  1105
  242   374
  243  1689
  244   938
  245   221
  246  1532
  247   798
  248    41
  249  1373
  250   619
  251  1959
  252  1221
  253   479
  254  1796
  255  1063
  256   308
  257  1637
  258   909
  259   163
  260  1473
  261   744
  262     0
  263  1317
  264   577
  265  1914
  266  1167
  267   424
  268  1739
  269  1002
  270   267
  271  1589
  272   850
  273   112
  274  1442
  275   689
  276  2016
  277  1268
  278   531
  279  1860
  280  1126
  281   375
  282  1708
  283   968
  284   218
  285  1536
  286   792
  287    67
  288  1395
  289   636
  290  1961
  291  1225
  292   485
  293  1820
  294  1078
  295   326
  296  1652
  297   907
  298   165
  299  1493
  300   752
  301    19
  302  1345
  303   604
  304  1931
  305  1169
  306   439
  307  1763
  308  1033
  309   290
  310  1614
  311   866
  312   118
  313  1446
  314   707
  315  2038
  316  1286
  317   546
  318  1874
  319  1128
  320   382
  321  1714
  322   979
  323   230
  324  1560
  325   827
  326    76
  327  1400
  328   654
  329  1976
  330  1241
  331   500
  332  1824
  333  1080
  334   341
  335  1661
  336   934
  337   196
  338  1504
  339   780
  340    29
  341  1350
  342   617
  343  1929
  344  1190
  345   445
  346  1779
  347  1041
  348   303
  349  1615
  350   876
  351   142
  352  1460
  353   730
  354  2039
  355  1301
  356   561
  357  1884
  358  1136
  359   405
  360  1722
  361   985
  362   253
  363  1569
  364   841
  365    81
  366  1422
  367   666
  368  1992
  369  1248
  370   513
  371  1841
  372  1095
  373   348
  374  1680
  375   948
  376   201
  377  1523
  378   777
  379    43
  380  1357
  381   630
  382  1945
  383  1204
  384   461
  385  1799
  386  1060
  387   310
  388  1625
  389   885
  390   145
  391  1470
  392   736
  393  2049
  394  1308
  395   576
  396  1896
  397  1161
  398   416
  399  1752
  400   991
  401   266
  402  1593
  403   846
  404   105
  405  1432
  406   695
  407  2017
  408  1265
  409   532
  410  1857
  411  1107
  412   370
  413  1691
  414   947
  415   215
  416  1542
  417   789
  418    55
  419  1383
  420   647
  421  1955
  422  1212
  423   488
  424  1804
  425  1059
  426   319
  427  1656
  428   908
  429   161
  430  1495
  431   743
  432    18
  433  1327
  434   599
  435  1906
  436  1165
  437   443
  438  1761
  439  1018
  440   277
  441  1607
  442   852
  443   119
  444  1451
  445   692
  446  2019
  447  1281
  448   553
  449  1872
  450  1129
  451   379
  452  1718
  453   963
  454   242
  455  1558
  456   810
  457    80
  458  1405
  459   661
  460  1979
  461  1243
  462   499
  463  1809
  464  1087
  465   335
  466  1650
  467   918
  468   177
  469  1507
  470   772
  471    16
  472  1349
  473   610
  474  1920
  475  1189
  476   447
  477  1774
  478  1042
  479   281
  480  1609
  481   865
  482   130
  483  1450
  484   706
  485  2048
  486  1304
  487   555
  488  1887
  489  1148
  490   400
  491  1727
  492   984
  493   246
  494  1564
  495   824
  496    78
  497  1402
  498   670
  499  2001
  500  1263
  501   521
  502  1822
  503  1090
  504   352
  505  1681
  506   936
  507   197
  508  1526
  509   773
  510    33
  511  1364
  512   622
  513  1940
  514  1202
  515   459
  516  1778
  517  1052
  518   304
  519  1629
  520   894
  521   148
  522  1476
  523   727
  524  2052
  525  1307
  526   571
  527  1903
  528  1157
  529   419
  530  1740
  531   999
  532   258
  533  1573
  534   840
  535    99
  536  1428
  537   675
  538  2009
  539  1272
  540   520
  541  1852
  542  1115
  543   377
  544  1699
  545   949
  546   219
  547  1539
  548   794
  549    50
  550  1377
  551   624
  552  1963
  553  1206
  554   470
  555  1802
  556  1057
  557   311
  558  1642
  559   913
  560   162
  561  1484
  562   739
  563    13
  564  1337
  565   592
  566  1909
  567  1174
  568   435
  569  1759
  570  1021
  571   271
  572  1588
  573   847
  574   103
  575  1433
  576   700
  577  2013
  578  1270
  579   545
  580  1864
  581  1114
  582   376
  583  1706
  584   959
  585   220
  586  1548
  587   808
  588    60
  589  1380
  590   645
  591  1972
  592  1232
  593   484
  594  1816
  595  1067
  596   334
  597  1649
  598   920
  599   181
  600  1494
  601   755
  602     7
  603  1342
  604   600
  605  1916
  606  1178
  607   446
  608  1762
  609  1029
  610   273
  611  1597
  612   871
  613   122
  614  1457
  615   705
  616  2042
  617  1298
  618   549
  619  1885
  620  1139
  621   398
  622  1711
  623   981
  624   228
  625  1567
  626   818
  627    91
  628  1401
  629   672
  630  1987
  631  1238
  632   498
  633  1827
  634  1098
  635   361
  636  1663
  637   929
  638   186
  639  1516
  640   781
  641    27
  642  1363
  643   606
  644  1932
  645  1205
  646   463
  647  1784
  648  1039
  649   291
  650  1617
  651   883
  652   146
  653  1456
  654   731
  655  2041
  656  1310
  657   572
  658  1888
  659  1149
  660   412
  661  1729
  662   997
  663   263
  664  1582
  665   833
  666    89
  667  1424
  668   673
  669  2002
  670  1264
  671   510
  672  1846
  673  1102
  674   355
  675  1688
  676   951
  677   210
  678  1521
  679   784
  680    52
  681  1376
  682   640
  683  1962
  684  1219
  685   473
  686  1789
  687  1053
  688   312
  689  1647
  690   889
  691   160
  692  1475
  693   741
  694  2058
  695  1332
  696   593
  697  1900
  698  1159
  699   430
  700  1737
  701  1004
  702   265
  703  1580
  704   843
  705   102
  706  1421
  707   697
  708  2020
  709  1266
  710   533
  711  1858
  712  1116
  713   369
  714  1700
  715   950
  716   225
  717  1545
  718   812
  719    68
  720  1392
  721   646
  722  1978
  723  1236
  724   490
  725  1806
  726  1065
  727   325
  728  1653
  729   905
  730   178
  731  1486
  732   763
  733    24
  734  1330
  735   591
  736  1927
  737  1172
  738   438
  739  1754
  740  1026
  741   283
  742  1594
  743   856
  744   126
  745  1445
  746   709
  747  2037
  748  1297
  749   540
  750  1867
  751  1132
  752   391
  753  1723
  754   975
  755   231
  756  1559
  757   815
  758    71
  759  1393
  760   662
  761  1984
  762  1251
  763   497
  764  1826
  765  1077
  766   331
  767  1676
  768   927
  769   182
  770  1510
  771   764
  772    26
  773  1351
  774   616
  775  1942
  776  1201
  777   458
  778  1782
  779  1028
  780   287
  781  1612
  782   877
  783   141
  784  1467
  785   723
  786  2050
  787  1306
  788   570
  789  1891
  790  1156
  791   406
  792  1720
  793   992
  794   247
  795  1561
  796   823
  797    93
  798  1410
  799   684
  800  1993
  801  1246
  802   526
  803  1836
  804  1106
  805   354
  806  1671
  807   930
  808   199
  809  1524
  810   776
  811    35
  812  1372
  813   620
  814  1948
  815  1211
  816   467
  817  1794
  818  1043
  819   307
  820  1634
  821   882
  822   159
  823  1477
  824   725
  825  2055
  826  1326
  827   579
  828  1894
  829  1150
  830   411
  831  1746
  832   995
  833   254
  834  1579
  835   842
  836   107
  837  1429
  838   686
  839  2010
  840  1276
  841   538
  842  1844
  843  1112
  844   368
  845  1692
  846   946
  847   203
  848  1534
  849   802
  850    59
  851  1374
  852   632
  853  1974
  854  1215
  855   486
  856  1795
  857  1054
  858   328
  859  1641
  860   914
  861   169
  862  1492
  863   745
  864    17
  865  1341
  866   594
  867  1922
  868  1166
  869   429
  870  1747
  871  1016
  872   278
  873  1605
  874   862
  875   114
  876  1444
  877   698
  878  2026
  879  1285
  880   551
  881  1873
  882  1127
  883   387
  884  1712
  885   974
  886   224
  887  1546
  888   817
  889    75
  890  1381
  891   659
  892  1969
  893  1237
  894   493
  895  1813
  896  1071
  897   339
  898  1670
  899   919
  900   176
  901  1499
  902   766
  903    30
  904  1352
  905   598
  906  1925
  907  1185
  908   448
  909  1773
  910  1031
  911   296
  912  1618
  913   868
  914   140
  915  1455
  916   724
  917  2028
  918  1302
  919   563
  920  1881
  921  1141
  922   402
  923  1733
  924   989
  925   245
  926  1566
  927   822
  928    95
  929  1418
  930   665
  931  1982
  932  1250
  933   505
  934  1839
  935  1091
  936   350
  937  1674
  938   932
  939   191
  940  1509
  941   783
  942    38
  943  1361
  944   623
  945  1937
  946  1195
  947   455
  948  1790
  949  1056
  950   313
  951  1633
  952   893
  953   151
  954  1474
  955   735
  956  2045
  957  1321
  958   575
  959  1892
  960  1160
  961   415
  962  1742
  963   998
  964   251
  965  1587
  966   832
  967   101
  968  1417
  969   682
  970  2007
  971  1257
  972   519
  973  1843
  974  1111
  975   367
  976  1679
  977   955
  978   200
  979  1535
  980   796
  981    49
  982  1369
  983   641
  984  1956
  985  1209
  986   476
  987  1807
  988  1055
  989   314
  990  1640
  991   902
  992   156
  993  1471
  994   746
  995  2063
  996  1322
  997   589
  998  1910
  999  1173
 1000   422
 1001  1753
 1002  1013
 1003   275
 1004  1595
 1005   854
 1006   120
 1007  1434
 1008   699
 1009  2024
 1010  1284
 1011   536
 1012  1866
 1013  1123
 1014   381
 1015  1702
 1016   962
 1017   217
 1018  1538
 1019   801
 1020    69
 1021  1382
 1022   652
 1023  1977
 1024  1230
 1025   487
 1026  1814
 1027  1082
 1028   327
 1029  1662
 1030   924
 1031   164
 1032  1497
 1033   754
 1034     8
 1035  1339
 1036   609
 1037  1933
 1038  1191
 1039   450
 1040  1772
 1041  1015
 1042   294
 1043  1599
 1044   870
 1045   134
 1046  1453
 1047   720
 1048  2023
 1049  1289
 1050   552
 1051  1883
 1052  1140
 1053   396
 1054  1725
 1055   977
 1056   244
 1057  1551
 1058   826
 1059    72
 1060  1398
 1061   651
 1062  1986
 1063  1253
 1064   511
 1065  1819
 1066  1076
 1067   345
 1068  1668
 1069   928
 1070   187
 1071  1515
 1072   769
 1073    40
 1074  1355
 1075   607
 1076  1944
 1077  1194
 1078   460
 1079  1786
 1080  1037
 1081   301
 1082  1631
 1083   874
 1084   149
 1085  1465
 1086   717
 1087  2057
 1088  1311
 1089   569
 1090  1899
 1091  1143
 1092   403
 1093  1732
 1094   988
 1095   248
 1096  1578
 1097   834
 1098    88
 1099  1415
 1100   667
 1101  1994
 1102  1267
 1103   522
 1104  1850
 1105  1100
 1106   357
 1107  1686
 1108   939
 1109   205
 1110  1514
 1111   786
 1112    39
 1113  1362
 1114   635
 1115  1946
 1116  1217
 1117   465
 1118  1783
 1119  1047
 1120   317
 1121  1632
 1122   895
 1123   157
 1124  1479
 1125   740
 1126     2
 1127  1325
 1128   585
 1129  1902
 1130  1164
 1131   413
 1132  1756
 1133  1006
 1134   264
 1135  1590
 1136   857
 1137   115
 1138  1425
 1139   685
 1140  2005
 1141  1282
 1142   535
 1143  1856
 1144  1109
 1145   383
 1146  1690
 1147   954
 1148   211
 1149  1547
 1150   809
 1151    53
 1152  1390
 1153   637
 1154  1973
 1155  1229
 1156   495
 1157  1815
 1158  1069
 1159   322
 1160  1657
 1161   903
 1162   166
 1163  1501
 1164   757
 1165     1
 1166  1336
 1167   597
 1168  1924
 1169  1176
 1170   434
 1171  1764
 1172  1019
 1173   272
 1174  1596
 1175   864
 1176   129
 1177  1441
 1178   711
 1179  2035
 1180  1287
 1181   554
 1182  1880
 1183  1134
 1184   401
 1185  1705
 1186   973
 1187   233
 1188  1556
 1189   805
 1190    66
 1191  1407
 1192   664
 1193  1975
 1194  1234
 1195   494
 1196  1829
 1197  1075
 1198   342
 1199  1669
 1200   917
 1201   185
 1202  1502
 1203   771
 1204    23
 1205  1353
 1206   615
 1207  1930
 1208  1197
 1209   452
 1210  1766
 1211  1035
 1212   295
 1213  1611
 1214   879
 1215   139
 1216  1461
 1217   719
 1218  2043
 1219  1290
 1220   558
 1221  1876
 1222  1152
 1223   408
 1224  1719
 1225   986
 1226   243
 1227  1574
 1228   828
 1229    98
 1230  1413
 1231   679
 1232  1995
 1233  1245
 1234   514
 1235  1831
 1236  1099
 1237   359
 1238  1678
 1239   935
 1240   195
 1241  1525
 1242   775
 1243    44
 1244  1365
 1245   612
 1246  1952
 1247  1199
 1248   471
 1249  1791
 1250  1045
 1251   306
 1252  1628
 1253   896
 1254   152
 1255  1483
 1256   732
 1257  2062
 1258  1323
 1259   580
 1260  1893
 1261  1162
 1262   428
 1263  1736
 1264  1001
 1265   257
 1266  1586
 1267   839
 1268   109
 1269  1427
 1270   674
 1271  2004
 1272  1269
 1273   524
 1274  1849
 1275  1118
 1276   366
 1277  1694
 1278   944
 1279   216
 1280  1528
 1281   793
 1282    61
 1283  1379
 1284   639
 1285  1970
 1286  1218
 1287   483
 1288  1805
 1289  1066
 1290   323
 1291  1645
 1292   900
 1293   174
 1294  1488
 1295   747
 1296    15
 1297  1329
 1298   588
 1299  1912
 1300  1175
 1301   440
 1302  1751
 1303  1012
 1304   280
 1305  1602
 1306   853
 1307   110
 1308  1437
 1309   702
 1310  2015
 1311  1291
 1312   548
 1313  1859
 1314  1125
 1315   380
 1316  1707
 1317   969
 1318   226
 1319  1552
 1320   799
 1321    73
 1322  1384
 1323   658
 1324  1980
 1325  1233
 1326   503
 1327  1818
 1328  1085
 1329   344
 1330  1667
 1331   922
 1332   175
 1333  1508
 1334   762
 1335    22
 1336  1338
 1337   605
 1338  1934
 1339  1183
 1340   449
 1341  1771
 1342  1020
 1343   292
 1344  1613
 1345   872
 1346   128
 1347  1458
 1348   721
 1349  2029
 1350  1300
 1351   556
 1352  1877
 1353  1133
 1354   404
 1355  1721
 1356   978
 1357   240
 1358  1568
 1359   821
 1360    79
 1361  1411
 1362   657
 1363  1988
 1364  1259
 1365   509
 1366  1837
 1367  1094
 1368   349
 1369  1666
 1370   926
 1371   202
 1372  1512
 1373   767
 1374    42
 1375  1358
 1376   625
 1377  1936
 1378  1203
 1379   469
 1380  1780
 1381  1038
 1382   297
 1383  1619
 1384   888
 1385   154
 1386  1472
 1387   728
 1388  2061
 1389  1312
 1390   578
 1391  1901
 1392  1144
 1393   414
 1394  1745
 1395   996
 1396   259
 1397  1583
 1398   845
 1399   104
 1400  1423
 1401   688
 1402  2003
 1403  1258
 1404   518
 1405  1853
 1406  1108
 1407   363
 1408  1682
 1409   945
 1410   207
 1411  1531
 1412   797
 1413    48
 1414  1378
 1415   634
 1416  1951
 1417  1216
 1418   482
 1419  1793
 1420  1051
 1421   316
 1422  1638
 1423   891
 1424   150
 1425  1487
 1426   750
 1427     6
 1428  1328
 1429   586
 1430  1911
 1431  1170
 1432   436
 1433  1748
 1434  1003
 1435   261
 1436  1584
 1437   858
 1438   117
 1439  1436
 1440   696
 1441  2014
 1442  1280
 1443   529
 1444  1848
 1445  1113
 1446   384
 1447  1698
 1448   964
 1449   214
 1450  1549
 1451   795
 1452    63
 1453  1386
 1454   642
 1455  1960
 1456  1226
 1457   489
 1458  1812
 1459  1068
 1460   324
 1461  1651
 1462   910
 1463   173
 1464  1503
 1465   751
 1466    10
 1467  1335
 1468   601
 1469  1926
 1470  1184
 1471   453
 1472  1760
 1473  1022
 1474   289
 1475  1603
 1476   869
 1477   123
 1478  1449
 1479   712
 1480  2027
 1481  1296
 1482   557
 1483  1879
 1484  1142
 1485   395
 1486  1713
 1487   972
 1488   232
 1489  1553
 1490   813
 1491    77
 1492  1396
 1493   653
 1494  1985
 1495  1239
 1496   507
 1497  1832
 1498  1084
 1499   356
 1500  1672
 1501   925
 1502   189
 1503  1513
 1504   782
 1505    37
 1506  1347
 1507   611
 1508  1928
 1509  1198
 1510   456
 1511  1787
 1512  1036
 1513   293
 1514  1627
 1515   887
 1516   131
 1517  1468
 1518   722
 1519  2053
 1520  1314
 1521   568
 1522  1889
 1523  1138
 1524   397
 1525  1734
 1526   993
 1527   255
 1528  1575
 1529   835
 1530    85
 1531  1406
 1532   683
 1533  2006
 1534  1249
 1535   528
 1536  1834
 1537  1097
 1538   358
 1539  1685
 1540   952
 1541   198
 1542  1529
 1543   788
 1544    47
 1545  1370
 1546   633
 1547  1949
 1548  1214
 1549   474
 1550  1800
 1551  1058
 1552   321
 1553  1644
 1554   906
 1555   155
 1556  1481
 1557   738
 1558  2059
 1559  1320
 1560   574
 1561  1904
 1562  1155
 1563   417
 1564  1750
 1565  1008
 1566   262
 1567  1581
 1568   855
 1569   108
 1570  1431
 1571   691
 1572  2011
 1573  1279
 1574   537
 1575  1854
 1576  1117
 1577   378
 1578  1704
 1579   956
 1580   223
 1581  1533
 1582   804
 1583    54
 1584  1389
 1585   648
 1586  1966
 1587  1223
 1588   475
 1589  1803
 1590  1073
 1591   336
 1592  1659
 1593   899
 1594   179
 1595  1496
 1596   749
 1597     5
 1598  1324
 1599   602
 1600  1919
 1601  1180
 1602   432
 1603  1755
 1604  1014
 1605   288
 1606  1601
 1607   851
 1608   116
 1609  1439
 1610   713
 1611  2034
 1612  1277
 1613   550
 1614  1870
 1615  1119
 1616   385
 1617  1710
 1618   970
 1619   236
 1620  1555
 1621   816
 1622    83
 1623  1397
 1624   644
 1625  1981
 1626  1240
 1627   492
 1628  1830
 1629  1074
 1630   333
 1631  1665
 1632   931
 1633   188
 1634  1506
 1635   758
 1636    20
 1637  1356
 1638   613
 1639  1943
 1640  1193
 1641   442
 1642  1769
 1643  1024
 1644   298
 1645  1624
 1646   880
 1647   138
 1648  1452
 1649   714
 1650  2036
 1651  1294
 1652   564
 1653  1882
 1654  1146
 1655   410
 1656  1716
 1657   976
 1658   235
 1659  1565
 1660   830
 1661    87
 1662  1419
 1663   676
 1664  1996
 1665  1244
 1666   504
 1667  1847
 1668  1089
 1669   362
 1670  1684
 1671   942
 1672   192
 1673  1530
 1674   774
 1675    36
 1676  1360
 1677   627
 1678  1954
 1679  1207
 1680   457
 1681  1788
 1682  1046
 1683   305
 1684  1635
 1685   892
 1686   144
 1687  1464
 1688   742
 1689  2046
 1690  1319
 1691   583
 1692  1890
 1693  1151
 1694   420
 1695  1731
 1696  1005
 1697   269
 1698  1571
 1699   836
 1700   111
 1701  1426
 1702   687
 1703  2000
 1704  1262
 1705   527
 1706  1862
 1707  1104
 1708   364
 1709  1697
 1710   941
 1711   204
 1712  1520
 1713   787
 1714    62
 1715  1366
 1716   643
 1717  1965
 1718  1220
 1719   481
 1720  1797
 1721  1064
 1722   315
 1723  1648
 1724   911
 1725   158
 1726  1485
 1727   748
 1728    14
 1729  1318
 1730   581
 1731  1905
 1732  1182
 1733   425
 1734  1758
 1735  1009
 1736   282
 1737  1600
 1738   863
 1739   125
 1740  1448
 1741   703
 1742  2021
 1743  1278
 1744   542
 1745  1861
 1746  1124
 1747   389
 1748  1701
 1749   958
 1750   229
 1751  1543
 1752   807
 1753    70
 1754  1385
 1755   656
 1756  1971
 1757  1228
 1758   496
 1759  1821
 1760  1070
 1761   330
 1762  1664
 1763   923
 1764   172
 1765  1500
 1766   756
 1767    11
 1768  1344
 1769   595
 1770  1918
 1771  1179
 1772   451
 1773  1770
 1774  1032
 1775   284
 1776  1604
 1777   875
 1778   136
 1779  1447
 1780   718
 1781  2032
 1782  1299
 1783   547
 1784  1869
 1785  1145
 1786   390
 1787  1730
 1788   982
 1789   234
 1790  1570
 1791   820
 1792    96
 1793  1408
 1794   668
 1795  1991
 1796  1242
 1797   517
 1798  1833
 1799  1096
 1800   346
 1801  1675
 1802   937
 1803   194
 1804  1517
 1805   778
 1806    28
 1807  1354
 1808   626
 1809  1935
 1810  1196
 1811   462
 1812  1776
 1813  1044
 1814   309
 1815  1626
 1816   884
 1817   132
 1818  1469
 1819   716
 1820  2054
 1821  1303
 1822   560
 1823  1886
 1824  1153
 1825   409
 1826  1728
 1827   994
 1828   252
 1829  1576
 1830   838
 1831    92
 1832  1412
 1833   671
 1834  1999
 1835  1260
 1836   516
 1837  1845
 1838  1101
 1839   373
 1840  1687
 1841   953
 1842   212
 1843  1527
 1844   779
 1845    46
 1846  1371
 1847   628
 1848  1957
 1849  1222
 1850   472
 1851  1801
 1852  1049
 1853   318
 1854  1636
 1855   904
 1856   168
 1857  1480
 1858   753
 1859  2060
 1860  1313
 1861   582
 1862  1913
 1863  1168
 1864   423
 1865  1741
 1866  1017
 1867   268
 1868  1591
 1869   844
 1870   113
 1871  1438
 1872   694
 1873  2025
 1874  1273
 1875   541
 1876  1855
 1877  1120
 1878   371
 1879  1693
 1880   965
 1881   213
 1882  1540
 1883   811
 1884    58
 1885  1394
 1886   650
 1887  1967
 1888  1224
 1889   491
 1890  1811
 1891  1083
 1892   337
 1893  1646
 1894   912
 1895   183
 1896  1489
 1897   765
 1898    12
 1899  1334
 1900   590
 1901  1921
 1902  1171
 1903   437
 1904  1767
 1905  1027
 1906   285
 1907  1606
 1908   867
 1909   135
 1910  1443
 1911   704
 1912  2030
 1913  1283
 1914   544
 1915  1875
 1916  1121
 1917   393
 1918  1726
 1919   966
 1920   227
 1921  1557
 1922   819
 1923    86
 1924  1391
 1925   655
 1926  1983
 1927  1254
 1928   501
 1929  1823
 1930  1086
 1931   340
 1932  1660
 1933   921
 1934   190
 1935  1511
 1936   770
 1937    32
 1938  1359
 1939   614
 1940  1939
 1941  1187
 1942   454
 1943  1768
 1944  1034
 1945   302
 1946  1621
 1947   878
 1948   137
 1949  1459
 1950   729
 1951  2051
 1952  1293
 1953   567
 1954  1878
 1955  1154
 1956   407
 1957  1735
 1958   983
 1959   241
 1960  1572
 1961   837
 1962    84
 1963  1416
 1964   677
 1965  1998
 1966  1255
 1967   515
 1968  1840
 1969  1093
 1970   360
 1971  1683
 1972   940
 1973   193
 1974  1519
 1975   790
 1976    57
 1977  1375
 1978   629
 1979  1950
 1980  1213
 1981   466
 1982  1792
 1983  1050
 1984   299
 1985  1630
 1986   886
 1987   153
 1988  1482
 1989   737
 1990     4
 1991  1315
 1992   565
 1993  1908
 1994  1163
 1995   427
 1996  1749
 1997  1011
 1998   260
 1999  1592
 2000   848
 2001   100
 2002  1435
 2003   680
 2004  2018
 2005  1274
 2006   539
 2007  1851
 2008  1110
 2009   372
 2010  1696
 2011   961
 2012   208
 2013  1541
 2014   800
 2015    56
 2016  1387
 2017   638
 2018  1958
 2019  1208
 2020   477
 2021  1810
 2022  1061
 2023   332
 2024  1639
 2025   898
 2026   167
 2027  1491
 2028   761
 2029     9
 2030  1333
 2031   587
 2032  1915
 2033  1181
 2034   431
 2035  1765
 2036  1010
 2037   279
 2038  1610
 2039   859
 2040   121
 2041  1454
 2042   693
 2043  2031
 2044  1288
 2045   543
 2046  1865
 2047  1122
 2048   392
 2049  1717
 2050   967
 2051   239
 2052  1554
 2053   806
 2054    74
 2055  1388
 2056   649
 2057  1968
 2058  1247
 2059   508
 2060  1808
 2061  1072
 2062   343
 2063  1658
 2064  2064
 2065  2065
 2066  2066
 2067  2067
