R80T1QL6
Turbo Code Interleaving
User data with 4 flush bits = 1620
NOTE: S-bit is the bit index after interleaving. Data-bit is the index of user data
S-bit Data-bit
    0    15
    1  1049
    2   455
    3  1500
    4   929
    5   337
    6  1376
    7   801
    8   215
    9  1259
   10   674
   11   100
   12  1128
   13   553
   14  1590
   15  1012
   16   418
   17  1463
   18   884
   19   302
   20  1332
   21   758
   22   184
   23  1214
   24   629
   25    50
   26  1098
   27   518
   28  1558
   29   963
   30   395
   31  1431
   32   844
   33   270
   34  1295
   35   717
   36   142
   37  1173
   38   594
   39    19
   40  1054
   41   471
   42  1518
   43   933
   44   346
   45  1388
   46   806
   47   223
   48  1266
   49   689
   50    98
   51  1144
   52   555
   53  1602
   54  1020
   55   439
   56  1482
   57   888
   58   306
   59  1343
   60   766
   61   194
   62  1224
   63   645
   64    73
   65  1103
   66   531
   67  1563
   68   982
   69   400
   70  1428
   71   851
   72   276
   73  1310
   74   737
   75   161
   76  1191
   77   614
   78    36
   79  1070
   80   484
   81  1520
   82   947
   83   362
   84  1397
   85   820
   86   250
   87  1272
   88   702
   89   114
   90  1158
   91   575
   92  1609
   93  1029
   94   441
   95  1484
   96   898
   97   332
   98  1359
   99   783
  100   195
  101  1233
  102   663
  103    75
  104  1111
  105   539
  106  1575
  107   995
  108   408
  109  1442
  110   862
  111   285
  112  1327
  113   752
  114   163
  115  1208
  116   618
  117    41
  118  1071
  119   493
  120  1530
  121   960
  122   373
  123  1407
  124   831
  125   259
  126  1286
  127   705
  128   133
  129  1166
  130   574
  131     3
  132  1042
  133   464
  134  1493
  135   922
  136   329
  137  1364
  138   789
  139   211
  140  1252
  141   673
  142    83
  143  1120
  144   548
  145  1583
  146   997
  147   414
  148  1457
  149   883
  150   304
  151  1338
  152   750
  153   174
  154  1204
  155   637
  156    51
  157  1094
  158   515
  159  1538
  160   967
  161   375
  162  1422
  163   846
  164   264
  165  1296
  166   716
  167   134
  168  1179
  169   595
  170    24
  171  1052
  172   476
  173  1504
  174   928
  175   344
  176  1389
  177   802
  178   217
  179  1270
  180   684
  181   105
  182  1145
  183   559
  184  1596
  185  1011
  186   437
  187  1461
  188   890
  189   311
  190  1350
  191   771
  192   185
  193  1223
  194   649
  195    66
  196  1099
  197   523
  198  1557
  199   980
  200   392
  201  1436
  202   854
  203   274
  204  1313
  205   731
  206   145
  207  1189
  208   601
  209    26
  210  1056
  211   487
  212  1525
  213   939
  214   365
  215  1393
  216   814
  217   235
  218  1271
  219   696
  220   111
  221  1147
  222   568
  223  1600
  224  1024
  225   447
  226  1485
  227   906
  228   327
  229  1363
  230   774
  231   200
  232  1241
  233   650
  234    70
  235  1107
  236   529
  237  1571
  238   986
  239   410
  240  1439
  241   863
  242   291
  243  1322
  244   735
  245   173
  246  1199
  247   625
  248    32
  249  1075
  250   485
  251  1533
  252   956
  253   374
  254  1406
  255   832
  256   241
  257  1281
  258   712
  259   128
  260  1153
  261   583
  262     0
  263  1030
  264   451
  265  1498
  266   914
  267   331
  268  1360
  269   785
  270   210
  271  1245
  272   664
  273    88
  274  1130
  275   538
  276  1579
  277   992
  278   415
  279  1456
  280   879
  281   292
  282  1337
  283   756
  284   170
  285  1203
  286   619
  287    53
  288  1091
  289   498
  290  1535
  291   958
  292   379
  293  1425
  294   843
  295   256
  296  1293
  297   710
  298   130
  299  1168
  300   590
  301    14
  302  1053
  303   472
  304  1512
  305   915
  306   342
  307  1381
  308   808
  309   227
  310  1264
  311   678
  312    93
  313  1133
  314   552
  315  1594
  316  1006
  317   425
  318  1466
  319   881
  320   299
  321  1342
  322   765
  323   180
  324  1221
  325   647
  326    60
  327  1095
  328   511
  329  1546
  330   972
  331   391
  332  1427
  333   845
  334   266
  335  1300
  336   732
  337   152
  338  1178
  339   609
  340    22
  341  1058
  342   483
  343  1510
  344   931
  345   347
  346  1391
  347   815
  348   237
  349  1265
  350   686
  351   110
  352  1142
  353   571
  354  1595
  355  1017
  356   438
  357  1473
  358   889
  359   317
  360  1348
  361   769
  362   197
  363  1229
  364   657
  365    65
  366  1113
  367   521
  368  1559
  369   976
  370   401
  371  1441
  372   856
  373   271
  374  1316
  375   742
  376   157
  377  1192
  378   608
  379    34
  380  1063
  381   492
  382  1523
  383   943
  384   360
  385  1408
  386   830
  387   242
  388  1273
  389   692
  390   112
  391  1150
  392   577
  393  1604
  394  1023
  395   450
  396  1483
  397   909
  398   325
  399  1371
  400   775
  401   209
  402  1247
  403   661
  404    82
  405  1122
  406   542
  407  1580
  408   989
  409   416
  410  1453
  411   865
  412   290
  413  1324
  414   741
  415   167
  416  1207
  417   617
  418    45
  419  1084
  420   506
  421  1531
  422   949
  423   382
  424  1412
  425   829
  426   249
  427  1297
  428   711
  429   126
  430  1170
  431   582
  432    13
  433  1038
  434   467
  435  1492
  436   912
  437   345
  438  1379
  439   796
  440   218
  441  1258
  442   666
  443    94
  444  1136
  445   541
  446  1581
  447  1002
  448   431
  449  1464
  450   882
  451   296
  452  1344
  453   754
  454   187
  455  1219
  456   634
  457    64
  458  1100
  459   516
  460  1549
  461   973
  462   390
  463  1416
  464   850
  465   262
  466  1291
  467   719
  468   139
  469  1180
  470   604
  471    11
  472  1057
  473   478
  474  1502
  475   930
  476   349
  477  1387
  478   816
  479   221
  480  1260
  481   677
  482   103
  483  1135
  484   551
  485  1603
  486  1019
  487   433
  488  1475
  489   899
  490   312
  491  1352
  492   768
  493   191
  494  1225
  495   644
  496    62
  497  1097
  498   524
  499  1564
  500   987
  501   406
  502  1426
  503   852
  504   275
  505  1317
  506   734
  507   153
  508  1195
  509   605
  510    25
  511  1068
  512   488
  513  1519
  514   941
  515   358
  516  1390
  517   822
  518   238
  519  1276
  520   699
  521   115
  522  1156
  523   569
  524  1606
  525  1022
  526   445
  527  1490
  528   905
  529   328
  530  1361
  531   782
  532   202
  533  1230
  534   656
  535    77
  536  1118
  537   528
  538  1572
  539   996
  540   405
  541  1449
  542   872
  543   294
  544  1329
  545   743
  546   171
  547  1206
  548   621
  549    40
  550  1078
  551   490
  552  1537
  553   945
  554   367
  555  1410
  556   827
  557   243
  558  1285
  559   714
  560   127
  561  1162
  562   579
  563     9
  564  1046
  565   461
  566  1494
  567   919
  568   339
  569  1377
  570   799
  571   212
  572  1244
  573   662
  574    80
  575  1123
  576   547
  577  1576
  578   994
  579   424
  580  1458
  581   871
  582   293
  583  1335
  584   751
  585   172
  586  1212
  587   632
  588    47
  589  1081
  590   504
  591  1542
  592   964
  593   378
  594  1421
  595   835
  596   261
  597  1290
  598   721
  599   143
  600  1169
  601   592
  602     6
  603  1051
  604   468
  605  1499
  606   923
  607   348
  608  1380
  609   805
  610   214
  611  1251
  612   682
  613    96
  614  1140
  615   550
  616  1598
  617  1015
  618   427
  619  1474
  620   892
  621   310
  622  1339
  623   767
  624   179
  625  1227
  626   640
  627    71
  628  1096
  629   525
  630  1555
  631   970
  632   389
  633  1430
  634   858
  635   283
  636  1302
  637   728
  638   147
  639  1188
  640   610
  641    21
  642  1067
  643   474
  644  1513
  645   944
  646   361
  647  1396
  648   813
  649   228
  650  1267
  651   691
  652   113
  653  1139
  654   572
  655  1597
  656  1025
  657   446
  658  1476
  659   900
  660   321
  661  1353
  662   780
  663   206
  664  1238
  665   652
  666    69
  667  1115
  668   526
  669  1565
  670   988
  671   398
  672  1445
  673   861
  674   278
  675  1321
  676   745
  677   164
  678  1190
  679   613
  680    42
  681  1077
  682   501
  683  1536
  684   955
  685   369
  686  1400
  687   823
  688   244
  689  1289
  690   695
  691   125
  692  1155
  693   581
  694  1611
  695  1043
  696   462
  697  1487
  698   907
  699   335
  700  1358
  701   787
  702   208
  703  1236
  704   659
  705    79
  706  1112
  707   544
  708  1582
  709   990
  710   417
  711  1454
  712   873
  713   289
  714  1330
  715   744
  716   177
  717  1209
  718   635
  719    54
  720  1089
  721   505
  722  1548
  723   968
  724   384
  725  1414
  726   833
  727   255
  728  1294
  729   708
  730   140
  731  1163
  732   597
  733    18
  734  1041
  735   460
  736  1508
  737   917
  738   341
  739  1373
  740   803
  741   222
  742  1248
  743   670
  744    99
  745  1132
  746   554
  747  1593
  748  1014
  749   423
  750  1460
  751   885
  752   305
  753  1349
  754   762
  755   181
  756  1220
  757   638
  758    56
  759  1090
  760   517
  761  1552
  762   979
  763   388
  764  1429
  765   842
  766   260
  767  1312
  768   726
  769   144
  770  1183
  771   598
  772    20
  773  1059
  774   482
  775  1521
  776   940
  777   357
  778  1394
  779   804
  780   224
  781  1262
  782   687
  783   109
  784  1148
  785   565
  786  1605
  787  1021
  788   444
  789  1478
  790   904
  791   318
  792  1346
  793   776
  794   192
  795  1222
  796   643
  797    72
  798  1104
  799   534
  800  1560
  801   975
  802   411
  803  1437
  804   864
  805   277
  806  1308
  807   729
  808   155
  809  1193
  810   607
  811    27
  812  1074
  813   486
  814  1526
  815   948
  816   364
  817  1404
  818   817
  819   240
  820  1280
  821   690
  822   124
  823  1157
  824   567
  825  1608
  826  1037
  827   453
  828  1481
  829   901
  830   320
  831  1366
  832   778
  833   198
  834  1235
  835   658
  836    84
  837  1119
  838   536
  839  1573
  840   998
  841   422
  842  1444
  843   869
  844   288
  845  1325
  846   740
  847   159
  848  1201
  849   628
  850    46
  851  1076
  852   494
  853  1544
  854   951
  855   380
  856  1405
  857   824
  858   258
  859  1284
  860   715
  861   132
  862  1167
  863   584
  864    12
  865  1050
  866   463
  867  1503
  868   913
  869   334
  870  1367
  871   795
  872   219
  873  1257
  874   675
  875    89
  876  1131
  877   545
  878  1586
  879  1005
  880   429
  881  1465
  882   880
  883   303
  884  1340
  885   761
  886   176
  887  1210
  888   639
  889    59
  890  1082
  891   514
  892  1540
  893   969
  894   385
  895  1418
  896   838
  897   265
  898  1307
  899   720
  900   138
  901  1174
  902   599
  903    23
  904  1060
  905   466
  906  1506
  907   927
  908   350
  909  1386
  910   807
  911   233
  912  1268
  913   679
  914   108
  915  1138
  916   566
  917  1588
  918  1018
  919   440
  920  1471
  921   894
  922   314
  923  1355
  924   773
  925   190
  926  1226
  927   642
  928    74
  929  1110
  930   520
  931  1551
  932   978
  933   394
  934  1440
  935   853
  936   273
  937  1311
  938   730
  939   150
  940  1182
  941   612
  942    29
  943  1065
  944   489
  945  1517
  946   935
  947   355
  948  1401
  949   826
  950   245
  951  1279
  952   698
  953   118
  954  1154
  955   576
  956  1601
  957  1032
  958   449
  959  1479
  960   908
  961   324
  962  1362
  963   781
  964   196
  965  1243
  966   651
  967    78
  968  1109
  969   532
  970  1570
  971   983
  972   404
  973  1443
  974   868
  975   287
  976  1315
  977   748
  978   156
  979  1202
  980   623
  981    39
  982  1072
  983   502
  984  1532
  985   946
  986   372
  987  1415
  988   825
  989   246
  990  1283
  991   706
  992   122
  993  1151
  994   585
  995  1615
  996  1033
  997   459
  998  1495
  999   918
 1000   330
 1001  1372
 1002   792
 1003   216
 1004  1249
 1005   668
 1006    95
 1007  1124
 1008   546
 1009  1585
 1010  1004
 1011   420
 1012  1459
 1013   877
 1014   298
 1015  1331
 1016   753
 1017   169
 1018  1205
 1019   627
 1020    55
 1021  1083
 1022   509
 1023  1547
 1024   962
 1025   381
 1026  1419
 1027   847
 1028   257
 1029  1301
 1030   723
 1031   129
 1032  1172
 1033   591
 1034     7
 1035  1048
 1036   477
 1037  1514
 1038   932
 1039   352
 1040  1385
 1041   794
 1042   231
 1043  1253
 1044   681
 1045   106
 1046  1137
 1047   562
 1048  1584
 1049  1008
 1050   430
 1051  1472
 1052   893
 1053   308
 1054  1351
 1055   763
 1056   189
 1057  1215
 1058   646
 1059    57
 1060  1093
 1061   508
 1062  1554
 1063   981
 1064   399
 1065  1424
 1066   841
 1067   269
 1068  1305
 1069   727
 1070   148
 1071  1187
 1072   602
 1073    31
 1074  1062
 1075   475
 1076  1522
 1077   934
 1078   359
 1079  1398
 1080   811
 1081   236
 1082  1277
 1083   685
 1084   116
 1085  1146
 1086   560
 1087  1610
 1088  1026
 1089   443
 1090  1486
 1091   896
 1092   315
 1093  1354
 1094   772
 1095   193
 1096  1234
 1097   653
 1098    68
 1099  1108
 1100   522
 1101  1561
 1102   991
 1103   407
 1104  1448
 1105   860
 1106   280
 1107  1320
 1108   736
 1109   160
 1110  1186
 1111   615
 1112    30
 1113  1066
 1114   497
 1115  1524
 1116   953
 1117   363
 1118  1395
 1119   819
 1120   248
 1121  1278
 1122   700
 1123   123
 1124  1159
 1125   580
 1126     2
 1127  1036
 1128   456
 1129  1489
 1130   911
 1131   322
 1132  1375
 1133   788
 1134   207
 1135  1246
 1136   671
 1137    90
 1138  1116
 1139   535
 1140  1568
 1141  1003
 1142   419
 1143  1452
 1144   867
 1145   300
 1146  1323
 1147   747
 1148   165
 1149  1211
 1150   633
 1151    43
 1152  1088
 1153   499
 1154  1543
 1155   961
 1156   387
 1157  1420
 1158   837
 1159   252
 1160  1298
 1161   707
 1162   131
 1163  1175
 1164   593
 1165     1
 1166  1045
 1167   465
 1168  1505
 1169   921
 1170   338
 1171  1382
 1172   797
 1173   213
 1174  1250
 1175   676
 1176   102
 1177  1129
 1178   556
 1179  1592
 1180  1007
 1181   432
 1182  1470
 1183   887
 1184   313
 1185  1334
 1186   760
 1187   183
 1188  1218
 1189   631
 1190    52
 1191  1102
 1192   519
 1193  1545
 1194   966
 1195   386
 1196  1432
 1197   840
 1198   267
 1199  1306
 1200   718
 1201   146
 1202  1176
 1203   603
 1204    17
 1205  1061
 1206   481
 1207  1511
 1208   936
 1209   353
 1210  1383
 1211   809
 1212   232
 1213  1261
 1214   688
 1215   107
 1216  1143
 1217   561
 1218  1599
 1219  1009
 1220   436
 1221  1467
 1222   902
 1223   319
 1224  1345
 1225   770
 1226   188
 1227  1231
 1228   648
 1229    76
 1230  1106
 1231   530
 1232  1562
 1233   974
 1234   402
 1235  1433
 1236   859
 1237   282
 1238  1314
 1239   733
 1240   151
 1241  1194
 1242   606
 1243    35
 1244  1069
 1245   480
 1246  1529
 1247   938
 1248   368
 1249  1402
 1250   818
 1251   239
 1252  1275
 1253   701
 1254   119
 1255  1161
 1256   573
 1257  1614
 1258  1034
 1259   454
 1260  1480
 1261   910
 1262   333
 1263  1357
 1264   784
 1265   201
 1266  1242
 1267   655
 1268    86
 1269  1117
 1270   527
 1271  1567
 1272   993
 1273   409
 1274  1447
 1275   875
 1276   286
 1277  1326
 1278   738
 1279   168
 1280  1196
 1281   620
 1282    48
 1283  1080
 1284   500
 1285  1541
 1286   954
 1287   377
 1288  1413
 1289   834
 1290   253
 1291  1288
 1292   704
 1293   136
 1294  1165
 1295   586
 1296    10
 1297  1040
 1298   458
 1299  1497
 1300   920
 1301   343
 1302  1370
 1303   791
 1304   220
 1305  1255
 1306   667
 1307    87
 1308  1126
 1309   549
 1310  1578
 1311  1010
 1312   426
 1313  1455
 1314   878
 1315   297
 1316  1336
 1317   757
 1318   178
 1319  1216
 1320   626
 1321    58
 1322  1085
 1323   513
 1324  1550
 1325   965
 1326   393
 1327  1423
 1328   849
 1329   268
 1330  1304
 1331   722
 1332   137
 1333  1181
 1334   596
 1335    16
 1336  1047
 1337   473
 1338  1515
 1339   925
 1340   351
 1341  1384
 1342   798
 1343   229
 1344  1263
 1345   683
 1346   101
 1347  1141
 1348   563
 1349  1589
 1350  1016
 1351   434
 1352  1468
 1353   886
 1354   316
 1355  1347
 1356   764
 1357   186
 1358  1228
 1359   641
 1360    63
 1361  1105
 1362   512
 1363  1556
 1364   985
 1365   397
 1366  1438
 1367   855
 1368   272
 1369  1303
 1370   725
 1371   158
 1372  1184
 1373   600
 1374    33
 1375  1064
 1376   491
 1377  1516
 1378   942
 1379   366
 1380  1392
 1381   812
 1382   234
 1383  1269
 1384   694
 1385   120
 1386  1152
 1387   570
 1388  1613
 1389  1027
 1390   452
 1391  1488
 1392   897
 1393   323
 1394  1365
 1395   779
 1396   203
 1397  1239
 1398   660
 1399    81
 1400  1114
 1401   537
 1402  1566
 1403   984
 1404   403
 1405  1450
 1406   866
 1407   284
 1408  1318
 1409   739
 1410   162
 1411  1198
 1412   624
 1413    38
 1414  1079
 1415   496
 1416  1528
 1417   952
 1418   376
 1419  1403
 1420   821
 1421   247
 1422  1282
 1423   697
 1424   117
 1425  1164
 1426   588
 1427     5
 1428  1039
 1429   457
 1430  1496
 1431   916
 1432   340
 1433  1368
 1434   786
 1435   204
 1436  1240
 1437   672
 1438    92
 1439  1125
 1440   543
 1441  1577
 1442  1001
 1443   413
 1444  1446
 1445   870
 1446   301
 1447  1328
 1448   755
 1449   166
 1450  1213
 1451   622
 1452    49
 1453  1086
 1454   503
 1455  1534
 1456   959
 1457   383
 1458  1417
 1459   836
 1460   254
 1461  1292
 1462   713
 1463   135
 1464  1177
 1465   589
 1466     8
 1467  1044
 1468   469
 1469  1507
 1470   926
 1471   354
 1472  1378
 1473   800
 1474   226
 1475  1256
 1476   680
 1477    97
 1478  1134
 1479   557
 1480  1587
 1481  1013
 1482   435
 1483  1469
 1484   895
 1485   307
 1486  1341
 1487   759
 1488   182
 1489  1217
 1490   636
 1491    61
 1492  1092
 1493   510
 1494  1553
 1495   971
 1496   396
 1497  1434
 1498   848
 1499   279
 1500  1309
 1501   724
 1502   149
 1503  1185
 1504   611
 1505    28
 1506  1055
 1507   479
 1508  1509
 1509   937
 1510   356
 1511  1399
 1512   810
 1513   230
 1514  1274
 1515   693
 1516   104
 1517  1149
 1518   564
 1519  1607
 1520  1028
 1521   442
 1522  1477
 1523   891
 1524   309
 1525  1356
 1526   777
 1527   199
 1528  1232
 1529   654
 1530    67
 1531  1101
 1532   533
 1533  1569
 1534   977
 1535   412
 1536  1435
 1537   857
 1538   281
 1539  1319
 1540   746
 1541   154
 1542  1197
 1543   616
 1544    37
 1545  1073
 1546   495
 1547  1527
 1548   950
 1549   370
 1550  1409
 1551   828
 1552   251
 1553  1287
 1554   709
 1555   121
 1556  1160
 1557   578
 1558  1612
 1559  1031
 1560   448
 1561  1491
 1562   903
 1563   326
 1564  1369
 1565   790
 1566   205
 1567  1237
 1568   669
 1569    85
 1570  1121
 1571   540
 1572  1574
 1573  1000
 1574   421
 1575  1451
 1576   874
 1577   295
 1578  1333
 1579   749
 1580   175
 1581  1200
 1582   630
 1583    44
 1584  1087
 1585   507
 1586  1539
 1587   957
 1588   371
 1589  1411
 1590   839
 1591   263
 1592  1299
 1593   703
 1594   141
 1595  1171
 1596   587
 1597     4
 1598  1035
 1599   470
 1600  1501
 1601   924
 1602   336
 1603  1374
 1604   793
 1605   225
 1606  1254
 1607   665
 1608    91
 1609  1127
 1610   558
 1611  1591
 1612   999
 1613   428
 1614  1462
 1615   876
 1616  1616
 1617  1617
 1618  1618
 1619  1619
