R80T1QL7
Turbo Code Interleaving
User data with 4 flush bits = 1300
NOTE: S-bit is the bit index after interleaving. Data-bit is the index of user data
S-bit Data-bit
    0    11
    1   839
    2   365
    3  1203
    4   744
    5   271
    6  1103
    7   641
    8   173
    9  1009
   10   540
   11    79
   12   903
   13   444
   14  1274
   15   812
   16   336
   17  1173
   18   709
   19   242
   20  1069
   21   608
   22   147
   23   974
   24   504
   25    39
   26   880
   27   414
   28  1249
   29   772
   30   318
   31  1149
   32   678
   33   217
   34  1039
   35   575
   36   113
   37   941
   38   476
   39    14
   40   844
   41   377
   42  1216
   43   748
   44   278
   45  1113
   46   646
   47   180
   48  1015
   49   553
   50    77
   51   917
   52   446
   53  1285
   54   818
   55   352
   56  1189
   57   712
   58   246
   59  1077
   60   614
   61   156
   62   982
   63   517
   64    58
   65   884
   66   427
   67  1254
   68   788
   69   321
   70  1146
   71   683
   72   222
   73  1050
   74   592
   75   129
   76   955
   77   493
   78    29
   79   858
   80   388
   81  1218
   82   760
   83   291
   84  1121
   85   658
   86   201
   87  1020
   88   563
   89    91
   90   929
   91   461
   92  1291
   93   825
   94   354
   95  1191
   96   719
   97   267
   98  1091
   99   629
  100   157
  101   989
  102   533
  103    60
  104   891
  105   433
  106  1263
  107   799
  108   328
  109  1157
  110   692
  111   228
  112  1065
  113   604
  114   130
  115   969
  116   496
  117    32
  118   859
  119   396
  120  1226
  121   769
  122   299
  123  1129
  124   667
  125   208
  126  1032
  127   565
  128   107
  129   935
  130   460
  131     3
  132   834
  133   372
  134  1198
  135   740
  136   264
  137  1096
  138   634
  139   169
  140  1005
  141   539
  142    67
  143   899
  144   440
  145  1269
  146   801
  147   332
  148  1168
  149   708
  150   244
  151  1073
  152   602
  153   140
  154   965
  155   510
  156    40
  157   876
  158   411
  159  1233
  160   775
  161   301
  162  1141
  163   680
  164   212
  165  1040
  166   574
  167   108
  168   946
  169   477
  170    19
  171   842
  172   381
  173  1206
  174   743
  175   276
  176  1114
  177   642
  178   175
  179  1018
  180   548
  181    82
  182   918
  183   448
  184  1279
  185   811
  186   350
  187  1172
  188   714
  189   249
  190  1083
  191   619
  192   148
  193   981
  194   521
  195    52
  196   881
  197   419
  198  1248
  199   786
  200   316
  201  1152
  202   686
  203   220
  204  1053
  205   586
  206   116
  207   953
  208   481
  209    21
  210   845
  211   391
  212  1223
  213   753
  214   294
  215  1117
  216   652
  217   187
  218  1019
  219   558
  220    88
  221   920
  222   455
  223  1283
  224   822
  225   359
  226  1192
  227   726
  228   262
  229  1095
  230   622
  231   161
  232   994
  233   522
  234    55
  235   887
  236   425
  237  1260
  238   790
  239   330
  240  1154
  241   693
  242   234
  243  1060
  244   590
  245   139
  246   961
  247   501
  248    26
  249   862
  250   389
  251  1229
  252   767
  253   300
  254  1128
  255   668
  256   193
  257  1028
  258   571
  259   102
  260   924
  261   468
  262     0
  263   826
  264   362
  265  1201
  266   734
  267   266
  268  1092
  269   631
  270   168
  271   998
  272   534
  273    70
  274   905
  275   432
  276  1265
  277   796
  278   333
  279  1167
  280   704
  281   235
  282  1072
  283   607
  284   136
  285   964
  286   497
  287    42
  288   874
  289   399
  290  1230
  291   768
  292   304
  293  1143
  294   677
  295   205
  296  1037
  297   569
  298   104
  299   937
  300   472
  301    10
  302   843
  303   378
  304  1212
  305   735
  306   275
  307  1107
  308   648
  309   182
  310  1013
  311   544
  312    73
  313   908
  314   443
  315  1277
  316   807
  317   342
  318  1176
  319   706
  320   240
  321  1076
  322   613
  323   144
  324   979
  325   519
  326    48
  327   877
  328   409
  329  1240
  330   779
  331   315
  332  1145
  333   679
  334   214
  335  1043
  336   587
  337   122
  338   945
  339   489
  340    17
  341   847
  342   387
  343  1210
  344   746
  345   279
  346  1116
  347   653
  348   189
  349  1014
  350   550
  351    87
  352   915
  353   457
  354  1278
  355   815
  356   351
  357  1181
  358   713
  359   254
  360  1081
  361   617
  362   159
  363   986
  364   528
  365    51
  366   893
  367   417
  368  1250
  369   783
  370   322
  371  1156
  372   687
  373   218
  374  1056
  375   596
  376   126
  377   956
  378   488
  379    27
  380   852
  381   395
  382  1221
  383   756
  384   289
  385  1130
  386   666
  387   194
  388  1021
  389   556
  390    89
  391   922
  392   463
  393  1287
  394   821
  395   361
  396  1190
  397   729
  398   261
  399  1099
  400   623
  401   167
  402  1000
  403   531
  404    66
  405   900
  406   435
  407  1266
  408   793
  409   334
  410  1165
  411   695
  412   233
  413  1062
  414   595
  415   133
  416   968
  417   495
  418    35
  419   870
  420   406
  421  1227
  422   762
  423   307
  424  1132
  425   665
  426   200
  427  1041
  428   570
  429   100
  430   939
  431   467
  432     9
  433   832
  434   375
  435  1197
  436   732
  437   277
  438  1105
  439   638
  440   176
  441  1008
  442   535
  443    74
  444   910
  445   434
  446  1267
  447   803
  448   346
  449  1174
  450   707
  451   238
  452  1078
  453   606
  454   149
  455   977
  456   508
  457    50
  458   882
  459   412
  460  1243
  461   780
  462   314
  463  1136
  464   682
  465   211
  466  1036
  467   577
  468   111
  469   947
  470   484
  471     7
  472   846
  473   383
  474  1204
  475   745
  476   281
  477  1112
  478   654
  479   178
  480  1010
  481   543
  482    81
  483   909
  484   442
  485  1286
  486   817
  487   348
  488  1183
  489   720
  490   250
  491  1085
  492   616
  493   153
  494   983
  495   516
  496    49
  497   879
  498   420
  499  1255
  500   791
  501   326
  502  1144
  503   684
  504   221
  505  1057
  506   589
  507   123
  508   959
  509   485
  510    20
  511   856
  512   392
  513  1217
  514   755
  515   287
  516  1115
  517   659
  518   190
  519  1023
  520   560
  521    92
  522   927
  523   456
  524  1289
  525   820
  526   357
  527  1196
  528   725
  529   263
  530  1093
  531   628
  532   163
  533   987
  534   527
  535    62
  536   897
  537   424
  538  1261
  539   800
  540   325
  541  1163
  542   700
  543   237
  544  1066
  545   597
  546   137
  547   967
  548   499
  549    31
  550   865
  551   394
  552  1232
  553   758
  554   295
  555  1131
  556   664
  557   195
  558  1031
  559   572
  560   101
  561   932
  562   464
  563     6
  564   837
  565   369
  566  1199
  567   738
  568   273
  569  1104
  570   640
  571   170
  572   997
  573   532
  574    65
  575   901
  576   439
  577  1264
  578   798
  579   341
  580  1169
  581   699
  582   236
  583  1071
  584   603
  585   138
  586   973
  587   506
  588    37
  589   867
  590   404
  591  1236
  592   773
  593   303
  594  1140
  595   671
  596   210
  597  1035
  598   579
  599   114
  600   938
  601   474
  602     4
  603   841
  604   376
  605  1202
  606   741
  607   280
  608  1106
  609   645
  610   172
  611  1004
  612   547
  613    76
  614   914
  615   441
  616  1281
  617   814
  618   343
  619  1182
  620   715
  621   248
  622  1074
  623   615
  624   143
  625   985
  626   513
  627    56
  628   878
  629   421
  630  1247
  631   778
  632   313
  633  1148
  634   688
  635   227
  636  1045
  637   583
  638   118
  639   952
  640   490
  641    16
  642   855
  643   379
  644  1213
  645   757
  646   290
  647  1120
  648   651
  649   183
  650  1016
  651   555
  652    90
  653   913
  654   458
  655  1280
  656   823
  657   358
  658  1184
  659   721
  660   258
  661  1086
  662   626
  663   164
  664   993
  665   524
  666    54
  667   894
  668   422
  669  1256
  670   792
  671   319
  672  1160
  673   691
  674   224
  675  1059
  676   599
  677   131
  678   954
  679   492
  680    33
  681   864
  682   402
  683  1231
  684   766
  685   297
  686  1123
  687   660
  688   196
  689  1034
  690   557
  691    99
  692   926
  693   466
  694  1293
  695   835
  696   370
  697  1194
  698   727
  699   270
  700  1090
  701   632
  702   166
  703   992
  704   530
  705    64
  706   892
  707   436
  708  1268
  709   794
  710   335
  711  1166
  712   701
  713   232
  714  1067
  715   598
  716   142
  717   970
  718   509
  719    43
  720   872
  721   405
  722  1242
  723   776
  724   308
  725  1134
  726   669
  727   204
  728  1038
  729   568
  730   112
  731   933
  732   478
  733    13
  734   833
  735   368
  736  1209
  737   736
  738   274
  739  1101
  740   643
  741   179
  742  1001
  743   537
  744    78
  745   907
  746   445
  747  1276
  748   813
  749   340
  750  1171
  751   710
  752   245
  753  1082
  754   611
  755   145
  756   978
  757   511
  758    45
  759   873
  760   413
  761  1245
  762   785
  763   312
  764  1147
  765   676
  766   209
  767  1052
  768   581
  769   115
  770   949
  771   479
  772    15
  773   848
  774   386
  775  1219
  776   754
  777   286
  778  1118
  779   644
  780   181
  781  1012
  782   551
  783    86
  784   921
  785   452
  786  1288
  787   819
  788   356
  789  1185
  790   724
  791   255
  792  1080
  793   624
  794   154
  795   980
  796   515
  797    57
  798   885
  799   429
  800  1251
  801   782
  802   331
  803  1153
  804   694
  805   223
  806  1049
  807   584
  808   124
  809   957
  810   487
  811    22
  812   861
  813   390
  814  1224
  815   761
  816   293
  817  1126
  818   655
  819   192
  820  1027
  821   554
  822    98
  823   928
  824   454
  825  1290
  826   831
  827   363
  828  1188
  829   722
  830   257
  831  1097
  832   625
  833   160
  834   991
  835   529
  836    68
  837   898
  838   431
  839  1262
  840   802
  841   339
  842  1159
  843   698
  844   231
  845  1063
  846   594
  847   127
  848   962
  849   503
  850    36
  851   863
  852   397
  853  1238
  854   763
  855   305
  856  1127
  857   661
  858   207
  859  1030
  860   573
  861   106
  862   936
  863   469
  864     8
  865   840
  866   371
  867  1205
  868   733
  869   269
  870  1098
  871   637
  872   177
  873  1007
  874   541
  875    71
  876   906
  877   437
  878  1272
  879   806
  880   344
  881  1175
  882   705
  883   243
  884  1075
  885   610
  886   141
  887   971
  888   512
  889    47
  890   868
  891   410
  892  1234
  893   777
  894   309
  895  1137
  896   673
  897   213
  898  1048
  899   578
  900   110
  901   942
  902   480
  903    18
  904   849
  905   374
  906  1208
  907   742
  908   282
  909  1111
  910   647
  911   186
  912  1017
  913   545
  914    85
  915   912
  916   453
  917  1273
  918   816
  919   353
  920  1179
  921   717
  922   252
  923  1088
  924   621
  925   152
  926   984
  927   514
  928    59
  929   890
  930   416
  931  1244
  932   784
  933   317
  934  1155
  935   685
  936   219
  937  1051
  938   585
  939   120
  940   948
  941   491
  942    23
  943   853
  944   393
  945  1215
  946   750
  947   285
  948  1124
  949   663
  950   197
  951  1026
  952   559
  953    94
  954   925
  955   462
  956  1284
  957   827
  958   360
  959  1186
  960   728
  961   260
  962  1094
  963   627
  964   158
  965   996
  966   523
  967    63
  968   889
  969   428
  970  1259
  971   789
  972   324
  973  1158
  974   697
  975   230
  976  1055
  977   601
  978   125
  979   963
  980   500
  981    30
  982   860
  983   403
  984  1228
  985   759
  986   298
  987  1135
  988   662
  989   198
  990  1029
  991   566
  992    96
  993   923
  994   470
  995  1295
  996   828
  997   367
  998  1200
  999   737
 1000   265
 1001  1100
 1002   635
 1003   174
 1004  1002
 1005   536
 1006    75
 1007   902
 1008   438
 1009  1271
 1010   805
 1011   338
 1012  1170
 1013   703
 1014   239
 1015  1068
 1016   605
 1017   135
 1018   966
 1019   502
 1020    44
 1021   869
 1022   408
 1023  1241
 1024   771
 1025   306
 1026  1138
 1027   681
 1028   206
 1029  1044
 1030   580
 1031   103
 1032   940
 1033   473
 1034     5
 1035   838
 1036   382
 1037  1214
 1038   747
 1039   283
 1040  1110
 1041   636
 1042   184
 1043  1006
 1044   546
 1045    83
 1046   911
 1047   451
 1048  1270
 1049   809
 1050   345
 1051  1180
 1052   716
 1053   247
 1054  1084
 1055   612
 1056   151
 1057   975
 1058   518
 1059    46
 1060   875
 1061   407
 1062  1246
 1063   787
 1064   320
 1065  1142
 1066   675
 1067   216
 1068  1046
 1069   582
 1070   119
 1071   951
 1072   482
 1073    25
 1074   851
 1075   380
 1076  1220
 1077   749
 1078   288
 1079  1122
 1080   650
 1081   188
 1082  1024
 1083   549
 1084    93
 1085   919
 1086   449
 1087  1292
 1088   824
 1089   355
 1090  1193
 1091   718
 1092   253
 1093  1087
 1094   620
 1095   155
 1096   990
 1097   525
 1098    53
 1099   888
 1100   418
 1101  1252
 1102   795
 1103   327
 1104  1162
 1105   690
 1106   225
 1107  1058
 1108   591
 1109   128
 1110   950
 1111   494
 1112    24
 1113   854
 1114   398
 1115  1222
 1116   764
 1117   292
 1118  1119
 1119   657
 1120   199
 1121  1025
 1122   561
 1123    97
 1124   930
 1125   465
 1126     2
 1127   830
 1128   366
 1129  1195
 1130   731
 1131   259
 1132  1102
 1133   633
 1134   165
 1135   999
 1136   538
 1137    72
 1138   895
 1139   430
 1140  1258
 1141   804
 1142   337
 1143  1164
 1144   696
 1145   241
 1146  1061
 1147   600
 1148   132
 1149   972
 1150   507
 1151    34
 1152   871
 1153   400
 1154  1237
 1155   770
 1156   311
 1157  1139
 1158   672
 1159   202
 1160  1042
 1161   567
 1162   105
 1163   943
 1164   475
 1165     1
 1166   836
 1167   373
 1168  1207
 1169   739
 1170   272
 1171  1108
 1172   639
 1173   171
 1174  1003
 1175   542
 1176    80
 1177   904
 1178   447
 1179  1275
 1180   808
 1181   347
 1182  1178
 1183   711
 1184   251
 1185  1070
 1186   609
 1187   146
 1188   976
 1189   505
 1190    41
 1191   883
 1192   415
 1193  1239
 1194   774
 1195   310
 1196  1150
 1197   674
 1198   215
 1199  1047
 1200   576
 1201   117
 1202   944
 1203   483
 1204    12
 1205   850
 1206   385
 1207  1211
 1208   751
 1209   284
 1210  1109
 1211   649
 1212   185
 1213  1011
 1214   552
 1215    84
 1216   916
 1217   450
 1218  1282
 1219   810
 1220   349
 1221  1177
 1222   723
 1223   256
 1224  1079
 1225   618
 1226   150
 1227   988
 1228   520
 1229    61
 1230   886
 1231   426
 1232  1253
 1233   781
 1234   323
 1235  1151
 1236   689
 1237   226
 1238  1054
 1239   588
 1240   121
 1241   958
 1242   486
 1243    28
 1244   857
 1245   384
 1246  1225
 1247   752
 1248   296
 1249  1125
 1250   656
 1251   191
 1252  1022
 1253   562
 1254    95
 1255   931
 1256   459
 1257  1294
 1258   829
 1259   364
 1260  1187
 1261   730
 1262   268
 1263  1089
 1264   630
 1265   162
 1266   995
 1267   526
 1268    69
 1269   896
 1270   423
 1271  1257
 1272   797
 1273   329
 1274  1161
 1275   702
 1276   229
 1277  1064
 1278   593
 1279   134
 1280   960
 1281   498
 1282    38
 1283   866
 1284   401
 1285  1235
 1286   765
 1287   302
 1288  1133
 1289   670
 1290   203
 1291  1033
 1292   564
 1293   109
 1294   934
 1295   471
 1296  1296
 1297  1297
 1298  1298
 1299  1299
