R80T05QL11
Turbo Code Interleaving
User data with 4 flush bits = 500
NOTE: S-bit is the bit index after interleaving. Data-bit is the index of user data
S-bit Data-bit
    0     5
    1   321
    2   141
    3   461
    4   285
    5   104
    6   422
    7   245
    8    66
    9   385
   10   207
   11    31
   12   345
   13   171
   14   487
   15   311
   16   130
   17   449
   18   272
   19    93
   20   408
   21   233
   22    55
   23   372
   24   193
   25    15
   26   336
   27   159
   28   478
   29   296
   30   122
   31   440
   32   258
   33    83
   34   398
   35   221
   36    44
   37   360
   38   182
   39     6
   40   324
   41   144
   42   466
   43   288
   44   108
   45   426
   46   247
   47    70
   48   389
   49   212
   50    30
   51   351
   52   172
   53   492
   54   314
   55   136
   56   454
   57   273
   58    95
   59   412
   60   235
   61    59
   62   376
   63   197
   64    23
   65   339
   66   163
   67   480
   68   302
   69   123
   70   439
   71   262
   72    86
   73   402
   74   226
   75    48
   76   365
   77   188
   78    12
   79   329
   80   149
   81   467
   82   291
   83   112
   84   430
   85   252
   86    77
   87   392
   88   215
   89    37
   90   356
   91   177
   92   495
   93   317
   94   137
   95   456
   96   276
   97   103
   98   417
   99   241
  100    60
  101   379
  102   203
  103    24
  104   341
  105   165
  106   482
  107   306
  108   125
  109   444
  110   265
  111    87
  112   407
  113   230
  114    49
  115   371
  116   190
  117    13
  118   330
  119   153
  120   470
  121   295
  122   114
  123   432
  124   255
  125    79
  126   395
  127   216
  128    41
  129   357
  130   176
  131     1
  132   320
  133   142
  134   459
  135   283
  136   101
  137   420
  138   243
  139    65
  140   383
  141   206
  142    26
  143   343
  144   168
  145   486
  146   307
  147   127
  148   447
  149   271
  150    94
  151   410
  152   229
  153    53
  154   369
  155   195
  156    16
  157   334
  158   157
  159   474
  160   297
  161   116
  162   436
  163   260
  164    81
  165   399
  166   220
  167    42
  168   362
  169   183
  170     8
  171   322
  172   146
  173   463
  174   284
  175   106
  176   427
  177   246
  178    67
  179   390
  180   210
  181    33
  182   352
  183   173
  184   490
  185   310
  186   134
  187   448
  188   275
  189    96
  190   415
  191   238
  192    56
  193   375
  194   199
  195    21
  196   337
  197   161
  198   477
  199   301
  200   121
  201   441
  202   263
  203    85
  204   403
  205   223
  206    45
  207   364
  208   184
  209     9
  210   325
  211   151
  212   469
  213   289
  214   113
  215   429
  216   249
  217    72
  218   391
  219   214
  220    35
  221   353
  222   174
  223   491
  224   316
  225   138
  226   457
  227   278
  228   100
  229   419
  230   239
  231    62
  232   380
  233   200
  234    22
  235   340
  236   162
  237   481
  238   303
  239   126
  240   442
  241   266
  242    89
  243   405
  244   225
  245    52
  246   367
  247   192
  248    10
  249   331
  250   150
  251   472
  252   293
  253   115
  254   431
  255   256
  256    74
  257   394
  258   219
  259    39
  260   355
  261   180
  262     0
  263   318
  264   140
  265   460
  266   281
  267   102
  268   418
  269   242
  270    64
  271   381
  272   204
  273    27
  274   346
  275   164
  276   483
  277   305
  278   128
  279   446
  280   268
  281    90
  282   409
  283   232
  284    51
  285   368
  286   191
  287    17
  288   333
  289   154
  290   473
  291   294
  292   117
  293   437
  294   257
  295    78
  296   397
  297   217
  298    40
  299   358
  300   181
  301     4
  302   323
  303   145
  304   465
  305   282
  306   105
  307   424
  308   248
  309    71
  310   387
  311   209
  312    28
  313   347
  314   170
  315   488
  316   309
  317   131
  318   451
  319   269
  320    92
  321   411
  322   234
  323    54
  324   374
  325   198
  326    18
  327   335
  328   156
  329   475
  330   298
  331   120
  332   438
  333   259
  334    82
  335   401
  336   224
  337    46
  338   361
  339   187
  340     7
  341   327
  342   148
  343   464
  344   287
  345   109
  346   428
  347   250
  348    73
  349   388
  350   211
  351    34
  352   350
  353   175
  354   489
  355   312
  356   135
  357   452
  358   274
  359    98
  360   414
  361   237
  362    61
  363   378
  364   201
  365    20
  366   342
  367   160
  368   479
  369   300
  370   124
  371   443
  372   264
  373    84
  374   404
  375   228
  376    47
  377   366
  378   186
  379    11
  380   328
  381   152
  382   468
  383   290
  384   111
  385   433
  386   254
  387    75
  388   393
  389   213
  390    36
  391   354
  392   178
  393   494
  394   315
  395   139
  396   455
  397   279
  398    99
  399   421
  400   240
  401    63
  402   382
  403   202
  404    25
  405   344
  406   167
  407   484
  408   304
  409   129
  410   445
  411   267
  412    88
  413   406
  414   227
  415    50
  416   370
  417   189
  418    14
  419   332
  420   155
  421   471
  422   292
  423   118
  424   434
  425   253
  426    76
  427   400
  428   218
  429    38
  430   359
  431   179
  432     3
  433   319
  434   143
  435   458
  436   280
  437   107
  438   423
  439   244
  440    68
  441   384
  442   205
  443    29
  444   349
  445   166
  446   485
  447   308
  448   132
  449   450
  450   270
  451    91
  452   413
  453   231
  454    57
  455   373
  456   194
  457    19
  458   338
  459   158
  460   476
  461   299
  462   119
  463   435
  464   261
  465    80
  466   396
  467   222
  468    43
  469   363
  470   185
  471     2
  472   326
  473   147
  474   462
  475   286
  476   110
  477   425
  478   251
  479    69
  480   386
  481   208
  482    32
  483   348
  484   169
  485   493
  486   313
  487   133
  488   453
  489   277
  490    97
  491   416
  492   236
  493    58
  494   377
  495   196
  496   496
  497   497
  498   498
  499   499
