R80T1QL3
Turbo Code Interleaving
User data with 4 flush bits = 2580
NOTE: S-bit is the bit index after interleaving. Data-bit is the index of user data
S-bit Data-bit
    0    26
    1  1674
    2   730
    3  2393
    4  1482
    5   541
    6  2194
    7  1278
    8   344
    9  2007
   10  1075
   11   159
   12  1796
   13   885
   14  2536
   15  1616
   16   668
   17  2335
   18  1413
   19   483
   20  2128
   21  1212
   22   295
   23  1935
   24  1002
   25    79
   26  1751
   27   827
   28  2482
   29  1538
   30   633
   31  2281
   32  1348
   33   434
   34  2065
   35  1145
   36   225
   37  1872
   38   947
   39    30
   40  1682
   41   753
   42  2420
   43  1488
   44   554
   45  2216
   46  1286
   47   359
   48  2015
   49  1100
   50   156
   51  1825
   52   887
   53  2555
   54  1631
   55   704
   56  2367
   57  1417
   58   495
   59  2144
   60  1223
   61   311
   62  1951
   63  1030
   64   116
   65  1759
   66   851
   67  2493
   68  1568
   69   639
   70  2278
   71  1359
   72   441
   73  2088
   74  1181
   75   258
   76  1902
   77   982
   78    58
   79  1708
   80   774
   81  2423
   82  1512
   83   580
   84  2230
   85  1311
   86   400
   87  2026
   88  1123
   89   185
   90  1846
   91   917
   92  2566
   93  1645
   94   710
   95  2371
   96  1433
   97   532
   98  2170
   99  1250
  100   313
  101  1970
  102  1060
  103   123
  104  1773
  105   862
  106  2512
  107  1588
  108   652
  109  2298
  110  1378
  111   455
  112  2117
  113  1199
  114   262
  115  1926
  116   988
  117    65
  118  1709
  119   790
  120  2438
  121  1534
  122   597
  123  2245
  124  1326
  125   411
  126  2052
  127  1127
  128   212
  129  1861
  130   916
  131     4
  132  1662
  133   743
  134  2381
  135  1469
  136   527
  137  2178
  138  1258
  139   339
  140  1996
  141  1074
  142   132
  143  1785
  144   876
  145  2524
  146  1593
  147   663
  148  2327
  149  1412
  150   485
  151  2134
  152  1196
  153   278
  154  1918
  155  1015
  156    80
  157  1745
  158   824
  159  2452
  160  1543
  161   601
  162  2270
  163  1350
  164   423
  165  2066
  166  1143
  167   214
  168  1880
  169   948
  170    38
  171  1677
  172   759
  173  2401
  174  1480
  175   551
  176  2218
  177  1281
  178   346
  179  2022
  180  1090
  181   165
  182  1826
  183   894
  184  2545
  185  1613
  186   698
  187  2332
  188  1419
  189   500
  190  2154
  191  1232
  192   296
  193  1950
  194  1036
  195   103
  196  1752
  197   836
  198  2481
  199  1563
  200   627
  201  2290
  202  1363
  203   439
  204  2093
  205  1167
  206   229
  207  1897
  208   961
  209    41
  210  1685
  211   777
  212  2431
  213  1499
  214   584
  215  2224
  216  1298
  217   376
  218  2025
  219  1112
  220   179
  221  1831
  222   906
  223  2550
  224  1636
  225   717
  226  2372
  227  1446
  228   524
  229  2176
  230  1238
  231   320
  232  1981
  233  1038
  234   112
  235  1766
  236   848
  237  2506
  238  1574
  239   656
  240  2293
  241  1380
  242   467
  243  2108
  244  1175
  245   277
  246  1913
  247   996
  248    52
  249  1714
  250   775
  251  2446
  252  1524
  253   600
  254  2243
  255  1327
  256   387
  257  2045
  258  1135
  259   204
  260  1841
  261   929
  262     1
  263  1646
  264   722
  265  2390
  266  1459
  267   530
  268  2171
  269  1252
  270   335
  271  1986
  272  1061
  273   140
  274  1800
  275   861
  276  2517
  277  1583
  278   665
  279  2321
  280  1408
  281   468
  282  2133
  283  1209
  284   274
  285  1917
  286   989
  287    83
  288  1741
  289   796
  290  2449
  291  1531
  292   606
  293  2273
  294  1347
  295   407
  296  2063
  297  1133
  298   207
  299  1865
  300   939
  301    24
  302  1680
  303   754
  304  2411
  305  1461
  306   548
  307  2201
  308  1289
  309   364
  310  2013
  311  1083
  312   148
  313  1804
  314   884
  315  2543
  316  1606
  317   682
  318  2340
  319  1410
  320   479
  321  2140
  322  1222
  323   286
  324  1947
  325  1032
  326    95
  327  1746
  328   817
  329  2466
  330  1552
  331   624
  332  2277
  333  1349
  334   426
  335  2073
  336  1168
  337   246
  338  1879
  339   976
  340    36
  341  1688
  342   771
  343  2408
  344  1486
  345   555
  346  2221
  347  1300
  348   379
  349  2014
  350  1094
  351   178
  352  1822
  353   912
  354  2544
  355  1627
  356   702
  357  2350
  358  1418
  359   508
  360  2151
  361  1229
  362   316
  363  1958
  364  1051
  365   102
  366  1775
  367   831
  368  2485
  369  1559
  370   640
  371  2297
  372  1366
  373   435
  374  2097
  375  1187
  376   252
  377  1904
  378   973
  379    54
  380  1697
  381   789
  382  2428
  383  1506
  384   576
  385  2246
  386  1324
  387   389
  388  2028
  389  1107
  390   181
  391  1838
  392   921
  393  2558
  394  1634
  395   721
  396  2368
  397  1451
  398   522
  399  2187
  400  1240
  401   334
  402  1990
  403  1057
  404   131
  405  1787
  406   869
  407  2519
  408  1579
  409   666
  410  2318
  411  1382
  412   463
  413  2112
  414  1186
  415   269
  416  1924
  417   986
  418    69
  419  1727
  420   807
  421  2441
  422  1515
  423   610
  424  2253
  425  1323
  426   398
  427  2067
  428  1134
  429   202
  430  1867
  431   928
  432    23
  433  1657
  434   747
  435  2380
  436  1456
  437   553
  438  2199
  439  1272
  440   347
  441  2005
  442  1064
  443   149
  444  1810
  445   864
  446  2521
  447  1600
  448   690
  449  2338
  450  1411
  451   474
  452  2147
  453  1202
  454   302
  455  1944
  456  1011
  457   100
  458  1753
  459   825
  460  2469
  461  1554
  462   623
  463  2259
  464  1356
  465   419
  466  2061
  467  1147
  468   222
  469  1882
  470   966
  471    21
  472  1686
  473   761
  474  2398
  475  1484
  476   557
  477  2214
  478  1301
  479   352
  480  2008
  481  1080
  482   162
  483  1808
  484   882
  485  2556
  486  1630
  487   693
  488  2354
  489  1434
  490   501
  491  2157
  492  1228
  493   308
  494  1952
  495  1029
  496    97
  497  1750
  498   837
  499  2498
  500  1577
  501   650
  502  2275
  503  1361
  504   440
  505  2098
  506  1171
  507   248
  508  1907
  509   968
  510    40
  511  1705
  512   778
  513  2422
  514  1502
  515   574
  516  2220
  517  1315
  518   381
  519  2033
  520  1118
  521   186
  522  1844
  523   907
  524  2561
  525  1633
  526   715
  527  2377
  528  1445
  529   525
  530  2172
  531  1249
  532   323
  533  1965
  534  1050
  535   125
  536  1783
  537   843
  538  2508
  539  1590
  540   649
  541  2311
  542  1393
  543   470
  544  2122
  545  1188
  546   275
  547  1920
  548   991
  549    64
  550  1720
  551   781
  552  2451
  553  1508
  554   587
  555  2250
  556  1321
  557   390
  558  2050
  559  1139
  560   203
  561  1854
  562   924
  563    14
  564  1670
  565   738
  566  2383
  567  1466
  568   543
  569  2197
  570  1276
  571   341
  572  1984
  573  1058
  574   129
  575  1788
  576   875
  577  2513
  578  1586
  579   681
  580  2328
  581  1392
  582   469
  583  2131
  584  1198
  585   276
  586  1931
  587  1008
  588    75
  589  1724
  590   805
  591  2460
  592  1540
  593   605
  594  2269
  595  1333
  596   417
  597  2058
  598  1149
  599   226
  600  1866
  601   943
  602     8
  603  1676
  604   748
  605  2392
  606  1470
  607   556
  608  2200
  609  1285
  610   343
  611  1994
  612  1088
  613   152
  614  1819
  615   881
  616  2548
  617  1622
  618   685
  619  2352
  620  1422
  621   499
  622  2136
  623  1225
  624   284
  625  1955
  626  1022
  627   113
  628  1748
  629   839
  630  2479
  631  1546
  632   622
  633  2280
  634  1370
  635   450
  636  2076
  637  1161
  638   231
  639  1895
  640   977
  641    34
  642  1704
  643   756
  644  2412
  645  1507
  646   579
  647  2227
  648  1297
  649   365
  650  2018
  651  1104
  652   182
  653  1818
  654   913
  655  2547
  656  1637
  657   716
  658  2356
  659  1436
  660   517
  661  2160
  662  1247
  663   329
  664  1976
  665  1041
  666   111
  667  1778
  668   841
  669  2499
  670  1578
  671   637
  672  2302
  673  1376
  674   443
  675  2107
  676  1190
  677   263
  678  1901
  679   981
  680    66
  681  1719
  682   800
  683  2450
  684  1522
  685   590
  686  2236
  687  1316
  688   391
  689  2056
  690  1111
  691   201
  692  1843
  693   926
  694  2568
  695  1663
  696   739
  697  2374
  698  1448
  699   536
  700  2169
  701  1255
  702   332
  703  1974
  704  1054
  705   128
  706  1774
  707   872
  708  2522
  709  1580
  710   667
  711  2319
  712  1394
  713   462
  714  2123
  715  1189
  716   281
  717  1927
  718  1013
  719    85
  720  1738
  721   806
  722  2468
  723  1544
  724   612
  725  2256
  726  1329
  727   405
  728  2064
  729  1131
  730   223
  731  1857
  732   954
  733    29
  734  1661
  735   737
  736  2406
  737  1464
  738   547
  739  2189
  740  1282
  741   355
  742  1991
  743  1069
  744   158
  745  1803
  746   886
  747  2541
  748  1619
  749   675
  750  2331
  751  1414
  752   488
  753  2152
  754  1217
  755   289
  756  1945
  757  1017
  758    90
  759  1739
  760   826
  761  2476
  762  1562
  763   621
  764  2279
  765  1346
  766   414
  767  2091
  768  1158
  769   227
  770  1889
  771   956
  772    32
  773  1690
  774   770
  775  2425
  776  1500
  777   573
  778  2225
  779  1284
  780   360
  781  2011
  782  1095
  783   177
  784  1832
  785   903
  786  2559
  787  1632
  788   714
  789  2362
  790  1444
  791   509
  792  2149
  793  1241
  794   309
  795  1949
  796  1028
  797   115
  798  1761
  799   854
  800  2486
  801  1557
  802   657
  803  2291
  804  1381
  805   442
  806  2086
  807  1162
  808   250
  809  1905
  810   971
  811    44
  812  1713
  813   776
  814  2432
  815  1513
  816   583
  817  2241
  818  1302
  819   386
  820  2040
  821  1101
  822   199
  823  1845
  824   905
  825  2565
  826  1656
  827   724
  828  2365
  829  1437
  830   516
  831  2181
  832  1245
  833   317
  834  1973
  835  1053
  836   134
  837  1784
  838   856
  839  2510
  840  1594
  841   673
  842  2300
  843  1389
  844   461
  845  2113
  846  1185
  847   254
  848  1915
  849  1001
  850    74
  851  1715
  852   791
  853  2462
  854  1518
  855   607
  856  2242
  857  1317
  858   409
  859  2049
  860  1140
  861   211
  862  1864
  863   930
  864    22
  865  1675
  866   740
  867  2400
  868  1458
  869   535
  870  2182
  871  1270
  872   348
  873  2003
  874  1076
  875   143
  876  1802
  877   873
  878  2528
  879  1605
  880   688
  881  2339
  882  1409
  883   484
  884  2137
  885  1216
  886   280
  887  1929
  888  1019
  889    94
  890  1725
  891   823
  892  2457
  893  1545
  894   615
  895  2265
  896  1339
  897   424
  898  2085
  899  1148
  900   221
  901  1873
  902   958
  903    37
  904  1691
  905   746
  906  2404
  907  1479
  908   558
  909  2213
  910  1287
  911   372
  912  2020
  913  1085
  914   175
  915  1816
  916   904
  917  2530
  918  1628
  919   705
  920  2347
  921  1425
  922   504
  923  2164
  924  1236
  925   305
  926  1954
  927  1027
  928   118
  929  1770
  930   830
  931  2474
  932  1561
  933   632
  934  2295
  935  1362
  936   438
  937  2089
  938  1165
  939   241
  940  1885
  941   980
  942    48
  943  1702
  944   780
  945  2419
  946  1493
  947   568
  948  2237
  949  1319
  950   392
  951  2038
  952  1116
  953   189
  954  1842
  955   919
  956  2551
  957  1651
  958   719
  959  2363
  960  1449
  961   521
  962  2175
  963  1248
  964   314
  965  1983
  966  1039
  967   127
  968  1769
  969   852
  970  2505
  971  1569
  972   648
  973  2299
  974  1388
  975   460
  976  2095
  977  1194
  978   251
  979  1916
  980   993
  981    63
  982  1710
  983   801
  984  2443
  985  1511
  986   594
  987  2257
  988  1318
  989   393
  990  2048
  991  1128
  992   196
  993  1839
  994   931
  995  2575
  996  1652
  997   735
  998  2384
  999  1465
 1000   528
 1001  2188
 1002  1267
 1003   345
 1004  1992
 1005  1067
 1006   150
 1007  1789
 1008   874
 1009  2526
 1010  1604
 1011   670
 1012  2330
 1013  1404
 1014   477
 1015  2127
 1016  1201
 1017   272
 1018  1919
 1019  1000
 1020    86
 1021  1726
 1022   814
 1023  2467
 1024  1537
 1025   609
 1026  2266
 1027  1351
 1028   408
 1029  2075
 1030  1154
 1031   206
 1032  1871
 1033   941
 1034     9
 1035  1673
 1036   760
 1037  2414
 1038  1487
 1039   561
 1040  2212
 1041  1269
 1042   369
 1043  1997
 1044  1087
 1045   166
 1046  1814
 1047   899
 1048  2525
 1049  1609
 1050   689
 1051  2349
 1052  1423
 1053   497
 1054  2155
 1055  1219
 1056   304
 1057  1936
 1058  1031
 1059    91
 1060  1744
 1061   813
 1062  2478
 1063  1564
 1064   638
 1065  2272
 1066  1344
 1067   430
 1068  2083
 1069  1159
 1070   232
 1071  1894
 1072   962
 1073    50
 1074  1695
 1075   758
 1076  2427
 1077  1492
 1078   575
 1079  2231
 1080  1295
 1081   377
 1082  2035
 1083  1092
 1084   187
 1085  1828
 1086   896
 1087  2567
 1088  1638
 1089   713
 1090  2373
 1091  1427
 1092   505
 1093  2163
 1094  1234
 1095   310
 1096  1971
 1097  1043
 1098   110
 1099  1767
 1100   832
 1101  2487
 1102  1581
 1103   651
 1104  2308
 1105  1374
 1106   445
 1107  2105
 1108  1177
 1109   257
 1110  1893
 1111   983
 1112    49
 1113  1703
 1114   794
 1115  2429
 1116  1520
 1117   581
 1118  2226
 1119  1309
 1120   396
 1121  2037
 1122  1120
 1123   197
 1124  1847
 1125   925
 1126     3
 1127  1655
 1128   731
 1129  2376
 1130  1455
 1131   518
 1132  2192
 1133  1257
 1134   330
 1135  1987
 1136  1070
 1137   144
 1138  1779
 1139   855
 1140  2503
 1141  1601
 1142   669
 1143  2316
 1144  1384
 1145   480
 1146  2109
 1147  1193
 1148   264
 1149  1930
 1150  1010
 1151    67
 1152  1736
 1153   797
 1154  2461
 1155  1536
 1156   618
 1157  2267
 1158  1335
 1159   402
 1160  2068
 1161  1129
 1162   208
 1163  1875
 1164   945
 1165     2
 1166  1669
 1167   744
 1168  2403
 1169  1468
 1170   542
 1171  2202
 1172  1273
 1173   342
 1174  1993
 1175  1078
 1176   161
 1177  1798
 1178   888
 1179  2539
 1180  1607
 1181   691
 1182  2346
 1183  1416
 1184   502
 1185  2130
 1186  1215
 1187   291
 1188  1942
 1189  1004
 1190    82
 1191  1755
 1192   829
 1193  2463
 1194  1542
 1195   617
 1196  2282
 1197  1343
 1198   427
 1199  2084
 1200  1146
 1201   230
 1202  1876
 1203   964
 1204    28
 1205  1692
 1206   769
 1207  2409
 1208  1495
 1209   564
 1210  2204
 1211  1293
 1212   370
 1213  2010
 1214  1098
 1215   174
 1216  1823
 1217   898
 1218  2549
 1219  1610
 1220   697
 1221  2342
 1222  1440
 1223   512
 1224  2148
 1225  1230
 1226   303
 1227  1966
 1228  1033
 1229   124
 1230  1765
 1231   849
 1232  2488
 1233  1556
 1234   641
 1235  2284
 1236  1373
 1237   447
 1238  2094
 1239  1170
 1240   245
 1241  1906
 1242   970
 1243    55
 1244  1706
 1245   765
 1246  2437
 1247  1498
 1248   588
 1249  2238
 1250  1305
 1251   385
 1252  2031
 1253  1121
 1254   190
 1255  1851
 1256   915
 1257  2574
 1258  1653
 1259   726
 1260  2364
 1261  1452
 1262   534
 1263  2168
 1264  1251
 1265   322
 1266  1982
 1267  1049
 1268   136
 1269  1782
 1270   842
 1271  2502
 1272  1585
 1273   654
 1274  2307
 1275  1396
 1276   458
 1277  2116
 1278  1182
 1279   270
 1280  1909
 1281   990
 1282    76
 1283  1723
 1284   799
 1285  2458
 1286  1521
 1287   604
 1288  2254
 1289  1332
 1290   403
 1291  2054
 1292  1126
 1293   219
 1294  1859
 1295   932
 1296    20
 1297  1659
 1298   734
 1299  2387
 1300  1467
 1301   549
 1302  2186
 1303  1265
 1304   351
 1305  2000
 1306  1065
 1307   137
 1308  1792
 1309   877
 1310  2516
 1311  1612
 1312   684
 1313  2320
 1314  1407
 1315   475
 1316  2132
 1317  1210
 1318   282
 1319  1937
 1320   998
 1321    92
 1322  1728
 1323   821
 1324  2470
 1325  1541
 1326   628
 1327  2271
 1328  1354
 1329   429
 1330  2082
 1331  1151
 1332   220
 1333  1883
 1334   951
 1335    27
 1336  1671
 1337   755
 1338  2415
 1339  1476
 1340   560
 1341  2211
 1342  1274
 1343   366
 1344  2012
 1345  1089
 1346   160
 1347  1820
 1348   900
 1349  2531
 1350  1626
 1351   694
 1352  2343
 1353  1415
 1354   506
 1355  2150
 1356  1221
 1357   299
 1358  1956
 1359  1026
 1360    98
 1361  1763
 1362   820
 1363  2480
 1364  1572
 1365   636
 1366  2292
 1367  1365
 1368   436
 1369  2079
 1370  1157
 1371   253
 1372  1891
 1373   960
 1374    53
 1375  1698
 1376   782
 1377  2417
 1378  1503
 1379   585
 1380  2223
 1381  1296
 1382   373
 1383  2021
 1384  1110
 1385   192
 1386  1840
 1387   908
 1388  2573
 1389  1640
 1390   723
 1391  2375
 1392  1429
 1393   519
 1394  2179
 1395  1246
 1396   324
 1397  1978
 1398  1056
 1399   130
 1400  1776
 1401   859
 1402  2501
 1403  1571
 1404   647
 1405  2312
 1406  1383
 1407   453
 1408  2100
 1409  1184
 1410   259
 1411  1912
 1412   994
 1413    62
 1414  1721
 1415   793
 1416  2436
 1417  1519
 1418   603
 1419  2240
 1420  1314
 1421   395
 1422  2046
 1423  1113
 1424   188
 1425  1858
 1426   935
 1427     7
 1428  1658
 1429   732
 1430  2385
 1431  1462
 1432   544
 1433  2183
 1434  1253
 1435   327
 1436  1980
 1437  1071
 1438   146
 1439  1791
 1440   870
 1441  2514
 1442  1599
 1443   661
 1444  2306
 1445  1390
 1446   481
 1447  2121
 1448  1204
 1449   268
 1450  1932
 1451   992
 1452    78
 1453  1731
 1454   802
 1455  2447
 1456  1533
 1457   611
 1458  2264
 1459  1334
 1460   404
 1461  2062
 1462  1136
 1463   218
 1464  1877
 1465   937
 1466    11
 1467  1668
 1468   749
 1469  2405
 1470  1478
 1471   566
 1472  2198
 1473  1277
 1474   362
 1475  2001
 1476  1086
 1477   154
 1478  1807
 1479   889
 1480  2529
 1481  1618
 1482   696
 1483  2345
 1484  1426
 1485   496
 1486  2138
 1487  1213
 1488   290
 1489  1938
 1490  1014
 1491    96
 1492  1742
 1493   815
 1494  2477
 1495  1547
 1496   634
 1497  2286
 1498  1353
 1499   444
 1500  2087
 1501  1156
 1502   235
 1503  1892
 1504   978
 1505    47
 1506  1683
 1507   763
 1508  2407
 1509  1497
 1510   570
 1511  2232
 1512  1294
 1513   367
 1514  2030
 1515  1109
 1516   163
 1517  1835
 1518   902
 1519  2563
 1520  1642
 1521   712
 1522  2358
 1523  1421
 1524   498
 1525  2165
 1526  1242
 1527   318
 1528  1967
 1529  1044
 1530   107
 1531  1754
 1532   853
 1533  2504
 1534  1560
 1535   659
 1536  2289
 1537  1369
 1538   446
 1539  2103
 1540  1191
 1541   249
 1542  1910
 1543   985
 1544    61
 1545  1711
 1546   792
 1547  2433
 1548  1517
 1549   591
 1550  2247
 1551  1322
 1552   401
 1553  2053
 1554  1132
 1555   193
 1556  1849
 1557   923
 1558  2570
 1559  1650
 1560   718
 1561  2378
 1562  1443
 1563   523
 1564  2185
 1565  1259
 1566   328
 1567  1975
 1568  1068
 1569   135
 1570  1786
 1571   863
 1572  2511
 1573  1598
 1574   672
 1575  2314
 1576  1395
 1577   473
 1578  2129
 1579  1195
 1580   279
 1581  1914
 1582  1003
 1583    68
 1584  1735
 1585   808
 1586  2454
 1587  1528
 1588   593
 1589  2251
 1590  1341
 1591   420
 1592  2071
 1593  1125
 1594   224
 1595  1868
 1596   934
 1597     6
 1598  1654
 1599   752
 1600  2397
 1601  1472
 1602   539
 1603  2190
 1604  1268
 1605   361
 1606  1999
 1607  1063
 1608   145
 1609  1794
 1610   890
 1611  2537
 1612  1595
 1613   686
 1614  2334
 1615  1398
 1616   482
 1617  2135
 1618  1211
 1619   294
 1620  1941
 1621  1018
 1622   104
 1623  1743
 1624   804
 1625  2472
 1626  1549
 1627   614
 1628  2283
 1629  1342
 1630   416
 1631  2078
 1632  1164
 1633   234
 1634  1881
 1635   946
 1636    25
 1637  1696
 1638   767
 1639  2426
 1640  1490
 1641   552
 1642  2209
 1643  1279
 1644   374
 1645  2027
 1646  1099
 1647   173
 1648  1811
 1649   891
 1650  2540
 1651  1615
 1652   707
 1653  2348
 1654  1431
 1655   515
 1656  2145
 1657  1218
 1658   293
 1659  1953
 1660  1037
 1661   109
 1662  1772
 1663   845
 1664  2490
 1665  1555
 1666   629
 1667  2303
 1668  1360
 1669   452
 1670  2102
 1671  1180
 1672   242
 1673  1911
 1674   969
 1675    45
 1676  1701
 1677   785
 1678  2439
 1679  1509
 1680   571
 1681  2234
 1682  1306
 1683   384
 1684  2041
 1685  1114
 1686   180
 1687  1827
 1688   927
 1689  2552
 1690  1649
 1691   729
 1692  2361
 1693  1438
 1694   526
 1695  2162
 1696  1256
 1697   337
 1698  1963
 1699  1045
 1700   138
 1701  1781
 1702   857
 1703  2497
 1704  1576
 1705   658
 1706  2326
 1707  1379
 1708   454
 1709  2119
 1710  1179
 1711   255
 1712  1900
 1713   984
 1714    77
 1715  1707
 1716   803
 1717  2453
 1718  1523
 1719   602
 1720  2244
 1721  1328
 1722   394
 1723  2057
 1724  1137
 1725   198
 1726  1856
 1727   933
 1728    17
 1729  1647
 1730   727
 1731  2379
 1732  1474
 1733   531
 1734  2196
 1735  1260
 1736   353
 1737  1998
 1738  1077
 1739   157
 1740  1806
 1741   878
 1742  2523
 1743  1597
 1744   678
 1745  2324
 1746  1405
 1747   486
 1748  2125
 1749  1197
 1750   285
 1751  1925
 1752  1007
 1753    89
 1754  1729
 1755   819
 1756  2459
 1757  1535
 1758   619
 1759  2274
 1760  1337
 1761   412
 1762  2077
 1763  1152
 1764   217
 1765  1874
 1766   944
 1767    12
 1768  1679
 1769   742
 1770  2394
 1771  1471
 1772   563
 1773  2210
 1774  1288
 1775   357
 1776  2002
 1777  1093
 1778   169
 1779  1805
 1780   897
 1781  2535
 1782  1625
 1783   683
 1784  2333
 1785  1430
 1786   487
 1787  2161
 1788  1226
 1789   292
 1790  1959
 1791  1025
 1792   119
 1793  1758
 1794   833
 1795  2484
 1796  1553
 1797   646
 1798  2288
 1799  1367
 1800   433
 1801  2090
 1802  1174
 1803   244
 1804  1896
 1805   974
 1806    35
 1807  1694
 1808   784
 1809  2416
 1810  1494
 1811   578
 1812  2217
 1813  1303
 1814   388
 1815  2029
 1816  1106
 1817   164
 1818  1837
 1819   895
 1820  2564
 1821  1629
 1822   699
 1823  2353
 1824  1441
 1825   513
 1826  2158
 1827  1244
 1828   315
 1829  1968
 1830  1047
 1831   114
 1832  1764
 1833   838
 1834  2496
 1835  1573
 1836   645
 1837  2301
 1838  1375
 1839   466
 1840  2106
 1841  1192
 1842   266
 1843  1908
 1844   975
 1845    59
 1846  1712
 1847   786
 1848  2444
 1849  1526
 1850   589
 1851  2249
 1852  1312
 1853   397
 1854  2042
 1855  1130
 1856   210
 1857  1848
 1858   940
 1859  2572
 1860  1641
 1861   728
 1862  2388
 1863  1460
 1864   529
 1865  2174
 1866  1271
 1867   336
 1868  1988
 1869  1055
 1870   142
 1871  1793
 1872   867
 1873  2527
 1874  1591
 1875   677
 1876  2315
 1877  1399
 1878   464
 1879  2115
 1880  1205
 1881   267
 1882  1922
 1883  1012
 1884    73
 1885  1740
 1886   811
 1887  2455
 1888  1530
 1889   613
 1890  2263
 1891  1352
 1892   422
 1893  2055
 1894  1138
 1895   228
 1896  1860
 1897   957
 1898    13
 1899  1666
 1900   736
 1901  2399
 1902  1463
 1903   545
 1904  2205
 1905  1283
 1906   358
 1907  2004
 1908  1084
 1909   167
 1910  1801
 1911   879
 1912  2533
 1913  1603
 1914   680
 1915  2341
 1916  1400
 1917   494
 1918  2156
 1919  1206
 1920   283
 1921  1943
 1922  1024
 1923   108
 1924  1737
 1925   818
 1926  2475
 1927  1565
 1928   625
 1929  2276
 1930  1355
 1931   425
 1932  2072
 1933  1150
 1934   237
 1935  1890
 1936   963
 1937    39
 1938  1700
 1939   768
 1940  2421
 1941  1481
 1942   567
 1943  2206
 1944  1292
 1945   378
 1946  2023
 1947  1097
 1948   170
 1949  1821
 1950   911
 1951  2560
 1952  1614
 1953   711
 1954  2344
 1955  1442
 1956   510
 1957  2167
 1958  1227
 1959   301
 1960  1964
 1961  1046
 1962   106
 1963  1768
 1964   846
 1965  2495
 1966  1566
 1967   644
 1968  2296
 1969  1364
 1970   448
 1971  2101
 1972  1178
 1973   243
 1974  1898
 1975   987
 1976    71
 1977  1716
 1978   787
 1979  2434
 1980  1516
 1981   582
 1982  2239
 1983  1313
 1984   375
 1985  2034
 1986  1108
 1987   191
 1988  1850
 1989   922
 1990     5
 1991  1643
 1992   708
 1993  2382
 1994  1454
 1995   533
 1996  2184
 1997  1262
 1998   325
 1999  1989
 2000  1059
 2001   126
 2002  1790
 2003   850
 2004  2520
 2005  1592
 2006   674
 2007  2310
 2008  1385
 2009   465
 2010  2118
 2011  1200
 2012   260
 2013  1923
 2014   999
 2015    70
 2016  1732
 2017   798
 2018  2445
 2019  1510
 2020   595
 2021  2261
 2022  1325
 2023   415
 2024  2047
 2025  1124
 2026   209
 2027  1863
 2028   950
 2029    10
 2030  1664
 2031   733
 2032  2391
 2033  1473
 2034   538
 2035  2203
 2036  1261
 2037   349
 2038  2009
 2039  1073
 2040   151
 2041  1815
 2042   866
 2043  2534
 2044  1608
 2045   679
 2046  2329
 2047  1401
 2048   493
 2049  2146
 2050  1208
 2051   297
 2052  1940
 2053  1006
 2054    93
 2055  1734
 2056   810
 2057  2456
 2058  1558
 2059   635
 2060  2258
 2061  1340
 2062   428
 2063  2070
 2064  1153
 2065   240
 2066  1870
 2067   952
 2068    18
 2069  1667
 2070   766
 2071  2410
 2072  1485
 2073   569
 2074  2215
 2075  1290
 2076   356
 2077  2024
 2078  1103
 2079   172
 2080  1824
 2081   883
 2082  2553
 2083  1621
 2084   692
 2085  2355
 2086  1428
 2087   490
 2088  2143
 2089  1231
 2090   312
 2091  1946
 2092  1042
 2093   122
 2094  1757
 2095   840
 2096  2492
 2097  1551
 2098   642
 2099  2294
 2100  1377
 2101   456
 2102  2092
 2103  1160
 2104   239
 2105  1884
 2106   967
 2107    57
 2108  1693
 2109   772
 2110  2418
 2111  1496
 2112   577
 2113  2228
 2114  1308
 2115   382
 2116  2032
 2117  1105
 2118   195
 2119  1829
 2120   910
 2121  2562
 2122  1644
 2123   700
 2124  2360
 2125  1453
 2126   520
 2127  2173
 2128  1235
 2129   319
 2130  1969
 2131  1040
 2132   117
 2133  1780
 2134   844
 2135  2518
 2136  1589
 2137   660
 2138  2304
 2139  1387
 2140   449
 2141  2120
 2142  1176
 2143   271
 2144  1921
 2145   997
 2146    60
 2147  1718
 2148   788
 2149  2448
 2150  1527
 2151   599
 2152  2255
 2153  1320
 2154   406
 2155  2059
 2156  1119
 2157   205
 2158  1852
 2159   936
 2160    15
 2161  1660
 2162   745
 2163  2396
 2164  1450
 2165   540
 2166  2177
 2167  1254
 2168   331
 2169  1995
 2170  1066
 2171   147
 2172  1799
 2173   880
 2174  2509
 2175  1602
 2176   676
 2177  2325
 2178  1403
 2179   476
 2180  2114
 2181  1214
 2182   288
 2183  1933
 2184  1016
 2185    84
 2186  1733
 2187   816
 2188  2471
 2189  1529
 2190   608
 2191  2252
 2192  1345
 2193   421
 2194  2074
 2195  1155
 2196   215
 2197  1862
 2198   938
 2199    33
 2200  1681
 2201   751
 2202  2402
 2203  1491
 2204   565
 2205  2208
 2206  1275
 2207   350
 2208  2017
 2209  1072
 2210   153
 2211  1813
 2212   892
 2213  2538
 2214  1624
 2215   695
 2216  2351
 2217  1420
 2218   489
 2219  2142
 2220  1233
 2221   287
 2222  1960
 2223  1023
 2224   101
 2225  1747
 2226   828
 2227  2489
 2228  1567
 2229   626
 2230  2285
 2231  1371
 2232   432
 2233  2080
 2234  1169
 2235   236
 2236  1899
 2237   955
 2238    43
 2239  1687
 2240   757
 2241  2413
 2242  1504
 2243   572
 2244  2233
 2245  1307
 2246   371
 2247  2036
 2248  1102
 2249   168
 2250  1836
 2251   909
 2252  2557
 2253  1620
 2254   706
 2255  2369
 2256  1447
 2257   507
 2258  2159
 2259  1243
 2260   326
 2261  1962
 2262  1034
 2263   121
 2264  1771
 2265   847
 2266  2491
 2267  1575
 2268   643
 2269  2313
 2270  1372
 2271   457
 2272  2111
 2273  1172
 2274   247
 2275  1903
 2276   979
 2277    56
 2278  1722
 2279   779
 2280  2440
 2281  1501
 2282   596
 2283  2229
 2284  1330
 2285   399
 2286  2039
 2287  1115
 2288   200
 2289  1833
 2290   914
 2291     0
 2292  1648
 2293   720
 2294  2370
 2295  1457
 2296   546
 2297  2195
 2298  1263
 2299   338
 2300  1972
 2301  1062
 2302   139
 2303  1795
 2304   865
 2305  2515
 2306  1584
 2307   664
 2308  2323
 2309  1386
 2310   472
 2311  2110
 2312  1207
 2313   265
 2314  1934
 2315  1005
 2316    81
 2317  1717
 2318   795
 2319  2464
 2320  1525
 2321   616
 2322  2262
 2323  1336
 2324   413
 2325  2069
 2326  1141
 2327   213
 2328  1869
 2329   953
 2330    16
 2331  1665
 2332   750
 2333  2389
 2334  1483
 2335   550
 2336  2193
 2337  1266
 2338   354
 2339  2006
 2340  1082
 2341   155
 2342  1817
 2343   871
 2344  2542
 2345  1611
 2346   687
 2347  2336
 2348  1402
 2349   491
 2350  2139
 2351  1224
 2352   300
 2353  1948
 2354  1009
 2355    87
 2356  1760
 2357   822
 2358  2473
 2359  1548
 2360   620
 2361  2268
 2362  1358
 2363   437
 2364  2081
 2365  1144
 2366   238
 2367  1888
 2368   949
 2369    31
 2370  1689
 2371   773
 2372  2430
 2373  1489
 2374   562
 2375  2207
 2376  1291
 2377   368
 2378  2016
 2379  1091
 2380   176
 2381  1830
 2382   893
 2383  2554
 2384  1617
 2385   709
 2386  2359
 2387  1432
 2388   503
 2389  2153
 2390  1237
 2391   307
 2392  1957
 2393  1048
 2394   105
 2395  1756
 2396   835
 2397  2483
 2398  1570
 2399   655
 2400  2305
 2401  1357
 2402   451
 2403  2099
 2404  1163
 2405   261
 2406  1887
 2407   972
 2408    51
 2409  1699
 2410   783
 2411  2435
 2412  1514
 2413   592
 2414  2235
 2415  1304
 2416   383
 2417  2044
 2418  1117
 2419   183
 2420  1853
 2421   918
 2422  2571
 2423  1635
 2424   725
 2425  2366
 2426  1435
 2427   514
 2428  2180
 2429  1264
 2430   321
 2431  1977
 2432  1052
 2433   141
 2434  1797
 2435   860
 2436  2500
 2437  1587
 2438   653
 2439  2309
 2440  1397
 2441   459
 2442  2104
 2443  1183
 2444   273
 2445  1928
 2446   995
 2447    72
 2448  1730
 2449   809
 2450  2442
 2451  1532
 2452   598
 2453  2248
 2454  1331
 2455   410
 2456  2051
 2457  1122
 2458   194
 2459  1855
 2460   942
 2461    19
 2462  1678
 2463   741
 2464  2386
 2465  1475
 2466   537
 2467  2191
 2468  1280
 2469   340
 2470  1985
 2471  1081
 2472   133
 2473  1809
 2474   868
 2475  2532
 2476  1596
 2477   671
 2478  2322
 2479  1406
 2480   478
 2481  2126
 2482  1203
 2483   298
 2484  1939
 2485  1020
 2486    88
 2487  1749
 2488   812
 2489  2465
 2490  1539
 2491   631
 2492  2260
 2493  1338
 2494   418
 2495  2060
 2496  1142
 2497   216
 2498  1878
 2499   959
 2500    42
 2501  1672
 2502   764
 2503  2395
 2504  1477
 2505   559
 2506  2219
 2507  1299
 2508   363
 2509  2019
 2510  1079
 2511   171
 2512  1812
 2513   901
 2514  2546
 2515  1623
 2516   701
 2517  2337
 2518  1424
 2519   492
 2520  2141
 2521  1220
 2522   306
 2523  1961
 2524  1021
 2525    99
 2526  1762
 2527   834
 2528  2494
 2529  1550
 2530   630
 2531  2287
 2532  1368
 2533   431
 2534  2096
 2535  1166
 2536   233
 2537  1886
 2538   965
 2539    46
 2540  1684
 2541   762
 2542  2424
 2543  1505
 2544   586
 2545  2222
 2546  1310
 2547   380
 2548  2043
 2549  1096
 2550   184
 2551  1834
 2552   920
 2553  2569
 2554  1639
 2555   703
 2556  2357
 2557  1439
 2558   511
 2559  2166
 2560  1239
 2561   333
 2562  1979
 2563  1035
 2564   120
 2565  1777
 2566   858
 2567  2507
 2568  1582
 2569   662
 2570  2317
 2571  1391
 2572   471
 2573  2124
 2574  1173
 2575   256
 2576  2576
 2577  2577
 2578  2578
 2579  2579
