R80T1QL13
Turbo Code Interleaving
User data with 4 flush bits = 580
NOTE: S-bit is the bit index after interleaving. Data-bit is the index of user data
S-bit Data-bit
    0     6
    1   373
    2   164
    3   536
    4   331
    5   121
    6   490
    7   285
    8    78
    9   448
   10   241
   11    37
   12   402
   13   199
   14   566
   15   361
   16   152
   17   522
   18   316
   19   109
   20   475
   21   271
   22    65
   23   433
   24   225
   25    18
   26   391
   27   185
   28   555
   29   344
   30   142
   31   512
   32   300
   33    97
   34   463
   35   257
   36    52
   37   419
   38   212
   39     7
   40   376
   41   168
   42   541
   43   334
   44   126
   45   495
   46   287
   47    82
   48   452
   49   246
   50    36
   51   408
   52   200
   53   571
   54   364
   55   158
   56   527
   57   317
   58   111
   59   479
   60   273
   61    69
   62   437
   63   229
   64    27
   65   394
   66   191
   67   557
   68   350
   69   143
   70   511
   71   304
   72   101
   73   467
   74   263
   75    57
   76   424
   77   219
   78    14
   79   382
   80   173
   81   543
   82   339
   83   131
   84   500
   85   292
   86    91
   87   455
   88   250
   89    43
   90   414
   91   206
   92   575
   93   368
   94   159
   95   529
   96   320
   97   120
   98   484
   99   280
  100    70
  101   441
  102   237
  103    28
  104   396
  105   193
  106   561
  107   355
  108   147
  109   516
  110   308
  111   102
  112   473
  113   268
  114    58
  115   432
  116   221
  117    16
  118   383
  119   179
  120   546
  121   343
  122   134
  123   502
  124   297
  125    93
  126   460
  127   251
  128    49
  129   416
  130   205
  131     1
  132   371
  133   166
  134   533
  135   329
  136   118
  137   488
  138   282
  139    76
  140   446
  141   240
  142    32
  143   399
  144   196
  145   565
  146   357
  147   149
  148   520
  149   315
  150   110
  151   477
  152   267
  153    63
  154   429
  155   227
  156    19
  157   388
  158   183
  159   551
  160   345
  161   136
  162   507
  163   302
  164    95
  165   464
  166   256
  167    50
  168   421
  169   213
  170     9
  171   374
  172   170
  173   538
  174   330
  175   124
  176   496
  177   286
  178    79
  179   453
  180   244
  181    39
  182   409
  183   201
  184   569
  185   360
  186   156
  187   521
  188   319
  189   112
  190   482
  191   276
  192    66
  193   436
  194   231
  195    25
  196   392
  197   187
  198   554
  199   349
  200   141
  201   513
  202   306
  203    99
  204   468
  205   259
  206    53
  207   423
  208   214
  209    11
  210   377
  211   175
  212   545
  213   335
  214   132
  215   499
  216   289
  217    84
  218   454
  219   248
  220    41
  221   410
  222   202
  223   570
  224   367
  225   161
  226   530
  227   323
  228   116
  229   487
  230   277
  231    72
  232   442
  233   232
  234    26
  235   395
  236   190
  237   559
  238   351
  239   148
  240   514
  241   309
  242   104
  243   471
  244   262
  245    62
  246   427
  247   224
  248    12
  249   384
  250   174
  251   548
  252   341
  253   135
  254   501
  255   298
  256    87
  257   458
  258   254
  259    47
  260   412
  261   210
  262     0
  263   369
  264   163
  265   535
  266   326
  267   119
  268   485
  269   281
  270    75
  271   444
  272   238
  273    33
  274   403
  275   192
  276   562
  277   354
  278   150
  279   519
  280   312
  281   105
  282   476
  283   270
  284    60
  285   428
  286   222
  287    20
  288   387
  289   180
  290   549
  291   342
  292   137
  293   508
  294   299
  295    92
  296   462
  297   252
  298    48
  299   417
  300   211
  301     5
  302   375
  303   169
  304   540
  305   327
  306   123
  307   493
  308   288
  309    83
  310   450
  311   243
  312    34
  313   404
  314   198
  315   567
  316   359
  317   153
  318   524
  319   313
  320   108
  321   478
  322   272
  323    64
  324   435
  325   230
  326    21
  327   389
  328   182
  329   552
  330   346
  331   140
  332   510
  333   301
  334    96
  335   466
  336   260
  337    54
  338   420
  339   218
  340     8
  341   379
  342   172
  343   539
  344   333
  345   127
  346   498
  347   290
  348    85
  349   451
  350   245
  351    40
  352   407
  353   204
  354   568
  355   362
  356   157
  357   525
  358   318
  359   114
  360   481
  361   275
  362    71
  363   439
  364   234
  365    24
  366   397
  367   186
  368   556
  369   348
  370   144
  371   515
  372   307
  373    98
  374   469
  375   265
  376    56
  377   425
  378   217
  379    13
  380   380
  381   178
  382   544
  383   337
  384   130
  385   503
  386   296
  387    88
  388   456
  389   247
  390    42
  391   411
  392   207
  393   573
  394   366
  395   162
  396   528
  397   324
  398   115
  399   489
  400   278
  401    74
  402   445
  403   235
  404    31
  405   400
  406   195
  407   563
  408   353
  409   151
  410   518
  411   310
  412   103
  413   472
  414   264
  415    59
  416   431
  417   220
  418    17
  419   386
  420   181
  421   547
  422   340
  423   138
  424   505
  425   295
  426    90
  427   465
  428   253
  429    45
  430   418
  431   209
  432     4
  433   370
  434   167
  435   532
  436   325
  437   125
  438   492
  439   283
  440    80
  441   447
  442   239
  443    35
  444   406
  445   194
  446   564
  447   358
  448   154
  449   523
  450   314
  451   107
  452   480
  453   269
  454    67
  455   434
  456   226
  457    23
  458   393
  459   184
  460   553
  461   347
  462   139
  463   506
  464   303
  465    94
  466   461
  467   258
  468    51
  469   422
  470   215
  471     3
  472   378
  473   171
  474   537
  475   332
  476   128
  477   494
  478   291
  479    81
  480   449
  481   242
  482    38
  483   405
  484   197
  485   572
  486   363
  487   155
  488   526
  489   321
  490   113
  491   483
  492   274
  493    68
  494   438
  495   228
  496    22
  497   390
  498   188
  499   558
  500   352
  501   146
  502   509
  503   305
  504   100
  505   470
  506   261
  507    55
  508   426
  509   216
  510    10
  511   381
  512   176
  513   542
  514   336
  515   129
  516   497
  517   293
  518    86
  519   457
  520   249
  521    44
  522   413
  523   203
  524   574
  525   365
  526   160
  527   531
  528   322
  529   117
  530   486
  531   279
  532    73
  533   440
  534   233
  535    29
  536   398
  537   189
  538   560
  539   356
  540   145
  541   517
  542   311
  543   106
  544   474
  545   266
  546    61
  547   430
  548   223
  549    15
  550   385
  551   177
  552   550
  553   338
  554   133
  555   504
  556   294
  557    89
  558   459
  559   255
  560    46
  561   415
  562   208
  563     2
  564   372
  565   165
  566   534
  567   328
  568   122
  569   491
  570   284
  571    77
  572   443
  573   236
  574    30
  575   401
  576   576
  577   577
  578   578
  579   579
