R80T05QL13
Turbo Code Interleaving
User data with 4 flush bits = 340
NOTE: S-bit is the bit index after interleaving. Data-bit is the index of user data
S-bit Data-bit
    0     3
    1   217
    2    96
    3   312
    4   193
    5    71
    6   286
    7   165
    8    45
    9   260
   10   140
   11    22
   12   234
   13   116
   14   330
   15   211
   16    89
   17   305
   18   184
   19    63
   20   276
   21   157
   22    38
   23   252
   24   131
   25    10
   26   228
   27   108
   28   324
   29   200
   30    83
   31   298
   32   174
   33    56
   34   269
   35   150
   36    30
   37   244
   38   124
   39     4
   40   220
   41    98
   42   315
   43   194
   44    74
   45   288
   46   167
   47    47
   48   262
   49   143
   50    21
   51   237
   52   117
   53   334
   54   212
   55    92
   56   307
   57   185
   58    65
   59   280
   60   159
   61    40
   62   255
   63   133
   64    16
   65   230
   66   111
   67   325
   68   204
   69    84
   70   297
   71   177
   72    58
   73   272
   74   153
   75    32
   76   247
   77   127
   78     8
   79   222
   80   101
   81   316
   82   196
   83    75
   84   291
   85   170
   86    51
   87   265
   88   145
   89    25
   90   241
   91   121
   92   335
   93   214
   94    93
   95   308
   96   187
   97    70
   98   282
   99   162
  100    41
  101   256
  102   137
  103    17
  104   232
  105   113
  106   327
  107   207
  108    85
  109   301
  110   179
  111    59
  112   275
  113   155
  114    33
  115   251
  116   128
  117     9
  118   223
  119   104
  120   318
  121   199
  122    77
  123   293
  124   171
  125    53
  126   267
  127   146
  128    28
  129   242
  130   120
  131     1
  132   216
  133    97
  134   310
  135   191
  136    68
  137   285
  138   164
  139    44
  140   259
  141   139
  142    18
  143   233
  144   114
  145   329
  146   208
  147    87
  148   303
  149   183
  150    64
  151   278
  152   154
  153    36
  154   250
  155   132
  156    11
  157   226
  158   107
  159   321
  160   201
  161    79
  162   294
  163   176
  164    54
  165   270
  166   149
  167    29
  168   245
  169   125
  170     5
  171   218
  172   100
  173   313
  174   192
  175    73
  176   289
  177   166
  178    46
  179   263
  180   142
  181    23
  182   238
  183   118
  184   332
  185   210
  186    91
  187   304
  188   186
  189    66
  190   281
  191   160
  192    39
  193   254
  194   135
  195    14
  196   229
  197   109
  198   323
  199   203
  200    82
  201   299
  202   178
  203    57
  204   273
  205   151
  206    31
  207   246
  208   126
  209     6
  210   221
  211   103
  212   317
  213   195
  214    76
  215   290
  216   169
  217    49
  218   264
  219   144
  220    24
  221   239
  222   119
  223   333
  224   213
  225    94
  226   309
  227   188
  228    67
  229   284
  230   161
  231    42
  232   257
  233   136
  234    15
  235   231
  236   110
  237   326
  238   205
  239    86
  240   300
  241   180
  242    60
  243   274
  244   152
  245    35
  246   248
  247   130
  248     7
  249   224
  250   102
  251   319
  252   197
  253    78
  254   292
  255   172
  256    50
  257   266
  258   148
  259    26
  260   240
  261   122
  262     0
  263   215
  264    95
  265   311
  266   189
  267    69
  268   283
  269   163
  270    43
  271   258
  272   138
  273    19
  274   235
  275   112
  276   328
  277   206
  278    88
  279   302
  280   181
  281    61
  282   277
  283   156
  284    34
  285   249
  286   129
  287    12
  288   225
  289   105
  290   320
  291   198
  292    80
  293   295
  294   173
  295    52
  296   268
  297   147
  298    27
  299   243
  300   123
  301     2
  302   219
  303    99
  304   314
  305   190
  306    72
  307   287
  308   168
  309    48
  310   261
  311   141
  312    20
  313   236
  314   115
  315   331
  316   209
  317    90
  318   306
  319   182
  320    62
  321   279
  322   158
  323    37
  324   253
  325   134
  326    13
  327   227
  328   106
  329   322
  330   202
  331    81
  332   296
  333   175
  334    55
  335   271
  336   336
  337   337
  338   338
  339   339
