#blks es un det valid Eb/No(dB)  x    xass   K    N biters undet det block_ep     u     l      bit_ep   u     l      blep_det   undet   bldetlw blep totlps lmax undetu undetl 
48  28 0  28   20  0.9844    1.12    1.12  102  204  575    0  575   0.5833    0.66    0.52  0.05872   0.066   0.052     0.583     1e-08  13     0.271  307    0    0.0206     1e-08 
70  28 0  28   42   1.289    1.16    1.16  102  204  579    0  579      0.4    0.46    0.35  0.04055   0.047   0.035       0.4     1e-08  14       0.2  406    0    0.0142     1e-08 
122  28 0  28   94   1.584     1.2     1.2  102  204  528    0  528   0.2295    0.27    0.19  0.02122   0.025   0.018      0.23     1e-08  17     0.139 1059    0   0.00816     1e-08 
1152 228 1 227  925   1.868    1.24    1.24  102  204 4062   10 4052   0.1979    0.21    0.19  0.01728   0.018   0.016     0.197  0.000868 135     0.117 8858    0   0.00236  0.000319 
4994 228 0 228 4766   2.411    1.32    1.32  102  204 3933    0 3933  0.04565   0.049   0.043 0.003861  0.0041  0.0036    0.0457     1e-08 149    0.0298 32977    0    0.0002     1e-08 
29279 260 1 259 29020   2.923     1.4     1.4  102  204 4512   10 4502  0.00888  0.0094  0.0083 0.0007554  0.0008 0.00071   0.00885  3.42e-05 167    0.0057 139920    0  9.28e-05  1.26e-05 
171364 200 0 200 171164   3.522     1.5     1.5  102  204 3157    0 3157 0.001167  0.0013  0.0011 9.031e-05 9.7e-05 8.4e-05   0.00117     1e-08 149  0.000869 552560    0  5.84e-06     1e-08 
1252301 162 2 160 1252141   4.082     1.6     1.6  102  204 1917   30 1887 0.0001294 0.00014 0.00012 7.504e-06 8.1e-06 6.9e-06  0.000128   1.6e-06 141  0.000113 3055059    0  3.24e-06  7.87e-07 
1270000  19 0  19 1269981   4.609     1.7     1.7  102  204  148    0  148 1.496e-05 1.9e-05 1.2e-05 5.713e-07 7.2e-07 4.5e-07   1.5e-05     1e-08  18  1.42e-05 2497002    0  7.87e-07     1e-08 
1000000   3 0   3 999997   5.105     1.8     1.8  102  204   19    0   19    3e-06 5.3e-06 1.7e-06 9.314e-08 1.7e-07 5.2e-08     3e-06     1e-08   3     3e-06 1634439    0     1e-06     1e-08 
