#blks es un det valid Eb/No(dB)  x    xass   K    N biters undet det block_ep     u     l      bit_ep   u     l      blep_det   undet   bldetlw blep totlps lmax undetu undetl 
48  28 0  28   20  0.9844    1.12    1.12  102  204  603    0  603   0.5833    0.66    0.52  0.06158    0.07   0.055     0.583     1e-08  12      0.25  327    0    0.0206     1e-08 
61  28 0  28   33   1.289    1.16    1.16  102  204  561    0  561    0.459    0.53     0.4  0.04508   0.052   0.039     0.459     1e-08  12     0.197  309    0    0.0163     1e-08 
100  28 0  28   72   1.584     1.2     1.2  102  204  529    0  529     0.28    0.33    0.24  0.02593    0.03   0.022      0.28     1e-08  15      0.15  825    0   0.00995     1e-08 
1163 228 1 227  936   1.868    1.24    1.24  102  204 4327   12 4315    0.196    0.21    0.18  0.01824   0.019   0.017     0.195   0.00086 133     0.114 8634    0   0.00234  0.000316 
4412 228 0 228 4184   2.411    1.32    1.32  102  204 4267    0 4267  0.05168   0.055   0.048 0.004741  0.0051  0.0044    0.0517     1e-08 130    0.0295 29238    0  0.000227     1e-08 
24842 263 0 263 24579   2.923     1.4     1.4  102  204 4574    0 4574  0.01059   0.011    0.01 0.0009026 0.00096 0.00085    0.0106     1e-08 167   0.00672 117329    0  4.03e-05     1e-08 
188455 200 1 199 188256   3.522     1.5     1.5  102  204 3152    8 3144 0.001061  0.0011 0.00099 8.199e-05 8.8e-05 7.6e-05   0.00106  5.31e-06 150  0.000796 606000    0  1.44e-05  1.95e-06 
1282000 151 5 146 1281854   4.082     1.6     1.6  102  204 2048   40 2008 0.0001178 0.00013 0.00011 7.831e-06 8.5e-06 7.2e-06  0.000114   3.9e-06 112  8.74e-05 3120449    0   6.1e-06  2.49e-06 
1270000  20 0  20 1269980   4.609     1.7     1.7  102  204  184    0  184 1.575e-05   2e-05 1.3e-05 7.102e-07 8.9e-07 5.7e-07  1.57e-05     1e-08  17  1.34e-05 2493009    0  7.87e-07     1e-08 
1000000   3 0   3 999997   5.105     1.8     1.8  102  204   18    0   18    3e-06 5.3e-06 1.7e-06 8.824e-08 1.6e-07   5e-08     3e-06     1e-08   3     3e-06 1632966    0     1e-06     1e-08 
