#blks es un det valid Eb/No(dB)  x    xass   K    N biters undet det block_ep     u     l      bit_ep   u     l      blep_det   undet   bldetlw blep totlps lmax undetu undetl 
52  28 0  28   24  0.9844    1.12    1.12  102  204  635    0  635   0.5385    0.61    0.47  0.05986   0.068   0.053     0.538     1e-08  10     0.192  251    0     0.019     1e-08 
61  28 1  27   34   1.289    1.16    1.16  102  204  574   22  552    0.459    0.53     0.4  0.04613   0.053    0.04     0.443    0.0164  10     0.164  518    0    0.0442   0.00608 
84  28 0  28   56   1.584     1.2     1.2  102  204  490    0  490   0.3333    0.39    0.29  0.02859   0.033   0.025     0.333     1e-08  18     0.214  552    0    0.0118     1e-08 
1231 228 1 227 1004   1.868    1.24    1.24  102  204 4377   14 4363   0.1852     0.2    0.17  0.01743   0.019   0.016     0.184  0.000812 124     0.101 10248    0   0.00221  0.000299 
4514 228 2 226 4288   2.411    1.32    1.32  102  204 4110   24 4086  0.05051   0.054   0.047 0.004463  0.0048  0.0042    0.0501  0.000443 146    0.0323 29478    0  0.000898  0.000218 
25240 260 2 258 24982   2.923     1.4     1.4  102  204 4527   24 4503   0.0103   0.011  0.0097 0.0008792 0.00094 0.00083    0.0102  7.92e-05 179   0.00709 117839    0  0.000161  3.91e-05 
240527 200 3 197 240330   3.522     1.5     1.5  102  204 3475   40 3435 0.0008315 0.00089 0.00077 7.082e-05 7.6e-05 6.6e-05  0.000819  1.25e-05 136  0.000565 769091    0  2.22e-05     7e-06 
1282000 107 5 102 1281898   4.082     1.6     1.6  102  204 1769   68 1701 8.346e-05 9.2e-05 7.6e-05 6.764e-06 7.5e-06 6.1e-06  7.96e-05   3.9e-06  71  5.54e-05 3110774    0   6.1e-06  2.49e-06 
1270000  10 2   8 1269992   4.609     1.7     1.7  102  204  153   24  129 7.874e-06 1.1e-05 5.7e-06 5.906e-07 8.1e-07 4.3e-07   6.3e-06  1.57e-06   6  4.72e-06 2489454    0  3.19e-06  7.76e-07 
#1000000   0 0   0 1000000   5.105     1.8     1.8  102  204    0    0    0    1e-08   1e-06   1e-08        0       0       0         0     1e-08   0         0 1631227    0     1e-06     1e-08 
