#blks es un det valid Eb/No(dB)  x    xass   K    N biters undet det block_ep     u     l      bit_ep   u     l      blep_det   undet   bldetlw blep totlps lmax undetu undetl 
43  28 0  28   15  0.9844    1.12    1.12  102  204  596    0  596   0.6512    0.73    0.58  0.06794   0.076   0.061     0.651     1e-08  11     0.256  143    0     0.023     1e-08 
67  28 1  27   40   1.289    1.16    1.16  102  204  523    4  519   0.4179    0.48    0.36  0.03826   0.044   0.033     0.403    0.0149  11     0.164  513    0    0.0403   0.00553 
108  28 1  27   81   1.584     1.2     1.2  102  204  503    4  499   0.2593    0.31    0.22  0.02283   0.027   0.019      0.25   0.00926  14      0.13 1046    0    0.0251   0.00342 
1209 228 6 222  987   1.868    1.24    1.24  102  204 4254   24 4230   0.1886     0.2    0.18  0.01725   0.018   0.016     0.184   0.00496 122     0.101 8906    0   0.00746    0.0033 
4114 228 21 207 3907   2.411    1.32    1.32  102  204 3741   98 3643  0.05542   0.059   0.052 0.004458  0.0048  0.0042    0.0503    0.0051 133    0.0323 27284    0   0.00635   0.00411 
21218 260 64 196 21022   2.923     1.4     1.4  102  204 3576  256 3320  0.01225   0.013   0.012 0.0008262 0.00088 0.00078   0.00924   0.00302 126   0.00594 101174    0   0.00342   0.00266 
73110 200 111  89 73021   3.522     1.5     1.5  102  204 1695  444 1251 0.002736  0.0029  0.0025 0.0001136 0.00012 0.00011   0.00122   0.00152  72  0.000985 236404    0   0.00167   0.00138 
259668 266 217  49 259619   4.082     1.6     1.6  102  204 1389  868  521 0.001024  0.0011 0.00096 2.622e-05 2.8e-05 2.5e-05  0.000189  0.000836  42  0.000162 635201    0  0.000894  0.000781 
645710 258 236  22 645688   4.609     1.7     1.7  102  204 1114  944  170 0.0003996 0.00043 0.00038 8.457e-06   9e-06 7.9e-06  3.41e-05  0.000365  21  3.25e-05 1271207    0   0.00039  0.000342 
1000000 173 161  12 999988   5.105     1.8     1.8  102  204  721  644   77 0.000173 0.00019 0.00016 3.534e-06 3.8e-06 3.3e-06   1.2e-05  0.000161  12   1.2e-05 1634845    0  0.000174  0.000149 
