#blks es un det valid Eb/No(dB)  x    xass   K    N biters undet det block_ep     u     l      bit_ep   u     l      blep_det   undet   bldetlw blep totlps lmax undetu undetl 
30  30 0  30    0  0.3493    0.85    0.85  272  816 4476    0 4476        1       1       1   0.1828    0.18    0.18         1     1e-08   0         0    0    0    0.0328     1e-08 
30  30 0  30    0  0.7487    0.89    0.89  272  816 4018    0 4018        1       1       1   0.1641    0.16    0.16         1     1e-08   0         0    0    0    0.0328     1e-08 
34  30 0  30    4   1.131    0.93    0.93  272  816 3652    0 3652   0.8824    0.94    0.83   0.1316    0.14    0.12     0.882     1e-08   0         0  104    0     0.029     1e-08 
43  30 0  30   13   1.496    0.97    0.97  272  816 3206    0 3206   0.6977    0.77    0.63  0.09137     0.1   0.083     0.698     1e-08   4     0.093  262    0     0.023     1e-08 
169  30 0  30  139   2.185    1.05    1.05  272  816 2975    0 2975   0.1775    0.21    0.15  0.02157   0.025   0.018     0.178     1e-08   2    0.0118 2306    0    0.0059     1e-08 
905  30 0  30  875   2.509    1.09    1.09  272  816 2866    0 2866  0.03315    0.04   0.028 0.003881  0.0046  0.0032    0.0331     1e-08   5   0.00552 9360    0    0.0011     1e-08 
9835  30 0  30 9805   2.899    1.14    1.14  272  816 2707    0 2707  0.00305  0.0037  0.0025 0.0003373  0.0004 0.00028   0.00305     1e-08   9  0.000915 73548    0  0.000102     1e-08 
225000  14 0  14 224986   3.417    1.21    1.21  272  816 1261    0 1261 6.222e-05 8.1e-05 4.8e-05 6.868e-06   9e-06 5.3e-06  6.22e-05     1e-08   2  8.89e-06 1213231    0  4.44e-06     1e-08 
150000   1 0   1 149999   3.699    1.25    1.25  272  816   60    0   60 6.667e-06 1.8e-05 2.5e-06 4.902e-07 1.3e-06 1.8e-07  6.67e-06     1e-08   1  6.67e-06 709377    0  6.67e-06     1e-08 
