#blks es un det valid Eb/No(dB)  x    xass   K    N biters undet det block_ep     u     l      bit_ep   u     l      blep_det   undet   bldetlw blep totlps lmax undetu undetl 
27  18 0  18    9  0.3493    0.85    0.85   32   96  321    0  321   0.6667    0.76    0.58   0.1238    0.14    0.11     0.667     1e-08   1     0.037   60    0    0.0364     1e-08 
19  12 0  12    7  0.7487    0.89    0.89   32   96  192    0  192   0.6316    0.75    0.53   0.1053    0.13   0.088     0.632     1e-08   0         0   47    0    0.0513     1e-08 
26  12 0  12   14   1.131    0.93    0.93   32   96  169    0  169   0.4615    0.57    0.37  0.06771   0.084   0.055     0.462     1e-08   2    0.0769  151    0    0.0377     1e-08 
650 212 0 212  438   1.496    0.97    0.97   32   96 3141    0 3141   0.3262    0.35    0.31  0.05034   0.053   0.048     0.326     1e-08  21    0.0323 3659    0   0.00154     1e-08 
1428 212 0 212 1216   2.185    1.05    1.05   32   96 3187    0 3187   0.1485    0.16    0.14  0.02325   0.025   0.022     0.148     1e-08  25    0.0175 8675    0    0.0007     1e-08 
6388 260 0 260 6128   2.975    1.15    1.15   32   96 3659    0 3659   0.0407   0.043   0.038 0.005967  0.0063  0.0056    0.0407     1e-08  27   0.00423 34477    0  0.000157     1e-08 
36950 271 1 270 36680   3.699    1.25    1.25   32   96 3976   22 3954 0.007334  0.0078  0.0069 0.001121  0.0012  0.0011   0.00731  2.71e-05  32  0.000866 142806    0  7.36e-05  9.96e-06 
1042183  59 0  59 1042124   5.283     1.5     1.5   32   96  672    0  672 5.661e-05 6.4e-05   5e-05 6.717e-06 7.7e-06 5.9e-06  5.66e-05     1e-08  21  2.02e-05 1955487    0   9.6e-07     1e-08 
1100000   2 0   2 1099998    6.37     1.7     1.7   32   96   14    0   14 1.818e-06 3.7e-06   9e-07 1.326e-07 2.7e-07 6.5e-08  1.82e-06     1e-08   2  1.82e-06 1484706    0  9.09e-07     1e-08 
#100000   0 0   0 100000   7.782       2       2   32   96    0    0    0    1e-08   1e-05   1e-08        0       0       0         0     1e-08   0         0 105903    0     1e-05     1e-08 
