#blks es un det valid Eb/No(dB)  x    xass   K    N biters undet det block_ep     u     l      bit_ep   u     l      blep_det   undet   bldetlw blep totlps lmax undetu undetl 
21  16 0  16    5  0.9844    1.12    1.12   48   96  184    0  184   0.7619    0.86    0.67  0.09127     0.1   0.081     0.762     1e-08   5     0.238   25    0    0.0465     1e-08 
31  16 0  16   15   1.289    1.16    1.16   48   96  193    0  193   0.5161    0.61    0.43  0.06485   0.077   0.055     0.516     1e-08   4     0.129   95    0    0.0317     1e-08 
33  16 0  16   17   1.584     1.2     1.2   48   96  168    0  168   0.4848    0.58    0.41  0.05303   0.063   0.044     0.485     1e-08   7     0.212   99    0    0.0298     1e-08 
45  16 0  16   29   1.868    1.24    1.24   48   96  161    0  161   0.3556    0.43    0.29  0.03727   0.046    0.03     0.356     1e-08   6     0.133  189    0     0.022     1e-08 
197  16 0  16  181   2.411    1.32    1.32   48   96  152    0  152  0.08122     0.1   0.064 0.008037    0.01  0.0063    0.0812     1e-08   5    0.0254 1108    0   0.00506     1e-08 
185   6 0   6  179   2.923     1.4     1.4   48   96   59    0   59  0.03243   0.048   0.022 0.003322   0.005  0.0022    0.0324     1e-08   3    0.0162  633    0   0.00539     1e-08 
4651  36 3  33 4618   3.522     1.5     1.5   48   96  374   34  340  0.00774  0.0091  0.0066 0.0008376 0.00099 0.00071    0.0071  0.000645  10   0.00215 14862    0   0.00115  0.000362 
4000   3 0   3 3997   4.082     1.6     1.6   48   96   31    0   31  0.00075  0.0013 0.00042 8.073e-05 0.00014 4.5e-05   0.00075     1e-08   1   0.00025 8406    0   0.00025     1e-08 
103149  30 9  21 103128   4.609     1.7     1.7   48   96  276   66  210 0.0002908 0.00035 0.00024 2.787e-05 3.3e-05 2.3e-05  0.000204  8.73e-05   8  7.76e-05 171524    0  0.000122  6.25e-05 
174000  11 4   7 173993   5.105     1.8     1.8   48   96   94   30   64 6.322e-05 8.5e-05 4.7e-05 5.627e-06 7.6e-06 4.2e-06  4.02e-05   2.3e-05   3  1.72e-05 239891    0  3.79e-05  1.39e-05 
#24000   0 0   0 24000   6.021       2       2   48   96    0    0    0    1e-08 4.2e-05   1e-08        0       0       0         0     1e-08   0         0 26686    0  4.17e-05     1e-08 
