#blks es un det valid Eb/No(dB)  x    xass   K    N biters undet det block_ep     u     l      bit_ep   u     l      blep_det   undet   bldetlw blep totlps lmax undetu undetl 
63  50 0  50   13  0.9844    1.12    1.12 1320 2640 10318    0 10318   0.7937    0.85    0.74  0.06204   0.066   0.058     0.794     1e-08   0         0  540    0    0.0157     1e-08 
291  70 0  70  221   1.289    1.16    1.16 1320 2640 12479    0 12479   0.2405    0.27    0.22  0.01624   0.018   0.015     0.241     1e-08   0         0 6341    0   0.00343     1e-08 
301  40 0  40  261   1.438    1.18    1.18 1320 2640 7150    0 7150   0.1329    0.15    0.11 0.008998    0.01  0.0078     0.133     1e-08   0         0 5607    0   0.00332     1e-08 
201786 5370 0 5370 196416   1.584     1.2     1.2 1320 2640 891227    0 891227  0.02661   0.027   0.026 0.001673  0.0017  0.0017    0.0266     1e-08 111   0.00055 3300369    0  4.96e-06     1e-08 
35337  38 0  38 35299   1.868    1.24    1.24 1320 2640 5915    0 5915 0.001075  0.0013 0.00091 6.34e-05 7.5e-05 5.4e-05   0.00108     1e-08   0         0 400625    0  2.83e-05     1e-08 
1629356  20 0  20 1629336   2.144    1.28    1.28 1320 2640 2324    0 2324 1.227e-05 1.5e-05 9.8e-06 5.403e-07 6.8e-07 4.3e-07  1.23e-05     1e-08   7   4.3e-06 14438901    0  6.14e-07     1e-08 
6000000  10 0  10 5999990   2.279     1.3     1.3 1320 2640  423    0  423 1.667e-06 2.3e-06 1.2e-06 5.341e-08 7.3e-08 3.9e-08  1.67e-06     1e-08   8  1.33e-06 48309478    0  1.67e-07     1e-08 
10702600   8 0   8 10702592   2.411    1.32    1.32 1320 2640  211    0  211 7.475e-07 1.1e-06 5.2e-07 7.468e-09 1.1e-08 5.2e-09  7.47e-07     1e-08   7  6.54e-07 79176282    0  9.34e-08     1e-08 
#90000   0 0   0 90000   3.522     1.5     1.5 1320 2640    0    0    0    1e-08 1.1e-05   1e-08        0       0       0         0     1e-08   0         0 392860    0  1.11e-05     1e-08 
